# Task,   Job,     Period,   Response, DL Miss?,   Lateness,  Tardiness
# task NAME=myapp PID=5366 COST=858000 PERIOD=80000000 CPU=0
  5366,     2,   80000000,       8579,        0,  -79991421,          0
  5366,     3,   80000000,      80377,        0,  -79919623,          0
  5366,     4,   80000000,     883548,        0,  -79116452,          0
  5366,     5,   80000000,     859147,        0,  -79140853,          0
  5366,     6,   80000000,     867721,        0,  -79132279,          0
  5366,     7,   80000000,     886279,        0,  -79113721,          0
  5366,     8,   80000000,     881276,        0,  -79118724,          0
  5366,     9,   80000000,     881220,        0,  -79118780,          0
  5366,    10,   80000000,     872076,        0,  -79127924,          0
  5366,    11,   80000000,     862563,        0,  -79137437,          0
  5366,    12,   80000000,     879350,        0,  -79120650,          0
  5366,    13,   80000000,     866778,        0,  -79133222,          0
  5366,    14,   80000000,     879887,        0,  -79120113,          0
  5366,    15,   80000000,     859675,        0,  -79140325,          0
  5366,    16,   80000000,     874329,        0,  -79125671,          0
  5366,    17,   80000000,     884525,        0,  -79115475,          0
  5366,    18,   80000000,     879041,        0,  -79120959,          0
  5366,    19,   80000000,     861487,        0,  -79138513,          0
  5366,    20,   80000000,     886518,        0,  -79113482,          0
  5366,    21,   80000000,     860183,        0,  -79139817,          0
  5366,    22,   80000000,     862637,        0,  -79137363,          0
  5366,    23,   80000000,    1697374,        0,  -78302626,          0
  5366,    24,   80000000,     885600,        0,  -79114400,          0
  5366,    25,   80000000,     867483,        0,  -79132517,          0
  5366,    26,   80000000,     862893,        0,  -79137107,          0
  5366,    27,   80000000,     911045,        0,  -79088955,          0
  5366,    28,   80000000,     879594,        0,  -79120406,          0
  5366,    29,   80000000,     859668,        0,  -79140332,          0
  5366,    30,   80000000,     883382,        0,  -79116618,          0
  5366,    31,   80000000,     868125,        0,  -79131875,          0
  5366,    32,   80000000,     863606,        0,  -79136394,          0
  5366,    33,   80000000,     917149,        0,  -79082851,          0
  5366,    34,   80000000,     864497,        0,  -79135503,          0
  5366,    35,   80000000,     861718,        0,  -79138282,          0
  5366,    36,   80000000,     883788,        0,  -79116212,          0
  5366,    37,   80000000,     885931,        0,  -79114069,          0
  5366,    38,   80000000,     883705,        0,  -79116295,          0
  5366,    39,   80000000,     861089,        0,  -79138911,          0
  5366,    40,   80000000,     882778,        0,  -79117222,          0
  5366,    41,   80000000,     867566,        0,  -79132434,          0
  5366,    42,   80000000,     866128,        0,  -79133872,          0
  5366,    43,   80000000,     887783,        0,  -79112217,          0
  5366,    44,   80000000,     868388,        0,  -79131612,          0
  5366,    45,   80000000,     880960,        0,  -79119040,          0
  5366,    46,   80000000,     872583,        0,  -79127417,          0
  5366,    47,   80000000,     866424,        0,  -79133576,          0
  5366,    48,   80000000,     857900,        0,  -79142100,          0
  5366,    49,   80000000,     876393,        0,  -79123607,          0
  5366,    50,   80000000,     862253,        0,  -79137747,          0
  5366,    51,   80000000,     862241,        0,  -79137759,          0
  5366,    52,   80000000,     889030,        0,  -79110970,          0
  5366,    53,   80000000,     903236,        0,  -79096764,          0
  5366,    54,   80000000,     868465,        0,  -79131535,          0
  5366,    55,   80000000,     869507,        0,  -79130493,          0
  5366,    56,   80000000,     874472,        0,  -79125528,          0
  5366,    57,   80000000,     919360,        0,  -79080640,          0
  5366,    58,   80000000,     861853,        0,  -79138147,          0
  5366,    59,   80000000,     882410,        0,  -79117590,          0
  5366,    60,   80000000,     860172,        0,  -79139828,          0
  5366,    61,   80000000,     897374,        0,  -79102626,          0
  5366,    62,   80000000,     867483,        0,  -79132517,          0
  5366,    63,   80000000,    1704300,        0,  -78295700,          0
  5366,    64,   80000000,     887069,        0,  -79112931,          0
  5366,    65,   80000000,     935770,        0,  -79064230,          0
  5366,    66,   80000000,    1689407,        0,  -78310593,          0
  5366,    67,   80000000,     873182,        0,  -79126818,          0
  5366,    68,   80000000,     862378,        0,  -79137622,          0
  5366,    69,   80000000,     863849,        0,  -79136151,          0
  5366,    70,   80000000,     880088,        0,  -79119912,          0
  5366,    71,   80000000,     885159,        0,  -79114841,          0
  5366,    72,   80000000,     856302,        0,  -79143698,          0
  5366,    73,   80000000,     874579,        0,  -79125421,          0
  5366,    74,   80000000,     870974,        0,  -79129026,          0
  5366,    75,   80000000,     880627,        0,  -79119373,          0
  5366,    76,   80000000,     880937,        0,  -79119063,          0
  5366,    77,   80000000,     924977,        0,  -79075023,          0
  5366,    78,   80000000,     858412,        0,  -79141588,          0
  5366,    79,   80000000,     872854,        0,  -79127146,          0
  5366,    80,   80000000,     936651,        0,  -79063349,          0
  5366,    81,   80000000,     859895,        0,  -79140105,          0
  5366,    82,   80000000,     863024,        0,  -79136976,          0
  5366,    83,   80000000,     859397,        0,  -79140603,          0
  5366,    84,   80000000,     861994,        0,  -79138006,          0
  5366,    85,   80000000,     855306,        0,  -79144694,          0
  5366,    86,   80000000,     861594,        0,  -79138406,          0
  5366,    87,   80000000,     875184,        0,  -79124816,          0
  5366,    88,   80000000,     865695,        0,  -79134305,          0
  5366,    89,   80000000,     876414,        0,  -79123586,          0
  5366,    90,   80000000,     870180,        0,  -79129820,          0
  5366,    91,   80000000,     871525,        0,  -79128475,          0
  5366,    92,   80000000,     894044,        0,  -79105956,          0
  5366,    93,   80000000,     862176,        0,  -79137824,          0
  5366,    94,   80000000,     869916,        0,  -79130084,          0
  5366,    95,   80000000,     867768,        0,  -79132232,          0
  5366,    96,   80000000,     923075,        0,  -79076925,          0
  5366,    97,   80000000,     867481,        0,  -79132519,          0
  5366,    98,   80000000,     901912,        0,  -79098088,          0
  5366,    99,   80000000,     902505,        0,  -79097495,          0
  5366,   100,   80000000,     865854,        0,  -79134146,          0
  5366,   101,   80000000,     907795,        0,  -79092205,          0
  5366,   102,   80000000,     858060,        0,  -79141940,          0
  5366,   103,   80000000,     892441,        0,  -79107559,          0
  5366,   104,   80000000,     866026,        0,  -79133974,          0
  5366,   105,   80000000,     868796,        0,  -79131204,          0
  5366,   106,   80000000,     892482,        0,  -79107518,          0
  5366,   107,   80000000,     867731,        0,  -79132269,          0
  5366,   108,   80000000,     873865,        0,  -79126135,          0
  5366,   109,   80000000,     890372,        0,  -79109628,          0
  5366,   110,   80000000,     866383,        0,  -79133617,          0
  5366,   111,   80000000,     889681,        0,  -79110319,          0
  5366,   112,   80000000,     894506,        0,  -79105494,          0
  5366,   113,   80000000,     875744,        0,  -79124256,          0
  5366,   114,   80000000,     878280,        0,  -79121720,          0
  5366,   115,   80000000,     885398,        0,  -79114602,          0
  5366,   116,   80000000,     865258,        0,  -79134742,          0
  5366,   117,   80000000,     862682,        0,  -79137318,          0
  5366,   118,   80000000,     859832,        0,  -79140168,          0
  5366,   119,   80000000,     868097,        0,  -79131903,          0
  5366,   120,   80000000,     870922,        0,  -79129078,          0
  5366,   121,   80000000,     926611,        0,  -79073389,          0
  5366,   122,   80000000,     880931,        0,  -79119069,          0
  5366,   123,   80000000,     885387,        0,  -79114613,          0
  5366,   124,   80000000,     902006,        0,  -79097994,          0
  5366,   125,   80000000,     862317,        0,  -79137683,          0
  5366,   126,   80000000,     905148,        0,  -79094852,          0
  5366,   127,   80000000,     861496,        0,  -79138504,          0
  5366,   128,   80000000,     867712,        0,  -79132288,          0
  5366,   129,   80000000,     874790,        0,  -79125210,          0
# task NAME=myapp PID=5369 COST=4006000 PERIOD=63000000 CPU=0
  5369,     2,   63000000,       8743,        0,  -62991257,          0
  5369,     3,   63000000,     104337,        0,  -62895663,          0
  5369,     4,   63000000,    5957401,        0,  -57042599,          0
  5369,     5,   63000000,    3954632,        0,  -59045368,          0
  5369,     6,   63000000,    3950827,        0,  -59049173,          0
  5369,     7,   63000000,    3964205,        0,  -59035795,          0
  5369,     8,   63000000,    3972244,        0,  -59027756,          0
  5369,     9,   63000000,    3971857,        0,  -59028143,          0
  5369,    10,   63000000,    3963473,        0,  -59036527,          0
  5369,    11,   63000000,    3951708,        0,  -59048292,          0
  5369,    12,   63000000,    3946175,        0,  -59053825,          0
  5369,    13,   63000000,    4917445,        0,  -58082555,          0
  5369,    14,   63000000,    3943711,        0,  -59056289,          0
  5369,    15,   63000000,    3964270,        0,  -59035730,          0
  5369,    16,   63000000,    3943391,        0,  -59056609,          0
  5369,    17,   63000000,    4028357,        0,  -58971643,          0
  5369,    18,   63000000,    4359033,        0,  -58640967,          0
  5369,    19,   63000000,    3974956,        0,  -59025044,          0
  5369,    20,   63000000,    3963351,        0,  -59036649,          0
  5369,    21,   63000000,    3970518,        0,  -59029482,          0
  5369,    22,   63000000,    3954825,        0,  -59045175,          0
  5369,    23,   63000000,    3992224,        0,  -59007776,          0
  5369,    24,   63000000,    3959484,        0,  -59040516,          0
  5369,    25,   63000000,    3959759,        0,  -59040241,          0
  5369,    26,   63000000,    3933990,        0,  -59066010,          0
  5369,    27,   63000000,    3965848,        0,  -59034152,          0
  5369,    28,   63000000,    3959375,        0,  -59040625,          0
  5369,    29,   63000000,    3992070,        0,  -59007930,          0
  5369,    30,   63000000,    3958162,        0,  -59041838,          0
  5369,    31,   63000000,    3949022,        0,  -59050978,          0
  5369,    32,   63000000,    3956155,        0,  -59043845,          0
  5369,    33,   63000000,    3944025,        0,  -59055975,          0
  5369,    34,   63000000,    3954766,        0,  -59045234,          0
  5369,    35,   63000000,    3939811,        0,  -59060189,          0
  5369,    36,   63000000,    3940094,        0,  -59059906,          0
  5369,    37,   63000000,    3940934,        0,  -59059066,          0
  5369,    38,   63000000,    4016267,        0,  -58983733,          0
  5369,    39,   63000000,    3942947,        0,  -59057053,          0
  5369,    40,   63000000,    3946740,        0,  -59053260,          0
  5369,    41,   63000000,    3989977,        0,  -59010023,          0
  5369,    42,   63000000,    3968213,        0,  -59031787,          0
  5369,    43,   63000000,    3971722,        0,  -59028278,          0
  5369,    44,   63000000,    4232047,        0,  -58767953,          0
  5369,    45,   63000000,    3946366,        0,  -59053634,          0
  5369,    46,   63000000,    4232396,        0,  -58767604,          0
  5369,    47,   63000000,    3982648,        0,  -59017352,          0
  5369,    48,   63000000,    4247286,        0,  -58752714,          0
  5369,    49,   63000000,    3950755,        0,  -59049245,          0
  5369,    50,   63000000,    4265395,        0,  -58734605,          0
  5369,    51,   63000000,    3948315,        0,  -59051685,          0
  5369,    52,   63000000,    4073139,        0,  -58926861,          0
  5369,    53,   63000000,    3979315,        0,  -59020685,          0
  5369,    54,   63000000,    4001435,        0,  -58998565,          0
  5369,    55,   63000000,    3956327,        0,  -59043673,          0
  5369,    56,   63000000,    3962624,        0,  -59037376,          0
  5369,    57,   63000000,    3963941,        0,  -59036059,          0
  5369,    58,   63000000,    4420582,        0,  -58579418,          0
  5369,    59,   63000000,    3955972,        0,  -59044028,          0
  5369,    60,   63000000,    3947588,        0,  -59052412,          0
  5369,    61,   63000000,    3974815,        0,  -59025185,          0
  5369,    62,   63000000,    3945636,        0,  -59054364,          0
  5369,    63,   63000000,    3976017,        0,  -59023983,          0
  5369,    64,   63000000,    3956403,        0,  -59043597,          0
  5369,    65,   63000000,    3941676,        0,  -59058324,          0
  5369,    66,   63000000,    3944948,        0,  -59055052,          0
  5369,    67,   63000000,    3959318,        0,  -59040682,          0
  5369,    68,   63000000,    3954773,        0,  -59045227,          0
  5369,    69,   63000000,    3971878,        0,  -59028122,          0
  5369,    70,   63000000,    3937005,        0,  -59062995,          0
  5369,    71,   63000000,    3940163,        0,  -59059837,          0
  5369,    72,   63000000,    3972921,        0,  -59027079,          0
  5369,    73,   63000000,    4992476,        0,  -58007524,          0
  5369,    74,   63000000,    3946705,        0,  -59053295,          0
  5369,    75,   63000000,    3961618,        0,  -59038382,          0
  5369,    76,   63000000,    3939973,        0,  -59060027,          0
  5369,    77,   63000000,    3947623,        0,  -59052377,          0
  5369,    78,   63000000,    3987769,        0,  -59012231,          0
  5369,    79,   63000000,    3955210,        0,  -59044790,          0
  5369,    80,   63000000,    3949100,        0,  -59050900,          0
  5369,    81,   63000000,    3949841,        0,  -59050159,          0
  5369,    82,   63000000,    3943404,        0,  -59056596,          0
  5369,    83,   63000000,    4759258,        0,  -58240742,          0
  5369,    84,   63000000,    3961933,        0,  -59038067,          0
  5369,    85,   63000000,    3942619,        0,  -59057381,          0
  5369,    86,   63000000,    3961119,        0,  -59038881,          0
  5369,    87,   63000000,    3962486,        0,  -59037514,          0
  5369,    88,   63000000,    4038499,        0,  -58961501,          0
  5369,    89,   63000000,    3961572,        0,  -59038428,          0
  5369,    90,   63000000,    3958668,        0,  -59041332,          0
  5369,    91,   63000000,    3943193,        0,  -59056807,          0
  5369,    92,   63000000,    3968818,        0,  -59031182,          0
  5369,    93,   63000000,    3978844,        0,  -59021156,          0
  5369,    94,   63000000,    3937091,        0,  -59062909,          0
  5369,    95,   63000000,    3960761,        0,  -59039239,          0
  5369,    96,   63000000,    3957860,        0,  -59042140,          0
  5369,    97,   63000000,    3994004,        0,  -59005996,          0
  5369,    98,   63000000,    4701767,        0,  -58298233,          0
  5369,    99,   63000000,    4034951,        0,  -58965049,          0
  5369,   100,   63000000,    3967834,        0,  -59032166,          0
  5369,   101,   63000000,    3974115,        0,  -59025885,          0
  5369,   102,   63000000,    3966345,        0,  -59033655,          0
  5369,   103,   63000000,    3963356,        0,  -59036644,          0
  5369,   104,   63000000,    3970898,        0,  -59029102,          0
  5369,   105,   63000000,    3992558,        0,  -59007442,          0
  5369,   106,   63000000,    3949726,        0,  -59050274,          0
  5369,   107,   63000000,    4009460,        0,  -58990540,          0
  5369,   108,   63000000,    3965185,        0,  -59034815,          0
  5369,   109,   63000000,    3945765,        0,  -59054235,          0
  5369,   110,   63000000,    4025803,        0,  -58974197,          0
  5369,   111,   63000000,    3965756,        0,  -59034244,          0
  5369,   112,   63000000,    3968330,        0,  -59031670,          0
  5369,   113,   63000000,    3971596,        0,  -59028404,          0
  5369,   114,   63000000,    3965169,        0,  -59034831,          0
  5369,   115,   63000000,    3985634,        0,  -59014366,          0
  5369,   116,   63000000,    3937925,        0,  -59062075,          0
  5369,   117,   63000000,    3947542,        0,  -59052458,          0
  5369,   118,   63000000,    3967842,        0,  -59032158,          0
  5369,   119,   63000000,    3957010,        0,  -59042990,          0
  5369,   120,   63000000,    3962305,        0,  -59037695,          0
  5369,   121,   63000000,    3958879,        0,  -59041121,          0
  5369,   122,   63000000,    3981198,        0,  -59018802,          0
  5369,   123,   63000000,    3981192,        0,  -59018808,          0
  5369,   124,   63000000,    4051219,        0,  -58948781,          0
  5369,   125,   63000000,    3990874,        0,  -59009126,          0
  5369,   126,   63000000,    3935941,        0,  -59064059,          0
  5369,   127,   63000000,    3941388,        0,  -59058612,          0
  5369,   128,   63000000,    3962938,        0,  -59037062,          0
  5369,   129,   63000000,    3945236,        0,  -59054764,          0
  5369,   130,   63000000,    3948586,        0,  -59051414,          0
  5369,   131,   63000000,    3960881,        0,  -59039119,          0
  5369,   132,   63000000,    3983294,        0,  -59016706,          0
  5369,   133,   63000000,    3963458,        0,  -59036542,          0
  5369,   134,   63000000,    3950772,        0,  -59049228,          0
  5369,   135,   63000000,    3945662,        0,  -59054338,          0
  5369,   136,   63000000,    3947362,        0,  -59052638,          0
  5369,   137,   63000000,    3962053,        0,  -59037947,          0
  5369,   138,   63000000,    4027588,        0,  -58972412,          0
  5369,   139,   63000000,    3941951,        0,  -59058049,          0
  5369,   140,   63000000,    3942423,        0,  -59057577,          0
  5369,   141,   63000000,    3946845,        0,  -59053155,          0
  5369,   142,   63000000,    3950979,        0,  -59049021,          0
  5369,   143,   63000000,    4038440,        0,  -58961560,          0
  5369,   144,   63000000,    3940854,        0,  -59059146,          0
  5369,   145,   63000000,    3973532,        0,  -59026468,          0
  5369,   146,   63000000,    3957380,        0,  -59042620,          0
  5369,   147,   63000000,    4179250,        0,  -58820750,          0
  5369,   148,   63000000,    3939405,        0,  -59060595,          0
  5369,   149,   63000000,    3976509,        0,  -59023491,          0
  5369,   150,   63000000,    3941304,        0,  -59058696,          0
  5369,   151,   63000000,    3943064,        0,  -59056936,          0
  5369,   152,   63000000,    3960169,        0,  -59039831,          0
  5369,   153,   63000000,    4037132,        0,  -58962868,          0
  5369,   154,   63000000,    3962914,        0,  -59037086,          0
  5369,   155,   63000000,    3947347,        0,  -59052653,          0
  5369,   156,   63000000,    3940198,        0,  -59059802,          0
  5369,   157,   63000000,    3964516,        0,  -59035484,          0
  5369,   158,   63000000,    3953604,        0,  -59046396,          0
  5369,   159,   63000000,    3939085,        0,  -59060915,          0
  5369,   160,   63000000,    3940866,        0,  -59059134,          0
  5369,   161,   63000000,    3958005,        0,  -59041995,          0
  5369,   162,   63000000,    3954001,        0,  -59045999,          0
# task NAME=myapp PID=5374 COST=11399000 PERIOD=35000000 CPU=0
  5374,     2,   35000000,      14638,        0,  -34985362,          0
  5374,     3,   35000000,      46049,        0,  -34953951,          0
  5374,     4,   35000000,   13254910,        0,  -21745090,          0
  5374,     5,   35000000,   11178130,        0,  -23821870,          0
  5374,     6,   35000000,   11179599,        0,  -23820401,          0
  5374,     7,   35000000,   11169945,        0,  -23830055,          0
  5374,     8,   35000000,   11231821,        0,  -23768179,          0
  5374,     9,   35000000,   11455842,        0,  -23544158,          0
  5374,    10,   35000000,   11170091,        0,  -23829909,          0
  5374,    11,   35000000,   11229223,        0,  -23770777,          0
  5374,    12,   35000000,   11206111,        0,  -23793889,          0
  5374,    13,   35000000,   11185225,        0,  -23814775,          0
  5374,    14,   35000000,   11184614,        0,  -23815386,          0
  5374,    15,   35000000,   11286926,        0,  -23713074,          0
  5374,    16,   35000000,   11498590,        0,  -23501410,          0
  5374,    17,   35000000,   11211726,        0,  -23788274,          0
  5374,    18,   35000000,   11200842,        0,  -23799158,          0
  5374,    19,   35000000,   11197537,        0,  -23802463,          0
  5374,    20,   35000000,   11195359,        0,  -23804641,          0
  5374,    21,   35000000,   11205839,        0,  -23794161,          0
  5374,    22,   35000000,   11178652,        0,  -23821348,          0
  5374,    23,   35000000,   11178324,        0,  -23821676,          0
  5374,    24,   35000000,   11212206,        0,  -23787794,          0
  5374,    25,   35000000,   11213913,        0,  -23786087,          0
  5374,    26,   35000000,   11180369,        0,  -23819631,          0
  5374,    27,   35000000,   11233216,        0,  -23766784,          0
  5374,    28,   35000000,   11175532,        0,  -23824468,          0
  5374,    29,   35000000,   11262513,        0,  -23737487,          0
  5374,    30,   35000000,   11235655,        0,  -23764345,          0
  5374,    31,   35000000,   11183087,        0,  -23816913,          0
  5374,    32,   35000000,   11179654,        0,  -23820346,          0
  5374,    33,   35000000,   11207137,        0,  -23792863,          0
  5374,    34,   35000000,   11460337,        0,  -23539663,          0
  5374,    35,   35000000,   11199553,        0,  -23800447,          0
  5374,    36,   35000000,   11199516,        0,  -23800484,          0
  5374,    37,   35000000,   11198000,        0,  -23802000,          0
  5374,    38,   35000000,   11206818,        0,  -23793182,          0
  5374,    39,   35000000,   11199165,        0,  -23800835,          0
  5374,    40,   35000000,   11175215,        0,  -23824785,          0
  5374,    41,   35000000,   11458048,        0,  -23541952,          0
  5374,    42,   35000000,   11222961,        0,  -23777039,          0
  5374,    43,   35000000,   11193438,        0,  -23806562,          0
  5374,    44,   35000000,   11180152,        0,  -23819848,          0
  5374,    45,   35000000,   11195197,        0,  -23804803,          0
  5374,    46,   35000000,   11208223,        0,  -23791777,          0
  5374,    47,   35000000,   11191701,        0,  -23808299,          0
  5374,    48,   35000000,   11190477,        0,  -23809523,          0
  5374,    49,   35000000,   11198676,        0,  -23801324,          0
  5374,    50,   35000000,   11356209,        0,  -23643791,          0
  5374,    51,   35000000,   11220013,        0,  -23779987,          0
  5374,    52,   35000000,   11273944,        0,  -23726056,          0
  5374,    53,   35000000,   11173837,        0,  -23826163,          0
  5374,    54,   35000000,   11182569,        0,  -23817431,          0
  5374,    55,   35000000,   11194890,        0,  -23805110,          0
  5374,    56,   35000000,   11183207,        0,  -23816793,          0
  5374,    57,   35000000,   11179511,        0,  -23820489,          0
  5374,    58,   35000000,   11179549,        0,  -23820451,          0
  5374,    59,   35000000,   11470785,        0,  -23529215,          0
  5374,    60,   35000000,   11169253,        0,  -23830747,          0
  5374,    61,   35000000,   11187956,        0,  -23812044,          0
  5374,    62,   35000000,   11193649,        0,  -23806351,          0
  5374,    63,   35000000,   11203074,        0,  -23796926,          0
  5374,    64,   35000000,   11277588,        0,  -23722412,          0
  5374,    65,   35000000,   11199272,        0,  -23800728,          0
  5374,    66,   35000000,   11517025,        0,  -23482975,          0
  5374,    67,   35000000,   11190551,        0,  -23809449,          0
  5374,    68,   35000000,   11178574,        0,  -23821426,          0
  5374,    69,   35000000,   11167652,        0,  -23832348,          0
  5374,    70,   35000000,   11190276,        0,  -23809724,          0
  5374,    71,   35000000,   11203236,        0,  -23796764,          0
  5374,    72,   35000000,   11298223,        0,  -23701777,          0
  5374,    73,   35000000,   11174976,        0,  -23825024,          0
  5374,    74,   35000000,   11186406,        0,  -23813594,          0
  5374,    75,   35000000,   11207128,        0,  -23792872,          0
  5374,    76,   35000000,   11267174,        0,  -23732826,          0
  5374,    77,   35000000,   11201128,        0,  -23798872,          0
  5374,    78,   35000000,   11175358,        0,  -23824642,          0
  5374,    79,   35000000,   11219795,        0,  -23780205,          0
  5374,    80,   35000000,   11225817,        0,  -23774183,          0
  5374,    81,   35000000,   11193417,        0,  -23806583,          0
  5374,    82,   35000000,   11189038,        0,  -23810962,          0
  5374,    83,   35000000,   11220892,        0,  -23779108,          0
  5374,    84,   35000000,   11471069,        0,  -23528931,          0
  5374,    85,   35000000,   11213950,        0,  -23786050,          0
  5374,    86,   35000000,   11244384,        0,  -23755616,          0
  5374,    87,   35000000,   11174339,        0,  -23825661,          0
  5374,    88,   35000000,   11212362,        0,  -23787638,          0
  5374,    89,   35000000,   11165019,        0,  -23834981,          0
  5374,    90,   35000000,   11187558,        0,  -23812442,          0
  5374,    91,   35000000,   11474381,        0,  -23525619,          0
  5374,    92,   35000000,   11190930,        0,  -23809070,          0
  5374,    93,   35000000,   11212977,        0,  -23787023,          0
  5374,    94,   35000000,   11222475,        0,  -23777525,          0
  5374,    95,   35000000,   11280225,        0,  -23719775,          0
  5374,    96,   35000000,   11197312,        0,  -23802688,          0
  5374,    97,   35000000,   11193536,        0,  -23806464,          0
  5374,    98,   35000000,   11245278,        0,  -23754722,          0
  5374,    99,   35000000,   11238734,        0,  -23761266,          0
  5374,   100,   35000000,   11211442,        0,  -23788558,          0
  5374,   101,   35000000,   11177170,        0,  -23822830,          0
  5374,   102,   35000000,   11277094,        0,  -23722906,          0
  5374,   103,   35000000,   11223486,        0,  -23776514,          0
  5374,   104,   35000000,   11183290,        0,  -23816710,          0
  5374,   105,   35000000,   11230650,        0,  -23769350,          0
  5374,   106,   35000000,   11242609,        0,  -23757391,          0
  5374,   107,   35000000,   11207709,        0,  -23792291,          0
  5374,   108,   35000000,   11193184,        0,  -23806816,          0
  5374,   109,   35000000,   11450760,        0,  -23549240,          0
  5374,   110,   35000000,   11266615,        0,  -23733385,          0
  5374,   111,   35000000,   11189786,        0,  -23810214,          0
  5374,   112,   35000000,   11197105,        0,  -23802895,          0
  5374,   113,   35000000,   11186425,        0,  -23813575,          0
  5374,   114,   35000000,   11219304,        0,  -23780696,          0
  5374,   115,   35000000,   11238144,        0,  -23761856,          0
  5374,   116,   35000000,   11454929,        0,  -23545071,          0
  5374,   117,   35000000,   11212110,        0,  -23787890,          0
  5374,   118,   35000000,   11209151,        0,  -23790849,          0
  5374,   119,   35000000,   11238325,        0,  -23761675,          0
  5374,   120,   35000000,   11184119,        0,  -23815881,          0
  5374,   121,   35000000,   11224031,        0,  -23775969,          0
  5374,   122,   35000000,   11231833,        0,  -23768167,          0
  5374,   123,   35000000,   11170176,        0,  -23829824,          0
  5374,   124,   35000000,   11183182,        0,  -23816818,          0
  5374,   125,   35000000,   11182197,        0,  -23817803,          0
  5374,   126,   35000000,   11172066,        0,  -23827934,          0
  5374,   127,   35000000,   11192800,        0,  -23807200,          0
  5374,   128,   35000000,   11197108,        0,  -23802892,          0
  5374,   129,   35000000,   11408751,        0,  -23591249,          0
  5374,   130,   35000000,   11216432,        0,  -23783568,          0
  5374,   131,   35000000,   11199503,        0,  -23800497,          0
  5374,   132,   35000000,   11187662,        0,  -23812338,          0
  5374,   133,   35000000,   11184634,        0,  -23815366,          0
  5374,   134,   35000000,   11512489,        0,  -23487511,          0
  5374,   135,   35000000,   11180547,        0,  -23819453,          0
  5374,   136,   35000000,   11184740,        0,  -23815260,          0
  5374,   137,   35000000,   11224706,        0,  -23775294,          0
  5374,   138,   35000000,   11197318,        0,  -23802682,          0
  5374,   139,   35000000,   11257729,        0,  -23742271,          0
  5374,   140,   35000000,   11180276,        0,  -23819724,          0
  5374,   141,   35000000,   11480600,        0,  -23519400,          0
  5374,   142,   35000000,   11192269,        0,  -23807731,          0
  5374,   143,   35000000,   11167381,        0,  -23832619,          0
  5374,   144,   35000000,   11201094,        0,  -23798906,          0
  5374,   145,   35000000,   11204057,        0,  -23795943,          0
  5374,   146,   35000000,   11194423,        0,  -23805577,          0
  5374,   147,   35000000,   11207034,        0,  -23792966,          0
  5374,   148,   35000000,   11221337,        0,  -23778663,          0
  5374,   149,   35000000,   11186041,        0,  -23813959,          0
  5374,   150,   35000000,   11183512,        0,  -23816488,          0
  5374,   151,   35000000,   11185618,        0,  -23814382,          0
  5374,   152,   35000000,   11195260,        0,  -23804740,          0
  5374,   153,   35000000,   11206596,        0,  -23793404,          0
  5374,   154,   35000000,   11218955,        0,  -23781045,          0
  5374,   155,   35000000,   11200733,        0,  -23799267,          0
  5374,   156,   35000000,   11191400,        0,  -23808600,          0
  5374,   157,   35000000,   11204414,        0,  -23795586,          0
  5374,   158,   35000000,   11166415,        0,  -23833585,          0
  5374,   159,   35000000,   11470084,        0,  -23529916,          0
  5374,   160,   35000000,   11191284,        0,  -23808716,          0
  5374,   161,   35000000,   11195590,        0,  -23804410,          0
  5374,   162,   35000000,   11193424,        0,  -23806576,          0
  5374,   163,   35000000,   11183754,        0,  -23816246,          0
  5374,   164,   35000000,   11219937,        0,  -23780063,          0
  5374,   165,   35000000,   11200047,        0,  -23799953,          0
  5374,   166,   35000000,   11466075,        0,  -23533925,          0
  5374,   167,   35000000,   11175403,        0,  -23824597,          0
  5374,   168,   35000000,   11230532,        0,  -23769468,          0
  5374,   169,   35000000,   11178592,        0,  -23821408,          0
  5374,   170,   35000000,   11196668,        0,  -23803332,          0
  5374,   171,   35000000,   11183605,        0,  -23816395,          0
  5374,   172,   35000000,   11210033,        0,  -23789967,          0
  5374,   173,   35000000,   11193035,        0,  -23806965,          0
  5374,   174,   35000000,   11199460,        0,  -23800540,          0
  5374,   175,   35000000,   11237864,        0,  -23762136,          0
  5374,   176,   35000000,   11203089,        0,  -23796911,          0
  5374,   177,   35000000,   11168638,        0,  -23831362,          0
  5374,   178,   35000000,   11167539,        0,  -23832461,          0
  5374,   179,   35000000,   11324430,        0,  -23675570,          0
  5374,   180,   35000000,   11178052,        0,  -23821948,          0
  5374,   181,   35000000,   11179555,        0,  -23820445,          0
  5374,   182,   35000000,   11190195,        0,  -23809805,          0
  5374,   183,   35000000,   11198558,        0,  -23801442,          0
  5374,   184,   35000000,   11460866,        0,  -23539134,          0
  5374,   185,   35000000,   11199333,        0,  -23800667,          0
  5374,   186,   35000000,   11171007,        0,  -23828993,          0
  5374,   187,   35000000,   11191992,        0,  -23808008,          0
  5374,   188,   35000000,   11180995,        0,  -23819005,          0
  5374,   189,   35000000,   11221959,        0,  -23778041,          0
  5374,   190,   35000000,   11237222,        0,  -23762778,          0
  5374,   191,   35000000,   11456251,        0,  -23543749,          0
  5374,   192,   35000000,   11178497,        0,  -23821503,          0
  5374,   193,   35000000,   11178559,        0,  -23821441,          0
  5374,   194,   35000000,   11179282,        0,  -23820718,          0
  5374,   195,   35000000,   11177046,        0,  -23822954,          0
  5374,   196,   35000000,   11264874,        0,  -23735126,          0
  5374,   197,   35000000,   11174399,        0,  -23825601,          0
  5374,   198,   35000000,   11178887,        0,  -23821113,          0
  5374,   199,   35000000,   11203105,        0,  -23796895,          0
  5374,   200,   35000000,   11177093,        0,  -23822907,          0
  5374,   201,   35000000,   11199906,        0,  -23800094,          0
  5374,   202,   35000000,   11186642,        0,  -23813358,          0
  5374,   203,   35000000,   11184927,        0,  -23815073,          0
  5374,   204,   35000000,   11186360,        0,  -23813640,          0
  5374,   205,   35000000,   11182419,        0,  -23817581,          0
  5374,   206,   35000000,   11225142,        0,  -23774858,          0
  5374,   207,   35000000,   11181369,        0,  -23818631,          0
  5374,   208,   35000000,   11228406,        0,  -23771594,          0
  5374,   209,   35000000,   11458236,        0,  -23541764,          0
  5374,   210,   35000000,   11240132,        0,  -23759868,          0
  5374,   211,   35000000,   11191526,        0,  -23808474,          0
  5374,   212,   35000000,   11243136,        0,  -23756864,          0
  5374,   213,   35000000,   11280732,        0,  -23719268,          0
  5374,   214,   35000000,   11183717,        0,  -23816283,          0
  5374,   215,   35000000,   11239757,        0,  -23760243,          0
  5374,   216,   35000000,   11473307,        0,  -23526693,          0
  5374,   217,   35000000,   11214937,        0,  -23785063,          0
  5374,   218,   35000000,   11193224,        0,  -23806776,          0
  5374,   219,   35000000,   11192410,        0,  -23807590,          0
  5374,   220,   35000000,   11237975,        0,  -23762025,          0
  5374,   221,   35000000,   11240143,        0,  -23759857,          0
  5374,   222,   35000000,   11271246,        0,  -23728754,          0
  5374,   223,   35000000,   11167555,        0,  -23832445,          0
  5374,   224,   35000000,   11188438,        0,  -23811562,          0
  5374,   225,   35000000,   11186745,        0,  -23813255,          0
  5374,   226,   35000000,   11266456,        0,  -23733544,          0
  5374,   227,   35000000,   11232226,        0,  -23767774,          0
  5374,   228,   35000000,   11205818,        0,  -23794182,          0
  5374,   229,   35000000,   11179467,        0,  -23820533,          0
  5374,   230,   35000000,   11178047,        0,  -23821953,          0
  5374,   231,   35000000,   11210838,        0,  -23789162,          0
  5374,   232,   35000000,   11196260,        0,  -23803740,          0
  5374,   233,   35000000,   11172699,        0,  -23827301,          0
  5374,   234,   35000000,   11488107,        0,  -23511893,          0
  5374,   235,   35000000,   11192044,        0,  -23807956,          0
  5374,   236,   35000000,   11229089,        0,  -23770911,          0
  5374,   237,   35000000,   11191126,        0,  -23808874,          0
  5374,   238,   35000000,   11170304,        0,  -23829696,          0
  5374,   239,   35000000,   11178274,        0,  -23821726,          0
  5374,   240,   35000000,   11175785,        0,  -23824215,          0
  5374,   241,   35000000,   11461526,        0,  -23538474,          0
  5374,   242,   35000000,   11184823,        0,  -23815177,          0
  5374,   243,   35000000,   11175462,        0,  -23824538,          0
  5374,   244,   35000000,   11181551,        0,  -23818449,          0
  5374,   245,   35000000,   11198886,        0,  -23801114,          0
  5374,   246,   35000000,   11186895,        0,  -23813105,          0
  5374,   247,   35000000,   11191034,        0,  -23808966,          0
  5374,   248,   35000000,   11191045,        0,  -23808955,          0
  5374,   249,   35000000,   11236349,        0,  -23763651,          0
  5374,   250,   35000000,   11210211,        0,  -23789789,          0
  5374,   251,   35000000,   11182450,        0,  -23817550,          0
  5374,   252,   35000000,   11185135,        0,  -23814865,          0
  5374,   253,   35000000,   11187653,        0,  -23812347,          0
  5374,   254,   35000000,   11169339,        0,  -23830661,          0
  5374,   255,   35000000,   11218020,        0,  -23781980,          0
  5374,   256,   35000000,   11172872,        0,  -23827128,          0
  5374,   257,   35000000,   11201611,        0,  -23798389,          0
  5374,   258,   35000000,   11177048,        0,  -23822952,          0
  5374,   259,   35000000,   11456382,        0,  -23543618,          0
  5374,   260,   35000000,   11166630,        0,  -23833370,          0
  5374,   261,   35000000,   11175857,        0,  -23824143,          0
  5374,   262,   35000000,   11216348,        0,  -23783652,          0
  5374,   263,   35000000,   11173586,        0,  -23826414,          0
  5374,   264,   35000000,   11187608,        0,  -23812392,          0
  5374,   265,   35000000,   11208411,        0,  -23791589,          0
  5374,   266,   35000000,   11474377,        0,  -23525623,          0
  5374,   267,   35000000,   11187251,        0,  -23812749,          0
  5374,   268,   35000000,   11185249,        0,  -23814751,          0
  5374,   269,   35000000,   11199703,        0,  -23800297,          0
  5374,   270,   35000000,   11193576,        0,  -23806424,          0
  5374,   271,   35000000,   11194575,        0,  -23805425,          0
  5374,   272,   35000000,   11220386,        0,  -23779614,          0
  5374,   273,   35000000,   11210531,        0,  -23789469,          0
  5374,   274,   35000000,   11205438,        0,  -23794562,          0
  5374,   275,   35000000,   11221748,        0,  -23778252,          0
  5374,   276,   35000000,   11180145,        0,  -23819855,          0
  5374,   277,   35000000,   11197319,        0,  -23802681,          0
  5374,   278,   35000000,   11193401,        0,  -23806599,          0
  5374,   279,   35000000,   11191517,        0,  -23808483,          0
  5374,   280,   35000000,   11210249,        0,  -23789751,          0
  5374,   281,   35000000,   11177069,        0,  -23822931,          0
  5374,   282,   35000000,   11184227,        0,  -23815773,          0
  5374,   283,   35000000,   11177905,        0,  -23822095,          0
  5374,   284,   35000000,   11470781,        0,  -23529219,          0
  5374,   285,   35000000,   11193813,        0,  -23806187,          0
  5374,   286,   35000000,   11177694,        0,  -23822306,          0
  5374,   287,   35000000,   11191248,        0,  -23808752,          0
  5374,   288,   35000000,   11219783,        0,  -23780217,          0
  5374,   289,   35000000,   11205634,        0,  -23794366,          0
