50 50 1
85 85 1
58 58 1
91 91 1
84 84 1
54 54 1
61 61 1
57 57 1
106 106 1
48 48 1
99 99 1
62 62 1
70 70 1
89 89 1
111 111 1
46 46 1
52 52 1
45 45 1
57 57 1
60 60 1
37 37 1
81 81 1
50 50 1
62 62 1
107 107 1
 
162 162 1
147 147 1
155 155 1
80 80 1
139 139 1
127 127 1
72 72 1
130 130 1
131 131 1
141 141 1
130 130 1
101 101 1
112 112 1
164 164 1
123 123 1
126 126 1
164 164 1
113 113 1
96 96 1
110 110 1
123 123 1
126 126 1
141 141 1
114 114 1
128 128 1
 
155 155 1
122 122 1
102 102 1
185 185 1
187 187 1
234 234 1
194 194 1
98 98 1
167 167 1
194 194 1
196 196 1
198 198 1
252 252 1
112 112 1
174 174 1
156 156 1
204 204 1
116 116 1
175 175 1
183 183 1
149 149 1
130 130 1
176 176 1
99 99 1
248 248 1
 
178 178 1
230 230 1
340 340 1
205 205 1
308 308 1
246 246 1
228 228 1
211 211 1
213 213 1
142 142 1
220 220 1
207 207 1
251 251 1
187 187 1
125 125 1
208 208 1
258 258 1
130 130 1
201 201 1
169 169 1
135 135 1
214 214 1
253 253 1
227 227 1
233 233 1
 
279 279 1
296 296 1
270 270 1
311 311 1
262 262 1
300 300 1
260 260 1
322 322 1
307 307 1
284 284 1
222 222 1
238 238 1
271 271 1
157 157 1
337 337 1
230 230 1
252 252 1
276 276 1
380 380 1
225 225 1
389 389 1
246 246 1
267 267 1
320 320 1
321 321 1
 
220 220 1
263 263 1
370 370 1
324 324 1
340 340 1
312 312 1
321 321 1
357 357 1
317 317 1
399 399 1
319 319 1
368 368 1
248 248 1
408 408 1
310 310 1
339 339 1
411 411 1
347 347 1
467 467 1
408 408 1
297 297 1
354 354 1
345 345 1
300 300 1
285 285 1
 
400 400 1
417 417 1
450 450 1
418 419 0
379 379 1
330 330 1
349 349 1
337 337 1
433 433 1
346 346 1
300 301 0
289 290 0
375 376 0
333 333 1
386 386 1
245 250 0
293 296 0
286 286 1
356 356 1
292 292 1
404 404 1
443 443 1
340 340 1
309 309 1
270 271 0
 
434 434 1
282 286 0
398 402 0
319 338 0
483 486 0
470 478 0
396 416 0
432 442 0
483 492 0
369 396 0
384 391 0
447 449 0
332 340 0
453 464 0
455 468 0
395 413 0
306 317 0
394 408 0
467 477 0
442 442 1
391 405 0
372 373 0
402 404 0
368 373 0
402 409 0
 
===
