107 107 1
71 71 1
48 48 1
263 263 1
140 140 1
71 71 1
172 172 1
48 48 1
100 100 1
43 43 1
157 157 1
109 109 1
48 48 1
188 188 1
195 195 1
178 178 1
103 103 1
156 156 1
43 43 1
128 128 1
212 212 1
113 113 1
134 134 1
75 75 1
48 48 1
 
244 244 1
46 46 1
91 91 1
239 239 1
67 67 1
44 44 1
103 103 1
245 245 1
271 271 1
146 146 1
50 50 1
114 114 1
263 263 1
50 50 1
80 80 1
161 161 1
343 343 1
190 190 1
118 118 1
138 138 1
51 51 1
46 46 1
75 75 1
77 77 1
287 287 1
 
70 70 1
92 92 1
87 87 1
200 200 1
146 146 1
489 489 1
103 103 1
107 107 1
233 233 1
143 143 1
184 184 1
261 261 1
297 297 1
110 110 1
222 222 1
136 136 1
208 208 1
199 199 1
355 355 1
192 192 1
260 260 1
155 155 1
258 258 1
64 64 1
343 343 1
 
179 179 1
72 72 1
292 292 1
112 112 1
275 275 1
291 291 1
188 188 1
95 95 1
303 303 1
194 194 1
285 285 1
441 441 1
55 55 1
165 165 1
292 292 1
184 184 1
275 275 1
108 108 1
129 129 1
174 174 1
428 428 1
266 266 1
370 370 1
179 179 1
267 267 1
 
50 50 1
85 85 1
59 59 1
91 91 1
84 84 1
54 54 1
61 61 1
57 57 1
106 106 1
48 48 1
99 99 1
62 62 1
70 70 1
89 89 1
111 111 1
46 46 1
53 53 1
45 45 1
57 57 1
60 60 1
37 37 1
81 81 1
50 50 1
62 62 1
107 107 1
 
235 235 1
329 329 1
234 234 1
514 514 1
427 427 1
226 226 1
391 391 1
529 529 1
190 190 1
159 159 1
776 776 1
461 461 1
352 352 1
191 191 1
376 376 1
198 198 1
103 103 1
301 301 1
541 541 1
393 393 1
322 322 1
146 146 1
602 602 1
372 372 1
530 530 1
 
169 169 1
529 529 1
248 248 1
257 257 1
214 214 1
492 492 1
370 370 1
378 378 1
228 228 1
300 300 1
241 241 1
557 557 1
491 491 1
341 341 1
526 526 1
315 315 1
449 449 1
586 586 1
489 489 1
231 231 1
348 348 1
446 446 1
322 322 1
241 241 1
820 820 1
 
530 530 1
394 394 1
188 188 1
342 342 1
495 495 1
247 247 1
174 174 1
343 343 1
514 514 1
700 700 1
379 379 1
301 301 1
233 233 1
328 328 1
233 233 1
561 561 1
506 506 1
592 592 1
218 218 1
239 239 1
106 106 1
254 254 1
285 285 1
386 386 1
542 542 1
 
599 599 1
218 218 1
287 287 1
422 422 1
461 461 1
444 444 1
331 331 1
600 600 1
379 379 1
410 410 1
264 264 1
549 549 1
834 834 1
316 316 1
669 669 1
601 601 1
485 485 1
350 350 1
337 337 1
556 556 1
836 836 1
257 257 1
261 261 1
453 453 1
745 745 1
 
162 162 1
152 152 1
154 154 1
80 80 1
140 140 1
127 127 1
74 74 1
130 130 1
131 131 1
141 141 1
130 130 1
100 100 1
112 112 1
167 167 1
123 123 1
125 125 1
163 163 1
113 113 1
95 95 1
110 110 1
123 123 1
126 126 1
140 140 1
114 114 1
128 128 1
 
714 714 1
405 405 1
569 569 1
422 422 1
312 312 1
515 515 1
594 594 1
306 306 1
691 691 1
513 513 1
335 335 1
668 668 1
398 398 1
438 438 1
310 310 1
315 315 1
627 627 1
677 677 1
638 638 1
550 550 1
397 397 1
517 517 1
430 430 1
326 326 1
444 444 1
 
457 457 1
722 722 1
686 686 1
572 572 1
436 436 1
563 563 1
635 635 1
559 559 1
830 830 1
921 921 1
639 639 1
371 371 1
609 609 1
423 423 1
459 459 1
588 588 1
268 268 1
424 424 1
326 326 1
408 408 1
399 399 1
385 385 1
424 424 1
642 642 1
479 479 1
 
631 631 1
955 955 1
646 646 1
457 457 1
579 579 1
749 749 1
449 449 1
521 521 1
592 592 1
390 390 1
510 510 1
481 481 1
901 901 1
313 313 1
413 413 1
634 634 1
602 602 1
973 973 1
676 676 1
385 385 1
615 615 1
683 683 1
699 699 1
279 279 1
483 483 1
 
972 972 1
899 899 1
584 584 1
448 448 1
913 913 1
651 651 1
692 692 1
489 489 1
874 874 1
900 900 1
582 582 1
338 338 1
605 605 1
611 611 1
598 598 1
472 472 1
1038 1038 1
490 490 1
351 351 1
409 409 1
495 495 1
622 622 1
580 580 1
632 632 1
316 316 1
 
155 155 1
122 122 1
102 102 1
185 185 1
188 188 1
234 234 1
194 194 1
98 98 1
166 166 1
194 194 1
196 196 1
198 198 1
252 252 1
112 112 1
174 174 1
156 156 1
204 204 1
116 116 1
175 175 1
185 185 1
149 149 1
130 130 1
176 176 1
99 99 1
248 248 1
 
625 625 1
1093 1093 1
734 734 1
710 710 1
617 617 1
395 395 1
655 655 1
735 735 1
745 745 1
809 809 1
419 419 1
826 826 1
1101 1101 1
881 881 1
504 504 1
668 668 1
553 553 1
687 687 1
779 779 1
781 781 1
680 680 1
653 653 1
620 620 1
512 512 1
800 800 1
 
506 506 1
728 728 1
593 593 1
715 715 1
745 745 1
876 876 1
719 719 1
679 679 1
1171 1171 1
622 622 1
934 934 1
685 685 1
757 757 1
805 805 1
1047 1047 1
819 819 1
854 854 1
1280 1280 1
602 602 1
1438 1438 1
946 946 1
906 906 1
880 880 1
590 590 1
458 458 1
 
1057 1057 1
972 972 1
806 806 1
848 848 1
565 565 1
855 855 1
766 766 1
729 729 1
664 664 1
1117 1117 1
573 573 1
676 676 1
793 793 1
631 631 1
640 640 1
1061 1061 1
658 658 1
744 744 1
783 783 1
743 743 1
752 752 1
982 982 1
938 938 1
964 964 1
943 943 1
 
755 755 1
1027 1027 1
599 599 1
572 572 1
901 901 1
686 686 1
957 957 1
655 655 1
1288 1288 1
752 752 1
1413 1413 1
886 886 1
725 725 1
1364 1364 1
1037 1037 1
935 935 1
414 414 1
685 685 1
626 626 1
876 876 1
839 839 1
859 859 1
716 716 1
737 737 1
838 838 1
 
178 178 1
229 229 1
339 339 1
205 205 1
308 308 1
246 246 1
228 228 1
208 208 1
213 213 1
142 142 1
221 221 1
208 208 1
251 251 1
187 187 1
125 125 1
208 208 1
258 258 1
130 130 1
201 201 1
169 169 1
135 135 1
214 214 1
253 253 1
227 227 1
233 233 1
 
184 184 1
293 293 1
181 181 1
227 227 1
205 205 1
226 226 1
261 261 1
233 233 1
277 277 1
237 237 1
217 217 1
264 264 1
174 174 1
225 225 1
276 276 1
199 199 1
238 238 1
225 225 1
262 262 1
288 288 1
153 153 1
266 266 1
304 304 1
228 228 1
215 215 1
 
204 204 1
194 194 1
168 168 1
243 243 1
317 317 1
204 204 1
224 224 1
285 285 1
184 184 1
163 163 1
188 188 1
287 287 1
199 199 1
235 235 1
232 232 1
258 258 1
175 175 1
266 266 1
131 131 1
279 279 1
219 219 1
177 177 1
240 240 1
197 197 1
190 190 1
 
267 267 1
219 219 1
230 230 1
313 313 1
211 211 1
293 293 1
245 245 1
302 302 1
244 244 1
197 197 1
248 248 1
262 262 1
360 360 1
311 311 1
292 292 1
254 254 1
195 195 1
255 255 1
222 222 1
230 230 1
227 227 1
268 268 1
229 229 1
210 210 1
232 232 1
 
326 326 1
356 356 1
272 272 1
345 345 1
250 250 1
245 245 1
333 333 1
281 281 1
337 337 1
200 200 1
215 215 1
303 303 1
173 173 1
347 347 1
285 285 1
390 390 1
297 297 1
359 359 1
255 255 1
374 374 1
310 310 1
253 253 1
433 433 1
217 217 1
271 271 1
 
287 287 1
301 301 1
278 278 1
312 312 1
264 264 1
308 308 1
266 266 1
324 324 1
311 311 1
292 292 1
224 224 1
239 239 1
281 281 1
158 158 1
341 341 1
232 232 1
251 251 1
280 280 1
327 327 1
200 200 1
321 321 1
208 208 1
288 288 1
322 322 1
316 316 1
 
232 232 1
280 280 1
355 355 1
306 306 1
292 292 1
190 190 1
266 266 1
327 327 1
290 290 1
271 271 1
255 255 1
357 357 1
235 235 1
326 326 1
308 308 1
265 265 1
324 324 1
303 303 1
210 210 1
327 327 1
332 332 1
272 272 1
230 230 1
267 267 1
323 323 1
 
294 294 1
274 274 1
509 509 1
312 312 1
309 309 1
355 355 1
298 298 1
339 339 1
379 379 1
197 197 1
331 331 1
325 325 1
302 302 1
248 248 1
318 318 1
380 380 1
339 339 1
204 204 1
213 213 1
259 259 1
298 298 1
273 273 1
327 327 1
278 278 1
246 246 1
 
232 232 1
340 340 1
352 352 1
246 246 1
237 237 1
310 310 1
366 366 1
259 259 1
353 353 1
238 238 1
282 282 1
263 263 1
338 338 1
278 278 1
315 315 1
340 340 1
439 439 1
367 367 1
394 394 1
282 282 1
256 256 1
350 350 1
343 343 1
344 344 1
365 365 1
 
306 306 1
303 303 1
403 403 1
347 347 1
351 351 1
236 236 1
271 271 1
314 314 1
335 335 1
254 254 1
343 343 1
216 216 1
210 210 1
224 224 1
305 305 1
256 256 1
339 339 1
245 245 1
241 241 1
368 368 1
329 329 1
256 256 1
354 354 1
235 235 1
329 329 1
 
219 219 1
255 255 1
362 362 1
316 316 1
336 336 1
309 309 1
309 309 1
353 353 1
313 313 1
394 394 1
318 318 1
366 366 1
246 246 1
406 406 1
298 298 1
301 301 1
492 492 1
431 431 1
469 469 1
417 417 1
296 296 1
348 348 1
350 350 1
307 307 1
284 284 1
 
411 411 1
220 220 1
472 472 1
367 367 1
438 438 1
385 385 1
278 278 1
267 267 1
303 303 1
315 315 1
259 259 1
336 336 1
384 384 1
286 286 1
233 233 1
331 331 1
338 338 1
302 302 1
377 377 1
340 340 1
292 292 1
271 271 1
327 327 1
293 293 1
424 424 1
 
276 276 1
380 381 0
419 419 1
338 338 1
349 349 1
338 338 1
306 306 1
275 275 1
411 411 1
393 393 1
299 299 1
270 271 0
261 261 1
296 296 1
355 355 1
413 413 1
340 340 1
292 292 1
274 274 1
325 325 1
408 408 1
352 352 1
396 396 1
283 283 1
435 435 1
 
384 384 1
319 319 1
388 388 1
381 381 1
372 372 1
351 354 0
298 298 1
357 357 1
318 318 1
386 386 1
391 391 1
325 325 1
366 366 1
376 376 1
323 323 1
313 313 1
425 425 1
295 295 1
319 319 1
440 440 1
312 312 1
341 341 1
334 334 1
412 412 1
310 310 1
 
296 298 0
431 432 0
413 414 0
346 346 1
396 396 1
260 265 0
435 435 1
411 411 1
278 280 0
375 375 1
305 305 1
292 292 1
477 477 1
290 290 1
375 375 1
350 351 0
413 413 1
403 403 1
260 260 1
359 360 0
411 411 1
340 340 1
366 366 1
430 430 1
398 398 1
 
393 393 1
410 410 1
445 445 1
407 408 0
370 370 1
326 326 1
344 344 1
337 337 1
430 430 1
358 358 1
301 302 0
288 289 0
375 376 0
333 333 1
386 386 1
246 251 0
293 296 0
286 286 1
409 409 1
366 366 1
433 433 1
460 460 1
343 343 1
315 315 1
275 276 0
 
321 323 0
377 378 0
310 311 0
350 350 1
492 492 1
299 299 1
299 304 0
420 420 1
340 341 0
462 462 1
345 345 1
286 287 0
411 411 1
482 485 0
420 420 1
345 346 0
382 382 1
370 370 1
402 402 1
431 431 1
419 419 1
332 334 0
430 430 1
354 354 1
321 321 1
 
527 527 1
302 304 0
337 337 1
388 388 1
481 481 1
489 489 1
502 502 1
327 327 1
402 402 1
431 431 1
458 458 1
330 331 0
418 418 1
513 513 1
401 402 0
439 445 0
440 440 1
436 437 0
358 358 1
369 373 0
397 397 1
324 324 1
480 480 1
320 324 0
396 397 0
 
336 336 1
357 359 0
452 452 1
419 419 1
446 449 0
371 373 0
500 500 1
414 414 1
363 369 0
345 351 0
370 377 0
419 425 0
443 443 1
398 400 0
420 420 1
321 326 0
424 424 1
408 409 0
423 428 0
420 421 0
487 487 1
312 316 0
482 485 0
505 505 1
402 406 0
 
433 433 1
321 332 0
386 400 0
377 392 0
360 363 0
364 369 0
402 403 0
445 452 0
431 433 0
364 368 0
257 272 0
453 453 1
314 317 0
305 324 0
483 483 1
403 403 1
536 536 1
465 469 0
353 355 0
395 395 1
391 401 0
374 376 0
468 471 0
406 406 1
448 453 0
 
433 433 1
282 286 0
399 403 0
321 340 0
486 489 0
672 682 0
503 525 0
440 451 0
502 510 0
383 411 0
446 453 0
460 462 0
335 344 0
460 470 0
486 499 0
392 411 0
309 321 0
405 419 0
473 483 0
450 450 1
398 412 0
377 378 0
410 412 0
399 404 0
412 419 0
 
411 438 0
347 376 0
431 464 0
494 508 0
415 428 0
381 399 0
388 406 0
404 428 0
476 502 0
463 480 0
349 373 0
305 355 0
502 514 0
298 350 0
350 395 0
317 376 0
382 413 0
413 428 0
380 404 0
461 465 0
361 397 0
463 488 0
479 499 0
422 446 0
414 455 0
 
394 479 0
493 569 0
362 458 0
343 413 0
440 534 0
437 509 0
359 437 0
380 448 0
377 442 0
548 607 0
274 391 0
356 438 0
340 417 0
412 469 0
385 474 0
408 483 0
436 495 0
351 462 0
228 314 0
400 463 0
400 487 0
511 594 0
318 417 0
276 365 0
364 458 0
 
===
