# Task,   Job,     Period,   Response, DL Miss?,   Lateness,  Tardiness
# task NAME=myapp PID=4840 COST=17200000 PERIOD=43000000 CPU=0
  4840,     2,   43000000,      11732,        0,  -42988268,          0
  4840,     3,   43000000,      57751,        0,  -42942249,          0
  4840,     4,   43000000,   17889700,        0,  -25110300,          0
  4840,     5,   43000000,   16863379,        0,  -26136621,          0
  4840,     6,   43000000,   17130951,        0,  -25869049,          0
  4840,     7,   43000000,   16847637,        0,  -26152363,          0
  4840,     8,   43000000,   16845225,        0,  -26154775,          0
  4840,     9,   43000000,   17147243,        0,  -25852757,          0
  4840,    10,   43000000,   17017803,        0,  -25982197,          0
  4840,    11,   43000000,   16858138,        0,  -26141862,          0
  4840,    12,   43000000,   17127464,        0,  -25872536,          0
  4840,    13,   43000000,   16839898,        0,  -26160102,          0
  4840,    14,   43000000,   16827594,        0,  -26172406,          0
  4840,    15,   43000000,   17143509,        0,  -25856491,          0
  4840,    16,   43000000,   16877669,        0,  -26122331,          0
  4840,    17,   43000000,   16910921,        0,  -26089079,          0
  4840,    18,   43000000,   16841965,        0,  -26158035,          0
  4840,    19,   43000000,   16912266,        0,  -26087734,          0
  4840,    20,   43000000,   16868925,        0,  -26131075,          0
  4840,    21,   43000000,   16848247,        0,  -26151753,          0
  4840,    22,   43000000,   16853301,        0,  -26146699,          0
  4840,    23,   43000000,   16871426,        0,  -26128574,          0
  4840,    24,   43000000,   16846342,        0,  -26153658,          0
  4840,    25,   43000000,   16853561,        0,  -26146439,          0
  4840,    26,   43000000,   16890240,        0,  -26109760,          0
  4840,    27,   43000000,   16899399,        0,  -26100601,          0
  4840,    28,   43000000,   16857103,        0,  -26142897,          0
  4840,    29,   43000000,   16840192,        0,  -26159808,          0
  4840,    30,   43000000,   16880622,        0,  -26119378,          0
  4840,    31,   43000000,   16906309,        0,  -26093691,          0
  4840,    32,   43000000,   16867412,        0,  -26132588,          0
  4840,    33,   43000000,   16834452,        0,  -26165548,          0
  4840,    34,   43000000,   16933631,        0,  -26066369,          0
  4840,    35,   43000000,   17127850,        0,  -25872150,          0
  4840,    36,   43000000,   16842416,        0,  -26157584,          0
  4840,    37,   43000000,   16902837,        0,  -26097163,          0
  4840,    38,   43000000,   17173982,        0,  -25826018,          0
  4840,    39,   43000000,   16834052,        0,  -26165948,          0
  4840,    40,   43000000,   16839643,        0,  -26160357,          0
  4840,    41,   43000000,   17175224,        0,  -25824776,          0
  4840,    42,   43000000,   16925816,        0,  -26074184,          0
  4840,    43,   43000000,   16919892,        0,  -26080108,          0
  4840,    44,   43000000,   17259151,        0,  -25740849,          0
  4840,    45,   43000000,   16902482,        0,  -26097518,          0
  4840,    46,   43000000,   16846409,        0,  -26153591,          0
  4840,    47,   43000000,   17116674,        0,  -25883326,          0
  4840,    48,   43000000,   16914073,        0,  -26085927,          0
  4840,    49,   43000000,   16953376,        0,  -26046624,          0
  4840,    50,   43000000,   16940515,        0,  -26059485,          0
  4840,    51,   43000000,   16900977,        0,  -26099023,          0
  4840,    52,   43000000,   16888267,        0,  -26111733,          0
  4840,    53,   43000000,   16856485,        0,  -26143515,          0
  4840,    54,   43000000,   16923313,        0,  -26076687,          0
  4840,    55,   43000000,   16889766,        0,  -26110234,          0
  4840,    56,   43000000,   16847339,        0,  -26152661,          0
  4840,    57,   43000000,   16837067,        0,  -26162933,          0
  4840,    58,   43000000,   16927832,        0,  -26072168,          0
  4840,    59,   43000000,   16831319,        0,  -26168681,          0
  4840,    60,   43000000,   16913706,        0,  -26086294,          0
  4840,    61,   43000000,   16831675,        0,  -26168325,          0
  4840,    62,   43000000,   16898231,        0,  -26101769,          0
  4840,    63,   43000000,   16833930,        0,  -26166070,          0
  4840,    64,   43000000,   16848246,        0,  -26151754,          0
  4840,    65,   43000000,   16912314,        0,  -26087686,          0
  4840,    66,   43000000,   16933652,        0,  -26066348,          0
  4840,    67,   43000000,   17136084,        0,  -25863916,          0
  4840,    68,   43000000,   16838045,        0,  -26161955,          0
  4840,    69,   43000000,   16843742,        0,  -26156258,          0
  4840,    70,   43000000,   17130107,        0,  -25869893,          0
  4840,    71,   43000000,   16963594,        0,  -26036406,          0
  4840,    72,   43000000,   16941681,        0,  -26058319,          0
  4840,    73,   43000000,   17198769,        0,  -25801231,          0
  4840,    74,   43000000,   16924324,        0,  -26075676,          0
  4840,    75,   43000000,   16831369,        0,  -26168631,          0
  4840,    76,   43000000,   17124524,        0,  -25875476,          0
  4840,    77,   43000000,   16869477,        0,  -26130523,          0
  4840,    78,   43000000,   16858541,        0,  -26141459,          0
  4840,    79,   43000000,   16842326,        0,  -26157674,          0
  4840,    80,   43000000,   16857995,        0,  -26142005,          0
  4840,    81,   43000000,   16840349,        0,  -26159651,          0
  4840,    82,   43000000,   16828723,        0,  -26171277,          0
  4840,    83,   43000000,   16851495,        0,  -26148505,          0
  4840,    84,   43000000,   16861253,        0,  -26138747,          0
  4840,    85,   43000000,   16854581,        0,  -26145419,          0
  4840,    86,   43000000,   16840987,        0,  -26159013,          0
  4840,    87,   43000000,   16842460,        0,  -26157540,          0
  4840,    88,   43000000,   16838204,        0,  -26161796,          0
  4840,    89,   43000000,   16843177,        0,  -26156823,          0
  4840,    90,   43000000,   16840266,        0,  -26159734,          0
  4840,    91,   43000000,   16870305,        0,  -26129695,          0
  4840,    92,   43000000,   16854471,        0,  -26145529,          0
  4840,    93,   43000000,   16865397,        0,  -26134603,          0
  4840,    94,   43000000,   16916506,        0,  -26083494,          0
  4840,    95,   43000000,   16841716,        0,  -26158284,          0
  4840,    96,   43000000,   16858073,        0,  -26141927,          0
  4840,    97,   43000000,   16847536,        0,  -26152464,          0
  4840,    98,   43000000,   16849448,        0,  -26150552,          0
  4840,    99,   43000000,   17118606,        0,  -25881394,          0
  4840,   100,   43000000,   16855319,        0,  -26144681,          0
  4840,   101,   43000000,   16828563,        0,  -26171437,          0
  4840,   102,   43000000,   17143338,        0,  -25856662,          0
  4840,   103,   43000000,   16944957,        0,  -26055043,          0
  4840,   104,   43000000,   16853495,        0,  -26146505,          0
  4840,   105,   43000000,   17124628,        0,  -25875372,          0
  4840,   106,   43000000,   16838738,        0,  -26161262,          0
  4840,   107,   43000000,   16831009,        0,  -26168991,          0
  4840,   108,   43000000,   17152552,        0,  -25847448,          0
  4840,   109,   43000000,   16845026,        0,  -26154974,          0
  4840,   110,   43000000,   16837654,        0,  -26162346,          0
  4840,   111,   43000000,   16938032,        0,  -26061968,          0
  4840,   112,   43000000,   16910398,        0,  -26089602,          0
  4840,   113,   43000000,   16901387,        0,  -26098613,          0
  4840,   114,   43000000,   16859008,        0,  -26140992,          0
  4840,   115,   43000000,   16849778,        0,  -26150222,          0
  4840,   116,   43000000,   16844946,        0,  -26155054,          0
  4840,   117,   43000000,   16833709,        0,  -26166291,          0
  4840,   118,   43000000,   16833362,        0,  -26166638,          0
  4840,   119,   43000000,   16839188,        0,  -26160812,          0
  4840,   120,   43000000,   16837128,        0,  -26162872,          0
  4840,   121,   43000000,   16887672,        0,  -26112328,          0
  4840,   122,   43000000,   16874292,        0,  -26125708,          0
  4840,   123,   43000000,   16894650,        0,  -26105350,          0
  4840,   124,   43000000,   16853851,        0,  -26146149,          0
  4840,   125,   43000000,   16897430,        0,  -26102570,          0
  4840,   126,   43000000,   16847714,        0,  -26152286,          0
  4840,   127,   43000000,   16898119,        0,  -26101881,          0
  4840,   128,   43000000,   16835486,        0,  -26164514,          0
  4840,   129,   43000000,   16851548,        0,  -26148452,          0
  4840,   130,   43000000,   16833130,        0,  -26166870,          0
  4840,   131,   43000000,   17214799,        0,  -25785201,          0
  4840,   132,   43000000,   16925705,        0,  -26074295,          0
  4840,   133,   43000000,   16867451,        0,  -26132549,          0
  4840,   134,   43000000,   17135190,        0,  -25864810,          0
  4840,   135,   43000000,   16836068,        0,  -26163932,          0
  4840,   136,   43000000,   16846991,        0,  -26153009,          0
  4840,   137,   43000000,   17183397,        0,  -25816603,          0
  4840,   138,   43000000,   16848683,        0,  -26151317,          0
  4840,   139,   43000000,   16835798,        0,  -26164202,          0
  4840,   140,   43000000,   17134701,        0,  -25865299,          0
  4840,   141,   43000000,   16919392,        0,  -26080608,          0
  4840,   142,   43000000,   16848353,        0,  -26151647,          0
  4840,   143,   43000000,   16863288,        0,  -26136712,          0
  4840,   144,   43000000,   17008513,        0,  -25991487,          0
  4840,   145,   43000000,   16831518,        0,  -26168482,          0
  4840,   146,   43000000,   16868558,        0,  -26131442,          0
  4840,   147,   43000000,   16838817,        0,  -26161183,          0
  4840,   148,   43000000,   16878651,        0,  -26121349,          0
  4840,   149,   43000000,   16903885,        0,  -26096115,          0
  4840,   150,   43000000,   16862003,        0,  -26137997,          0
  4840,   151,   43000000,   16836889,        0,  -26163111,          0
  4840,   152,   43000000,   16841281,        0,  -26158719,          0
  4840,   153,   43000000,   16847283,        0,  -26152717,          0
  4840,   154,   43000000,   16836499,        0,  -26163501,          0
  4840,   155,   43000000,   16841707,        0,  -26158293,          0
  4840,   156,   43000000,   16834999,        0,  -26165001,          0
  4840,   157,   43000000,   16841652,        0,  -26158348,          0
  4840,   158,   43000000,   16882331,        0,  -26117669,          0
  4840,   159,   43000000,   16843246,        0,  -26156754,          0
  4840,   160,   43000000,   17129394,        0,  -25870606,          0
  4840,   161,   43000000,   16856198,        0,  -26143802,          0
  4840,   162,   43000000,   16908750,        0,  -26091250,          0
  4840,   163,   43000000,   17124187,        0,  -25875813,          0
  4840,   164,   43000000,   16837892,        0,  -26162108,          0
  4840,   165,   43000000,   16825949,        0,  -26174051,          0
  4840,   166,   43000000,   17174939,        0,  -25825061,          0
  4840,   167,   43000000,   16882415,        0,  -26117585,          0
  4840,   168,   43000000,   16841064,        0,  -26158936,          0
  4840,   169,   43000000,   17129504,        0,  -25870496,          0
  4840,   170,   43000000,   16908836,        0,  -26091164,          0
  4840,   171,   43000000,   16925321,        0,  -26074679,          0
  4840,   172,   43000000,   17159697,        0,  -25840303,          0
  4840,   173,   43000000,   16965072,        0,  -26034928,          0
  4840,   174,   43000000,   16862262,        0,  -26137738,          0
  4840,   175,   43000000,   16837369,        0,  -26162631,          0
  4840,   176,   43000000,   16864749,        0,  -26135251,          0
  4840,   177,   43000000,   16844687,        0,  -26155313,          0
  4840,   178,   43000000,   16938732,        0,  -26061268,          0
  4840,   179,   43000000,   16915657,        0,  -26084343,          0
  4840,   180,   43000000,   16835671,        0,  -26164329,          0
  4840,   181,   43000000,   16945794,        0,  -26054206,          0
  4840,   182,   43000000,   16899522,        0,  -26100478,          0
  4840,   183,   43000000,   16864942,        0,  -26135058,          0
  4840,   184,   43000000,   16890023,        0,  -26109977,          0
  4840,   185,   43000000,   16834098,        0,  -26165902,          0
  4840,   186,   43000000,   16837929,        0,  -26162071,          0
  4840,   187,   43000000,   16853181,        0,  -26146819,          0
  4840,   188,   43000000,   16854305,        0,  -26145695,          0
  4840,   189,   43000000,   16863202,        0,  -26136798,          0
  4840,   190,   43000000,   16858455,        0,  -26141545,          0
  4840,   191,   43000000,   16844932,        0,  -26155068,          0
  4840,   192,   43000000,   17146012,        0,  -25853988,          0
  4840,   193,   43000000,   16839309,        0,  -26160691,          0
  4840,   194,   43000000,   16860978,        0,  -26139022,          0
  4840,   195,   43000000,   17121309,        0,  -25878691,          0
  4840,   196,   43000000,   16993784,        0,  -26006216,          0
  4840,   197,   43000000,   16921717,        0,  -26078283,          0
  4840,   198,   43000000,   17184599,        0,  -25815401,          0
  4840,   199,   43000000,   16908938,        0,  -26091062,          0
  4840,   200,   43000000,   16831677,        0,  -26168323,          0
  4840,   201,   43000000,   17243447,        0,  -25756553,          0
  4840,   202,   43000000,   16856642,        0,  -26143358,          0
  4840,   203,   43000000,   16854001,        0,  -26145999,          0
  4840,   204,   43000000,   16829072,        0,  -26170928,          0
  4840,   205,   43000000,   16885634,        0,  -26114366,          0
  4840,   206,   43000000,   16904993,        0,  -26095007,          0
  4840,   207,   43000000,   16892052,        0,  -26107948,          0
  4840,   208,   43000000,   16836761,        0,  -26163239,          0
  4840,   209,   43000000,   16847442,        0,  -26152558,          0
  4840,   210,   43000000,   16843019,        0,  -26156981,          0
  4840,   211,   43000000,   16840860,        0,  -26159140,          0
  4840,   212,   43000000,   16852798,        0,  -26147202,          0
  4840,   213,   43000000,   16856963,        0,  -26143037,          0
  4840,   214,   43000000,   16898109,        0,  -26101891,          0
  4840,   215,   43000000,   16842080,        0,  -26157920,          0
  4840,   216,   43000000,   16861347,        0,  -26138653,          0
  4840,   217,   43000000,   16847759,        0,  -26152241,          0
  4840,   218,   43000000,   16841991,        0,  -26158009,          0
  4840,   219,   43000000,   16841712,        0,  -26158288,          0
  4840,   220,   43000000,   16852430,        0,  -26147570,          0
  4840,   221,   43000000,   16837328,        0,  -26162672,          0
  4840,   222,   43000000,   16864845,        0,  -26135155,          0
  4840,   223,   43000000,   16854777,        0,  -26145223,          0
  4840,   224,   43000000,   17196265,        0,  -25803735,          0
  4840,   225,   43000000,   16853872,        0,  -26146128,          0
  4840,   226,   43000000,   16901763,        0,  -26098237,          0
  4840,   227,   43000000,   17197665,        0,  -25802335,          0
  4840,   228,   43000000,   16849056,        0,  -26150944,          0
  4840,   229,   43000000,   16892380,        0,  -26107620,          0
  4840,   230,   43000000,   17185363,        0,  -25814637,          0
  4840,   231,   43000000,   16838841,        0,  -26161159,          0
  4840,   232,   43000000,   16875822,        0,  -26124178,          0
  4840,   233,   43000000,   17128409,        0,  -25871591,          0
  4840,   234,   43000000,   16860977,        0,  -26139023,          0
  4840,   235,   43000000,   16847160,        0,  -26152840,          0
  4840,   236,   43000000,   16857891,        0,  -26142109,          0
