# Task,   Job,     Period,   Response, DL Miss?,   Lateness,  Tardiness
# task NAME=myapp PID=15683 COST=17652000 PERIOD=21000000 CPU=0
 15683,     2,   21000000,       6067,        0,  -20993933,          0
 15683,     3,   21000000,      54576,        0,  -20945424,          0
 15683,     4,   21000000,   18330292,        0,   -2669708,          0
 15683,     5,   21000000,   17320277,        0,   -3679723,          0
 15683,     6,   21000000,   17661872,        0,   -3338128,          0
 15683,     7,   21000000,   19456861,        0,   -1543139,          0
 15683,     8,   21000000,   17313042,        0,   -3686958,          0
 15683,     9,   21000000,   17328537,        0,   -3671463,          0
 15683,    10,   21000000,   17309862,        0,   -3690138,          0
 15683,    11,   21000000,   17356954,        0,   -3643046,          0
 15683,    12,   21000000,   17687912,        0,   -3312088,          0
 15683,    13,   21000000,   17444004,        0,   -3555996,          0
 15683,    14,   21000000,   17308044,        0,   -3691956,          0
 15683,    15,   21000000,   17309767,        0,   -3690233,          0
 15683,    16,   21000000,   17306506,        0,   -3693494,          0
 15683,    17,   21000000,   17322134,        0,   -3677866,          0
 15683,    18,   21000000,   17582879,        0,   -3417121,          0
 15683,    19,   21000000,   18113404,        0,   -2886596,          0
 15683,    20,   21000000,   17330784,        0,   -3669216,          0
 15683,    21,   21000000,   18225547,        0,   -2774453,          0
 15683,    22,   21000000,   17317744,        0,   -3682256,          0
 15683,    23,   21000000,   17298730,        0,   -3701270,          0
 15683,    24,   21000000,   17298737,        0,   -3701263,          0
 15683,    25,   21000000,   17319801,        0,   -3680199,          0
 15683,    26,   21000000,   17308291,        0,   -3691709,          0
 15683,    27,   21000000,   17311042,        0,   -3688958,          0
 15683,    28,   21000000,   17307342,        0,   -3692658,          0
 15683,    29,   21000000,   17287014,        0,   -3712986,          0
 15683,    30,   21000000,   17304346,        0,   -3695654,          0
 15683,    31,   21000000,   19131203,        0,   -1868797,          0
 15683,    32,   21000000,   17297113,        0,   -3702887,          0
 15683,    33,   21000000,   17306684,        0,   -3693316,          0
 15683,    34,   21000000,   17321235,        0,   -3678765,          0
 15683,    35,   21000000,   17481350,        0,   -3518650,          0
 15683,    36,   21000000,   17296354,        0,   -3703646,          0
 15683,    37,   21000000,   18284025,        0,   -2715975,          0
 15683,    38,   21000000,   17373961,        0,   -3626039,          0
 15683,    39,   21000000,   17342004,        0,   -3657996,          0
 15683,    40,   21000000,   17380610,        0,   -3619390,          0
 15683,    41,   21000000,   17307993,        0,   -3692007,          0
 15683,    42,   21000000,   17315110,        0,   -3684890,          0
 15683,    43,   21000000,   17307637,        0,   -3692363,          0
 15683,    44,   21000000,   17362280,        0,   -3637720,          0
 15683,    45,   21000000,   18280352,        0,   -2719648,          0
 15683,    46,   21000000,   17296006,        0,   -3703994,          0
 15683,    47,   21000000,   17673392,        0,   -3326608,          0
 15683,    48,   21000000,   17320309,        0,   -3679691,          0
 15683,    49,   21000000,   17369597,        0,   -3630403,          0
 15683,    50,   21000000,   17308761,        0,   -3691239,          0
 15683,    51,   21000000,   19875483,        0,   -1124517,          0
 15683,    52,   21000000,   17316934,        0,   -3683066,          0
 15683,    53,   21000000,   17714981,        0,   -3285019,          0
 15683,    54,   21000000,   17408799,        0,   -3591201,          0
 15683,    55,   21000000,   17404189,        0,   -3595811,          0
 15683,    56,   21000000,   17324817,        0,   -3675183,          0
 15683,    57,   21000000,   17404615,        0,   -3595385,          0
 15683,    58,   21000000,   17468830,        0,   -3531170,          0
 15683,    59,   21000000,   17672176,        0,   -3327824,          0
 15683,    60,   21000000,   17381912,        0,   -3618088,          0
 15683,    61,   21000000,   17385731,        0,   -3614269,          0
 15683,    62,   21000000,   17361908,        0,   -3638092,          0
 15683,    63,   21000000,   17414559,        0,   -3585441,          0
 15683,    64,   21000000,   17291883,        0,   -3708117,          0
 15683,    65,   21000000,   17960895,        0,   -3039105,          0
 15683,    66,   21000000,   17446845,        0,   -3553155,          0
 15683,    67,   21000000,   18336831,        0,   -2663169,          0
 15683,    68,   21000000,   17304300,        0,   -3695700,          0
 15683,    69,   21000000,   17288982,        0,   -3711018,          0
 15683,    70,   21000000,   17326881,        0,   -3673119,          0
 15683,    71,   21000000,   17589729,        0,   -3410271,          0
 15683,    72,   21000000,   18395973,        0,   -2604027,          0
 15683,    73,   21000000,   17303109,        0,   -3696891,          0
 15683,    74,   21000000,   17847812,        0,   -3152188,          0
 15683,    75,   21000000,   17308429,        0,   -3691571,          0
 15683,    76,   21000000,   17356353,        0,   -3643647,          0
 15683,    77,   21000000,   17736123,        0,   -3263877,          0
 15683,    78,   21000000,   17305849,        0,   -3694151,          0
 15683,    79,   21000000,   18347703,        0,   -2652297,          0
 15683,    80,   21000000,   17287549,        0,   -3712451,          0
 15683,    81,   21000000,   18266464,        0,   -2733536,          0
 15683,    82,   21000000,   17338182,        0,   -3661818,          0
 15683,    83,   21000000,   17597679,        0,   -3402321,          0
 15683,    84,   21000000,   17380919,        0,   -3619081,          0
 15683,    85,   21000000,   17335743,        0,   -3664257,          0
 15683,    86,   21000000,   17331333,        0,   -3668667,          0
 15683,    87,   21000000,   17339050,        0,   -3660950,          0
 15683,    88,   21000000,   17390801,        0,   -3609199,          0
 15683,    89,   21000000,   17583184,        0,   -3416816,          0
 15683,    90,   21000000,   17385081,        0,   -3614919,          0
 15683,    91,   21000000,   20402208,        0,    -597792,          0
 15683,    92,   21000000,   17382063,        0,   -3617937,          0
 15683,    93,   21000000,   17397994,        0,   -3602006,          0
 15683,    94,   21000000,   17312093,        0,   -3687907,          0
 15683,    95,   21000000,   18954141,        0,   -2045859,          0
 15683,    96,   21000000,   17319881,        0,   -3680119,          0
 15683,    97,   21000000,   17285414,        0,   -3714586,          0
 15683,    98,   21000000,   17340523,        0,   -3659477,          0
 15683,    99,   21000000,   17400602,        0,   -3599398,          0
 15683,   100,   21000000,   17301735,        0,   -3698265,          0
 15683,   101,   21000000,   17591002,        0,   -3408998,          0
 15683,   102,   21000000,   17375210,        0,   -3624790,          0
 15683,   103,   21000000,   17304866,        0,   -3695134,          0
 15683,   104,   21000000,   17304221,        0,   -3695779,          0
 15683,   105,   21000000,   17403580,        0,   -3596420,          0
 15683,   106,   21000000,   17362936,        0,   -3637064,          0
 15683,   107,   21000000,   17646536,        0,   -3353464,          0
 15683,   108,   21000000,   17323771,        0,   -3676229,          0
 15683,   109,   21000000,   17335587,        0,   -3664413,          0
 15683,   110,   21000000,   17381152,        0,   -3618848,          0
 15683,   111,   21000000,   17300459,        0,   -3699541,          0
 15683,   112,   21000000,   17305169,        0,   -3694831,          0
 15683,   113,   21000000,   17617770,        0,   -3382230,          0
 15683,   114,   21000000,   17392901,        0,   -3607099,          0
 15683,   115,   21000000,   17505855,        0,   -3494145,          0
 15683,   116,   21000000,   17376790,        0,   -3623210,          0
 15683,   117,   21000000,   17315810,        0,   -3684190,          0
 15683,   118,   21000000,   17310985,        0,   -3689015,          0
 15683,   119,   21000000,   17608283,        0,   -3391717,          0
 15683,   120,   21000000,   17286200,        0,   -3713800,          0
 15683,   121,   21000000,   17311354,        0,   -3688646,          0
 15683,   122,   21000000,   17309316,        0,   -3690684,          0
 15683,   123,   21000000,   17403428,        0,   -3596572,          0
 15683,   124,   21000000,   17298358,        0,   -3701642,          0
 15683,   125,   21000000,   17593769,        0,   -3406231,          0
 15683,   126,   21000000,   17294426,        0,   -3705574,          0
 15683,   127,   21000000,   17609027,        0,   -3390973,          0
 15683,   128,   21000000,   17313123,        0,   -3686877,          0
 15683,   129,   21000000,   17323016,        0,   -3676984,          0
 15683,   130,   21000000,   17319572,        0,   -3680428,          0
 15683,   131,   21000000,   17595810,        0,   -3404190,          0
 15683,   132,   21000000,   17311615,        0,   -3688385,          0
 15683,   133,   21000000,   17382868,        0,   -3617132,          0
 15683,   134,   21000000,   17415521,        0,   -3584479,          0
 15683,   135,   21000000,   17344024,        0,   -3655976,          0
 15683,   136,   21000000,   17299633,        0,   -3700367,          0
 15683,   137,   21000000,   17662587,        0,   -3337413,          0
 15683,   138,   21000000,   17288225,        0,   -3711775,          0
 15683,   139,   21000000,   19335671,        0,   -1664329,          0
 15683,   140,   21000000,   17292351,        0,   -3707649,          0
 15683,   141,   21000000,   17301106,        0,   -3698894,          0
 15683,   142,   21000000,   17312821,        0,   -3687179,          0
 15683,   143,   21000000,   18575008,        0,   -2424992,          0
 15683,   144,   21000000,   17335975,        0,   -3664025,          0
 15683,   145,   21000000,   17327656,        0,   -3672344,          0
 15683,   146,   21000000,   17381408,        0,   -3618592,          0
 15683,   147,   21000000,   17315974,        0,   -3684026,          0
 15683,   148,   21000000,   17305598,        0,   -3694402,          0
 15683,   149,   21000000,   17380077,        0,   -3619923,          0
 15683,   150,   21000000,   17341240,        0,   -3658760,          0
 15683,   151,   21000000,   17312783,        0,   -3687217,          0
 15683,   152,   21000000,   17312886,        0,   -3687114,          0
 15683,   153,   21000000,   17339247,        0,   -3660753,          0
 15683,   154,   21000000,   17286086,        0,   -3713914,          0
 15683,   155,   21000000,   17395801,        0,   -3604199,          0
 15683,   156,   21000000,   17395910,        0,   -3604090,          0
 15683,   157,   21000000,   17298976,        0,   -3701024,          0
 15683,   158,   21000000,   17313700,        0,   -3686300,          0
 15683,   159,   21000000,   17405290,        0,   -3594710,          0
 15683,   160,   21000000,   17298487,        0,   -3701513,          0
 15683,   161,   21000000,   17289591,        0,   -3710409,          0
 15683,   162,   21000000,   17408908,        0,   -3591092,          0
 15683,   163,   21000000,   17324953,        0,   -3675047,          0
 15683,   164,   21000000,   17302192,        0,   -3697808,          0
 15683,   165,   21000000,   17308101,        0,   -3691899,          0
 15683,   166,   21000000,   17295586,        0,   -3704414,          0
 15683,   167,   21000000,   17360568,        0,   -3639432,          0
 15683,   168,   21000000,   17281028,        0,   -3718972,          0
 15683,   169,   21000000,   17379769,        0,   -3620231,          0
 15683,   170,   21000000,   17381631,        0,   -3618369,          0
 15683,   171,   21000000,   17443745,        0,   -3556255,          0
 15683,   172,   21000000,   17632764,        0,   -3367236,          0
 15683,   173,   21000000,   17378688,        0,   -3621312,          0
 15683,   174,   21000000,   17398995,        0,   -3601005,          0
 15683,   175,   21000000,   17327704,        0,   -3672296,          0
 15683,   176,   21000000,   17361427,        0,   -3638573,          0
 15683,   177,   21000000,   17319009,        0,   -3680991,          0
 15683,   178,   21000000,   17574648,        0,   -3425352,          0
 15683,   179,   21000000,   20019816,        0,    -980184,          0
 15683,   180,   21000000,   17356241,        0,   -3643759,          0
 15683,   181,   21000000,   17309988,        0,   -3690012,          0
 15683,   182,   21000000,   17297680,        0,   -3702320,          0
 15683,   183,   21000000,   19079859,        0,   -1920141,          0
 15683,   184,   21000000,   17584859,        0,   -3415141,          0
 15683,   185,   21000000,   17295940,        0,   -3704060,          0
 15683,   186,   21000000,   18335463,        0,   -2664537,          0
 15683,   187,   21000000,   17355681,        0,   -3644319,          0
 15683,   188,   21000000,   17292779,        0,   -3707221,          0
 15683,   189,   21000000,   17302815,        0,   -3697185,          0
 15683,   190,   21000000,   17647568,        0,   -3352432,          0
 15683,   191,   21000000,   17405602,        0,   -3594398,          0
 15683,   192,   21000000,   17337522,        0,   -3662478,          0
 15683,   193,   21000000,   17397350,        0,   -3602650,          0
 15683,   194,   21000000,   17308191,        0,   -3691809,          0
 15683,   195,   21000000,   17312282,        0,   -3687718,          0
 15683,   196,   21000000,   17633306,        0,   -3366694,          0
 15683,   197,   21000000,   17380774,        0,   -3619226,          0
 15683,   198,   21000000,   17341381,        0,   -3658619,          0
 15683,   199,   21000000,   17339465,        0,   -3660535,          0
 15683,   200,   21000000,   17296003,        0,   -3703997,          0
 15683,   201,   21000000,   17325670,        0,   -3674330,          0
 15683,   202,   21000000,   17577735,        0,   -3422265,          0
 15683,   203,   21000000,   17743759,        0,   -3256241,          0
 15683,   204,   21000000,   17389070,        0,   -3610930,          0
 15683,   205,   21000000,   17365515,        0,   -3634485,          0
 15683,   206,   21000000,   17377015,        0,   -3622985,          0
 15683,   207,   21000000,   17319461,        0,   -3680539,          0
 15683,   208,   21000000,   17616497,        0,   -3383503,          0
 15683,   209,   21000000,   17371838,        0,   -3628162,          0
 15683,   210,   21000000,   17328097,        0,   -3671903,          0
 15683,   211,   21000000,   17380612,        0,   -3619388,          0
 15683,   212,   21000000,   17294545,        0,   -3705455,          0
 15683,   213,   21000000,   17302517,        0,   -3697483,          0
 15683,   214,   21000000,   17583213,        0,   -3416787,          0
 15683,   215,   21000000,   17301261,        0,   -3698739,          0
 15683,   216,   21000000,   17414462,        0,   -3585538,          0
 15683,   217,   21000000,   17394626,        0,   -3605374,          0
 15683,   218,   21000000,   17309184,        0,   -3690816,          0
 15683,   219,   21000000,   17321265,        0,   -3678735,          0
 15683,   220,   21000000,   17618206,        0,   -3381794,          0
 15683,   221,   21000000,   17312859,        0,   -3687141,          0
 15683,   222,   21000000,   17319952,        0,   -3680048,          0
 15683,   223,   21000000,   17331174,        0,   -3668826,          0
 15683,   224,   21000000,   17422832,        0,   -3577168,          0
 15683,   225,   21000000,   17296783,        0,   -3703217,          0
 15683,   226,   21000000,   17592365,        0,   -3407635,          0
 15683,   227,   21000000,   20495728,        0,    -504272,          0
 15683,   228,   21000000,   17348157,        0,   -3651843,          0
 15683,   229,   21000000,   17385944,        0,   -3614056,          0
 15683,   230,   21000000,   17321893,        0,   -3678107,          0
 15683,   231,   21000000,   17706436,        0,   -3293564,          0
 15683,   232,   21000000,   17658533,        0,   -3341467,          0
 15683,   233,   21000000,   17433465,        0,   -3566535,          0
 15683,   234,   21000000,   17305994,        0,   -3694006,          0
 15683,   235,   21000000,   17330138,        0,   -3669862,          0
 15683,   236,   21000000,   17318691,        0,   -3681309,          0
 15683,   237,   21000000,   17323407,        0,   -3676593,          0
 15683,   238,   21000000,   17624965,        0,   -3375035,          0
 15683,   239,   21000000,   17333787,        0,   -3666213,          0
 15683,   240,   21000000,   17356726,        0,   -3643274,          0
 15683,   241,   21000000,   20030115,        0,    -969885,          0
 15683,   242,   21000000,   17359595,        0,   -3640405,          0
 15683,   243,   21000000,   20760626,        0,    -239374,          0
 15683,   244,   21000000,   17616678,        0,   -3383322,          0
 15683,   245,   21000000,   17294007,        0,   -3705993,          0
 15683,   246,   21000000,   17324051,        0,   -3675949,          0
 15683,   247,   21000000,   17323761,        0,   -3676239,          0
 15683,   248,   21000000,   17313265,        0,   -3686735,          0
 15683,   249,   21000000,   17295975,        0,   -3704025,          0
 15683,   250,   21000000,   17637995,        0,   -3362005,          0
 15683,   251,   21000000,   17794463,        0,   -3205537,          0
 15683,   252,   21000000,   17314631,        0,   -3685369,          0
 15683,   253,   21000000,   17363732,        0,   -3636268,          0
 15683,   254,   21000000,   17352999,        0,   -3647001,          0
 15683,   255,   21000000,   17333524,        0,   -3666476,          0
 15683,   256,   21000000,   17575046,        0,   -3424954,          0
 15683,   257,   21000000,   17511260,        0,   -3488740,          0
 15683,   258,   21000000,   17399704,        0,   -3600296,          0
 15683,   259,   21000000,   17298569,        0,   -3701431,          0
 15683,   260,   21000000,   17299185,        0,   -3700815,          0
 15683,   261,   21000000,   17294643,        0,   -3705357,          0
 15683,   262,   21000000,   17587294,        0,   -3412706,          0
 15683,   263,   21000000,   17312229,        0,   -3687771,          0
 15683,   264,   21000000,   17312704,        0,   -3687296,          0
 15683,   265,   21000000,   18009169,        0,   -2990831,          0
 15683,   266,   21000000,   17424377,        0,   -3575623,          0
 15683,   267,   21000000,   19637901,        0,   -1362099,          0
 15683,   268,   21000000,   18218328,        0,   -2781672,          0
 15683,   269,   21000000,   17301371,        0,   -3698629,          0
 15683,   270,   21000000,   17308334,        0,   -3691666,          0
 15683,   271,   21000000,   19138202,        0,   -1861798,          0
 15683,   272,   21000000,   17298639,        0,   -3701361,          0
 15683,   273,   21000000,   17320289,        0,   -3679711,          0
 15683,   274,   21000000,   17330736,        0,   -3669264,          0
 15683,   275,   21000000,   18751343,        0,   -2248657,          0
 15683,   276,   21000000,   17290280,        0,   -3709720,          0
 15683,   277,   21000000,   17341492,        0,   -3658508,          0
 15683,   278,   21000000,   17309617,        0,   -3690383,          0
 15683,   279,   21000000,   17343845,        0,   -3656155,          0
 15683,   280,   21000000,   17332904,        0,   -3667096,          0
 15683,   281,   21000000,   17342118,        0,   -3657882,          0
 15683,   282,   21000000,   17471161,        0,   -3528839,          0
 15683,   283,   21000000,   17374458,        0,   -3625542,          0
 15683,   284,   21000000,   17310720,        0,   -3689280,          0
 15683,   285,   21000000,   17302323,        0,   -3697677,          0
 15683,   286,   21000000,   17313987,        0,   -3686013,          0
 15683,   287,   21000000,   17312594,        0,   -3687406,          0
 15683,   288,   21000000,   17312705,        0,   -3687295,          0
 15683,   289,   21000000,   17367366,        0,   -3632634,          0
 15683,   290,   21000000,   17392262,        0,   -3607738,          0
 15683,   291,   21000000,   19881882,        0,   -1118118,          0
 15683,   292,   21000000,   17362725,        0,   -3637275,          0
 15683,   293,   21000000,   17370787,        0,   -3629213,          0
 15683,   294,   21000000,   17316286,        0,   -3683714,          0
 15683,   295,   21000000,   17315738,        0,   -3684262,          0
 15683,   296,   21000000,   17364173,        0,   -3635827,          0
 15683,   297,   21000000,   17598650,        0,   -3401350,          0
 15683,   298,   21000000,   17334394,        0,   -3665606,          0
 15683,   299,   21000000,   17338051,        0,   -3661949,          0
 15683,   300,   21000000,   17293643,        0,   -3706357,          0
 15683,   301,   21000000,   17345907,        0,   -3654093,          0
 15683,   302,   21000000,   17308351,        0,   -3691649,          0
 15683,   303,   21000000,   17597857,        0,   -3402143,          0
 15683,   304,   21000000,   17370973,        0,   -3629027,          0
 15683,   305,   21000000,   17311899,        0,   -3688101,          0
 15683,   306,   21000000,   17386924,        0,   -3613076,          0
 15683,   307,   21000000,   17426719,        0,   -3573281,          0
 15683,   308,   21000000,   17807856,        0,   -3192144,          0
 15683,   309,   21000000,   17633250,        0,   -3366750,          0
 15683,   310,   21000000,   17298916,        0,   -3701084,          0
 15683,   311,   21000000,   17456276,        0,   -3543724,          0
 15683,   312,   21000000,   17379941,        0,   -3620059,          0
 15683,   313,   21000000,   17426128,        0,   -3573872,          0
 15683,   314,   21000000,   17301212,        0,   -3698788,          0
 15683,   315,   21000000,   21671131,        1,     671131,     671131
 15683,   316,   21000000,   17966710,        0,   -3033290,          0
 15683,   317,   21000000,   17321222,        0,   -3678778,          0
 15683,   318,   21000000,   17319209,        0,   -3680791,          0
 15683,   319,   21000000,   17395716,        0,   -3604284,          0
 15683,   320,   21000000,   17316324,        0,   -3683676,          0
 15683,   321,   21000000,   17608307,        0,   -3391693,          0
 15683,   322,   21000000,   17319309,        0,   -3680691,          0
 15683,   323,   21000000,   17394574,        0,   -3605426,          0
 15683,   324,   21000000,   17373017,        0,   -3626983,          0
 15683,   325,   21000000,   17307866,        0,   -3692134,          0
 15683,   326,   21000000,   17301325,        0,   -3698675,          0
 15683,   327,   21000000,   17583232,        0,   -3416768,          0
 15683,   328,   21000000,   17327723,        0,   -3672277,          0
 15683,   329,   21000000,   17320027,        0,   -3679973,          0
 15683,   330,   21000000,   17321223,        0,   -3678777,          0
 15683,   331,   21000000,   19431101,        0,   -1568899,          0
 15683,   332,   21000000,   17394141,        0,   -3605859,          0
 15683,   333,   21000000,   17573618,        0,   -3426382,          0
 15683,   334,   21000000,   17323399,        0,   -3676601,          0
 15683,   335,   21000000,   18349003,        0,   -2650997,          0
 15683,   336,   21000000,   17322713,        0,   -3677287,          0
 15683,   337,   21000000,   17276313,        0,   -3723687,          0
 15683,   338,   21000000,   17379437,        0,   -3620563,          0
 15683,   339,   21000000,   17692787,        0,   -3307213,          0
 15683,   340,   21000000,   17320342,        0,   -3679658,          0
 15683,   341,   21000000,   17309894,        0,   -3690106,          0
 15683,   342,   21000000,   17310951,        0,   -3689049,          0
 15683,   343,   21000000,   17329235,        0,   -3670765,          0
 15683,   344,   21000000,   17296332,        0,   -3703668,          0
 15683,   345,   21000000,   17713925,        0,   -3286075,          0
 15683,   346,   21000000,   17460074,        0,   -3539926,          0
 15683,   347,   21000000,   17329488,        0,   -3670512,          0
 15683,   348,   21000000,   17301719,        0,   -3698281,          0
 15683,   349,   21000000,   17321050,        0,   -3678950,          0
 15683,   350,   21000000,   17307428,        0,   -3692572,          0
 15683,   351,   21000000,   17733528,        0,   -3266472,          0
 15683,   352,   21000000,   17380591,        0,   -3619409,          0
 15683,   353,   21000000,   17382370,        0,   -3617630,          0
 15683,   354,   21000000,   17368123,        0,   -3631877,          0
 15683,   355,   21000000,   19396917,        0,   -1603083,          0
 15683,   356,   21000000,   17345260,        0,   -3654740,          0
 15683,   357,   21000000,   17569291,        0,   -3430709,          0
 15683,   358,   21000000,   17767255,        0,   -3232745,          0
 15683,   359,   21000000,   17314243,        0,   -3685757,          0
 15683,   360,   21000000,   17297789,        0,   -3702211,          0
 15683,   361,   21000000,   17349614,        0,   -3650386,          0
 15683,   362,   21000000,   17374482,        0,   -3625518,          0
 15683,   363,   21000000,   18654100,        0,   -2345900,          0
 15683,   364,   21000000,   17372234,        0,   -3627766,          0
 15683,   365,   21000000,   17993677,        0,   -3006323,          0
 15683,   366,   21000000,   17364906,        0,   -3635094,          0
 15683,   367,   21000000,   17306478,        0,   -3693522,          0
 15683,   368,   21000000,   17297069,        0,   -3702931,          0
 15683,   369,   21000000,   17589738,        0,   -3410262,          0
 15683,   370,   21000000,   17354089,        0,   -3645911,          0
 15683,   371,   21000000,   17327264,        0,   -3672736,          0
 15683,   372,   21000000,   17309948,        0,   -3690052,          0
 15683,   373,   21000000,   17340190,        0,   -3659810,          0
 15683,   374,   21000000,   17293699,        0,   -3706301,          0
 15683,   375,   21000000,   19505507,        0,   -1494493,          0
 15683,   376,   21000000,   17289340,        0,   -3710660,          0
 15683,   377,   21000000,   17406334,        0,   -3593666,          0
 15683,   378,   21000000,   17398661,        0,   -3601339,          0
 15683,   379,   21000000,   19375339,        0,   -1624661,          0
 15683,   380,   21000000,   17391391,        0,   -3608609,          0
 15683,   381,   21000000,   17690778,        0,   -3309222,          0
 15683,   382,   21000000,   17420904,        0,   -3579096,          0
 15683,   383,   21000000,   17393223,        0,   -3606777,          0
 15683,   384,   21000000,   17368533,        0,   -3631467,          0
 15683,   385,   21000000,   17306553,        0,   -3693447,          0
 15683,   386,   21000000,   17296975,        0,   -3703025,          0
 15683,   387,   21000000,   17594584,        0,   -3405416,          0
 15683,   388,   21000000,   17295529,        0,   -3704471,          0
 15683,   389,   21000000,   17317009,        0,   -3682991,          0
 15683,   390,   21000000,   17287141,        0,   -3712859,          0
 15683,   391,   21000000,   17395631,        0,   -3604369,          0
 15683,   392,   21000000,   17311714,        0,   -3688286,          0
 15683,   393,   21000000,   17705818,        0,   -3294182,          0
 15683,   394,   21000000,   17379902,        0,   -3620098,          0
 15683,   395,   21000000,   17307075,        0,   -3692925,          0
 15683,   396,   21000000,   17445212,        0,   -3554788,          0
 15683,   397,   21000000,   17302480,        0,   -3697520,          0
 15683,   398,   21000000,   17313763,        0,   -3686237,          0
 15683,   399,   21000000,   17456292,        0,   -3543708,          0
 15683,   400,   21000000,   17397093,        0,   -3602907,          0
 15683,   401,   21000000,   17285972,        0,   -3714028,          0
 15683,   402,   21000000,   17300780,        0,   -3699220,          0
 15683,   403,   21000000,   20029532,        0,    -970468,          0
 15683,   404,   21000000,   17312094,        0,   -3687906,          0
 15683,   405,   21000000,   17294281,        0,   -3705719,          0
 15683,   406,   21000000,   17342863,        0,   -3657137,          0
 15683,   407,   21000000,   17393550,        0,   -3606450,          0
 15683,   408,   21000000,   17291631,        0,   -3708369,          0
 15683,   409,   21000000,   17387156,        0,   -3612844,          0
 15683,   410,   21000000,   17458861,        0,   -3541139,          0
 15683,   411,   21000000,   17302430,        0,   -3697570,          0
 15683,   412,   21000000,   17313219,        0,   -3686781,          0
 15683,   413,   21000000,   17359138,        0,   -3640862,          0
 15683,   414,   21000000,   17363650,        0,   -3636350,          0
 15683,   415,   21000000,   17339188,        0,   -3660812,          0
 15683,   416,   21000000,   17293675,        0,   -3706325,          0
 15683,   417,   21000000,   17324154,        0,   -3675846,          0
 15683,   418,   21000000,   17277458,        0,   -3722542,          0
 15683,   419,   21000000,   17405310,        0,   -3594690,          0
 15683,   420,   21000000,   17336868,        0,   -3663132,          0
 15683,   421,   21000000,   17395749,        0,   -3604251,          0
 15683,   422,   21000000,   18372525,        0,   -2627475,          0
 15683,   423,   21000000,   17490363,        0,   -3509637,          0
 15683,   424,   21000000,   17300565,        0,   -3699435,          0
 15683,   425,   21000000,   17288291,        0,   -3711709,          0
 15683,   426,   21000000,   17427267,        0,   -3572733,          0
 15683,   427,   21000000,   17311050,        0,   -3688950,          0
 15683,   428,   21000000,   17580117,        0,   -3419883,          0
 15683,   429,   21000000,   17310699,        0,   -3689301,          0
 15683,   430,   21000000,   17293950,        0,   -3706050,          0
 15683,   431,   21000000,   17317877,        0,   -3682123,          0
 15683,   432,   21000000,   18021641,        0,   -2978359,          0
 15683,   433,   21000000,   17308121,        0,   -3691879,          0
 15683,   434,   21000000,   17564609,        0,   -3435391,          0
 15683,   435,   21000000,   17355475,        0,   -3644525,          0
 15683,   436,   21000000,   17374337,        0,   -3625663,          0
 15683,   437,   21000000,   17302701,        0,   -3697299,          0
 15683,   438,   21000000,   17305619,        0,   -3694381,          0
 15683,   439,   21000000,   17305129,        0,   -3694871,          0
 15683,   440,   21000000,   17705826,        0,   -3294174,          0
 15683,   441,   21000000,   17384238,        0,   -3615762,          0
 15683,   442,   21000000,   17388168,        0,   -3611832,          0
 15683,   443,   21000000,   17383385,        0,   -3616615,          0
 15683,   444,   21000000,   17304048,        0,   -3695952,          0
 15683,   445,   21000000,   17299231,        0,   -3700769,          0
 15683,   446,   21000000,   17788564,        0,   -3211436,          0
 15683,   447,   21000000,   17535279,        0,   -3464721,          0
 15683,   448,   21000000,   17312522,        0,   -3687478,          0
 15683,   449,   21000000,   17350651,        0,   -3649349,          0
 15683,   450,   21000000,   17377208,        0,   -3622792,          0
 15683,   451,   21000000,   18284862,        0,   -2715138,          0
 15683,   452,   21000000,   17578443,        0,   -3421557,          0
 15683,   453,   21000000,   17307399,        0,   -3692601,          0
 15683,   454,   21000000,   17344546,        0,   -3655454,          0
 15683,   455,   21000000,   17370881,        0,   -3629119,          0
 15683,   456,   21000000,   17318582,        0,   -3681418,          0
 15683,   457,   21000000,   17374493,        0,   -3625507,          0
 15683,   458,   21000000,   17673499,        0,   -3326501,          0
 15683,   459,   21000000,   17324311,        0,   -3675689,          0
 15683,   460,   21000000,   17393414,        0,   -3606586,          0
 15683,   461,   21000000,   17379792,        0,   -3620208,          0
 15683,   462,   21000000,   17370944,        0,   -3629056,          0
 15683,   463,   21000000,   17470371,        0,   -3529629,          0
 15683,   464,   21000000,   17657441,        0,   -3342559,          0
 15683,   465,   21000000,   17328774,        0,   -3671226,          0
 15683,   466,   21000000,   17308036,        0,   -3691964,          0
 15683,   467,   21000000,   20258293,        0,    -741707,          0
 15683,   468,   21000000,   17360283,        0,   -3639717,          0
 15683,   469,   21000000,   17321418,        0,   -3678582,          0
 15683,   470,   21000000,   18613285,        0,   -2386715,          0
 15683,   471,   21000000,   17345296,        0,   -3654704,          0
 15683,   472,   21000000,   17316650,        0,   -3683350,          0
 15683,   473,   21000000,   17308584,        0,   -3691416,          0
 15683,   474,   21000000,   17328512,        0,   -3671488,          0
 15683,   475,   21000000,   17300362,        0,   -3699638,          0
 15683,   476,   21000000,   17569728,        0,   -3430272,          0
 15683,   477,   21000000,   17421072,        0,   -3578928,          0
 15683,   478,   21000000,   17314866,        0,   -3685134,          0
 15683,   479,   21000000,   17353786,        0,   -3646214,          0
 15683,   480,   21000000,   17318942,        0,   -3681058,          0
# task NAME=myapp PID=15687 COST=11013000 PERIOD=50000000 CPU=0
 15687,     2,   50000000,       8147,        0,  -49991853,          0
 15687,     3,   50000000,     107955,        0,  -49892045,          0
 15687,     4,   50000000,   12866947,        0,  -37133053,          0
 15687,     5,   50000000,   10821557,        0,  -39178443,          0
 15687,     6,   50000000,   10880502,        0,  -39119498,          0
 15687,     7,   50000000,   10805528,        0,  -39194472,          0
 15687,     8,   50000000,   10815187,        0,  -39184813,          0
 15687,     9,   50000000,   10825803,        0,  -39174197,          0
 15687,    10,   50000000,   11756963,        0,  -38243037,          0
 15687,    11,   50000000,   10865518,        0,  -39134482,          0
 15687,    12,   50000000,   12852802,        0,  -37147198,          0
 15687,    13,   50000000,   11186702,        0,  -38813298,          0
 15687,    14,   50000000,   10886247,        0,  -39113753,          0
 15687,    15,   50000000,   14833776,        0,  -35166224,          0
 15687,    16,   50000000,   10866065,        0,  -39133935,          0
 15687,    17,   50000000,   10846974,        0,  -39153026,          0
 15687,    18,   50000000,   10793922,        0,  -39206078,          0
 15687,    19,   50000000,   10861945,        0,  -39138055,          0
 15687,    20,   50000000,   12894333,        0,  -37105667,          0
 15687,    21,   50000000,   10852032,        0,  -39147968,          0
 15687,    22,   50000000,   10822628,        0,  -39177372,          0
 15687,    23,   50000000,   11826119,        0,  -38173881,          0
 15687,    24,   50000000,   10884138,        0,  -39115862,          0
 15687,    25,   50000000,   10952512,        0,  -39047488,          0
 15687,    26,   50000000,   10803474,        0,  -39196526,          0
 15687,    27,   50000000,   10882720,        0,  -39117280,          0
 15687,    28,   50000000,   10822155,        0,  -39177845,          0
 15687,    29,   50000000,   10801792,        0,  -39198208,          0
 15687,    30,   50000000,   14774065,        0,  -35225935,          0
 15687,    31,   50000000,   10958280,        0,  -39041720,          0
 15687,    32,   50000000,   11523108,        0,  -38476892,          0
 15687,    33,   50000000,   10966321,        0,  -39033679,          0
 15687,    34,   50000000,   10903214,        0,  -39096786,          0
 15687,    35,   50000000,   11761137,        0,  -38238863,          0
 15687,    36,   50000000,   10842506,        0,  -39157494,          0
 15687,    37,   50000000,   10814056,        0,  -39185944,          0
 15687,    38,   50000000,   10809371,        0,  -39190629,          0
 15687,    39,   50000000,   10830537,        0,  -39169463,          0
 15687,    40,   50000000,   14944062,        0,  -35055938,          0
 15687,    41,   50000000,   10806915,        0,  -39193085,          0
 15687,    42,   50000000,   10821480,        0,  -39178520,          0
 15687,    43,   50000000,   13410327,        0,  -36589673,          0
 15687,    44,   50000000,   10791725,        0,  -39208275,          0
 15687,    45,   50000000,   10854584,        0,  -39145416,          0
 15687,    46,   50000000,   10798012,        0,  -39201988,          0
 15687,    47,   50000000,   10866488,        0,  -39133512,          0
 15687,    48,   50000000,   10820984,        0,  -39179016,          0
 15687,    49,   50000000,   11166005,        0,  -38833995,          0
 15687,    50,   50000000,   10847695,        0,  -39152305,          0
 15687,    51,   50000000,   10808707,        0,  -39191293,          0
 15687,    52,   50000000,   12383032,        0,  -37616968,          0
 15687,    53,   50000000,   10807795,        0,  -39192205,          0
 15687,    54,   50000000,   10821694,        0,  -39178306,          0
 15687,    55,   50000000,   10812432,        0,  -39187568,          0
 15687,    56,   50000000,   11084224,        0,  -38915776,          0
 15687,    57,   50000000,   11160898,        0,  -38839102,          0
 15687,    58,   50000000,   10811427,        0,  -39188573,          0
 15687,    59,   50000000,   10875305,        0,  -39124695,          0
 15687,    60,   50000000,   11735339,        0,  -38264661,          0
 15687,    61,   50000000,   10818937,        0,  -39181063,          0
 15687,    62,   50000000,   10874964,        0,  -39125036,          0
 15687,    63,   50000000,   10819087,        0,  -39180913,          0
 15687,    64,   50000000,   10798865,        0,  -39201135,          0
 15687,    65,   50000000,   10820853,        0,  -39179147,          0
 15687,    66,   50000000,   11014838,        0,  -38985162,          0
 15687,    67,   50000000,   11095683,        0,  -38904317,          0
 15687,    68,   50000000,   10843786,        0,  -39156214,          0
 15687,    69,   50000000,   10851943,        0,  -39148057,          0
 15687,    70,   50000000,   10904216,        0,  -39095784,          0
 15687,    71,   50000000,   10819904,        0,  -39180096,          0
 15687,    72,   50000000,   11879850,        0,  -38120150,          0
 15687,    73,   50000000,   10816199,        0,  -39183801,          0
 15687,    74,   50000000,   10804595,        0,  -39195405,          0
 15687,    75,   50000000,   10805710,        0,  -39194290,          0
 15687,    76,   50000000,   10802168,        0,  -39197832,          0
 15687,    77,   50000000,   15054969,        0,  -34945031,          0
 15687,    78,   50000000,   10833919,        0,  -39166081,          0
 15687,    79,   50000000,   10844993,        0,  -39155007,          0
 15687,    80,   50000000,   11943740,        0,  -38056260,          0
 15687,    81,   50000000,   10822221,        0,  -39177779,          0
 15687,    82,   50000000,   10830830,        0,  -39169170,          0
 15687,    83,   50000000,   10851438,        0,  -39148562,          0
 15687,    84,   50000000,   11818342,        0,  -38181658,          0
 15687,    85,   50000000,   10808769,        0,  -39191231,          0
 15687,    86,   50000000,   11606706,        0,  -38393294,          0
 15687,    87,   50000000,   10924518,        0,  -39075482,          0
 15687,    88,   50000000,   10799517,        0,  -39200483,          0
 15687,    89,   50000000,   10809372,        0,  -39190628,          0
 15687,    90,   50000000,   10817667,        0,  -39182333,          0
 15687,    91,   50000000,   11200008,        0,  -38799992,          0
 15687,    92,   50000000,   10812685,        0,  -39187315,          0
 15687,    93,   50000000,   10830882,        0,  -39169118,          0
 15687,    94,   50000000,   11836298,        0,  -38163702,          0
 15687,    95,   50000000,   10819930,        0,  -39180070,          0
 15687,    96,   50000000,   10806487,        0,  -39193513,          0
 15687,    97,   50000000,   11865555,        0,  -38134445,          0
 15687,    98,   50000000,   10888082,        0,  -39111918,          0
 15687,    99,   50000000,   10880446,        0,  -39119554,          0
 15687,   100,   50000000,   12865493,        0,  -37134507,          0
 15687,   101,   50000000,   11542853,        0,  -38457147,          0
 15687,   102,   50000000,   10789079,        0,  -39210921,          0
 15687,   103,   50000000,   11190894,        0,  -38809106,          0
 15687,   104,   50000000,   14059951,        0,  -35940049,          0
 15687,   105,   50000000,   10804341,        0,  -39195659,          0
 15687,   106,   50000000,   10817761,        0,  -39182239,          0
 15687,   107,   50000000,   10800879,        0,  -39199121,          0
 15687,   108,   50000000,   10927537,        0,  -39072463,          0
 15687,   109,   50000000,   11076052,        0,  -38923948,          0
 15687,   110,   50000000,   10793296,        0,  -39206704,          0
 15687,   111,   50000000,   10824815,        0,  -39175185,          0
 15687,   112,   50000000,   10804493,        0,  -39195507,          0
 15687,   113,   50000000,   10802187,        0,  -39197813,          0
 15687,   114,   50000000,   16281193,        0,  -33718807,          0
 15687,   115,   50000000,   10832377,        0,  -39167623,          0
 15687,   116,   50000000,   10789363,        0,  -39210637,          0
 15687,   117,   50000000,   12848271,        0,  -37151729,          0
 15687,   118,   50000000,   10805820,        0,  -39194180,          0
 15687,   119,   50000000,   10894103,        0,  -39105897,          0
 15687,   120,   50000000,   10831599,        0,  -39168401,          0
 15687,   121,   50000000,   10819228,        0,  -39180772,          0
 15687,   122,   50000000,   10795634,        0,  -39204366,          0
 15687,   123,   50000000,   10814727,        0,  -39185273,          0
 15687,   124,   50000000,   10799138,        0,  -39200862,          0
 15687,   125,   50000000,   10819306,        0,  -39180694,          0
 15687,   126,   50000000,   10811738,        0,  -39188262,          0
 15687,   127,   50000000,   10902918,        0,  -39097082,          0
 15687,   128,   50000000,   10849816,        0,  -39150184,          0
 15687,   129,   50000000,   11020365,        0,  -38979635,          0
 15687,   130,   50000000,   10839336,        0,  -39160664,          0
 15687,   131,   50000000,   10864895,        0,  -39135105,          0
 15687,   132,   50000000,   11372896,        0,  -38627104,          0
 15687,   133,   50000000,   10901025,        0,  -39098975,          0
 15687,   134,   50000000,   12969123,        0,  -37030877,          0
 15687,   135,   50000000,   10877910,        0,  -39122090,          0
 15687,   136,   50000000,   10827015,        0,  -39172985,          0
 15687,   137,   50000000,   10808026,        0,  -39191974,          0
 15687,   138,   50000000,   10925457,        0,  -39074543,          0
 15687,   139,   50000000,   10825676,        0,  -39174324,          0
 15687,   140,   50000000,   11875897,        0,  -38124103,          0
 15687,   141,   50000000,   12157577,        0,  -37842423,          0
 15687,   142,   50000000,   10834461,        0,  -39165539,          0
 15687,   143,   50000000,   10911626,        0,  -39088374,          0
 15687,   144,   50000000,   10831638,        0,  -39168362,          0
 15687,   145,   50000000,   10829729,        0,  -39170271,          0
 15687,   146,   50000000,   11968487,        0,  -38031513,          0
 15687,   147,   50000000,   10834388,        0,  -39165612,          0
 15687,   148,   50000000,   10796847,        0,  -39203153,          0
 15687,   149,   50000000,   10817129,        0,  -39182871,          0
 15687,   150,   50000000,   10821398,        0,  -39178602,          0
 15687,   151,   50000000,   13277939,        0,  -36722061,          0
 15687,   152,   50000000,   10786074,        0,  -39213926,          0
 15687,   153,   50000000,   10840655,        0,  -39159345,          0
 15687,   154,   50000000,   10971197,        0,  -39028803,          0
 15687,   155,   50000000,   10902849,        0,  -39097151,          0
 15687,   156,   50000000,   10887933,        0,  -39112067,          0
 15687,   157,   50000000,   10793722,        0,  -39206278,          0
 15687,   158,   50000000,   10895798,        0,  -39104202,          0
 15687,   159,   50000000,   10807963,        0,  -39192037,          0
 15687,   160,   50000000,   10833057,        0,  -39166943,          0
 15687,   161,   50000000,   13538104,        0,  -36461896,          0
 15687,   162,   50000000,   10918000,        0,  -39082000,          0
 15687,   163,   50000000,   10816542,        0,  -39183458,          0
 15687,   164,   50000000,   10791380,        0,  -39208620,          0
 15687,   165,   50000000,   10818304,        0,  -39181696,          0
 15687,   166,   50000000,   10796404,        0,  -39203596,          0
 15687,   167,   50000000,   10784413,        0,  -39215587,          0
 15687,   168,   50000000,   11682125,        0,  -38317875,          0
 15687,   169,   50000000,   10827165,        0,  -39172835,          0
 15687,   170,   50000000,   10801953,        0,  -39198047,          0
 15687,   171,   50000000,   14072941,        0,  -35927059,          0
 15687,   172,   50000000,   11013519,        0,  -38986481,          0
 15687,   173,   50000000,   10794133,        0,  -39205867,          0
 15687,   174,   50000000,   11855563,        0,  -38144437,          0
 15687,   175,   50000000,   10815658,        0,  -39184342,          0
 15687,   176,   50000000,   10797675,        0,  -39202325,          0
 15687,   177,   50000000,   10822915,        0,  -39177085,          0
 15687,   178,   50000000,   10860021,        0,  -39139979,          0
 15687,   179,   50000000,   10813483,        0,  -39186517,          0
 15687,   180,   50000000,   10831648,        0,  -39168352,          0
 15687,   181,   50000000,   10848267,        0,  -39151733,          0
 15687,   182,   50000000,   10857876,        0,  -39142124,          0
 15687,   183,   50000000,   11735426,        0,  -38264574,          0
 15687,   184,   50000000,   10801201,        0,  -39198799,          0
 15687,   185,   50000000,   10824916,        0,  -39175084,          0
 15687,   186,   50000000,   10795115,        0,  -39204885,          0
 15687,   187,   50000000,   10808893,        0,  -39191107,          0
 15687,   188,   50000000,   12743898,        0,  -37256102,          0
 15687,   189,   50000000,   10909368,        0,  -39090632,          0
 15687,   190,   50000000,   10825476,        0,  -39174524,          0
 15687,   191,   50000000,   12171525,        0,  -37828475,          0
 15687,   192,   50000000,   10949049,        0,  -39050951,          0
 15687,   193,   50000000,   10899301,        0,  -39100699,          0
 15687,   194,   50000000,   10794174,        0,  -39205826,          0
 15687,   195,   50000000,   10815801,        0,  -39184199,          0
 15687,   196,   50000000,   10802050,        0,  -39197950,          0
 15687,   197,   50000000,   10834445,        0,  -39165555,          0
 15687,   198,   50000000,   11985325,        0,  -38014675,          0
 15687,   199,   50000000,   10842304,        0,  -39157696,          0
 15687,   200,   50000000,   10810065,        0,  -39189935,          0
 15687,   201,   50000000,   10819748,        0,  -39180252,          0
 15687,   202,   50000000,   10818367,        0,  -39181633,          0
 15687,   203,   50000000,   12742852,        0,  -37257148,          0
 15687,   204,   50000000,   10918715,        0,  -39081285,          0
# task NAME=myapp PID=15691 COST=39031000 PERIOD=71000000 CPU=0
 15691,     2,   71000000,       8632,        0,  -70991368,          0
 15691,     3,   71000000,      77937,        0,  -70922063,          0
 15691,     4,   71000000,   40353861,        0,  -30646139,          0
 15691,     5,   71000000,   38224769,        0,  -32775231,          0
 15691,     6,   71000000,   38220891,        0,  -32779109,          0
 15691,     7,   71000000,   38685281,        0,  -32314719,          0
 15691,     8,   71000000,   38338643,        0,  -32661357,          0
 15691,     9,   71000000,   38671300,        0,  -32328700,          0
 15691,    10,   71000000,   38251553,        0,  -32748447,          0
 15691,    11,   71000000,   38238433,        0,  -32761567,          0
 15691,    12,   71000000,   38262583,        0,  -32737417,          0
 15691,    13,   71000000,   38196419,        0,  -32803581,          0
 15691,    14,   71000000,   38593934,        0,  -32406066,          0
 15691,    15,   71000000,   40107973,        0,  -30892027,          0
 15691,    16,   71000000,   39537452,        0,  -31462548,          0
 15691,    17,   71000000,   39498727,        0,  -31501273,          0
 15691,    18,   71000000,   38508021,        0,  -32491979,          0
 15691,    19,   71000000,   38244441,        0,  -32755559,          0
 15691,    20,   71000000,   38266468,        0,  -32733532,          0
 15691,    21,   71000000,   38670948,        0,  -32329052,          0
 15691,    22,   71000000,   39489934,        0,  -31510066,          0
 15691,    23,   71000000,   38711558,        0,  -32288442,          0
 15691,    24,   71000000,   38259749,        0,  -32740251,          0
 15691,    25,   71000000,   38530703,        0,  -32469297,          0
 15691,    26,   71000000,   38247907,        0,  -32752093,          0
 15691,    27,   71000000,   38222331,        0,  -32777669,          0
 15691,    28,   71000000,   38285872,        0,  -32714128,          0
 15691,    29,   71000000,   40318541,        0,  -30681459,          0
 15691,    30,   71000000,   38665969,        0,  -32334031,          0
 15691,    31,   71000000,   38388485,        0,  -32611515,          0
 15691,    32,   71000000,   39412233,        0,  -31587767,          0
 15691,    33,   71000000,   38211379,        0,  -32788621,          0
 15691,    34,   71000000,   38291335,        0,  -32708665,          0
 15691,    35,   71000000,   38215131,        0,  -32784869,          0
 15691,    36,   71000000,   38218492,        0,  -32781508,          0
 15691,    37,   71000000,   38507151,        0,  -32492849,          0
 15691,    38,   71000000,   38235507,        0,  -32764493,          0
 15691,    39,   71000000,   38512098,        0,  -32487902,          0
 15691,    40,   71000000,   38280678,        0,  -32719322,          0
 15691,    41,   71000000,   39279147,        0,  -31720853,          0
 15691,    42,   71000000,   38214767,        0,  -32785233,          0
 15691,    43,   71000000,   39464739,        0,  -31535261,          0
 15691,    44,   71000000,   38508838,        0,  -32491162,          0
 15691,    45,   71000000,   38279268,        0,  -32720732,          0
 15691,    46,   71000000,   38558347,        0,  -32441653,          0
 15691,    47,   71000000,   38435568,        0,  -32564432,          0
 15691,    48,   71000000,   40706330,        0,  -30293670,          0
 15691,    49,   71000000,   38243191,        0,  -32756809,          0
 15691,    50,   71000000,   38305484,        0,  -32694516,          0
 15691,    51,   71000000,   38546581,        0,  -32453419,          0
 15691,    52,   71000000,   38229564,        0,  -32770436,          0
 15691,    53,   71000000,   38502983,        0,  -32497017,          0
 15691,    54,   71000000,   38401735,        0,  -32598265,          0
 15691,    55,   71000000,   41380170,        0,  -29619830,          0
 15691,    56,   71000000,   38230821,        0,  -32769179,          0
 15691,    57,   71000000,   38323939,        0,  -32676061,          0
 15691,    58,   71000000,   38598818,        0,  -32401182,          0
 15691,    59,   71000000,   38255424,        0,  -32744576,          0
 15691,    60,   71000000,   38576201,        0,  -32423799,          0
 15691,    61,   71000000,   38619553,        0,  -32380447,          0
 15691,    62,   71000000,   38535484,        0,  -32464516,          0
 15691,    63,   71000000,   38419562,        0,  -32580438,          0
 15691,    64,   71000000,   38366161,        0,  -32633839,          0
 15691,    65,   71000000,   38902929,        0,  -32097071,          0
 15691,    66,   71000000,   38259842,        0,  -32740158,          0
 15691,    67,   71000000,   38877965,        0,  -32122035,          0
 15691,    68,   71000000,   38265940,        0,  -32734060,          0
 15691,    69,   71000000,   41477664,        0,  -29522336,          0
 15691,    70,   71000000,   38264825,        0,  -32735175,          0
 15691,    71,   71000000,   38238944,        0,  -32761056,          0
 15691,    72,   71000000,   38239488,        0,  -32760512,          0
 15691,    73,   71000000,   38237051,        0,  -32762949,          0
 15691,    74,   71000000,   39643747,        0,  -31356253,          0
 15691,    75,   71000000,   38238830,        0,  -32761170,          0
 15691,    76,   71000000,   38514102,        0,  -32485898,          0
 15691,    77,   71000000,   38287588,        0,  -32712412,          0
 15691,    78,   71000000,   38312633,        0,  -32687367,          0
 15691,    79,   71000000,   38409447,        0,  -32590553,          0
 15691,    80,   71000000,   38219508,        0,  -32780492,          0
 15691,    81,   71000000,   42395345,        0,  -28604655,          0
 15691,    82,   71000000,   38256248,        0,  -32743752,          0
 15691,    83,   71000000,   38696668,        0,  -32303332,          0
 15691,    84,   71000000,   38287413,        0,  -32712587,          0
 15691,    85,   71000000,   38344229,        0,  -32655771,          0
 15691,    86,   71000000,   38235528,        0,  -32764472,          0
 15691,    87,   71000000,   38457968,        0,  -32542032,          0
 15691,    88,   71000000,   38526335,        0,  -32473665,          0
 15691,    89,   71000000,   38974810,        0,  -32025190,          0
 15691,    90,   71000000,   38657598,        0,  -32342402,          0
 15691,    91,   71000000,   38363583,        0,  -32636417,          0
 15691,    92,   71000000,   38376427,        0,  -32623573,          0
 15691,    93,   71000000,   38505935,        0,  -32494065,          0
 15691,    94,   71000000,   38225242,        0,  -32774758,          0
 15691,    95,   71000000,   42491546,        0,  -28508454,          0
 15691,    96,   71000000,   39188266,        0,  -31811734,          0
 15691,    97,   71000000,   38523273,        0,  -32476727,          0
 15691,    98,   71000000,   38239254,        0,  -32760746,          0
 15691,    99,   71000000,   38269154,        0,  -32730846,          0
 15691,   100,   71000000,   38263778,        0,  -32736222,          0
 15691,   101,   71000000,   38719997,        0,  -32280003,          0
 15691,   102,   71000000,   38509939,        0,  -32490061,          0
 15691,   103,   71000000,   38278789,        0,  -32721211,          0
 15691,   104,   71000000,   38515072,        0,  -32484928,          0
 15691,   105,   71000000,   38237242,        0,  -32762758,          0
 15691,   106,   71000000,   38562134,        0,  -32437866,          0
 15691,   107,   71000000,   40282846,        0,  -30717154,          0
 15691,   108,   71000000,   38311322,        0,  -32688678,          0
 15691,   109,   71000000,   38985781,        0,  -32014219,          0
 15691,   110,   71000000,   38274137,        0,  -32725863,          0
 15691,   111,   71000000,   38555094,        0,  -32444906,          0
 15691,   112,   71000000,   38259746,        0,  -32740254,          0
 15691,   113,   71000000,   38653810,        0,  -32346190,          0
 15691,   114,   71000000,   38278488,        0,  -32721512,          0
 15691,   115,   71000000,   38243390,        0,  -32756610,          0
 15691,   116,   71000000,   38289572,        0,  -32710428,          0
 15691,   117,   71000000,   38247719,        0,  -32752281,          0
 15691,   118,   71000000,   38498878,        0,  -32501122,          0
 15691,   119,   71000000,   38272822,        0,  -32727178,          0
 15691,   120,   71000000,   38580096,        0,  -32419904,          0
 15691,   121,   71000000,   41369452,        0,  -29630548,          0
 15691,   122,   71000000,   39319081,        0,  -31680919,          0
 15691,   123,   71000000,   38278711,        0,  -32721289,          0
 15691,   124,   71000000,   38387402,        0,  -32612598,          0
 15691,   125,   71000000,   39535574,        0,  -31464426,          0
 15691,   126,   71000000,   39606648,        0,  -31393352,          0
 15691,   127,   71000000,   38491204,        0,  -32508796,          0
 15691,   128,   71000000,   38259295,        0,  -32740705,          0
 15691,   129,   71000000,   38325629,        0,  -32674371,          0
 15691,   130,   71000000,   38413899,        0,  -32586101,          0
 15691,   131,   71000000,   38229288,        0,  -32770712,          0
 15691,   132,   71000000,   41108242,        0,  -29891758,          0
 15691,   133,   71000000,   40226796,        0,  -30773204,          0
 15691,   134,   71000000,   38502033,        0,  -32497967,          0
 15691,   135,   71000000,   38380526,        0,  -32619474,          0
 15691,   136,   71000000,   38235064,        0,  -32764936,          0
 15691,   137,   71000000,   38195555,        0,  -32804445,          0
 15691,   138,   71000000,   38259243,        0,  -32740757,          0
 15691,   139,   71000000,   38517692,        0,  -32482308,          0
 15691,   140,   71000000,   40171595,        0,  -30828405,          0
 15691,   141,   71000000,   38525683,        0,  -32474317,          0
 15691,   142,   71000000,   38369202,        0,  -32630798,          0
 15691,   143,   71000000,   38661785,        0,  -32338215,          0
 15691,   144,   71000000,   38250261,        0,  -32749739,          0
# task NAME=myapp PID=15694 COST=21029000 PERIOD=37000000 CPU=0
 15694,     2,   37000000,       8709,        0,  -36991291,          0
 15694,     3,   37000000,      82719,        0,  -36917281,          0
 15694,     4,   37000000,   22649963,        0,  -14350037,          0
 15694,     5,   37000000,   20637828,        0,  -16362172,          0
 15694,     6,   37000000,   20598558,        0,  -16401442,          0
 15694,     7,   37000000,   21676235,        0,  -15323765,          0
 15694,     8,   37000000,   20883360,        0,  -16116640,          0
 15694,     9,   37000000,   20649968,        0,  -16350032,          0
 15694,    10,   37000000,   21473710,        0,  -15526290,          0
 15694,    11,   37000000,   22166818,        0,  -14833182,          0
 15694,    12,   37000000,   20776493,        0,  -16223507,          0
 15694,    13,   37000000,   20651368,        0,  -16348632,          0
 15694,    14,   37000000,   20605723,        0,  -16394277,          0
 15694,    15,   37000000,   20696180,        0,  -16303820,          0
 15694,    16,   37000000,   20732754,        0,  -16267246,          0
 15694,    17,   37000000,   20729761,        0,  -16270239,          0
 15694,    18,   37000000,   20890959,        0,  -16109041,          0
 15694,    19,   37000000,   20706798,        0,  -16293202,          0
 15694,    20,   37000000,   20636236,        0,  -16363764,          0
 15694,    21,   37000000,   20658653,        0,  -16341347,          0
 15694,    22,   37000000,   21419643,        0,  -15580357,          0
 15694,    23,   37000000,   20600074,        0,  -16399926,          0
 15694,    24,   37000000,   20652071,        0,  -16347929,          0
 15694,    25,   37000000,   20996993,        0,  -16003007,          0
 15694,    26,   37000000,   23943868,        0,  -13056132,          0
 15694,    27,   37000000,   20621975,        0,  -16378025,          0
 15694,    28,   37000000,   22140209,        0,  -14859791,          0
 15694,    29,   37000000,   20618395,        0,  -16381605,          0
 15694,    30,   37000000,   21304083,        0,  -15695917,          0
 15694,    31,   37000000,   20646523,        0,  -16353477,          0
 15694,    32,   37000000,   20672925,        0,  -16327075,          0
 15694,    33,   37000000,   20675193,        0,  -16324807,          0
 15694,    34,   37000000,   20599048,        0,  -16400952,          0
 15694,    35,   37000000,   20892023,        0,  -16107977,          0
 15694,    36,   37000000,   20671547,        0,  -16328453,          0
 15694,    37,   37000000,   20607497,        0,  -16392503,          0
 15694,    38,   37000000,   20961098,        0,  -16038902,          0
 15694,    39,   37000000,   20846641,        0,  -16153359,          0
 15694,    40,   37000000,   20609637,        0,  -16390363,          0
 15694,    41,   37000000,   20677866,        0,  -16322134,          0
 15694,    42,   37000000,   20670190,        0,  -16329810,          0
 15694,    43,   37000000,   20618778,        0,  -16381222,          0
 15694,    44,   37000000,   22091122,        0,  -14908878,          0
 15694,    45,   37000000,   21021475,        0,  -15978525,          0
 15694,    46,   37000000,   20604128,        0,  -16395872,          0
 15694,    47,   37000000,   20694418,        0,  -16305582,          0
 15694,    48,   37000000,   20632359,        0,  -16367641,          0
 15694,    49,   37000000,   21138985,        0,  -15861015,          0
 15694,    50,   37000000,   20675216,        0,  -16324784,          0
 15694,    51,   37000000,   22588794,        0,  -14411206,          0
 15694,    52,   37000000,   20877005,        0,  -16122995,          0
 15694,    53,   37000000,   23779089,        0,  -13220911,          0
 15694,    54,   37000000,   20606230,        0,  -16393770,          0
 15694,    55,   37000000,   20896116,        0,  -16103884,          0
 15694,    56,   37000000,   20714192,        0,  -16285808,          0
 15694,    57,   37000000,   20645663,        0,  -16354337,          0
 15694,    58,   37000000,   20604676,        0,  -16395324,          0
 15694,    59,   37000000,   20620631,        0,  -16379369,          0
 15694,    60,   37000000,   20596490,        0,  -16403510,          0
 15694,    61,   37000000,   20703447,        0,  -16296553,          0
 15694,    62,   37000000,   20896481,        0,  -16103519,          0
 15694,    63,   37000000,   20636045,        0,  -16363955,          0
 15694,    64,   37000000,   20634920,        0,  -16365080,          0
 15694,    65,   37000000,   20625546,        0,  -16374454,          0
 15694,    66,   37000000,   20749345,        0,  -16250655,          0
 15694,    67,   37000000,   20708406,        0,  -16291594,          0
 15694,    68,   37000000,   20802537,        0,  -16197463,          0
 15694,    69,   37000000,   20756600,        0,  -16243400,          0
 15694,    70,   37000000,   20620764,        0,  -16379236,          0
 15694,    71,   37000000,   20649526,        0,  -16350474,          0
 15694,    72,   37000000,   20921795,        0,  -16078205,          0
 15694,    73,   37000000,   20597548,        0,  -16402452,          0
 15694,    74,   37000000,   20704441,        0,  -16295559,          0
 15694,    75,   37000000,   20610424,        0,  -16389576,          0
 15694,    76,   37000000,   23860346,        0,  -13139654,          0
 15694,    77,   37000000,   20641969,        0,  -16358031,          0
 15694,    78,   37000000,   20642688,        0,  -16357312,          0
 15694,    79,   37000000,   20882142,        0,  -16117858,          0
 15694,    80,   37000000,   20845581,        0,  -16154419,          0
 15694,    81,   37000000,   20594952,        0,  -16405048,          0
 15694,    82,   37000000,   20927086,        0,  -16072914,          0
 15694,    83,   37000000,   20612502,        0,  -16387498,          0
 15694,    84,   37000000,   20646568,        0,  -16353432,          0
 15694,    85,   37000000,   20592871,        0,  -16407129,          0
 15694,    86,   37000000,   20654944,        0,  -16345056,          0
 15694,    87,   37000000,   21579124,        0,  -15420876,          0
 15694,    88,   37000000,   20602433,        0,  -16397567,          0
 15694,    89,   37000000,   20876375,        0,  -16123625,          0
 15694,    90,   37000000,   21081188,        0,  -15918812,          0
 15694,    91,   37000000,   20962928,        0,  -16037072,          0
 15694,    92,   37000000,   20606580,        0,  -16393420,          0
 15694,    93,   37000000,   20677218,        0,  -16322782,          0
 15694,    94,   37000000,   21040975,        0,  -15959025,          0
 15694,    95,   37000000,   20709905,        0,  -16290095,          0
 15694,    96,   37000000,   20731346,        0,  -16268654,          0
 15694,    97,   37000000,   20605379,        0,  -16394621,          0
 15694,    98,   37000000,   20591247,        0,  -16408753,          0
 15694,    99,   37000000,   21077765,        0,  -15922235,          0
 15694,   100,   37000000,   20611770,        0,  -16388230,          0
 15694,   101,   37000000,   20742171,        0,  -16257829,          0
 15694,   102,   37000000,   20599374,        0,  -16400626,          0
 15694,   103,   37000000,   26666914,        0,  -10333086,          0
 15694,   104,   37000000,   20601986,        0,  -16398014,          0
 15694,   105,   37000000,   20607124,        0,  -16392876,          0
 15694,   106,   37000000,   20875065,        0,  -16124935,          0
 15694,   107,   37000000,   21599235,        0,  -15400765,          0
 15694,   108,   37000000,   20633231,        0,  -16366769,          0
 15694,   109,   37000000,   21182221,        0,  -15817779,          0
 15694,   110,   37000000,   20726666,        0,  -16273334,          0
 15694,   111,   37000000,   20652747,        0,  -16347253,          0
 15694,   112,   37000000,   20614751,        0,  -16385249,          0
 15694,   113,   37000000,   21283545,        0,  -15716455,          0
 15694,   114,   37000000,   20628671,        0,  -16371329,          0
 15694,   115,   37000000,   20606775,        0,  -16393225,          0
 15694,   116,   37000000,   20892896,        0,  -16107104,          0
 15694,   117,   37000000,   20610494,        0,  -16389506,          0
 15694,   118,   37000000,   20629815,        0,  -16370185,          0
 15694,   119,   37000000,   21047165,        0,  -15952835,          0
 15694,   120,   37000000,   20837136,        0,  -16162864,          0
 15694,   121,   37000000,   20606041,        0,  -16393959,          0
 15694,   122,   37000000,   20638516,        0,  -16361484,          0
 15694,   123,   37000000,   20888720,        0,  -16111280,          0
 15694,   124,   37000000,   20628671,        0,  -16371329,          0
 15694,   125,   37000000,   20676370,        0,  -16323630,          0
 15694,   126,   37000000,   23025649,        0,  -13974351,          0
 15694,   127,   37000000,   20654987,        0,  -16345013,          0
 15694,   128,   37000000,   21121230,        0,  -15878770,          0
 15694,   129,   37000000,   20717402,        0,  -16282598,          0
 15694,   130,   37000000,   23932028,        0,  -13067972,          0
 15694,   131,   37000000,   20735842,        0,  -16264158,          0
 15694,   132,   37000000,   20714615,        0,  -16285385,          0
 15694,   133,   37000000,   20882822,        0,  -16117178,          0
 15694,   134,   37000000,   20609106,        0,  -16390894,          0
 15694,   135,   37000000,   20718847,        0,  -16281153,          0
 15694,   136,   37000000,   21003706,        0,  -15996294,          0
 15694,   137,   37000000,   20668653,        0,  -16331347,          0
 15694,   138,   37000000,   20643952,        0,  -16356048,          0
 15694,   139,   37000000,   20583036,        0,  -16416964,          0
 15694,   140,   37000000,   20669130,        0,  -16330870,          0
 15694,   141,   37000000,   20606818,        0,  -16393182,          0
 15694,   142,   37000000,   20592620,        0,  -16407380,          0
 15694,   143,   37000000,   20884360,        0,  -16115640,          0
 15694,   144,   37000000,   20749271,        0,  -16250729,          0
 15694,   145,   37000000,   20632169,        0,  -16367831,          0
 15694,   146,   37000000,   20721561,        0,  -16278439,          0
 15694,   147,   37000000,   20728743,        0,  -16271257,          0
 15694,   148,   37000000,   20654505,        0,  -16345495,          0
 15694,   149,   37000000,   22668052,        0,  -14331948,          0
 15694,   150,   37000000,   20910568,        0,  -16089432,          0
 15694,   151,   37000000,   21069912,        0,  -15930088,          0
 15694,   152,   37000000,   20607591,        0,  -16392409,          0
 15694,   153,   37000000,   25178346,        0,  -11821654,          0
 15694,   154,   37000000,   20607655,        0,  -16392345,          0
 15694,   155,   37000000,   20649967,        0,  -16350033,          0
 15694,   156,   37000000,   20606199,        0,  -16393801,          0
 15694,   157,   37000000,   20616690,        0,  -16383310,          0
 15694,   158,   37000000,   20596931,        0,  -16403069,          0
 15694,   159,   37000000,   20606804,        0,  -16393196,          0
 15694,   160,   37000000,   20948551,        0,  -16051449,          0
 15694,   161,   37000000,   20611254,        0,  -16388746,          0
 15694,   162,   37000000,   20649397,        0,  -16350603,          0
 15694,   163,   37000000,   20591473,        0,  -16408527,          0
 15694,   164,   37000000,   20619876,        0,  -16380124,          0
 15694,   165,   37000000,   20674750,        0,  -16325250,          0
 15694,   166,   37000000,   20604521,        0,  -16395479,          0
 15694,   167,   37000000,   20597555,        0,  -16402445,          0
 15694,   168,   37000000,   20619306,        0,  -16380694,          0
 15694,   169,   37000000,   21680227,        0,  -15319773,          0
 15694,   170,   37000000,   20997968,        0,  -16002032,          0
 15694,   171,   37000000,   20645953,        0,  -16354047,          0
 15694,   172,   37000000,   21101942,        0,  -15898058,          0
 15694,   173,   37000000,   20615649,        0,  -16384351,          0
 15694,   174,   37000000,   21696127,        0,  -15303873,          0
 15694,   175,   37000000,   20595129,        0,  -16404871,          0
 15694,   176,   37000000,   20873407,        0,  -16126593,          0
 15694,   177,   37000000,   20883164,        0,  -16116836,          0
 15694,   178,   37000000,   21052205,        0,  -15947795,          0
 15694,   179,   37000000,   20649547,        0,  -16350453,          0
 15694,   180,   37000000,   23136361,        0,  -13863639,          0
 15694,   181,   37000000,   20708495,        0,  -16291505,          0
 15694,   182,   37000000,   20780038,        0,  -16219962,          0
 15694,   183,   37000000,   20722945,        0,  -16277055,          0
 15694,   184,   37000000,   20630447,        0,  -16369553,          0
 15694,   185,   37000000,   20619872,        0,  -16380128,          0
 15694,   186,   37000000,   20629986,        0,  -16370014,          0
 15694,   187,   37000000,   21837071,        0,  -15162929,          0
 15694,   188,   37000000,   20682644,        0,  -16317356,          0
 15694,   189,   37000000,   20596628,        0,  -16403372,          0
 15694,   190,   37000000,   21086161,        0,  -15913839,          0
 15694,   191,   37000000,   20616138,        0,  -16383862,          0
 15694,   192,   37000000,   20724922,        0,  -16275078,          0
 15694,   193,   37000000,   20648304,        0,  -16351696,          0
 15694,   194,   37000000,   20599919,        0,  -16400081,          0
 15694,   195,   37000000,   20634986,        0,  -16365014,          0
 15694,   196,   37000000,   20598004,        0,  -16401996,          0
 15694,   197,   37000000,   20981475,        0,  -16018525,          0
 15694,   198,   37000000,   20593519,        0,  -16406481,          0
 15694,   199,   37000000,   21016230,        0,  -15983770,          0
 15694,   200,   37000000,   20617965,        0,  -16382035,          0
 15694,   201,   37000000,   20788852,        0,  -16211148,          0
 15694,   202,   37000000,   20613608,        0,  -16386392,          0
 15694,   203,   37000000,   24929621,        0,  -12070379,          0
 15694,   204,   37000000,   20885056,        0,  -16114944,          0
 15694,   205,   37000000,   20614530,        0,  -16385470,          0
 15694,   206,   37000000,   20687797,        0,  -16312203,          0
 15694,   207,   37000000,   20882946,        0,  -16117054,          0
 15694,   208,   37000000,   20616285,        0,  -16383715,          0
 15694,   209,   37000000,   20595754,        0,  -16404246,          0
 15694,   210,   37000000,   20635849,        0,  -16364151,          0
 15694,   211,   37000000,   20643726,        0,  -16356274,          0
 15694,   212,   37000000,   20625520,        0,  -16374480,          0
 15694,   213,   37000000,   20637437,        0,  -16362563,          0
 15694,   214,   37000000,   20897586,        0,  -16102414,          0
 15694,   215,   37000000,   20608137,        0,  -16391863,          0
 15694,   216,   37000000,   20604492,        0,  -16395508,          0
 15694,   217,   37000000,   20635481,        0,  -16364519,          0
 15694,   218,   37000000,   20637047,        0,  -16362953,          0
 15694,   219,   37000000,   20626554,        0,  -16373446,          0
 15694,   220,   37000000,   20758637,        0,  -16241363,          0
 15694,   221,   37000000,   20654006,        0,  -16345994,          0
 15694,   222,   37000000,   20672318,        0,  -16327682,          0
 15694,   223,   37000000,   20594076,        0,  -16405924,          0
 15694,   224,   37000000,   20953809,        0,  -16046191,          0
 15694,   225,   37000000,   20609296,        0,  -16390704,          0
 15694,   226,   37000000,   20678508,        0,  -16321492,          0
 15694,   227,   37000000,   20685366,        0,  -16314634,          0
 15694,   228,   37000000,   22749515,        0,  -14250485,          0
 15694,   229,   37000000,   20617300,        0,  -16382700,          0
 15694,   230,   37000000,   24139269,        0,  -12860731,          0
 15694,   231,   37000000,   20924232,        0,  -16075768,          0
 15694,   232,   37000000,   20647361,        0,  -16352639,          0
 15694,   233,   37000000,   20750618,        0,  -16249382,          0
 15694,   234,   37000000,   20919929,        0,  -16080071,          0
 15694,   235,   37000000,   20628712,        0,  -16371288,          0
 15694,   236,   37000000,   20607672,        0,  -16392328,          0
 15694,   237,   37000000,   21790943,        0,  -15209057,          0
 15694,   238,   37000000,   20716282,        0,  -16283718,          0
 15694,   239,   37000000,   22065887,        0,  -14934113,          0
 15694,   240,   37000000,   20633918,        0,  -16366082,          0
 15694,   241,   37000000,   20890003,        0,  -16109997,          0
 15694,   242,   37000000,   20622484,        0,  -16377516,          0
 15694,   243,   37000000,   20596733,        0,  -16403267,          0
 15694,   244,   37000000,   21169399,        0,  -15830601,          0
 15694,   245,   37000000,   20724420,        0,  -16275580,          0
 15694,   246,   37000000,   21638245,        0,  -15361755,          0
 15694,   247,   37000000,   20594637,        0,  -16405363,          0
 15694,   248,   37000000,   20896736,        0,  -16103264,          0
 15694,   249,   37000000,   20654090,        0,  -16345910,          0
 15694,   250,   37000000,   20635313,        0,  -16364687,          0
 15694,   251,   37000000,   20887712,        0,  -16112288,          0
 15694,   252,   37000000,   20587969,        0,  -16412031,          0
 15694,   253,   37000000,   21963622,        0,  -15036378,          0
 15694,   254,   37000000,   20707147,        0,  -16292853,          0
 15694,   255,   37000000,   20750567,        0,  -16249433,          0
 15694,   256,   37000000,   20602580,        0,  -16397420,          0
 15694,   257,   37000000,   20601076,        0,  -16398924,          0
 15694,   258,   37000000,   20876806,        0,  -16123194,          0
 15694,   259,   37000000,   20611358,        0,  -16388642,          0
 15694,   260,   37000000,   21070956,        0,  -15929044,          0
 15694,   261,   37000000,   20898922,        0,  -16101078,          0
 15694,   262,   37000000,   20617165,        0,  -16382835,          0
 15694,   263,   37000000,   20636912,        0,  -16363088,          0
 15694,   264,   37000000,   22645399,        0,  -14354601,          0
 15694,   265,   37000000,   20638592,        0,  -16361408,          0
 15694,   266,   37000000,   20648946,        0,  -16351054,          0
 15694,   267,   37000000,   20679360,        0,  -16320640,          0
 15694,   268,   37000000,   20878897,        0,  -16121103,          0
 15694,   269,   37000000,   20681465,        0,  -16318535,          0
 15694,   270,   37000000,   20626821,        0,  -16373179,          0
 15694,   271,   37000000,   20686011,        0,  -16313989,          0
 15694,   272,   37000000,   20820963,        0,  -16179037,          0
 15694,   273,   37000000,   20692691,        0,  -16307309,          0
 15694,   274,   37000000,   20665979,        0,  -16334021,          0
# task NAME=myapp PID=15699 COST=18571000 PERIOD=84000000 CPU=0
 15699,     2,   84000000,      14391,        0,  -83985609,          0
 15699,     3,   84000000,     114717,        0,  -83885283,          0
 15699,     4,   84000000,   20274531,        0,  -63725469,          0
 15699,     5,   84000000,   18321262,        0,  -65678738,          0
 15699,     6,   84000000,   18258626,        0,  -65741374,          0
 15699,     7,   84000000,   18471401,        0,  -65528599,          0
 15699,     8,   84000000,   18259283,        0,  -65740717,          0
 15699,     9,   84000000,   18236387,        0,  -65763613,          0
 15699,    10,   84000000,   20294928,        0,  -63705072,          0
 15699,    11,   84000000,   18666090,        0,  -65333910,          0
 15699,    12,   84000000,   18249882,        0,  -65750118,          0
 15699,    13,   84000000,   18222985,        0,  -65777015,          0
 15699,    14,   84000000,   18618640,        0,  -65381360,          0
 15699,    15,   84000000,   19319153,        0,  -64680847,          0
 15699,    16,   84000000,   18265773,        0,  -65734227,          0
 15699,    17,   84000000,   18506731,        0,  -65493269,          0
 15699,    18,   84000000,   18271534,        0,  -65728466,          0
 15699,    19,   84000000,   18212809,        0,  -65787191,          0
 15699,    20,   84000000,   18497809,        0,  -65502191,          0
 15699,    21,   84000000,   18282267,        0,  -65717733,          0
 15699,    22,   84000000,   19205011,        0,  -64794989,          0
 15699,    23,   84000000,   18514091,        0,  -65485909,          0
 15699,    24,   84000000,   18308714,        0,  -65691286,          0
 15699,    25,   84000000,   21335620,        0,  -62664380,          0
 15699,    26,   84000000,   20614769,        0,  -63385231,          0
 15699,    27,   84000000,   18217793,        0,  -65782207,          0
 15699,    28,   84000000,   18230923,        0,  -65769077,          0
 15699,    29,   84000000,   18620648,        0,  -65379352,          0
 15699,    30,   84000000,   18295408,        0,  -65704592,          0
 15699,    31,   84000000,   19256288,        0,  -64743712,          0
 15699,    32,   84000000,   19432559,        0,  -64567441,          0
 15699,    33,   84000000,   19262709,        0,  -64737291,          0
 15699,    34,   84000000,   18339664,        0,  -65660336,          0
 15699,    35,   84000000,   18489109,        0,  -65510891,          0
 15699,    36,   84000000,   18395093,        0,  -65604907,          0
 15699,    37,   84000000,   20342608,        0,  -63657392,          0
 15699,    38,   84000000,   18503418,        0,  -65496582,          0
 15699,    39,   84000000,   18301458,        0,  -65698542,          0
 15699,    40,   84000000,   18289302,        0,  -65710698,          0
 15699,    41,   84000000,   21610175,        0,  -62389825,          0
 15699,    42,   84000000,   18268139,        0,  -65731861,          0
 15699,    43,   84000000,   19169669,        0,  -64830331,          0
 15699,    44,   84000000,   18577016,        0,  -65422984,          0
 15699,    45,   84000000,   18242083,        0,  -65757917,          0
 15699,    46,   84000000,   18235750,        0,  -65764250,          0
 15699,    47,   84000000,   21353042,        0,  -62646958,          0
 15699,    48,   84000000,   18338113,        0,  -65661887,          0
 15699,    49,   84000000,   18309339,        0,  -65690661,          0
 15699,    50,   84000000,   18280845,        0,  -65719155,          0
 15699,    51,   84000000,   18262061,        0,  -65737939,          0
 15699,    52,   84000000,   18238063,        0,  -65761937,          0
 15699,    53,   84000000,   20752725,        0,  -63247275,          0
 15699,    54,   84000000,   18230771,        0,  -65769229,          0
 15699,    55,   84000000,   18443560,        0,  -65556440,          0
 15699,    56,   84000000,   19912544,        0,  -64087456,          0
 15699,    57,   84000000,   19073041,        0,  -64926959,          0
 15699,    58,   84000000,   18232179,        0,  -65767821,          0
 15699,    59,   84000000,   22216298,        0,  -61783702,          0
 15699,    60,   84000000,   19122260,        0,  -64877740,          0
 15699,    61,   84000000,   18238080,        0,  -65761920,          0
 15699,    62,   84000000,   18296260,        0,  -65703740,          0
 15699,    63,   84000000,   18284281,        0,  -65715719,          0
 15699,    64,   84000000,   19384446,        0,  -64615554,          0
 15699,    65,   84000000,   18364493,        0,  -65635507,          0
 15699,    66,   84000000,   18560350,        0,  -65439650,          0
 15699,    67,   84000000,   18303830,        0,  -65696170,          0
 15699,    68,   84000000,   18200319,        0,  -65799681,          0
 15699,    69,   84000000,   22454605,        0,  -61545395,          0
 15699,    70,   84000000,   19203124,        0,  -64796876,          0
 15699,    71,   84000000,   19276381,        0,  -64723619,          0
 15699,    72,   84000000,   18254211,        0,  -65745789,          0
 15699,    73,   84000000,   18213543,        0,  -65786457,          0
 15699,    74,   84000000,   21850101,        0,  -62149899,          0
 15699,    75,   84000000,   19572013,        0,  -64427987,          0
 15699,    76,   84000000,   18310119,        0,  -65689881,          0
 15699,    77,   84000000,   18330981,        0,  -65669019,          0
 15699,    78,   84000000,   20297904,        0,  -63702096,          0
 15699,    79,   84000000,   18231686,        0,  -65768314,          0
 15699,    80,   84000000,   18256697,        0,  -65743303,          0
 15699,    81,   84000000,   20639322,        0,  -63360678,          0
 15699,    82,   84000000,   19165073,        0,  -64834927,          0
 15699,    83,   84000000,   18220070,        0,  -65779930,          0
 15699,    84,   84000000,   19459098,        0,  -64540902,          0
 15699,    85,   84000000,   18315807,        0,  -65684193,          0
 15699,    86,   84000000,   18331503,        0,  -65668497,          0
 15699,    87,   84000000,   18537230,        0,  -65462770,          0
 15699,    88,   84000000,   18300475,        0,  -65699525,          0
 15699,    89,   84000000,   18226863,        0,  -65773137,          0
 15699,    90,   84000000,   18537457,        0,  -65462543,          0
 15699,    91,   84000000,   20667094,        0,  -63332906,          0
 15699,    92,   84000000,   18216195,        0,  -65783805,          0
 15699,    93,   84000000,   19627399,        0,  -64372601,          0
 15699,    94,   84000000,   18228139,        0,  -65771861,          0
 15699,    95,   84000000,   18222332,        0,  -65777668,          0
 15699,    96,   84000000,   18646328,        0,  -65353672,          0
 15699,    97,   84000000,   18602852,        0,  -65397148,          0
 15699,    98,   84000000,   18237017,        0,  -65762983,          0
 15699,    99,   84000000,   18526623,        0,  -65473377,          0
 15699,   100,   84000000,   18202409,        0,  -65797591,          0
 15699,   101,   84000000,   18229584,        0,  -65770416,          0
 15699,   102,   84000000,   18394318,        0,  -65605682,          0
 15699,   103,   84000000,   23353079,        0,  -60646921,          0
 15699,   104,   84000000,   19101483,        0,  -64898517,          0
 15699,   105,   84000000,   18243220,        0,  -65756780,          0
 15699,   106,   84000000,   18251370,        0,  -65748630,          0
 15699,   107,   84000000,   19554234,        0,  -64445766,          0
 15699,   108,   84000000,   18417472,        0,  -65582528,          0
 15699,   109,   84000000,   19709043,        0,  -64290957,          0
 15699,   110,   84000000,   18261837,        0,  -65738163,          0
 15699,   111,   84000000,   18216177,        0,  -65783823,          0
 15699,   112,   84000000,   19229833,        0,  -64770167,          0
 15699,   113,   84000000,   20367025,        0,  -63632975,          0
 15699,   114,   84000000,   19141299,        0,  -64858701,          0
 15699,   115,   84000000,   19302729,        0,  -64697271,          0
 15699,   116,   84000000,   18257188,        0,  -65742812,          0
 15699,   117,   84000000,   18285945,        0,  -65714055,          0
 15699,   118,   84000000,   22282244,        0,  -61717756,          0
 15699,   119,   84000000,   18265791,        0,  -65734209,          0
 15699,   120,   84000000,   18244337,        0,  -65755663,          0
 15699,   121,   84000000,   18302084,        0,  -65697916,          0
 15699,   122,   84000000,   18261635,        0,  -65738365,          0
 15699,   123,   84000000,   18219805,        0,  -65780195,          0
