146 146 0
208 208 0
255 255 0
116 116 0
326 326 0
198 198 0
196 196 0
194 194 0
731 731 0
428 428 0
163 163 0
126 126 0
145 145 0
121 121 0
162 162 0
168 168 0
292 292 0
164 164 0
178 178 0
727 727 0
126 126 0
212 212 0
197 197 0
361 361 0
130 130 0
173 173 0
214 214 0
146 146 0
259 259 0
270 270 0
782 782 0
287 287 0
121 121 0
119 119 0
150 150 0
262 262 0
322 322 0
141 141 0
327 327 0
372 372 0
383 383 0
127 127 0
180 180 0
231 231 0
173 173 0
370 370 0
552 552 0
310 310 0
136 136 0
251 251 0
180 180 0
387 387 0
128 128 0
321 321 0
132 132 0
214 214 0
297 297 0
600 600 0
185 185 0
168 168 0
185 185 0
132 132 0
126 126 0
227 227 0
179 179 0
789 789 0
125 125 0
281 281 0
141 141 0
576 576 0
127 127 0
164 164 0
183 183 0
335 335 0
199 199 0
163 163 0
159 159 0
140 140 0
161 161 0
788 788 0
292 292 0
159 159 0
