# Task,   Job,     Period,   Response, DL Miss?,   Lateness,  Tardiness
# task NAME=myapp PID=617 COST=29884000 PERIOD=43000000 CPU=0
   617,     2,   43000000,       8488,        0,  -42991512,          0
   617,     3,   43000000,     109707,        0,  -42890293,          0
   617,     4,   43000000,   31357448,        0,  -11642552,          0
   617,     5,   43000000,   32533081,        0,  -10466919,          0
   617,     6,   43000000,   34780805,        0,   -8219195,          0
   617,     7,   43000000,   29297593,        0,  -13702407,          0
   617,     8,   43000000,   32398525,        0,  -10601475,          0
   617,     9,   43000000,   29421975,        0,  -13578025,          0
   617,    10,   43000000,   36115185,        0,   -6884815,          0
   617,    11,   43000000,   30342659,        0,  -12657341,          0
   617,    12,   43000000,   31649106,        0,  -11350894,          0
   617,    13,   43000000,   31536314,        0,  -11463686,          0
   617,    14,   43000000,   29289486,        0,  -13710514,          0
   617,    15,   43000000,   30976672,        0,  -12023328,          0
   617,    16,   43000000,   29399159,        0,  -13600841,          0
   617,    17,   43000000,   33773023,        0,   -9226977,          0
   617,    18,   43000000,   30326286,        0,  -12673714,          0
   617,    19,   43000000,   33405124,        0,   -9594876,          0
   617,    20,   43000000,   30659538,        0,  -12340462,          0
   617,    21,   43000000,   35355196,        0,   -7644804,          0
   617,    22,   43000000,   32356345,        0,  -10643655,          0
   617,    23,   43000000,   31700146,        0,  -11299854,          0
   617,    24,   43000000,   33113856,        0,   -9886144,          0
   617,    25,   43000000,   31349584,        0,  -11650416,          0
   617,    26,   43000000,   31600926,        0,  -11399074,          0
   617,    27,   43000000,   29390428,        0,  -13609572,          0
   617,    28,   43000000,   31477108,        0,  -11522892,          0
   617,    29,   43000000,   29620343,        0,  -13379657,          0
   617,    30,   43000000,   32355116,        0,  -10644884,          0
   617,    31,   43000000,   31794516,        0,  -11205484,          0
   617,    32,   43000000,   29583062,        0,  -13416938,          0
   617,    33,   43000000,   33394088,        0,   -9605912,          0
   617,    34,   43000000,   29344042,        0,  -13655958,          0
   617,    35,   43000000,   32607249,        0,  -10392751,          0
   617,    36,   43000000,   29304656,        0,  -13695344,          0
   617,    37,   43000000,   36201016,        0,   -6798984,          0
   617,    38,   43000000,   30411565,        0,  -12588435,          0
   617,    39,   43000000,   34012912,        0,   -8987088,          0
   617,    40,   43000000,   31417190,        0,  -11582810,          0
   617,    41,   43000000,   32681541,        0,  -10318459,          0
   617,    42,   43000000,   30611119,        0,  -12388881,          0
   617,    43,   43000000,   29278119,        0,  -13721881,          0
   617,    44,   43000000,   31943235,        0,  -11056765,          0
   617,    45,   43000000,   29411807,        0,  -13588193,          0
   617,    46,   43000000,   31343674,        0,  -11656326,          0
   617,    47,   43000000,   30317604,        0,  -12682396,          0
   617,    48,   43000000,   29319824,        0,  -13680176,          0
   617,    49,   43000000,   33399340,        0,   -9600660,          0
   617,    50,   43000000,   29354067,        0,  -13645933,          0
   617,    51,   43000000,   33142815,        0,   -9857185,          0
   617,    52,   43000000,   29650820,        0,  -13349180,          0
   617,    53,   43000000,   30940171,        0,  -12059829,          0
   617,    54,   43000000,   29280423,        0,  -13719577,          0
   617,    55,   43000000,   33452601,        0,   -9547399,          0
   617,    56,   43000000,   29289246,        0,  -13710754,          0
   617,    57,   43000000,   30104668,        0,  -12895332,          0
   617,    58,   43000000,   29676468,        0,  -13323532,          0
   617,    59,   43000000,   30775872,        0,  -12224128,          0
   617,    60,   43000000,   29994055,        0,  -13005945,          0
   617,    61,   43000000,   30708986,        0,  -12291014,          0
   617,    62,   43000000,   33101333,        0,   -9898667,          0
   617,    63,   43000000,   29275300,        0,  -13724700,          0
   617,    64,   43000000,   32635852,        0,  -10364148,          0
   617,    65,   43000000,   29597171,        0,  -13402829,          0
   617,    66,   43000000,   29331563,        0,  -13668437,          0
   617,    67,   43000000,   31932126,        0,  -11067874,          0
   617,    68,   43000000,   31327874,        0,  -11672126,          0
   617,    69,   43000000,   36857596,        0,   -6142404,          0
   617,    70,   43000000,   29577700,        0,  -13422300,          0
   617,    71,   43000000,   33922715,        0,   -9077285,          0
   617,    72,   43000000,   29370961,        0,  -13629039,          0
   617,    73,   43000000,   33085296,        0,   -9914704,          0
   617,    74,   43000000,   29564417,        0,  -13435583,          0
   617,    75,   43000000,   32085434,        0,  -10914566,          0
   617,    76,   43000000,   33345793,        0,   -9654207,          0
   617,    77,   43000000,   29286944,        0,  -13713056,          0
   617,    78,   43000000,   34644662,        0,   -8355338,          0
   617,    79,   43000000,   30852424,        0,  -12147576,          0
   617,    80,   43000000,   32655483,        0,  -10344517,          0
   617,    81,   43000000,   29570660,        0,  -13429340,          0
   617,    82,   43000000,   35629245,        0,   -7370755,          0
   617,    83,   43000000,   33291258,        0,   -9708742,          0
   617,    84,   43000000,   31715489,        0,  -11284511,          0
   617,    85,   43000000,   32592260,        0,  -10407740,          0
   617,    86,   43000000,   29657173,        0,  -13342827,          0
   617,    87,   43000000,   35038569,        0,   -7961431,          0
   617,    88,   43000000,   29295573,        0,  -13704427,          0
   617,    89,   43000000,   35352109,        0,   -7647891,          0
   617,    90,   43000000,   29609076,        0,  -13390924,          0
   617,    91,   43000000,   32432077,        0,  -10567923,          0
   617,    92,   43000000,   30301853,        0,  -12698147,          0
   617,    93,   43000000,   29699241,        0,  -13300759,          0
   617,    94,   43000000,   30920544,        0,  -12079456,          0
   617,    95,   43000000,   29296842,        0,  -13703158,          0
   617,    96,   43000000,   37903036,        0,   -5096964,          0
   617,    97,   43000000,   29623166,        0,  -13376834,          0
   617,    98,   43000000,   34533745,        0,   -8466255,          0
   617,    99,   43000000,   29544192,        0,  -13455808,          0
   617,   100,   43000000,   32694832,        0,  -10305168,          0
   617,   101,   43000000,   30502236,        0,  -12497764,          0
   617,   102,   43000000,   32666316,        0,  -10333684,          0
   617,   103,   43000000,   31589465,        0,  -11410535,          0
   617,   104,   43000000,   30266271,        0,  -12733729,          0
   617,   105,   43000000,   32773744,        0,  -10226256,          0
   617,   106,   43000000,   29972472,        0,  -13027528,          0
   617,   107,   43000000,   31484896,        0,  -11515104,          0
   617,   108,   43000000,   29279531,        0,  -13720469,          0
   617,   109,   43000000,   32613959,        0,  -10386041,          0
   617,   110,   43000000,   30291324,        0,  -12708676,          0
   617,   111,   43000000,   29305658,        0,  -13694342,          0
   617,   112,   43000000,   33135720,        0,   -9864280,          0
   617,   113,   43000000,   30097596,        0,  -12902404,          0
   617,   114,   43000000,   33225590,        0,   -9774410,          0
   617,   115,   43000000,   29406239,        0,  -13593761,          0
   617,   116,   43000000,   36873330,        0,   -6126670,          0
   617,   117,   43000000,   30028778,        0,  -12971222,          0
   617,   118,   43000000,   36747719,        0,   -6252281,          0
   617,   119,   43000000,   32808758,        0,  -10191242,          0
   617,   120,   43000000,   34228400,        0,   -8771600,          0
   617,   121,   43000000,   29455818,        0,  -13544182,          0
   617,   122,   43000000,   30450246,        0,  -12549754,          0
   617,   123,   43000000,   31274373,        0,  -11725627,          0
   617,   124,   43000000,   29293832,        0,  -13706168,          0
   617,   125,   43000000,   31889121,        0,  -11110879,          0
   617,   126,   43000000,   30390219,        0,  -12609781,          0
   617,   127,   43000000,   31397139,        0,  -11602861,          0
   617,   128,   43000000,   32339727,        0,  -10660273,          0
   617,   129,   43000000,   29275013,        0,  -13724987,          0
   617,   130,   43000000,   31698441,        0,  -11301559,          0
   617,   131,   43000000,   29655544,        0,  -13344456,          0
   617,   132,   43000000,   36032363,        0,   -6967637,          0
   617,   133,   43000000,   29432949,        0,  -13567051,          0
   617,   134,   43000000,   32060109,        0,  -10939891,          0
   617,   135,   43000000,   30746038,        0,  -12253962,          0
   617,   136,   43000000,   35425645,        0,   -7574355,          0
   617,   137,   43000000,   31224909,        0,  -11775091,          0
   617,   138,   43000000,   31483432,        0,  -11516568,          0
   617,   139,   43000000,   29309657,        0,  -13690343,          0
   617,   140,   43000000,   29301997,        0,  -13698003,          0
   617,   141,   43000000,   30369980,        0,  -12630020,          0
   617,   142,   43000000,   29301232,        0,  -13698768,          0
   617,   143,   43000000,   29392408,        0,  -13607592,          0
   617,   144,   43000000,   29262550,        0,  -13737450,          0
   617,   145,   43000000,   31729205,        0,  -11270795,          0
   617,   146,   43000000,   34103145,        0,   -8896855,          0
   617,   147,   43000000,   30973021,        0,  -12026979,          0
   617,   148,   43000000,   36109729,        0,   -6890271,          0
   617,   149,   43000000,   29282550,        0,  -13717450,          0
   617,   150,   43000000,   35216543,        0,   -7783457,          0
   617,   151,   43000000,   29706688,        0,  -13293312,          0
   617,   152,   43000000,   32436275,        0,  -10563725,          0
   617,   153,   43000000,   29268165,        0,  -13731835,          0
   617,   154,   43000000,   33635578,        0,   -9364422,          0
   617,   155,   43000000,   31764501,        0,  -11235499,          0
   617,   156,   43000000,   31404962,        0,  -11595038,          0
   617,   157,   43000000,   33953850,        0,   -9046150,          0
   617,   158,   43000000,   29272336,        0,  -13727664,          0
   617,   159,   43000000,   29341095,        0,  -13658905,          0
   617,   160,   43000000,   29556405,        0,  -13443595,          0
   617,   161,   43000000,   32504511,        0,  -10495489,          0
   617,   162,   43000000,   31327695,        0,  -11672305,          0
   617,   163,   43000000,   29628303,        0,  -13371697,          0
   617,   164,   43000000,   32876454,        0,  -10123546,          0
   617,   165,   43000000,   29277312,        0,  -13722688,          0
   617,   166,   43000000,   34264034,        0,   -8735966,          0
   617,   167,   43000000,   29276155,        0,  -13723845,          0
   617,   168,   43000000,   32177337,        0,  -10822663,          0
   617,   169,   43000000,   29301540,        0,  -13698460,          0
   617,   170,   43000000,   33771967,        0,   -9228033,          0
   617,   171,   43000000,   31516212,        0,  -11483788,          0
   617,   172,   43000000,   32349169,        0,  -10650831,          0
   617,   173,   43000000,   34205246,        0,   -8794754,          0
   617,   174,   43000000,   31608087,        0,  -11391913,          0
   617,   175,   43000000,   35720051,        0,   -7279949,          0
   617,   176,   43000000,   29453415,        0,  -13546585,          0
   617,   177,   43000000,   34837849,        0,   -8162151,          0
   617,   178,   43000000,   29361766,        0,  -13638234,          0
   617,   179,   43000000,   33289455,        0,   -9710545,          0
   617,   180,   43000000,   30812952,        0,  -12187048,          0
   617,   181,   43000000,   29278882,        0,  -13721118,          0
   617,   182,   43000000,   33916321,        0,   -9083679,          0
   617,   183,   43000000,   30543267,        0,  -12456733,          0
   617,   184,   43000000,   32837903,        0,  -10162097,          0
   617,   185,   43000000,   31445694,        0,  -11554306,          0
   617,   186,   43000000,   33232121,        0,   -9767879,          0
   617,   187,   43000000,   29271658,        0,  -13728342,          0
   617,   188,   43000000,   32913607,        0,  -10086393,          0
   617,   189,   43000000,   30990136,        0,  -12009864,          0
   617,   190,   43000000,   29393524,        0,  -13606476,          0
   617,   191,   43000000,   33469359,        0,   -9530641,          0
   617,   192,   43000000,   30239069,        0,  -12760931,          0
   617,   193,   43000000,   37627136,        0,   -5372864,          0
   617,   194,   43000000,   29276718,        0,  -13723282,          0
   617,   195,   43000000,   35893617,        0,   -7106383,          0
   617,   196,   43000000,   29310618,        0,  -13689382,          0
   617,   197,   43000000,   33407110,        0,   -9592890,          0
   617,   198,   43000000,   31543649,        0,  -11456351,          0
   617,   199,   43000000,   32276665,        0,  -10723335,          0
   617,   200,   43000000,   32169589,        0,  -10830411,          0
   617,   201,   43000000,   31470792,        0,  -11529208,          0
   617,   202,   43000000,   32682051,        0,  -10317949,          0
   617,   203,   43000000,   29311346,        0,  -13688654,          0
   617,   204,   43000000,   30953390,        0,  -12046610,          0
   617,   205,   43000000,   29584071,        0,  -13415929,          0
   617,   206,   43000000,   30281098,        0,  -12718902,          0
   617,   207,   43000000,   29588902,        0,  -13411098,          0
   617,   208,   43000000,   29988455,        0,  -13011545,          0
   617,   209,   43000000,   31625870,        0,  -11374130,          0
   617,   210,   43000000,   29258146,        0,  -13741854,          0
   617,   211,   43000000,   34506377,        0,   -8493623,          0
   617,   212,   43000000,   29646164,        0,  -13353836,          0
   617,   213,   43000000,   34670493,        0,   -8329507,          0
   617,   214,   43000000,   29304213,        0,  -13695787,          0
   617,   215,   43000000,   34692603,        0,   -8307397,          0
   617,   216,   43000000,   30091069,        0,  -12908931,          0
   617,   217,   43000000,   31376991,        0,  -11623009,          0
   617,   218,   43000000,   31667546,        0,  -11332454,          0
   617,   219,   43000000,   29303710,        0,  -13696290,          0
   617,   220,   43000000,   29277790,        0,  -13722210,          0
   617,   221,   43000000,   29572772,        0,  -13427228,          0
   617,   222,   43000000,   31784200,        0,  -11215800,          0
   617,   223,   43000000,   29344093,        0,  -13655907,          0
   617,   224,   43000000,   32816658,        0,  -10183342,          0
   617,   225,   43000000,   31173072,        0,  -11826928,          0
   617,   226,   43000000,   31372956,        0,  -11627044,          0
   617,   227,   43000000,   33977760,        0,   -9022240,          0
   617,   228,   43000000,   29271485,        0,  -13728515,          0
   617,   229,   43000000,   35101557,        0,   -7898443,          0
   617,   230,   43000000,   29312177,        0,  -13687823,          0
   617,   231,   43000000,   36333870,        0,   -6666130,          0
   617,   232,   43000000,   30997246,        0,  -12002754,          0
   617,   233,   43000000,   32876616,        0,  -10123384,          0
   617,   234,   43000000,   30992145,        0,  -12007855,          0
   617,   235,   43000000,   30454976,        0,  -12545024,          0
   617,   236,   43000000,   34282280,        0,   -8717720,          0
# task NAME=myapp PID=620 COST=34569000 PERIOD=48000000 CPU=0
   620,     2,   48000000,       8314,        0,  -47991686,          0
   620,     3,   48000000,      78041,        0,  -47921959,          0
   620,     4,   48000000,   35652004,        0,  -12347996,          0
   620,     5,   48000000,   39840718,        0,   -8159282,          0
   620,     6,   48000000,   37097365,        0,  -10902635,          0
   620,     7,   48000000,   36340056,        0,  -11659944,          0
   620,     8,   48000000,   34149210,        0,  -13850790,          0
   620,     9,   48000000,   39705078,        0,   -8294922,          0
   620,    10,   48000000,   34199103,        0,  -13800897,          0
   620,    11,   48000000,   38094161,        0,   -9905839,          0
   620,    12,   48000000,   37757658,        0,  -10242342,          0
   620,    13,   48000000,   34231538,        0,  -13768462,          0
   620,    14,   48000000,   37863660,        0,  -10136340,          0
   620,    15,   48000000,   36038524,        0,  -11961476,          0
   620,    16,   48000000,   37244045,        0,  -10755955,          0
   620,    17,   48000000,   37046050,        0,  -10953950,          0
   620,    18,   48000000,   34136016,        0,  -13863984,          0
   620,    19,   48000000,   37092752,        0,  -10907248,          0
   620,    20,   48000000,   35832012,        0,  -12167988,          0
   620,    21,   48000000,   36085637,        0,  -11914363,          0
   620,    22,   48000000,   33935506,        0,  -14064494,          0
   620,    23,   48000000,   38185301,        0,   -9814699,          0
   620,    24,   48000000,   34024919,        0,  -13975081,          0
   620,    25,   48000000,   35991149,        0,  -12008851,          0
   620,    26,   48000000,   34240547,        0,  -13759453,          0
   620,    27,   48000000,   36654964,        0,  -11345036,          0
   620,    28,   48000000,   38171269,        0,   -9828731,          0
   620,    29,   48000000,   34173658,        0,  -13826342,          0
   620,    30,   48000000,   37953242,        0,  -10046758,          0
   620,    31,   48000000,   35148083,        0,  -12851917,          0
   620,    32,   48000000,   37984376,        0,  -10015624,          0
   620,    33,   48000000,   37234780,        0,  -10765220,          0
   620,    34,   48000000,   38671934,        0,   -9328066,          0
   620,    35,   48000000,   37835082,        0,  -10164918,          0
   620,    36,   48000000,   36889151,        0,  -11110849,          0
   620,    37,   48000000,   36052826,        0,  -11947174,          0
   620,    38,   48000000,   36269726,        0,  -11730274,          0
   620,    39,   48000000,   36896691,        0,  -11103309,          0
   620,    40,   48000000,   37728159,        0,  -10271841,          0
   620,    41,   48000000,   34029568,        0,  -13970432,          0
   620,    42,   48000000,   38998024,        0,   -9001976,          0
   620,    43,   48000000,   33927767,        0,  -14072233,          0
   620,    44,   48000000,   36278669,        0,  -11721331,          0
   620,    45,   48000000,   34024595,        0,  -13975405,          0
   620,    46,   48000000,   40998992,        0,   -7001008,          0
   620,    47,   48000000,   34295160,        0,  -13704840,          0
   620,    48,   48000000,   38400196,        0,   -9599804,          0
   620,    49,   48000000,   34064900,        0,  -13935100,          0
   620,    50,   48000000,   37705544,        0,  -10294456,          0
   620,    51,   48000000,   34977628,        0,  -13022372,          0
   620,    52,   48000000,   34312211,        0,  -13687789,          0
   620,    53,   48000000,   34207079,        0,  -13792921,          0
   620,    54,   48000000,   34028819,        0,  -13971181,          0
   620,    55,   48000000,   36375066,        0,  -11624934,          0
   620,    56,   48000000,   36893087,        0,  -11106913,          0
   620,    57,   48000000,   34803936,        0,  -13196064,          0
   620,    58,   48000000,   37956157,        0,  -10043843,          0
   620,    59,   48000000,   34031025,        0,  -13968975,          0
   620,    60,   48000000,   38231238,        0,   -9768762,          0
   620,    61,   48000000,   33851227,        0,  -14148773,          0
   620,    62,   48000000,   38968695,        0,   -9031305,          0
   620,    63,   48000000,   34170668,        0,  -13829332,          0
   620,    64,   48000000,   38354228,        0,   -9645772,          0
   620,    65,   48000000,   35215804,        0,  -12784196,          0
   620,    66,   48000000,   37360852,        0,  -10639148,          0
   620,    67,   48000000,   34541396,        0,  -13458604,          0
   620,    68,   48000000,   38406270,        0,   -9593730,          0
   620,    69,   48000000,   34164810,        0,  -13835190,          0
   620,    70,   48000000,   37644432,        0,  -10355568,          0
   620,    71,   48000000,   33862275,        0,  -14137725,          0
   620,    72,   48000000,   38120851,        0,   -9879149,          0
   620,    73,   48000000,   34178941,        0,  -13821059,          0
   620,    74,   48000000,   40929941,        0,   -7070059,          0
   620,    75,   48000000,   34325946,        0,  -13674054,          0
   620,    76,   48000000,   40144480,        0,   -7855520,          0
   620,    77,   48000000,   33876582,        0,  -14123418,          0
   620,    78,   48000000,   37230219,        0,  -10769781,          0
   620,    79,   48000000,   34028027,        0,  -13971973,          0
   620,    80,   48000000,   40965174,        0,   -7034826,          0
   620,    81,   48000000,   34156304,        0,  -13843696,          0
   620,    82,   48000000,   37160332,        0,  -10839668,          0
   620,    83,   48000000,   36111191,        0,  -11888809,          0
   620,    84,   48000000,   35202715,        0,  -12797285,          0
   620,    85,   48000000,   33855518,        0,  -14144482,          0
   620,    86,   48000000,   37876727,        0,  -10123273,          0
   620,    87,   48000000,   34103571,        0,  -13896429,          0
   620,    88,   48000000,   41118520,        0,   -6881480,          0
   620,    89,   48000000,   34623888,        0,  -13376112,          0
   620,    90,   48000000,   39794454,        0,   -8205546,          0
   620,    91,   48000000,   34585837,        0,  -13414163,          0
   620,    92,   48000000,   38282961,        0,   -9717039,          0
   620,    93,   48000000,   34019827,        0,  -13980173,          0
   620,    94,   48000000,   42893245,        0,   -5106755,          0
   620,    95,   48000000,   33856775,        0,  -14143225,          0
   620,    96,   48000000,   36523174,        0,  -11476826,          0
   620,    97,   48000000,   33941131,        0,  -14058869,          0
   620,    98,   48000000,   38213682,        0,   -9786318,          0
   620,    99,   48000000,   36604524,        0,  -11395476,          0
   620,   100,   48000000,   33887816,        0,  -14112184,          0
   620,   101,   48000000,   35396282,        0,  -12603718,          0
   620,   102,   48000000,   34785390,        0,  -13214610,          0
   620,   103,   48000000,   34937969,        0,  -13062031,          0
   620,   104,   48000000,   38401213,        0,   -9598787,          0
   620,   105,   48000000,   35432712,        0,  -12567288,          0
   620,   106,   48000000,   39187607,        0,   -8812393,          0
   620,   107,   48000000,   37779095,        0,  -10220905,          0
   620,   108,   48000000,   35926517,        0,  -12073483,          0
   620,   109,   48000000,   34866275,        0,  -13133725,          0
   620,   110,   48000000,   33915541,        0,  -14084459,          0
   620,   111,   48000000,   36551674,        0,  -11448326,          0
   620,   112,   48000000,   36624589,        0,  -11375411,          0
   620,   113,   48000000,   34052630,        0,  -13947370,          0
   620,   114,   48000000,   35927676,        0,  -12072324,          0
   620,   115,   48000000,   36538893,        0,  -11461107,          0
   620,   116,   48000000,   35273874,        0,  -12726126,          0
   620,   117,   48000000,   36143181,        0,  -11856819,          0
   620,   118,   48000000,   34047720,        0,  -13952280,          0
   620,   119,   48000000,   34954012,        0,  -13045988,          0
   620,   120,   48000000,   36209939,        0,  -11790061,          0
   620,   121,   48000000,   34010187,        0,  -13989813,          0
   620,   122,   48000000,   39176695,        0,   -8823305,          0
   620,   123,   48000000,   36850398,        0,  -11149602,          0
   620,   124,   48000000,   37356354,        0,  -10643646,          0
   620,   125,   48000000,   35519732,        0,  -12480268,          0
   620,   126,   48000000,   35227851,        0,  -12772149,          0
   620,   127,   48000000,   38468159,        0,   -9531841,          0
   620,   128,   48000000,   34288988,        0,  -13711012,          0
   620,   129,   48000000,   34839708,        0,  -13160292,          0
   620,   130,   48000000,   33852078,        0,  -14147922,          0
   620,   131,   48000000,   37993799,        0,  -10006201,          0
   620,   132,   48000000,   38647756,        0,   -9352244,          0
   620,   133,   48000000,   39544340,        0,   -8455660,          0
   620,   134,   48000000,   36033262,        0,  -11966738,          0
   620,   135,   48000000,   38241590,        0,   -9758410,          0
   620,   136,   48000000,   36044588,        0,  -11955412,          0
   620,   137,   48000000,   35510251,        0,  -12489749,          0
   620,   138,   48000000,   38414248,        0,   -9585752,          0
   620,   139,   48000000,   36712284,        0,  -11287716,          0
   620,   140,   48000000,   35938201,        0,  -12061799,          0
   620,   141,   48000000,   39594189,        0,   -8405811,          0
   620,   142,   48000000,   34435581,        0,  -13564419,          0
   620,   143,   48000000,   35822681,        0,  -12177319,          0
   620,   144,   48000000,   34034891,        0,  -13965109,          0
   620,   145,   48000000,   36607289,        0,  -11392711,          0
   620,   146,   48000000,   34476662,        0,  -13523338,          0
   620,   147,   48000000,   35959529,        0,  -12040471,          0
   620,   148,   48000000,   33989413,        0,  -14010587,          0
   620,   149,   48000000,   39335468,        0,   -8664532,          0
   620,   150,   48000000,   33868350,        0,  -14131650,          0
   620,   151,   48000000,   39619250,        0,   -8380750,          0
   620,   152,   48000000,   33885004,        0,  -14114996,          0
   620,   153,   48000000,   37654939,        0,  -10345061,          0
   620,   154,   48000000,   36249121,        0,  -11750879,          0
   620,   155,   48000000,   35732970,        0,  -12267030,          0
   620,   156,   48000000,   35878453,        0,  -12121547,          0
   620,   157,   48000000,   38977759,        0,   -9022241,          0
   620,   158,   48000000,   33868250,        0,  -14131750,          0
   620,   159,   48000000,   41091186,        0,   -6908814,          0
   620,   160,   48000000,   35148228,        0,  -12851772,          0
   620,   161,   48000000,   38706026,        0,   -9293974,          0
   620,   162,   48000000,   33884425,        0,  -14115575,          0
   620,   163,   48000000,   38390663,        0,   -9609337,          0
   620,   164,   48000000,   34201013,        0,  -13798987,          0
   620,   165,   48000000,   37089214,        0,  -10910786,          0
   620,   166,   48000000,   33886215,        0,  -14113785,          0
   620,   167,   48000000,   39164610,        0,   -8835390,          0
   620,   168,   48000000,   36399103,        0,  -11600897,          0
   620,   169,   48000000,   34878994,        0,  -13121006,          0
   620,   170,   48000000,   33846462,        0,  -14153538,          0
   620,   171,   48000000,   37784056,        0,  -10215944,          0
   620,   172,   48000000,   34164429,        0,  -13835571,          0
   620,   173,   48000000,   37520957,        0,  -10479043,          0
   620,   174,   48000000,   33893617,        0,  -14106383,          0
   620,   175,   48000000,   41183777,        0,   -6816223,          0
   620,   176,   48000000,   34848002,        0,  -13151998,          0
   620,   177,   48000000,   41182486,        0,   -6817514,          0
   620,   178,   48000000,   33849371,        0,  -14150629,          0
   620,   179,   48000000,   39581188,        0,   -8418812,          0
   620,   180,   48000000,   34241944,        0,  -13758056,          0
   620,   181,   48000000,   38089547,        0,   -9910453,          0
   620,   182,   48000000,   33877831,        0,  -14122169,          0
   620,   183,   48000000,   36205244,        0,  -11794756,          0
   620,   184,   48000000,   33839783,        0,  -14160217,          0
   620,   185,   48000000,   36287467,        0,  -11712533,          0
   620,   186,   48000000,   34861865,        0,  -13138135,          0
   620,   187,   48000000,   37280372,        0,  -10719628,          0
   620,   188,   48000000,   34254458,        0,  -13745542,          0
   620,   189,   48000000,   40110422,        0,   -7889578,          0
   620,   190,   48000000,   35262962,        0,  -12737038,          0
   620,   191,   48000000,   39888189,        0,   -8111811,          0
   620,   192,   48000000,   33919551,        0,  -14080449,          0
   620,   193,   48000000,   42283629,        0,   -5716371,          0
   620,   194,   48000000,   34018146,        0,  -13981854,          0
   620,   195,   48000000,   37320006,        0,  -10679994,          0
   620,   196,   48000000,   33879678,        0,  -14120322,          0
   620,   197,   48000000,   35328492,        0,  -12671508,          0
   620,   198,   48000000,   34263223,        0,  -13736777,          0
   620,   199,   48000000,   33891729,        0,  -14108271,          0
   620,   200,   48000000,   33946352,        0,  -14053648,          0
   620,   201,   48000000,   37375467,        0,  -10624533,          0
   620,   202,   48000000,   36965999,        0,  -11034001,          0
   620,   203,   48000000,   40830881,        0,   -7169119,          0
   620,   204,   48000000,   37609731,        0,  -10390269,          0
   620,   205,   48000000,   36625728,        0,  -11374272,          0
   620,   206,   48000000,   39174343,        0,   -8825657,          0
   620,   207,   48000000,   39838516,        0,   -8161484,          0
   620,   208,   48000000,   34088425,        0,  -13911575,          0
   620,   209,   48000000,   39975009,        0,   -8024991,          0
   620,   210,   48000000,   38105597,        0,   -9894403,          0
   620,   211,   48000000,   36354609,        0,  -11645391,          0
   620,   212,   48000000,   38084331,        0,   -9915669,          0
# task NAME=myapp PID=625 COST=50704000 PERIOD=97000000 CPU=0
   625,     2,   97000000,       8660,        0,  -96991340,          0
   625,     3,   97000000,      72617,        0,  -96927383,          0
   625,     4,   97000000,   61446103,        0,  -35553897,          0
   625,     5,   97000000,   53087060,        0,  -43912940,          0
   625,     6,   97000000,   55784478,        0,  -41215522,          0
   625,     7,   97000000,   56653990,        0,  -40346010,          0
   625,     8,   97000000,   52350612,        0,  -44649388,          0
   625,     9,   97000000,   54905287,        0,  -42094713,          0
   625,    10,   97000000,   52754911,        0,  -44245089,          0
   625,    11,   97000000,   58131481,        0,  -38868519,          0
   625,    12,   97000000,   55055709,        0,  -41944291,          0
   625,    13,   97000000,   52798097,        0,  -44201903,          0
   625,    14,   97000000,   51801547,        0,  -45198453,          0
   625,    15,   97000000,   54121985,        0,  -42878015,          0
   625,    16,   97000000,   54481084,        0,  -42518916,          0
   625,    17,   97000000,   55378835,        0,  -41621165,          0
   625,    18,   97000000,   56035039,        0,  -40964961,          0
   625,    19,   97000000,   58880744,        0,  -38119256,          0
   625,    20,   97000000,   53538189,        0,  -43461811,          0
   625,    21,   97000000,   52743603,        0,  -44256397,          0
   625,    22,   97000000,   52203763,        0,  -44796237,          0
   625,    23,   97000000,   52998820,        0,  -44001180,          0
   625,    24,   97000000,   53946714,        0,  -43053286,          0
   625,    25,   97000000,   52995522,        0,  -44004478,          0
   625,    26,   97000000,   53372540,        0,  -43627460,          0
   625,    27,   97000000,   51525697,        0,  -45474303,          0
   625,    28,   97000000,   52104465,        0,  -44895535,          0
   625,    29,   97000000,   54399356,        0,  -42600644,          0
   625,    30,   97000000,   55164953,        0,  -41835047,          0
   625,    31,   97000000,   54699897,        0,  -42300103,          0
   625,    32,   97000000,   59980291,        0,  -37019709,          0
   625,    33,   97000000,   55519054,        0,  -41480946,          0
   625,    34,   97000000,   53236883,        0,  -43763117,          0
   625,    35,   97000000,   55082268,        0,  -41917732,          0
   625,    36,   97000000,   54192691,        0,  -42807309,          0
   625,    37,   97000000,   52920995,        0,  -44079005,          0
   625,    38,   97000000,   55434202,        0,  -41565798,          0
   625,    39,   97000000,   56737293,        0,  -40262707,          0
   625,    40,   97000000,   54046860,        0,  -42953140,          0
   625,    41,   97000000,   55451357,        0,  -41548643,          0
   625,    42,   97000000,   52735884,        0,  -44264116,          0
   625,    43,   97000000,   50066855,        0,  -46933145,          0
   625,    44,   97000000,   54121938,        0,  -42878062,          0
   625,    45,   97000000,   54725625,        0,  -42274375,          0
   625,    46,   97000000,   54746145,        0,  -42253855,          0
   625,    47,   97000000,   57138689,        0,  -39861311,          0
   625,    48,   97000000,   55506861,        0,  -41493139,          0
   625,    49,   97000000,   52376451,        0,  -44623549,          0
   625,    50,   97000000,   53002529,        0,  -43997471,          0
   625,    51,   97000000,   50443455,        0,  -46556545,          0
   625,    52,   97000000,   53406181,        0,  -43593819,          0
   625,    53,   97000000,   55841914,        0,  -41158086,          0
   625,    54,   97000000,   59834345,        0,  -37165655,          0
   625,    55,   97000000,   52732081,        0,  -44267919,          0
   625,    56,   97000000,   52267429,        0,  -44732571,          0
   625,    57,   97000000,   53429515,        0,  -43570485,          0
   625,    58,   97000000,   50913538,        0,  -46086462,          0
   625,    59,   97000000,   52794066,        0,  -44205934,          0
   625,    60,   97000000,   53797500,        0,  -43202500,          0
   625,    61,   97000000,   54839443,        0,  -42160557,          0
   625,    62,   97000000,   57444418,        0,  -39555582,          0
   625,    63,   97000000,   53256690,        0,  -43743310,          0
   625,    64,   97000000,   56243952,        0,  -40756048,          0
   625,    65,   97000000,   50971934,        0,  -46028066,          0
   625,    66,   97000000,   56469776,        0,  -40530224,          0
   625,    67,   97000000,   58351795,        0,  -38648205,          0
   625,    68,   97000000,   55710510,        0,  -41289490,          0
   625,    69,   97000000,   55939278,        0,  -41060722,          0
   625,    70,   97000000,   58648308,        0,  -38351692,          0
   625,    71,   97000000,   60300731,        0,  -36699269,          0
   625,    72,   97000000,   53384898,        0,  -43615102,          0
   625,    73,   97000000,   51711320,        0,  -45288680,          0
   625,    74,   97000000,   51329694,        0,  -45670306,          0
   625,    75,   97000000,   57654022,        0,  -39345978,          0
   625,    76,   97000000,   53281228,        0,  -43718772,          0
   625,    77,   97000000,   59129366,        0,  -37870634,          0
   625,    78,   97000000,   53860887,        0,  -43139113,          0
   625,    79,   97000000,   59288688,        0,  -37711312,          0
   625,    80,   97000000,   56017744,        0,  -40982256,          0
   625,    81,   97000000,   58273970,        0,  -38726030,          0
   625,    82,   97000000,   55458036,        0,  -41541964,          0
   625,    83,   97000000,   54067250,        0,  -42932750,          0
   625,    84,   97000000,   51734595,        0,  -45265405,          0
   625,    85,   97000000,   51321250,        0,  -45678750,          0
   625,    86,   97000000,   52963799,        0,  -44036201,          0
   625,    87,   97000000,   54248901,        0,  -42751099,          0
   625,    88,   97000000,   56492484,        0,  -40507516,          0
   625,    89,   97000000,   56875576,        0,  -40124424,          0
   625,    90,   97000000,   53790392,        0,  -43209608,          0
   625,    91,   97000000,   51722172,        0,  -45277828,          0
   625,    92,   97000000,   51904066,        0,  -45095934,          0
   625,    93,   97000000,   50988928,        0,  -46011072,          0
   625,    94,   97000000,   52943277,        0,  -44056723,          0
   625,    95,   97000000,   55033413,        0,  -41966587,          0
   625,    96,   97000000,   54709369,        0,  -42290631,          0
   625,    97,   97000000,   58398476,        0,  -38601524,          0
   625,    98,   97000000,   55590199,        0,  -41409801,          0
   625,    99,   97000000,   51719156,        0,  -45280844,          0
   625,   100,   97000000,   50173242,        0,  -46826758,          0
   625,   101,   97000000,   55400565,        0,  -41599435,          0
   625,   102,   97000000,   59573243,        0,  -37426757,          0
   625,   103,   97000000,   55755768,        0,  -41244232,          0
   625,   104,   97000000,   56220100,        0,  -40779900,          0
   625,   105,   97000000,   58514885,        0,  -38485115,          0
   625,   106,   97000000,   58096646,        0,  -38903354,          0
   625,   107,   97000000,   50282195,        0,  -46717805,          0
# task NAME=myapp PID=628 COST=66953999 PERIOD=85000000 CPU=0
   628,     2,   85000000,       6556,        0,  -84993444,          0
   628,     3,   85000000,     119095,        0,  -84880905,          0
   628,     4,   85000000,   78520199,        0,   -6479801,          0
   628,     5,   85000000,   69644417,        0,  -15355583,          0
   628,     6,   85000000,   71530489,        0,  -13469511,          0
   628,     7,   85000000,   69283830,        0,  -15716170,          0
   628,     8,   85000000,   68664791,        0,  -16335209,          0
   628,     9,   85000000,   68293786,        0,  -16706214,          0
   628,    10,   85000000,   71077768,        0,  -13922232,          0
   628,    11,   85000000,   71002486,        0,  -13997514,          0
   628,    12,   85000000,   72680162,        0,  -12319838,          0
   628,    13,   85000000,   68119582,        0,  -16880418,          0
   628,    14,   85000000,   70051933,        0,  -14948067,          0
   628,    15,   85000000,   67422673,        0,  -17577327,          0
   628,    16,   85000000,   68917358,        0,  -16082642,          0
   628,    17,   85000000,   67798885,        0,  -17201115,          0
   628,    18,   85000000,   70752161,        0,  -14247839,          0
   628,    19,   85000000,   70232489,        0,  -14767511,          0
   628,    20,   85000000,   72470896,        0,  -12529104,          0
   628,    21,   85000000,   72725010,        0,  -12274990,          0
   628,    22,   85000000,   70078801,        0,  -14921199,          0
   628,    23,   85000000,   68793874,        0,  -16206126,          0
   628,    24,   85000000,   70673456,        0,  -14326544,          0
   628,    25,   85000000,   66963272,        0,  -18036728,          0
   628,    26,   85000000,   72309857,        0,  -12690143,          0
   628,    27,   85000000,   71029041,        0,  -13970959,          0
   628,    28,   85000000,   68877661,        0,  -16122339,          0
   628,    29,   85000000,   69988182,        0,  -15011818,          0
   628,    30,   85000000,   67675273,        0,  -17324727,          0
   628,    31,   85000000,   67453291,        0,  -17546709,          0
   628,    32,   85000000,   66179400,        0,  -18820600,          0
   628,    33,   85000000,   72424845,        0,  -12575155,          0
   628,    34,   85000000,   72191076,        0,  -12808924,          0
   628,    35,   85000000,   69366807,        0,  -15633193,          0
   628,    36,   85000000,   74471993,        0,  -10528007,          0
   628,    37,   85000000,   70596531,        0,  -14403469,          0
   628,    38,   85000000,   68880362,        0,  -16119638,          0
   628,    39,   85000000,   67795837,        0,  -17204163,          0
   628,    40,   85000000,   69707958,        0,  -15292042,          0
   628,    41,   85000000,   70580353,        0,  -14419647,          0
   628,    42,   85000000,   73278779,        0,  -11721221,          0
   628,    43,   85000000,   73261157,        0,  -11738843,          0
   628,    44,   85000000,   73128330,        0,  -11871670,          0
   628,    45,   85000000,   70249034,        0,  -14750966,          0
   628,    46,   85000000,   71979801,        0,  -13020199,          0
   628,    47,   85000000,   67844448,        0,  -17155552,          0
   628,    48,   85000000,   67850869,        0,  -17149131,          0
   628,    49,   85000000,   66896259,        0,  -18103741,          0
   628,    50,   85000000,   71940571,        0,  -13059429,          0
   628,    51,   85000000,   72151789,        0,  -12848211,          0
   628,    52,   85000000,   73029729,        0,  -11970271,          0
   628,    53,   85000000,   70101848,        0,  -14898152,          0
   628,    54,   85000000,   70554840,        0,  -14445160,          0
   628,    55,   85000000,   67041068,        0,  -17958932,          0
   628,    56,   85000000,   68075664,        0,  -16924336,          0
   628,    57,   85000000,   65964704,        0,  -19035296,          0
   628,    58,   85000000,   66643858,        0,  -18356142,          0
   628,    59,   85000000,   69002998,        0,  -15997002,          0
   628,    60,   85000000,   73287744,        0,  -11712256,          0
   628,    61,   85000000,   75270368,        0,   -9729632,          0
   628,    62,   85000000,   68639010,        0,  -16360990,          0
   628,    63,   85000000,   66588565,        0,  -18411435,          0
   628,    64,   85000000,   68832846,        0,  -16167154,          0
   628,    65,   85000000,   66642375,        0,  -18357625,          0
   628,    66,   85000000,   69476928,        0,  -15523072,          0
   628,    67,   85000000,   68877892,        0,  -16122108,          0
   628,    68,   85000000,   71775478,        0,  -13224522,          0
   628,    69,   85000000,   67924458,        0,  -17075542,          0
   628,    70,   85000000,   71739563,        0,  -13260437,          0
   628,    71,   85000000,   69879937,        0,  -15120063,          0
   628,    72,   85000000,   66481147,        0,  -18518853,          0
   628,    73,   85000000,   71229242,        0,  -13770758,          0
   628,    74,   85000000,   66571859,        0,  -18428141,          0
   628,    75,   85000000,   71311650,        0,  -13688350,          0
   628,    76,   85000000,   75548114,        0,   -9451886,          0
   628,    77,   85000000,   72108172,        0,  -12891828,          0
   628,    78,   85000000,   71041998,        0,  -13958002,          0
   628,    79,   85000000,   68252001,        0,  -16747999,          0
   628,    80,   85000000,   69805190,        0,  -15194810,          0
   628,    81,   85000000,   69753744,        0,  -15246256,          0
   628,    82,   85000000,   69735758,        0,  -15264242,          0
   628,    83,   85000000,   70269357,        0,  -14730643,          0
   628,    84,   85000000,   70310967,        0,  -14689033,          0
   628,    85,   85000000,   71789085,        0,  -13210915,          0
   628,    86,   85000000,   68733284,        0,  -16266716,          0
   628,    87,   85000000,   70289269,        0,  -14710731,          0
   628,    88,   85000000,   71996113,        0,  -13003887,          0
   628,    89,   85000000,   67619841,        0,  -17380159,          0
   628,    90,   85000000,   73591637,        0,  -11408363,          0
   628,    91,   85000000,   73140835,        0,  -11859165,          0
   628,    92,   85000000,   70766407,        0,  -14233593,          0
   628,    93,   85000000,   70681487,        0,  -14318513,          0
   628,    94,   85000000,   70218596,        0,  -14781404,          0
   628,    95,   85000000,   68590130,        0,  -16409870,          0
   628,    96,   85000000,   65604785,        0,  -19395215,          0
   628,    97,   85000000,   69232027,        0,  -15767973,          0
   628,    98,   85000000,   68921281,        0,  -16078719,          0
   628,    99,   85000000,   69815105,        0,  -15184895,          0
   628,   100,   85000000,   73162032,        0,  -11837968,          0
   628,   101,   85000000,   74096390,        0,  -10903610,          0
   628,   102,   85000000,   68401463,        0,  -16598537,          0
   628,   103,   85000000,   69160517,        0,  -15839483,          0
   628,   104,   85000000,   68001076,        0,  -16998924,          0
   628,   105,   85000000,   66055726,        0,  -18944274,          0
   628,   106,   85000000,   68102741,        0,  -16897259,          0
   628,   107,   85000000,   69325872,        0,  -15674128,          0
   628,   108,   85000000,   71993989,        0,  -13006011,          0
   628,   109,   85000000,   71713505,        0,  -13286495,          0
   628,   110,   85000000,   71314349,        0,  -13685651,          0
   628,   111,   85000000,   69251374,        0,  -15748626,          0
   628,   112,   85000000,   68036644,        0,  -16963356,          0
   628,   113,   85000000,   65813888,        0,  -19186112,          0
   628,   114,   85000000,   68199951,        0,  -16800049,          0
   628,   115,   85000000,   68828244,        0,  -16171756,          0
   628,   116,   85000000,   74516772,        0,  -10483228,          0
   628,   117,   85000000,   71673903,        0,  -13326097,          0
   628,   118,   85000000,   70637159,        0,  -14362841,          0
   628,   119,   85000000,   71444347,        0,  -13555653,          0
   628,   120,   85000000,   70837026,        0,  -14162974,          0
   628,   121,   85000000,   68818352,        0,  -16181648,          0
# task NAME=myapp PID=633 COST=22255000 PERIOD=33000000 CPU=0
   633,     2,   33000000,      15046,        0,  -32984954,          0
   633,     3,   33000000,      50440,        0,  -32949560,          0
   633,     4,   33000000,   22830516,        0,  -10169484,          0
   633,     5,   33000000,   21801925,        0,  -11198075,          0
   633,     6,   33000000,   26990336,        0,   -6009664,          0
   633,     7,   33000000,   25938970,        0,   -7061030,          0
   633,     8,   33000000,   21908764,        0,  -11091236,          0
   633,     9,   33000000,   25450148,        0,   -7549852,          0
   633,    10,   33000000,   21858193,        0,  -11141807,          0
   633,    11,   33000000,   23992645,        0,   -9007355,          0
   633,    12,   33000000,   27148209,        0,   -5851791,          0
   633,    13,   33000000,   22873976,        0,  -10126024,          0
   633,    14,   33000000,   22081545,        0,  -10918455,          0
   633,    15,   33000000,   25875295,        0,   -7124705,          0
   633,    16,   33000000,   24117909,        0,   -8882091,          0
   633,    17,   33000000,   22414488,        0,  -10585512,          0
   633,    18,   33000000,   22305972,        0,  -10694028,          0
   633,    19,   33000000,   24491511,        0,   -8508489,          0
   633,    20,   33000000,   21918588,        0,  -11081412,          0
   633,    21,   33000000,   24917924,        0,   -8082076,          0
   633,    22,   33000000,   25170515,        0,   -7829485,          0
   633,    23,   33000000,   21929283,        0,  -11070717,          0
   633,    24,   33000000,   27638513,        0,   -5361487,          0
   633,    25,   33000000,   23832701,        0,   -9167299,          0
   633,    26,   33000000,   21802899,        0,  -11197101,          0
   633,    27,   33000000,   24954389,        0,   -8045611,          0
   633,    28,   33000000,   23249552,        0,   -9750448,          0
   633,    29,   33000000,   22882600,        0,  -10117400,          0
   633,    30,   33000000,   23887270,        0,   -9112730,          0
   633,    31,   33000000,   22476577,        0,  -10523423,          0
   633,    32,   33000000,   23879262,        0,   -9120738,          0
   633,    33,   33000000,   24171343,        0,   -8828657,          0
   633,    34,   33000000,   21812726,        0,  -11187274,          0
   633,    35,   33000000,   21842523,        0,  -11157477,          0
   633,    36,   33000000,   21815039,        0,  -11184961,          0
   633,    37,   33000000,   22281991,        0,  -10718009,          0
   633,    38,   33000000,   23063201,        0,   -9936799,          0
   633,    39,   33000000,   21796142,        0,  -11203858,          0
   633,    40,   33000000,   22023854,        0,  -10976146,          0
   633,    41,   33000000,   22602000,        0,  -10398000,          0
   633,    42,   33000000,   25320336,        0,   -7679664,          0
   633,    43,   33000000,   21841656,        0,  -11158344,          0
   633,    44,   33000000,   22834047,        0,  -10165953,          0
   633,    45,   33000000,   24996916,        0,   -8003084,          0
   633,    46,   33000000,   22273825,        0,  -10726175,          0
   633,    47,   33000000,   23984143,        0,   -9015857,          0
   633,    48,   33000000,   27970205,        0,   -5029795,          0
   633,    49,   33000000,   21815444,        0,  -11184556,          0
   633,    50,   33000000,   29231015,        0,   -3768985,          0
   633,    51,   33000000,   24021040,        0,   -8978960,          0
   633,    52,   33000000,   22195930,        0,  -10804070,          0
   633,    53,   33000000,   26169947,        0,   -6830053,          0
   633,    54,   33000000,   25115225,        0,   -7884775,          0
   633,    55,   33000000,   21849484,        0,  -11150516,          0
   633,    56,   33000000,   22684790,        0,  -10315210,          0
   633,    57,   33000000,   23861599,        0,   -9138401,          0
   633,    58,   33000000,   22135069,        0,  -10864931,          0
   633,    59,   33000000,   23816567,        0,   -9183433,          0
   633,    60,   33000000,   23587678,        0,   -9412322,          0
   633,    61,   33000000,   21915157,        0,  -11084843,          0
   633,    62,   33000000,   23900891,        0,   -9099109,          0
   633,    63,   33000000,   25862354,        0,   -7137646,          0
   633,    64,   33000000,   21796483,        0,  -11203517,          0
   633,    65,   33000000,   22502701,        0,  -10497299,          0
   633,    66,   33000000,   26121507,        0,   -6878493,          0
   633,    67,   33000000,   22111192,        0,  -10888808,          0
   633,    68,   33000000,   21801285,        0,  -11198715,          0
   633,    69,   33000000,   21897909,        0,  -11102091,          0
   633,    70,   33000000,   22629334,        0,  -10370666,          0
   633,    71,   33000000,   24691010,        0,   -8308990,          0
   633,    72,   33000000,   22047036,        0,  -10952964,          0
   633,    73,   33000000,   21892833,        0,  -11107167,          0
   633,    74,   33000000,   21922450,        0,  -11077550,          0
   633,    75,   33000000,   22926855,        0,  -10073145,          0
   633,    76,   33000000,   25652119,        0,   -7347881,          0
   633,    77,   33000000,   22405499,        0,  -10594501,          0
   633,    78,   33000000,   23873013,        0,   -9126987,          0
   633,    79,   33000000,   21898481,        0,  -11101519,          0
   633,    80,   33000000,   23864810,        0,   -9135190,          0
   633,    81,   33000000,   21834911,        0,  -11165089,          0
   633,    82,   33000000,   21834998,        0,  -11165002,          0
   633,    83,   33000000,   25786184,        0,   -7213816,          0
   633,    84,   33000000,   22455936,        0,  -10544064,          0
   633,    85,   33000000,   21945552,        0,  -11054448,          0
   633,    86,   33000000,   24975936,        0,   -8024064,          0
   633,    87,   33000000,   21942813,        0,  -11057187,          0
   633,    88,   33000000,   23524806,        0,   -9475194,          0
   633,    89,   33000000,   28111953,        0,   -4888047,          0
   633,    90,   33000000,   22182004,        0,  -10817996,          0
   633,    91,   33000000,   22810600,        0,  -10189400,          0
   633,    92,   33000000,   28026079,        0,   -4973921,          0
   633,    93,   33000000,   21823511,        0,  -11176489,          0
   633,    94,   33000000,   22126121,        0,  -10873879,          0
   633,    95,   33000000,   22909254,        0,  -10090746,          0
   633,    96,   33000000,   21880538,        0,  -11119462,          0
   633,    97,   33000000,   24211667,        0,   -8788333,          0
   633,    98,   33000000,   25119984,        0,   -7880016,          0
   633,    99,   33000000,   21803759,        0,  -11196241,          0
   633,   100,   33000000,   23809747,        0,   -9190253,          0
   633,   101,   33000000,   26399457,        0,   -6600543,          0
   633,   102,   33000000,   21820222,        0,  -11179778,          0
   633,   103,   33000000,   23789348,        0,   -9210652,          0
   633,   104,   33000000,   25942236,        0,   -7057764,          0
   633,   105,   33000000,   22236467,        0,  -10763533,          0
   633,   106,   33000000,   23878246,        0,   -9121754,          0
   633,   107,   33000000,   24551284,        0,   -8448716,          0
   633,   108,   33000000,   21945944,        0,  -11054056,          0
   633,   109,   33000000,   25979793,        0,   -7020207,          0
   633,   110,   33000000,   24952416,        0,   -8047584,          0
   633,   111,   33000000,   21812139,        0,  -11187861,          0
   633,   112,   33000000,   21834939,        0,  -11165061,          0
   633,   113,   33000000,   22795777,        0,  -10204223,          0
   633,   114,   33000000,   22656100,        0,  -10343900,          0
   633,   115,   33000000,   28217466,        0,   -4782534,          0
   633,   116,   33000000,   21867140,        0,  -11132860,          0
   633,   117,   33000000,   21824365,        0,  -11175635,          0
   633,   118,   33000000,   27241509,        0,   -5758491,          0
   633,   119,   33000000,   22982904,        0,  -10017096,          0
   633,   120,   33000000,   22193356,        0,  -10806644,          0
   633,   121,   33000000,   21816504,        0,  -11183496,          0
   633,   122,   33000000,   22535902,        0,  -10464098,          0
   633,   123,   33000000,   23481133,        0,   -9518867,          0
   633,   124,   33000000,   29014723,        0,   -3985277,          0
   633,   125,   33000000,   22879240,        0,  -10120760,          0
   633,   126,   33000000,   24082184,        0,   -8917816,          0
   633,   127,   33000000,   29777634,        0,   -3222366,          0
   633,   128,   33000000,   22111628,        0,  -10888372,          0
   633,   129,   33000000,   21809757,        0,  -11190243,          0
   633,   130,   33000000,   27422144,        0,   -5577856,          0
   633,   131,   33000000,   22865013,        0,  -10134987,          0
   633,   132,   33000000,   23838664,        0,   -9161336,          0
   633,   133,   33000000,   24781501,        0,   -8218499,          0
   633,   134,   33000000,   21828294,        0,  -11171706,          0
   633,   135,   33000000,   23840231,        0,   -9159769,          0
   633,   136,   33000000,   25965369,        0,   -7034631,          0
   633,   137,   33000000,   21824911,        0,  -11175089,          0
   633,   138,   33000000,   21809559,        0,  -11190441,          0
   633,   139,   33000000,   22090651,        0,  -10909349,          0
   633,   140,   33000000,   21906959,        0,  -11093041,          0
   633,   141,   33000000,   23710991,        0,   -9289009,          0
   633,   142,   33000000,   23659166,        0,   -9340834,          0
   633,   143,   33000000,   23165935,        0,   -9834065,          0
   633,   144,   33000000,   21932339,        0,  -11067661,          0
   633,   145,   33000000,   25064039,        0,   -7935961,          0
   633,   146,   33000000,   21813939,        0,  -11186061,          0
   633,   147,   33000000,   22159357,        0,  -10840643,          0
   633,   148,   33000000,   24195019,        0,   -8804981,          0
   633,   149,   33000000,   22103973,        0,  -10896027,          0
   633,   150,   33000000,   25133939,        0,   -7866061,          0
   633,   151,   33000000,   22823533,        0,  -10176467,          0
   633,   152,   33000000,   21918727,        0,  -11081273,          0
   633,   153,   33000000,   26928218,        0,   -6071782,          0
   633,   154,   33000000,   24704661,        0,   -8295339,          0
   633,   155,   33000000,   22108114,        0,  -10891886,          0
   633,   156,   33000000,   25133860,        0,   -7866140,          0
   633,   157,   33000000,   21861757,        0,  -11138243,          0
   633,   158,   33000000,   22106381,        0,  -10893619,          0
   633,   159,   33000000,   26079512,        0,   -6920488,          0
   633,   160,   33000000,   23525557,        0,   -9474443,          0
   633,   161,   33000000,   21973855,        0,  -11026145,          0
   633,   162,   33000000,   24399698,        0,   -8600302,          0
   633,   163,   33000000,   25648674,        0,   -7351326,          0
   633,   164,   33000000,   21834712,        0,  -11165288,          0
   633,   165,   33000000,   25924631,        0,   -7075369,          0
   633,   166,   33000000,   23698565,        0,   -9301435,          0
   633,   167,   33000000,   21847699,        0,  -11152301,          0
   633,   168,   33000000,   23891155,        0,   -9108845,          0
   633,   169,   33000000,   25086744,        0,   -7913256,          0
   633,   170,   33000000,   21886263,        0,  -11113737,          0
   633,   171,   33000000,   24158917,        0,   -8841083,          0
   633,   172,   33000000,   22920195,        0,  -10079805,          0
   633,   173,   33000000,   22150090,        0,  -10849910,          0
   633,   174,   33000000,   25575553,        0,   -7424447,          0
   633,   175,   33000000,   21988608,        0,  -11011392,          0
   633,   176,   33000000,   23836994,        0,   -9163006,          0
   633,   177,   33000000,   24918626,        0,   -8081374,          0
   633,   178,   33000000,   21794985,        0,  -11205015,          0
   633,   179,   33000000,   24088713,        0,   -8911287,          0
   633,   180,   33000000,   21805232,        0,  -11194768,          0
   633,   181,   33000000,   22200935,        0,  -10799065,          0
   633,   182,   33000000,   22341718,        0,  -10658282,          0
   633,   183,   33000000,   24662951,        0,   -8337049,          0
   633,   184,   33000000,   21933418,        0,  -11066582,          0
   633,   185,   33000000,   23079949,        0,   -9920051,          0
   633,   186,   33000000,   23099488,        0,   -9900512,          0
   633,   187,   33000000,   22029871,        0,  -10970129,          0
   633,   188,   33000000,   21813476,        0,  -11186524,          0
   633,   189,   33000000,   24372934,        0,   -8627066,          0
   633,   190,   33000000,   21814634,        0,  -11185366,          0
   633,   191,   33000000,   26746268,        0,   -6253732,          0
   633,   192,   33000000,   29439393,        0,   -3560607,          0
   633,   193,   33000000,   21858642,        0,  -11141358,          0
   633,   194,   33000000,   22936956,        0,  -10063044,          0
   633,   195,   33000000,   26977522,        0,   -6022478,          0
   633,   196,   33000000,   22103454,        0,  -10896546,          0
   633,   197,   33000000,   25435974,        0,   -7564026,          0
   633,   198,   33000000,   22957421,        0,  -10042579,          0
   633,   199,   33000000,   21799084,        0,  -11200916,          0
   633,   200,   33000000,   25440040,        0,   -7559960,          0
   633,   201,   33000000,   22838457,        0,  -10161543,          0
   633,   202,   33000000,   21813291,        0,  -11186709,          0
   633,   203,   33000000,   23983354,        0,   -9016646,          0
   633,   204,   33000000,   26332610,        0,   -6667390,          0
   633,   205,   33000000,   21843477,        0,  -11156523,          0
   633,   206,   33000000,   21835845,        0,  -11164155,          0
   633,   207,   33000000,   25081762,        0,   -7918238,          0
   633,   208,   33000000,   21841882,        0,  -11158118,          0
   633,   209,   33000000,   23816962,        0,   -9183038,          0
   633,   210,   33000000,   26323161,        0,   -6676839,          0
   633,   211,   33000000,   22852935,        0,  -10147065,          0
   633,   212,   33000000,   22438470,        0,  -10561530,          0
   633,   213,   33000000,   23355947,        0,   -9644053,          0
   633,   214,   33000000,   21803372,        0,  -11196628,          0
   633,   215,   33000000,   24123782,        0,   -8876218,          0
   633,   216,   33000000,   24318059,        0,   -8681941,          0
   633,   217,   33000000,   23757478,        0,   -9242522,          0
   633,   218,   33000000,   26647945,        0,   -6352055,          0
   633,   219,   33000000,   22085801,        0,  -10914199,          0
   633,   220,   33000000,   22036773,        0,  -10963227,          0
   633,   221,   33000000,   25974970,        0,   -7025030,          0
   633,   222,   33000000,   25532479,        0,   -7467521,          0
   633,   223,   33000000,   23178125,        0,   -9821875,          0
   633,   224,   33000000,   24156404,        0,   -8843596,          0
   633,   225,   33000000,   22847255,        0,  -10152745,          0
   633,   226,   33000000,   23376375,        0,   -9623625,          0
   633,   227,   33000000,   28160673,        0,   -4839327,          0
   633,   228,   33000000,   22118295,        0,  -10881705,          0
   633,   229,   33000000,   21874217,        0,  -11125783,          0
   633,   230,   33000000,   28247177,        0,   -4752823,          0
   633,   231,   33000000,   21827399,        0,  -11172601,          0
   633,   232,   33000000,   21820712,        0,  -11179288,          0
   633,   233,   33000000,   26276798,        0,   -6723202,          0
   633,   234,   33000000,   22135921,        0,  -10864079,          0
   633,   235,   33000000,   23390564,        0,   -9609436,          0
   633,   236,   33000000,   26098960,        0,   -6901040,          0
   633,   237,   33000000,   21861888,        0,  -11138112,          0
   633,   238,   33000000,   22286518,        0,  -10713482,          0
   633,   239,   33000000,   26811452,        0,   -6188548,          0
   633,   240,   33000000,   21806288,        0,  -11193712,          0
   633,   241,   33000000,   22837990,        0,  -10162010,          0
   633,   242,   33000000,   22836912,        0,  -10163088,          0
   633,   243,   33000000,   21981211,        0,  -11018789,          0
   633,   244,   33000000,   23575744,        0,   -9424256,          0
   633,   245,   33000000,   23415274,        0,   -9584726,          0
   633,   246,   33000000,   22098888,        0,  -10901112,          0
   633,   247,   33000000,   22063506,        0,  -10936494,          0
   633,   248,   33000000,   25354113,        0,   -7645887,          0
   633,   249,   33000000,   22232278,        0,  -10767722,          0
   633,   250,   33000000,   21892963,        0,  -11107037,          0
   633,   251,   33000000,   24965727,        0,   -8034273,          0
   633,   252,   33000000,   22848501,        0,  -10151499,          0
   633,   253,   33000000,   26279571,        0,   -6720429,          0
   633,   254,   33000000,   24895737,        0,   -8104263,          0
   633,   255,   33000000,   21808482,        0,  -11191518,          0
   633,   256,   33000000,   27741858,        0,   -5258142,          0
   633,   257,   33000000,   24246885,        0,   -8753115,          0
   633,   258,   33000000,   21806132,        0,  -11193868,          0
   633,   259,   33000000,   37258787,        1,    4258787,    4258787
   633,   260,   33000000,   27382871,        0,   -5617129,          0
   633,   261,   33000000,   21872207,        0,  -11127793,          0
   633,   262,   33000000,   23949926,        0,   -9050074,          0
   633,   263,   33000000,   21821504,        0,  -11178496,          0
   633,   264,   33000000,   23734306,        0,   -9265694,          0
   633,   265,   33000000,   23884342,        0,   -9115658,          0
   633,   266,   33000000,   21887458,        0,  -11112542,          0
   633,   267,   33000000,   21889503,        0,  -11110497,          0
   633,   268,   33000000,   22281875,        0,  -10718125,          0
   633,   269,   33000000,   21790403,        0,  -11209597,          0
   633,   270,   33000000,   21787866,        0,  -11212134,          0
   633,   271,   33000000,   25271803,        0,   -7728197,          0
   633,   272,   33000000,   22110125,        0,  -10889875,          0
   633,   273,   33000000,   21815128,        0,  -11184872,          0
   633,   274,   33000000,   29838505,        0,   -3161495,          0
   633,   275,   33000000,   21822747,        0,  -11177253,          0
   633,   276,   33000000,   21854683,        0,  -11145317,          0
   633,   277,   33000000,   28159399,        0,   -4840601,          0
   633,   278,   33000000,   22930781,        0,  -10069219,          0
   633,   279,   33000000,   24157344,        0,   -8842656,          0
   633,   280,   33000000,   24094026,        0,   -8905974,          0
   633,   281,   33000000,   21917918,        0,  -11082082,          0
   633,   282,   33000000,   24720369,        0,   -8279631,          0
   633,   283,   33000000,   23471880,        0,   -9528120,          0
   633,   284,   33000000,   21907204,        0,  -11092796,          0
   633,   285,   33000000,   22869887,        0,  -10130113,          0
   633,   286,   33000000,   27375462,        0,   -5624538,          0
   633,   287,   33000000,   23209259,        0,   -9790741,          0
   633,   288,   33000000,   21788818,        0,  -11211182,          0
   633,   289,   33000000,   21797441,        0,  -11202559,          0
   633,   290,   33000000,   22042042,        0,  -10957958,          0
   633,   291,   33000000,   24553948,        0,   -8446052,          0
   633,   292,   33000000,   23837972,        0,   -9162028,          0
   633,   293,   33000000,   23488622,        0,   -9511378,          0
   633,   294,   33000000,   25806722,        0,   -7193278,          0
   633,   295,   33000000,   29173323,        0,   -3826677,          0
   633,   296,   33000000,   21888189,        0,  -11111811,          0
   633,   297,   33000000,   25248108,        0,   -7751892,          0
   633,   298,   33000000,   23254223,        0,   -9745777,          0
   633,   299,   33000000,   21798255,        0,  -11201745,          0
   633,   300,   33000000,   26979794,        0,   -6020206,          0
   633,   301,   33000000,   22523284,        0,  -10476716,          0
   633,   302,   33000000,   22128424,        0,  -10871576,          0
   633,   303,   33000000,   27553798,        0,   -5446202,          0
   633,   304,   33000000,   23781752,        0,   -9218248,          0
   633,   305,   33000000,   21886873,        0,  -11113127,          0
   633,   306,   33000000,   23568234,        0,   -9431766,          0
   633,   307,   33000000,   25210703,        0,   -7789297,          0
