536 537 0
349 349 1
247 247 1
382 382 1
732 732 1
1175 1175 1
498 498 1
264 264 1
285 285 1
226 226 1
457 457 1
227 227 1
1445 1445 1
617 617 1
1256 1256 1
411 411 1
559 559 1
645 645 1
1365 1365 1
272 272 1
211 211 1
444 444 1
291 291 1
756 756 1
350 350 1
 
688 688 1
2541 2541 1
1117 1117 1
769 769 1
979 979 1
515 515 1
1828 1828 1
1006 1008 0
1864 1880 0
1306 1308 0
2442 2442 1
1082 1082 1
2020 2054 0
875 875 1
1975 1980 0
1162 1162 1
1474 1476 0
1005 1005 1
716 716 1
865 865 1
1262 1262 1
791 791 1
1101 1101 1
1010 1010 1
1850 1850 1
 
758 758 1
1266 1267 0
1985 1997 0
1743 1745 0
1236 1236 1
1510 1515 0
1972 1974 0
2108 2109 0
1108 1109 0
1999 2004 0
2676 2680 0
833 833 1
1546 1554 0
1749 1749 1
1109 1109 1
3047 3053 0
2113 2121 0
1459 1459 1
2003 2011 0
1947 1953 0
2616 2620 0
1821 1822 0
1133 1138 0
1449 1451 0
1864 1864 1
 
1864 1900 0
2159 2161 0
2833 2850 0
2587 2615 0
2981 2992 0
1773 1774 0
2189 2231 0
2503 2536 0
3145 3159 0
2650 2670 0
1898 1906 0
2715 2761 0
3578 3616 0
2662 2680 0
2540 2559 0
2687 2696 0
2021 2039 0
2763 2784 0
3418 3462 0
2288 2293 0
1758 1759 0
1646 1646 1
1846 1847 0
2346 2372 0
2235 2242 0
 
1810 1810 1
5031 5101 0
3012 3076 0
2028 2029 0
3175 3269 0
2202 2224 0
4486 4518 0
3039 3076 0
3910 4036 0
2122 2128 0
1710 1713 0
2473 2491 0
2546 2566 0
2244 2257 0
2122 2123 0
4291 4352 0
2945 2965 0
2200 2204 0
3599 3658 0
3475 3516 0
2158 2163 0
1769 1795 0
1615 1625 0
1475 1475 1
1876 1882 0
 
2732 2753 0
2996 3069 0
5288 5499 0
1866 1889 0
2919 3014 0
3301 3342 0
3808 3834 0
4713 4846 0
2680 2713 0
3981 4038 0
3247 3265 0
2546 2577 0
2663 2695 0
3691 3750 0
3526 3611 0
2623 2640 0
3289 3402 0
2683 2701 0
2651 2760 0
4081 4105 0
2749 2859 0
3806 4010 0
2956 2995 0
2885 2936 0
3020 3075 0
 
2617 2687 0
3649 3896 0
5595 5969 0
2489 2630 0
2515 2666 0
3387 3814 0
3411 3556 0
2952 3130 0
3411 3481 0
3194 3295 0
2936 3018 0
4874 5228 0
4350 4682 0
3037 3279 0
3486 3668 0
3970 4445 0
3215 3323 0
3005 3079 0
5351 5729 0
3201 3414 0
3359 3476 0
3407 3552 0
3050 3175 0
2742 2832 0
2436 2500 0
 
1962 4359 0
2166 3843 0
2113 3536 0
1643 3409 0
1219 4812 0
1835 4519 0
2367 5861 0
2440 4757 0
1713 2991 0
1953 4105 0
2445 4696 0
2315 4260 0
1189 3801 0
2093 4603 0
1743 3435 0
873 3838 0
2033 4349 0
2592 4922 0
2514 5657 0
2306 4183 0
1187 5700 0
1828 4138 0
2494 4095 0
1766 4767 0
2094 5127 0
 
===
