# Task,   Job,     Period,   Response, DL Miss?,   Lateness,  Tardiness
# task NAME=myapp PID=6747 COST=29438000 PERIOD=58000000 CPU=0
  6747,     2,   58000000,       8203,        0,  -57991797,          0
  6747,     3,   58000000,      69640,        0,  -57930360,          0
  6747,     4,   58000000,   31047845,        0,  -26952155,          0
  6747,     5,   58000000,   29161859,        0,  -28838141,          0
  6747,     6,   58000000,   28855849,        0,  -29144151,          0
  6747,     7,   58000000,   29113203,        0,  -28886797,          0
  6747,     8,   58000000,   28830262,        0,  -29169738,          0
  6747,     9,   58000000,   29143910,        0,  -28856090,          0
  6747,    10,   58000000,   28971436,        0,  -29028564,          0
  6747,    11,   58000000,   28815132,        0,  -29184868,          0
  6747,    12,   58000000,   28890731,        0,  -29109269,          0
  6747,    13,   58000000,   28935149,        0,  -29064851,          0
  6747,    14,   58000000,   28849533,        0,  -29150467,          0
  6747,    15,   58000000,   28853390,        0,  -29146610,          0
  6747,    16,   58000000,   28962537,        0,  -29037463,          0
  6747,    17,   58000000,   28830881,        0,  -29169119,          0
  6747,    18,   58000000,   29181151,        0,  -28818849,          0
  6747,    19,   58000000,   28863787,        0,  -29136213,          0
  6747,    20,   58000000,   29161146,        0,  -28838854,          0
  6747,    21,   58000000,   28854959,        0,  -29145041,          0
  6747,    22,   58000000,   29117686,        0,  -28882314,          0
  6747,    23,   58000000,   28855363,        0,  -29144637,          0
  6747,    24,   58000000,   29118634,        0,  -28881366,          0
  6747,    25,   58000000,   28840182,        0,  -29159818,          0
  6747,    26,   58000000,   28874957,        0,  -29125043,          0
  6747,    27,   58000000,   28812627,        0,  -29187373,          0
  6747,    28,   58000000,   28830498,        0,  -29169502,          0
  6747,    29,   58000000,   28935712,        0,  -29064288,          0
  6747,    30,   58000000,   28950372,        0,  -29049628,          0
  6747,    31,   58000000,   28859828,        0,  -29140172,          0
  6747,    32,   58000000,   28936182,        0,  -29063818,          0
  6747,    33,   58000000,   29106605,        0,  -28893395,          0
  6747,    34,   58000000,   28906204,        0,  -29093796,          0
  6747,    35,   58000000,   29141102,        0,  -28858898,          0
  6747,    36,   58000000,   28837117,        0,  -29162883,          0
  6747,    37,   58000000,   29120584,        0,  -28879416,          0
  6747,    38,   58000000,   28971231,        0,  -29028769,          0
  6747,    39,   58000000,   28834130,        0,  -29165870,          0
  6747,    40,   58000000,   28882603,        0,  -29117397,          0
  6747,    41,   58000000,   28967074,        0,  -29032926,          0
  6747,    42,   58000000,   28873940,        0,  -29126060,          0
  6747,    43,   58000000,   28859402,        0,  -29140598,          0
  6747,    44,   58000000,   28824921,        0,  -29175079,          0
  6747,    45,   58000000,   28845963,        0,  -29154037,          0
  6747,    46,   58000000,   29117786,        0,  -28882214,          0
  6747,    47,   58000000,   28866208,        0,  -29133792,          0
  6747,    48,   58000000,   29133876,        0,  -28866124,          0
  6747,    49,   58000000,   29323917,        0,  -28676083,          0
  6747,    50,   58000000,   29107293,        0,  -28892707,          0
  6747,    51,   58000000,   28808752,        0,  -29191248,          0
  6747,    52,   58000000,   28825923,        0,  -29174077,          0
  6747,    53,   58000000,   28969789,        0,  -29030211,          0
  6747,    54,   58000000,   28963835,        0,  -29036165,          0
  6747,    55,   58000000,   28829286,        0,  -29170714,          0
  6747,    56,   58000000,   28828589,        0,  -29171411,          0
  6747,    57,   58000000,   28820583,        0,  -29179417,          0
  6747,    58,   58000000,   28825645,        0,  -29174355,          0
  6747,    59,   58000000,   28898924,        0,  -29101076,          0
  6747,    60,   58000000,   28921941,        0,  -29078059,          0
  6747,    61,   58000000,   29115402,        0,  -28884598,          0
  6747,    62,   58000000,   28822217,        0,  -29177783,          0
  6747,    63,   58000000,   29094959,        0,  -28905041,          0
  6747,    64,   58000000,   28800619,        0,  -29199381,          0
  6747,    65,   58000000,   29114959,        0,  -28885041,          0
  6747,    66,   58000000,   28810804,        0,  -29189196,          0
  6747,    67,   58000000,   28821195,        0,  -29178805,          0
  6747,    68,   58000000,   28848871,        0,  -29151129,          0
  6747,    69,   58000000,   28864043,        0,  -29135957,          0
  6747,    70,   58000000,   28808823,        0,  -29191177,          0
  6747,    71,   58000000,   28857026,        0,  -29142974,          0
  6747,    72,   58000000,   28828857,        0,  -29171143,          0
  6747,    73,   58000000,   28800332,        0,  -29199668,          0
  6747,    74,   58000000,   29111485,        0,  -28888515,          0
  6747,    75,   58000000,   28827446,        0,  -29172554,          0
  6747,    76,   58000000,   29162289,        0,  -28837711,          0
  6747,    77,   58000000,   28822956,        0,  -29177044,          0
  6747,    78,   58000000,   29201677,        0,  -28798323,          0
  6747,    79,   58000000,   28816271,        0,  -29183729,          0
  6747,    80,   58000000,   28831103,        0,  -29168897,          0
  6747,    81,   58000000,   28835286,        0,  -29164714,          0
  6747,    82,   58000000,   28906980,        0,  -29093020,          0
  6747,    83,   58000000,   28931780,        0,  -29068220,          0
  6747,    84,   58000000,   28808359,        0,  -29191641,          0
  6747,    85,   58000000,   28813337,        0,  -29186663,          0
  6747,    86,   58000000,   28922737,        0,  -29077263,          0
  6747,    87,   58000000,   28795815,        0,  -29204185,          0
  6747,    88,   58000000,   28809606,        0,  -29190394,          0
  6747,    89,   58000000,   29270656,        0,  -28729344,          0
  6747,    90,   58000000,   28933312,        0,  -29066688,          0
  6747,    91,   58000000,   29238068,        0,  -28761932,          0
  6747,    92,   58000000,   28885931,        0,  -29114069,          0
  6747,    93,   58000000,   29096754,        0,  -28903246,          0
  6747,    94,   58000000,   28834113,        0,  -29165887,          0
  6747,    95,   58000000,   28985721,        0,  -29014279,          0
  6747,    96,   58000000,   28864114,        0,  -29135886,          0
  6747,    97,   58000000,   28850648,        0,  -29149352,          0
  6747,    98,   58000000,   28830876,        0,  -29169124,          0
  6747,    99,   58000000,   28821199,        0,  -29178801,          0
  6747,   100,   58000000,   28829050,        0,  -29170950,          0
  6747,   101,   58000000,   28889579,        0,  -29110421,          0
  6747,   102,   58000000,   29122079,        0,  -28877921,          0
  6747,   103,   58000000,   28885030,        0,  -29114970,          0
  6747,   104,   58000000,   29220448,        0,  -28779552,          0
  6747,   105,   58000000,   28907243,        0,  -29092757,          0
  6747,   106,   58000000,   29099368,        0,  -28900632,          0
  6747,   107,   58000000,   28823384,        0,  -29176616,          0
  6747,   108,   58000000,   28817262,        0,  -29182738,          0
  6747,   109,   58000000,   28823589,        0,  -29176411,          0
  6747,   110,   58000000,   28812217,        0,  -29187783,          0
  6747,   111,   58000000,   28816475,        0,  -29183525,          0
  6747,   112,   58000000,   28806931,        0,  -29193069,          0
  6747,   113,   58000000,   28923013,        0,  -29076987,          0
  6747,   114,   58000000,   28933258,        0,  -29066742,          0
  6747,   115,   58000000,   29249214,        0,  -28750786,          0
  6747,   116,   58000000,   28807272,        0,  -29192728,          0
  6747,   117,   58000000,   29123778,        0,  -28876222,          0
  6747,   118,   58000000,   28910003,        0,  -29089997,          0
  6747,   119,   58000000,   29126676,        0,  -28873324,          0
  6747,   120,   58000000,   28867221,        0,  -29132779,          0
  6747,   121,   58000000,   29148575,        0,  -28851425,          0
  6747,   122,   58000000,   28828334,        0,  -29171666,          0
  6747,   123,   58000000,   28847171,        0,  -29152829,          0
  6747,   124,   58000000,   28808225,        0,  -29191775,          0
  6747,   125,   58000000,   28821884,        0,  -29178116,          0
  6747,   126,   58000000,   28972360,        0,  -29027640,          0
  6747,   127,   58000000,   28852600,        0,  -29147400,          0
  6747,   128,   58000000,   28927200,        0,  -29072800,          0
  6747,   129,   58000000,   28954292,        0,  -29045708,          0
  6747,   130,   58000000,   29285216,        0,  -28714784,          0
  6747,   131,   58000000,   28843517,        0,  -29156483,          0
  6747,   132,   58000000,   29113017,        0,  -28886983,          0
  6747,   133,   58000000,   28814359,        0,  -29185641,          0
  6747,   134,   58000000,   29284160,        0,  -28715840,          0
  6747,   135,   58000000,   28837436,        0,  -29162564,          0
  6747,   136,   58000000,   28831963,        0,  -29168037,          0
  6747,   137,   58000000,   28858398,        0,  -29141602,          0
  6747,   138,   58000000,   28986976,        0,  -29013024,          0
  6747,   139,   58000000,   28874718,        0,  -29125282,          0
  6747,   140,   58000000,   28833234,        0,  -29166766,          0
  6747,   141,   58000000,   28814983,        0,  -29185017,          0
  6747,   142,   58000000,   28819258,        0,  -29180742,          0
  6747,   143,   58000000,   29090696,        0,  -28909304,          0
  6747,   144,   58000000,   28847739,        0,  -29152261,          0
  6747,   145,   58000000,   29112367,        0,  -28887633,          0
  6747,   146,   58000000,   28838658,        0,  -29161342,          0
  6747,   147,   58000000,   29103677,        0,  -28896323,          0
  6747,   148,   58000000,   28833814,        0,  -29166186,          0
  6747,   149,   58000000,   29133746,        0,  -28866254,          0
  6747,   150,   58000000,   28894022,        0,  -29105978,          0
  6747,   151,   58000000,   28829631,        0,  -29170369,          0
  6747,   152,   58000000,   28796068,        0,  -29203932,          0
  6747,   153,   58000000,   28800825,        0,  -29199175,          0
  6747,   154,   58000000,   28820793,        0,  -29179207,          0
  6747,   155,   58000000,   28803949,        0,  -29196051,          0
  6747,   156,   58000000,   28902177,        0,  -29097823,          0
  6747,   157,   58000000,   28847736,        0,  -29152264,          0
  6747,   158,   58000000,   29138518,        0,  -28861482,          0
  6747,   159,   58000000,   28933272,        0,  -29066728,          0
  6747,   160,   58000000,   29311570,        0,  -28688430,          0
  6747,   161,   58000000,   28816949,        0,  -29183051,          0
  6747,   162,   58000000,   29110416,        0,  -28889584,          0
  6747,   163,   58000000,   28830845,        0,  -29169155,          0
  6747,   164,   58000000,   28822410,        0,  -29177590,          0
  6747,   165,   58000000,   28815311,        0,  -29184689,          0
  6747,   166,   58000000,   28877193,        0,  -29122807,          0
  6747,   167,   58000000,   28817231,        0,  -29182769,          0
  6747,   168,   58000000,   28827682,        0,  -29172318,          0
  6747,   169,   58000000,   28843220,        0,  -29156780,          0
  6747,   170,   58000000,   28923502,        0,  -29076498,          0
  6747,   171,   58000000,   29104496,        0,  -28895504,          0
  6747,   172,   58000000,   28854597,        0,  -29145403,          0
  6747,   173,   58000000,   29116926,        0,  -28883074,          0
  6747,   174,   58000000,   28819621,        0,  -29180379,          0
  6747,   175,   58000000,   29137504,        0,  -28862496,          0
  6747,   176,   58000000,   28846051,        0,  -29153949,          0
# task NAME=myapp PID=6750 COST=20680000 PERIOD=51000000 CPU=0
  6750,     2,   51000000,       9002,        0,  -50990998,          0
  6750,     3,   51000000,      34895,        0,  -50965105,          0
  6750,     4,   51000000,   22295044,        0,  -28704956,          0
  6750,     5,   51000000,   20540263,        0,  -30459737,          0
  6750,     6,   51000000,   20364930,        0,  -30635070,          0
  6750,     7,   51000000,   20272585,        0,  -30727415,          0
  6750,     8,   51000000,   20257157,        0,  -30742843,          0
  6750,     9,   51000000,   20295127,        0,  -30704873,          0
  6750,    10,   51000000,   20710561,        0,  -30289439,          0
  6750,    11,   51000000,   20256803,        0,  -30743197,          0
  6750,    12,   51000000,   20533812,        0,  -30466188,          0
  6750,    13,   51000000,   20259955,        0,  -30740045,          0
  6750,    14,   51000000,   20251096,        0,  -30748904,          0
  6750,    15,   51000000,   20541146,        0,  -30458854,          0
  6750,    16,   51000000,   20360394,        0,  -30639606,          0
  6750,    17,   51000000,   20329219,        0,  -30670781,          0
  6750,    18,   51000000,   20273560,        0,  -30726440,          0
  6750,    19,   51000000,   20326796,        0,  -30673204,          0
  6750,    20,   51000000,   20564585,        0,  -30435415,          0
  6750,    21,   51000000,   20254112,        0,  -30745888,          0
  6750,    22,   51000000,   20250596,        0,  -30749404,          0
  6750,    23,   51000000,   20250418,        0,  -30749582,          0
  6750,    24,   51000000,   20251016,        0,  -30748984,          0
  6750,    25,   51000000,   20272892,        0,  -30727108,          0
  6750,    26,   51000000,   20286198,        0,  -30713802,          0
  6750,    27,   51000000,   20258048,        0,  -30741952,          0
  6750,    28,   51000000,   20256779,        0,  -30743221,          0
  6750,    29,   51000000,   20321886,        0,  -30678114,          0
  6750,    30,   51000000,   20285628,        0,  -30714372,          0
  6750,    31,   51000000,   20258837,        0,  -30741163,          0
  6750,    32,   51000000,   20539675,        0,  -30460325,          0
  6750,    33,   51000000,   20250074,        0,  -30749926,          0
  6750,    34,   51000000,   20270383,        0,  -30729617,          0
  6750,    35,   51000000,   20262504,        0,  -30737496,          0
  6750,    36,   51000000,   20381388,        0,  -30618612,          0
  6750,    37,   51000000,   20544704,        0,  -30455296,          0
  6750,    38,   51000000,   20246142,        0,  -30753858,          0
  6750,    39,   51000000,   20269429,        0,  -30730571,          0
  6750,    40,   51000000,   20351761,        0,  -30648239,          0
  6750,    41,   51000000,   20258359,        0,  -30741641,          0
  6750,    42,   51000000,   20616812,        0,  -30383188,          0
  6750,    43,   51000000,   20265331,        0,  -30734669,          0
  6750,    44,   51000000,   20277774,        0,  -30722226,          0
  6750,    45,   51000000,   20265842,        0,  -30734158,          0
  6750,    46,   51000000,   20351500,        0,  -30648500,          0
  6750,    47,   51000000,   20531303,        0,  -30468697,          0
  6750,    48,   51000000,   20268510,        0,  -30731490,          0
  6750,    49,   51000000,   20246221,        0,  -30753779,          0
  6750,    50,   51000000,   20372601,        0,  -30627399,          0
  6750,    51,   51000000,   20259499,        0,  -30740501,          0
  6750,    52,   51000000,   20258607,        0,  -30741393,          0
  6750,    53,   51000000,   20260977,        0,  -30739023,          0
  6750,    54,   51000000,   20542876,        0,  -30457124,          0
  6750,    55,   51000000,   20257487,        0,  -30742513,          0
  6750,    56,   51000000,   20264546,        0,  -30735454,          0
  6750,    57,   51000000,   20268163,        0,  -30731837,          0
  6750,    58,   51000000,   20363684,        0,  -30636316,          0
  6750,    59,   51000000,   20639767,        0,  -30360233,          0
  6750,    60,   51000000,   20286395,        0,  -30713605,          0
  6750,    61,   51000000,   20267519,        0,  -30732481,          0
  6750,    62,   51000000,   20322706,        0,  -30677294,          0
  6750,    63,   51000000,   20241067,        0,  -30758933,          0
  6750,    64,   51000000,   20520616,        0,  -30479384,          0
  6750,    65,   51000000,   20325483,        0,  -30674517,          0
  6750,    66,   51000000,   20252675,        0,  -30747325,          0
  6750,    67,   51000000,   20280305,        0,  -30719695,          0
  6750,    68,   51000000,   20259867,        0,  -30740133,          0
  6750,    69,   51000000,   20679172,        0,  -30320828,          0
  6750,    70,   51000000,   20261858,        0,  -30738142,          0
  6750,    71,   51000000,   20261868,        0,  -30738132,          0
  6750,    72,   51000000,   20252438,        0,  -30747562,          0
  6750,    73,   51000000,   20287678,        0,  -30712322,          0
  6750,    74,   51000000,   20454909,        0,  -30545091,          0
  6750,    75,   51000000,   20355817,        0,  -30644183,          0
  6750,    76,   51000000,   20360854,        0,  -30639146,          0
  6750,    77,   51000000,   20341350,        0,  -30658650,          0
  6750,    78,   51000000,   20369791,        0,  -30630209,          0
  6750,    79,   51000000,   20254294,        0,  -30745706,          0
  6750,    80,   51000000,   20381905,        0,  -30618095,          0
  6750,    81,   51000000,   20550258,        0,  -30449742,          0
  6750,    82,   51000000,   20273069,        0,  -30726931,          0
  6750,    83,   51000000,   20246548,        0,  -30753452,          0
  6750,    84,   51000000,   20308620,        0,  -30691380,          0
  6750,    85,   51000000,   20330562,        0,  -30669438,          0
  6750,    86,   51000000,   20536449,        0,  -30463551,          0
  6750,    87,   51000000,   20278153,        0,  -30721847,          0
  6750,    88,   51000000,   20264246,        0,  -30735754,          0
  6750,    89,   51000000,   20316400,        0,  -30683600,          0
  6750,    90,   51000000,   20279180,        0,  -30720820,          0
  6750,    91,   51000000,   20543944,        0,  -30456056,          0
  6750,    92,   51000000,   20261727,        0,  -30738273,          0
  6750,    93,   51000000,   20267128,        0,  -30732872,          0
  6750,    94,   51000000,   20281194,        0,  -30718806,          0
  6750,    95,   51000000,   20281575,        0,  -30718425,          0
  6750,    96,   51000000,   20545230,        0,  -30454770,          0
  6750,    97,   51000000,   20315430,        0,  -30684570,          0
  6750,    98,   51000000,   20371679,        0,  -30628321,          0
  6750,    99,   51000000,   20280363,        0,  -30719637,          0
  6750,   100,   51000000,   20257740,        0,  -30742260,          0
  6750,   101,   51000000,   20283385,        0,  -30716615,          0
  6750,   102,   51000000,   20280791,        0,  -30719209,          0
  6750,   103,   51000000,   20287970,        0,  -30712030,          0
  6750,   104,   51000000,   20280246,        0,  -30719754,          0
  6750,   105,   51000000,   20291529,        0,  -30708471,          0
  6750,   106,   51000000,   20271883,        0,  -30728117,          0
  6750,   107,   51000000,   20311447,        0,  -30688553,          0
  6750,   108,   51000000,   20536870,        0,  -30463130,          0
  6750,   109,   51000000,   20335469,        0,  -30664531,          0
  6750,   110,   51000000,   20280926,        0,  -30719074,          0
  6750,   111,   51000000,   20269978,        0,  -30730022,          0
  6750,   112,   51000000,   20279096,        0,  -30720904,          0
  6750,   113,   51000000,   20552531,        0,  -30447469,          0
  6750,   114,   51000000,   20256677,        0,  -30743323,          0
  6750,   115,   51000000,   20367273,        0,  -30632727,          0
  6750,   116,   51000000,   20268727,        0,  -30731273,          0
  6750,   117,   51000000,   20349948,        0,  -30650052,          0
  6750,   118,   51000000,   20606515,        0,  -30393485,          0
  6750,   119,   51000000,   20337319,        0,  -30662681,          0
  6750,   120,   51000000,   20355725,        0,  -30644275,          0
  6750,   121,   51000000,   20285140,        0,  -30714860,          0
  6750,   122,   51000000,   20264944,        0,  -30735056,          0
  6750,   123,   51000000,   20554363,        0,  -30445637,          0
  6750,   124,   51000000,   20293029,        0,  -30706971,          0
  6750,   125,   51000000,   20377051,        0,  -30622949,          0
  6750,   126,   51000000,   20279983,        0,  -30720017,          0
  6750,   127,   51000000,   20266632,        0,  -30733368,          0
  6750,   128,   51000000,   20293572,        0,  -30706428,          0
  6750,   129,   51000000,   20276664,        0,  -30723336,          0
  6750,   130,   51000000,   20542757,        0,  -30457243,          0
  6750,   131,   51000000,   20260771,        0,  -30739229,          0
  6750,   132,   51000000,   20253490,        0,  -30746510,          0
  6750,   133,   51000000,   20272271,        0,  -30727729,          0
  6750,   134,   51000000,   20369512,        0,  -30630488,          0
  6750,   135,   51000000,   20543609,        0,  -30456391,          0
  6750,   136,   51000000,   20294543,        0,  -30705457,          0
  6750,   137,   51000000,   20265587,        0,  -30734413,          0
  6750,   138,   51000000,   20296109,        0,  -30703891,          0
  6750,   139,   51000000,   20251640,        0,  -30748360,          0
  6750,   140,   51000000,   20564493,        0,  -30435507,          0
  6750,   141,   51000000,   20295296,        0,  -30704704,          0
  6750,   142,   51000000,   20291249,        0,  -30708751,          0
  6750,   143,   51000000,   20269536,        0,  -30730464,          0
  6750,   144,   51000000,   20278425,        0,  -30721575,          0
  6750,   145,   51000000,   20547576,        0,  -30452424,          0
  6750,   146,   51000000,   20253352,        0,  -30746648,          0
  6750,   147,   51000000,   20269288,        0,  -30730712,          0
  6750,   148,   51000000,   20284316,        0,  -30715684,          0
  6750,   149,   51000000,   20360766,        0,  -30639234,          0
  6750,   150,   51000000,   20263345,        0,  -30736655,          0
  6750,   151,   51000000,   20279285,        0,  -30720715,          0
  6750,   152,   51000000,   20273977,        0,  -30726023,          0
  6750,   153,   51000000,   20294797,        0,  -30705203,          0
  6750,   154,   51000000,   20282208,        0,  -30717792,          0
  6750,   155,   51000000,   20286364,        0,  -30713636,          0
  6750,   156,   51000000,   20259942,        0,  -30740058,          0
  6750,   157,   51000000,   20552847,        0,  -30447153,          0
  6750,   158,   51000000,   20342755,        0,  -30657245,          0
  6750,   159,   51000000,   20307293,        0,  -30692707,          0
  6750,   160,   51000000,   20319881,        0,  -30680119,          0
  6750,   161,   51000000,   20278702,        0,  -30721298,          0
  6750,   162,   51000000,   20547115,        0,  -30452885,          0
  6750,   163,   51000000,   20298798,        0,  -30701202,          0
  6750,   164,   51000000,   20290352,        0,  -30709648,          0
  6750,   165,   51000000,   20278214,        0,  -30721786,          0
  6750,   166,   51000000,   20292031,        0,  -30707969,          0
  6750,   167,   51000000,   20667043,        0,  -30332957,          0
  6750,   168,   51000000,   20287070,        0,  -30712930,          0
  6750,   169,   51000000,   20270021,        0,  -30729979,          0
  6750,   170,   51000000,   20277397,        0,  -30722603,          0
  6750,   171,   51000000,   20281026,        0,  -30718974,          0
  6750,   172,   51000000,   20628920,        0,  -30371080,          0
  6750,   173,   51000000,   20261376,        0,  -30738624,          0
  6750,   174,   51000000,   20283812,        0,  -30716188,          0
  6750,   175,   51000000,   21068791,        0,  -29931209,          0
  6750,   176,   51000000,   20426590,        0,  -30573410,          0
  6750,   177,   51000000,   20281977,        0,  -30718023,          0
  6750,   178,   51000000,   20289926,        0,  -30710074,          0
  6750,   179,   51000000,   20531612,        0,  -30468388,          0
  6750,   180,   51000000,   20260252,        0,  -30739748,          0
  6750,   181,   51000000,   20254296,        0,  -30745704,          0
  6750,   182,   51000000,   20301918,        0,  -30698082,          0
  6750,   183,   51000000,   20274946,        0,  -30725054,          0
  6750,   184,   51000000,   20538892,        0,  -30461108,          0
  6750,   185,   51000000,   20328640,        0,  -30671360,          0
  6750,   186,   51000000,   20272062,        0,  -30727938,          0
  6750,   187,   51000000,   20344554,        0,  -30655446,          0
  6750,   188,   51000000,   20251089,        0,  -30748911,          0
  6750,   189,   51000000,   20546648,        0,  -30453352,          0
  6750,   190,   51000000,   20251448,        0,  -30748552,          0
  6750,   191,   51000000,   20245982,        0,  -30754018,          0
  6750,   192,   51000000,   20270189,        0,  -30729811,          0
  6750,   193,   51000000,   20342362,        0,  -30657638,          0
  6750,   194,   51000000,   20569339,        0,  -30430661,          0
  6750,   195,   51000000,   20259049,        0,  -30740951,          0
  6750,   196,   51000000,   20258329,        0,  -30741671,          0
  6750,   197,   51000000,   20266391,        0,  -30733609,          0
  6750,   198,   51000000,   20246464,        0,  -30753536,          0
  6750,   199,   51000000,   20536045,        0,  -30463955,          0
  6750,   200,   51000000,   20279441,        0,  -30720559,          0
# task NAME=myapp PID=6754 COST=7478000 PERIOD=86000000 CPU=0
  6754,     2,   86000000,      15052,        0,  -85984948,          0
  6754,     3,   86000000,     120516,        0,  -85879484,          0
  6754,     4,   86000000,    8382466,        0,  -77617534,          0
  6754,     5,   86000000,    7397882,        0,  -78602118,          0
  6754,     6,   86000000,    7488135,        0,  -78511865,          0
  6754,     7,   86000000,    7361871,        0,  -78638129,          0
  6754,     8,   86000000,    7375758,        0,  -78624242,          0
  6754,     9,   86000000,    7416301,        0,  -78583699,          0
  6754,    10,   86000000,    7387795,        0,  -78612205,          0
  6754,    11,   86000000,    7433212,        0,  -78566788,          0
  6754,    12,   86000000,    8377441,        0,  -77622559,          0
  6754,    13,   86000000,    7351052,        0,  -78648948,          0
  6754,    14,   86000000,    7381036,        0,  -78618964,          0
  6754,    15,   86000000,    7335871,        0,  -78664129,          0
  6754,    16,   86000000,    8557771,        0,  -77442229,          0
  6754,    17,   86000000,    7347050,        0,  -78652950,          0
  6754,    18,   86000000,    7390060,        0,  -78609940,          0
  6754,    19,   86000000,    7346183,        0,  -78653817,          0
  6754,    20,   86000000,    8272815,        0,  -77727185,          0
  6754,    21,   86000000,    7442368,        0,  -78557632,          0
  6754,    22,   86000000,    7363763,        0,  -78636237,          0
  6754,    23,   86000000,    7341304,        0,  -78658696,          0
  6754,    24,   86000000,    7379015,        0,  -78620985,          0
  6754,    25,   86000000,    7364851,        0,  -78635149,          0
  6754,    26,   86000000,    7375859,        0,  -78624141,          0
  6754,    27,   86000000,    7335188,        0,  -78664812,          0
  6754,    28,   86000000,    7364088,        0,  -78635912,          0
  6754,    29,   86000000,    7365839,        0,  -78634161,          0
  6754,    30,   86000000,    7349777,        0,  -78650223,          0
  6754,    31,   86000000,    7351228,        0,  -78648772,          0
  6754,    32,   86000000,    7642510,        0,  -78357490,          0
  6754,    33,   86000000,    7343196,        0,  -78656804,          0
  6754,    34,   86000000,    7403518,        0,  -78596482,          0
  6754,    35,   86000000,    7391324,        0,  -78608676,          0
  6754,    36,   86000000,    7382196,        0,  -78617804,          0
  6754,    37,   86000000,    7392356,        0,  -78607644,          0
  6754,    38,   86000000,    7388320,        0,  -78611680,          0
  6754,    39,   86000000,    7351919,        0,  -78648081,          0
  6754,    40,   86000000,    7346151,        0,  -78653849,          0
  6754,    41,   86000000,    7377589,        0,  -78622411,          0
  6754,    42,   86000000,    7345544,        0,  -78654456,          0
  6754,    43,   86000000,    7396222,        0,  -78603778,          0
  6754,    44,   86000000,    7354935,        0,  -78645065,          0
  6754,    45,   86000000,    7358988,        0,  -78641012,          0
  6754,    46,   86000000,    7404579,        0,  -78595421,          0
  6754,    47,   86000000,    7455890,        0,  -78544110,          0
  6754,    48,   86000000,    7654156,        0,  -78345844,          0
  6754,    49,   86000000,    7372131,        0,  -78627869,          0
  6754,    50,   86000000,    7397653,        0,  -78602347,          0
  6754,    51,   86000000,    7402610,        0,  -78597390,          0
  6754,    52,   86000000,    7432839,        0,  -78567161,          0
  6754,    53,   86000000,    7475017,        0,  -78524983,          0
  6754,    54,   86000000,    8194463,        0,  -77805537,          0
  6754,    55,   86000000,    7968510,        0,  -78031490,          0
  6754,    56,   86000000,    7379490,        0,  -78620510,          0
  6754,    57,   86000000,    7451984,        0,  -78548016,          0
  6754,    58,   86000000,    7365135,        0,  -78634865,          0
  6754,    59,   86000000,    9344849,        0,  -76655151,          0
  6754,    60,   86000000,    7347899,        0,  -78652101,          0
  6754,    61,   86000000,    7378321,        0,  -78621679,          0
  6754,    62,   86000000,    7362821,        0,  -78637179,          0
  6754,    63,   86000000,    7373831,        0,  -78626169,          0
  6754,    64,   86000000,    7615704,        0,  -78384296,          0
  6754,    65,   86000000,    7349454,        0,  -78650546,          0
  6754,    66,   86000000,    8309267,        0,  -77690733,          0
  6754,    67,   86000000,    7367033,        0,  -78632967,          0
  6754,    68,   86000000,    7359029,        0,  -78640971,          0
  6754,    69,   86000000,    7374046,        0,  -78625954,          0
  6754,    70,   86000000,    7336718,        0,  -78663282,          0
  6754,    71,   86000000,    7353132,        0,  -78646868,          0
  6754,    72,   86000000,    7391960,        0,  -78608040,          0
  6754,    73,   86000000,    7417197,        0,  -78582803,          0
  6754,    74,   86000000,    7473091,        0,  -78526909,          0
  6754,    75,   86000000,    7377322,        0,  -78622678,          0
  6754,    76,   86000000,    7345786,        0,  -78654214,          0
  6754,    77,   86000000,    7623801,        0,  -78376199,          0
  6754,    78,   86000000,    7351130,        0,  -78648870,          0
  6754,    79,   86000000,    7338836,        0,  -78661164,          0
  6754,    80,   86000000,    7375234,        0,  -78624766,          0
  6754,    81,   86000000,    7376205,        0,  -78623795,          0
  6754,    82,   86000000,    7383227,        0,  -78616773,          0
  6754,    83,   86000000,    7364143,        0,  -78635857,          0
  6754,    84,   86000000,    7346737,        0,  -78653263,          0
  6754,    85,   86000000,    7466457,        0,  -78533543,          0
  6754,    86,   86000000,    7402035,        0,  -78597965,          0
  6754,    87,   86000000,    7330990,        0,  -78669010,          0
  6754,    88,   86000000,    7348684,        0,  -78651316,          0
  6754,    89,   86000000,    7343637,        0,  -78656363,          0
  6754,    90,   86000000,    7355932,        0,  -78644068,          0
  6754,    91,   86000000,    7367176,        0,  -78632824,          0
  6754,    92,   86000000,    7351620,        0,  -78648380,          0
  6754,    93,   86000000,    8023052,        0,  -77976948,          0
  6754,    94,   86000000,    7354078,        0,  -78645922,          0
  6754,    95,   86000000,    7379181,        0,  -78620819,          0
  6754,    96,   86000000,    7334298,        0,  -78665702,          0
  6754,    97,   86000000,    7402640,        0,  -78597360,          0
  6754,    98,   86000000,    7342715,        0,  -78657285,          0
  6754,    99,   86000000,    7341013,        0,  -78658987,          0
  6754,   100,   86000000,    7331052,        0,  -78668948,          0
  6754,   101,   86000000,    7373362,        0,  -78626638,          0
  6754,   102,   86000000,    7341504,        0,  -78658496,          0
  6754,   103,   86000000,    7345140,        0,  -78654860,          0
  6754,   104,   86000000,    7425269,        0,  -78574731,          0
  6754,   105,   86000000,    7362818,        0,  -78637182,          0
  6754,   106,   86000000,    7386403,        0,  -78613597,          0
  6754,   107,   86000000,    7357035,        0,  -78642965,          0
  6754,   108,   86000000,    7390831,        0,  -78609169,          0
  6754,   109,   86000000,    7655703,        0,  -78344297,          0
  6754,   110,   86000000,    7362581,        0,  -78637419,          0
  6754,   111,   86000000,    7346532,        0,  -78653468,          0
  6754,   112,   86000000,    7410572,        0,  -78589428,          0
  6754,   113,   86000000,    7348588,        0,  -78651412,          0
  6754,   114,   86000000,    7395330,        0,  -78604670,          0
  6754,   115,   86000000,    7403720,        0,  -78596280,          0
  6754,   116,   86000000,    7370425,        0,  -78629575,          0
  6754,   117,   86000000,    7383203,        0,  -78616797,          0
  6754,   118,   86000000,    7384886,        0,  -78615114,          0
  6754,   119,   86000000,    7461269,        0,  -78538731,          0
  6754,   120,   86000000,    7414578,        0,  -78585422,          0
