# Task,   Job,     Period,   Response, DL Miss?,   Lateness,  Tardiness
# task NAME=myapp PID=973 COST=39222000 PERIOD=61000000 CPU=0
   973,     2,   61000000,       8444,        0,  -60991556,          0
   973,     3,   61000000,      61881,        0,  -60938119,          0
   973,     4,   61000000,   39497503,        0,  -21502497,          0
   973,     5,   61000000,   38484043,        0,  -22515957,          0
   973,     6,   61000000,   38504680,        0,  -22495320,          0
   973,     7,   61000000,   38506998,        0,  -22493002,          0
   973,     8,   61000000,   38524805,        0,  -22475195,          0
   973,     9,   61000000,   38467804,        0,  -22532196,          0
   973,    10,   61000000,   38474007,        0,  -22525993,          0
   973,    11,   61000000,   38500815,        0,  -22499185,          0
   973,    12,   61000000,   38472165,        0,  -22527835,          0
   973,    13,   61000000,   38455773,        0,  -22544227,          0
   973,    14,   61000000,   38440990,        0,  -22559010,          0
   973,    15,   61000000,   38453602,        0,  -22546398,          0
   973,    16,   61000000,   38456946,        0,  -22543054,          0
   973,    17,   61000000,   38749915,        0,  -22250085,          0
   973,    18,   61000000,   38480782,        0,  -22519218,          0
   973,    19,   61000000,   38781186,        0,  -22218814,          0
   973,    20,   61000000,   38455819,        0,  -22544181,          0
   973,    21,   61000000,   38768292,        0,  -22231708,          0
   973,    22,   61000000,   38497650,        0,  -22502350,          0
   973,    23,   61000000,   38781017,        0,  -22218983,          0
   973,    24,   61000000,   38452491,        0,  -22547509,          0
   973,    25,   61000000,   38772242,        0,  -22227758,          0
   973,    26,   61000000,   38493661,        0,  -22506339,          0
   973,    27,   61000000,   38720193,        0,  -22279807,          0
   973,    28,   61000000,   38445831,        0,  -22554169,          0
   973,    29,   61000000,   38745069,        0,  -22254931,          0
   973,    30,   61000000,   38477810,        0,  -22522190,          0
   973,    31,   61000000,   38710377,        0,  -22289623,          0
   973,    32,   61000000,   38486516,        0,  -22513484,          0
   973,    33,   61000000,   38770288,        0,  -22229712,          0
   973,    34,   61000000,   38455928,        0,  -22544072,          0
   973,    35,   61000000,   38737327,        0,  -22262673,          0
   973,    36,   61000000,   38494986,        0,  -22505014,          0
   973,    37,   61000000,   38786976,        0,  -22213024,          0
   973,    38,   61000000,   38473904,        0,  -22526096,          0
   973,    39,   61000000,   38754950,        0,  -22245050,          0
   973,    40,   61000000,   38507920,        0,  -22492080,          0
   973,    41,   61000000,   38862101,        0,  -22137899,          0
   973,    42,   61000000,   38444599,        0,  -22555401,          0
   973,    43,   61000000,   38478500,        0,  -22521500,          0
   973,    44,   61000000,   38515019,        0,  -22484981,          0
   973,    45,   61000000,   38520840,        0,  -22479160,          0
   973,    46,   61000000,   38508314,        0,  -22491686,          0
   973,    47,   61000000,   38521708,        0,  -22478292,          0
   973,    48,   61000000,   38508345,        0,  -22491655,          0
   973,    49,   61000000,   38508373,        0,  -22491627,          0
   973,    50,   61000000,   38463561,        0,  -22536439,          0
   973,    51,   61000000,   38498296,        0,  -22501704,          0
   973,    52,   61000000,   38491841,        0,  -22508159,          0
   973,    53,   61000000,   38530965,        0,  -22469035,          0
   973,    54,   61000000,   38480563,        0,  -22519437,          0
   973,    55,   61000000,   38473509,        0,  -22526491,          0
   973,    56,   61000000,   38508550,        0,  -22491450,          0
   973,    57,   61000000,   38560862,        0,  -22439138,          0
   973,    58,   61000000,   38721346,        0,  -22278654,          0
   973,    59,   61000000,   38479150,        0,  -22520850,          0
   973,    60,   61000000,   38783162,        0,  -22216838,          0
   973,    61,   61000000,   38489585,        0,  -22510415,          0
   973,    62,   61000000,   38760363,        0,  -22239637,          0
   973,    63,   61000000,   38489177,        0,  -22510823,          0
   973,    64,   61000000,   38747012,        0,  -22252988,          0
   973,    65,   61000000,   38458541,        0,  -22541459,          0
   973,    66,   61000000,   38797721,        0,  -22202279,          0
   973,    67,   61000000,   38499178,        0,  -22500822,          0
   973,    68,   61000000,   38771826,        0,  -22228174,          0
   973,    69,   61000000,   38494269,        0,  -22505731,          0
   973,    70,   61000000,   38792093,        0,  -22207907,          0
   973,    71,   61000000,   38548157,        0,  -22451843,          0
   973,    72,   61000000,   38775077,        0,  -22224923,          0
   973,    73,   61000000,   38505000,        0,  -22495000,          0
   973,    74,   61000000,   38830217,        0,  -22169783,          0
   973,    75,   61000000,   38547836,        0,  -22452164,          0
   973,    76,   61000000,   38780461,        0,  -22219539,          0
   973,    77,   61000000,   38524523,        0,  -22475477,          0
   973,    78,   61000000,   38809719,        0,  -22190281,          0
   973,    79,   61000000,   38532004,        0,  -22467996,          0
   973,    80,   61000000,   38727989,        0,  -22272011,          0
   973,    81,   61000000,   38537033,        0,  -22462967,          0
   973,    82,   61000000,   38818865,        0,  -22181135,          0
   973,    83,   61000000,   38550135,        0,  -22449865,          0
   973,    84,   61000000,   38491692,        0,  -22508308,          0
   973,    85,   61000000,   38504773,        0,  -22495227,          0
   973,    86,   61000000,   38480404,        0,  -22519596,          0
   973,    87,   61000000,   38465222,        0,  -22534778,          0
   973,    88,   61000000,   38462454,        0,  -22537546,          0
   973,    89,   61000000,   38503135,        0,  -22496865,          0
   973,    90,   61000000,   38581626,        0,  -22418374,          0
   973,    91,   61000000,   38482891,        0,  -22517109,          0
   973,    92,   61000000,   38465608,        0,  -22534392,          0
   973,    93,   61000000,   38491143,        0,  -22508857,          0
   973,    94,   61000000,   38490314,        0,  -22509686,          0
   973,    95,   61000000,   38463476,        0,  -22536524,          0
   973,    96,   61000000,   38481756,        0,  -22518244,          0
   973,    97,   61000000,   38490575,        0,  -22509425,          0
   973,    98,   61000000,   38535423,        0,  -22464577,          0
   973,    99,   61000000,   38538927,        0,  -22461073,          0
   973,   100,   61000000,   38499807,        0,  -22500193,          0
   973,   101,   61000000,   38760482,        0,  -22239518,          0
   973,   102,   61000000,   38475279,        0,  -22524721,          0
   973,   103,   61000000,   38761092,        0,  -22238908,          0
   973,   104,   61000000,   38501821,        0,  -22498179,          0
   973,   105,   61000000,   38795639,        0,  -22204361,          0
   973,   106,   61000000,   38481886,        0,  -22518114,          0
   973,   107,   61000000,   38736463,        0,  -22263537,          0
   973,   108,   61000000,   38517764,        0,  -22482236,          0
   973,   109,   61000000,   38799578,        0,  -22200422,          0
   973,   110,   61000000,   38431678,        0,  -22568322,          0
   973,   111,   61000000,   38818043,        0,  -22181957,          0
   973,   112,   61000000,   38524644,        0,  -22475356,          0
   973,   113,   61000000,   38830469,        0,  -22169531,          0
   973,   114,   61000000,   38491891,        0,  -22508109,          0
   973,   115,   61000000,   38762524,        0,  -22237476,          0
   973,   116,   61000000,   38521811,        0,  -22478189,          0
   973,   117,   61000000,   38797310,        0,  -22202690,          0
   973,   118,   61000000,   38519031,        0,  -22480969,          0
   973,   119,   61000000,   38802128,        0,  -22197872,          0
   973,   120,   61000000,   38535756,        0,  -22464244,          0
   973,   121,   61000000,   38773023,        0,  -22226977,          0
   973,   122,   61000000,   38480659,        0,  -22519341,          0
   973,   123,   61000000,   38891001,        0,  -22108999,          0
   973,   124,   61000000,   38532704,        0,  -22467296,          0
   973,   125,   61000000,   38514876,        0,  -22485124,          0
   973,   126,   61000000,   38506312,        0,  -22493688,          0
   973,   127,   61000000,   38521496,        0,  -22478504,          0
   973,   128,   61000000,   38506020,        0,  -22493980,          0
   973,   129,   61000000,   38492286,        0,  -22507714,          0
   973,   130,   61000000,   38458870,        0,  -22541130,          0
   973,   131,   61000000,   38538095,        0,  -22461905,          0
   973,   132,   61000000,   38477808,        0,  -22522192,          0
   973,   133,   61000000,   38480483,        0,  -22519517,          0
   973,   134,   61000000,   38458204,        0,  -22541796,          0
   973,   135,   61000000,   38484295,        0,  -22515705,          0
   973,   136,   61000000,   38452453,        0,  -22547547,          0
   973,   137,   61000000,   38466465,        0,  -22533535,          0
   973,   138,   61000000,   38478466,        0,  -22521534,          0
   973,   139,   61000000,   38566310,        0,  -22433690,          0
   973,   140,   61000000,   38481500,        0,  -22518500,          0
   973,   141,   61000000,   38461389,        0,  -22538611,          0
   973,   142,   61000000,   38693710,        0,  -22306290,          0
   973,   143,   61000000,   38471267,        0,  -22528733,          0
   973,   144,   61000000,   38670877,        0,  -22329123,          0
   973,   145,   61000000,   38509713,        0,  -22490287,          0
   973,   146,   61000000,   38697234,        0,  -22302766,          0
   973,   147,   61000000,   38506029,        0,  -22493971,          0
   973,   148,   61000000,   38716310,        0,  -22283690,          0
   973,   149,   61000000,   38461307,        0,  -22538693,          0
   973,   150,   61000000,   38737586,        0,  -22262414,          0
   973,   151,   61000000,   38488693,        0,  -22511307,          0
   973,   152,   61000000,   38737318,        0,  -22262682,          0
   973,   153,   61000000,   38515498,        0,  -22484502,          0
   973,   154,   61000000,   38731735,        0,  -22268265,          0
   973,   155,   61000000,   38504516,        0,  -22495484,          0
   973,   156,   61000000,   38762454,        0,  -22237546,          0
   973,   157,   61000000,   38516371,        0,  -22483629,          0
   973,   158,   61000000,   38808228,        0,  -22191772,          0
   973,   159,   61000000,   38501165,        0,  -22498835,          0
   973,   160,   61000000,   38802147,        0,  -22197853,          0
   973,   161,   61000000,   38536225,        0,  -22463775,          0
   973,   162,   61000000,   38818933,        0,  -22181067,          0
   973,   163,   61000000,   38493021,        0,  -22506979,          0
   973,   164,   61000000,   38790811,        0,  -22209189,          0
   973,   165,   61000000,   38522953,        0,  -22477047,          0
   973,   166,   61000000,   38798845,        0,  -22201155,          0
   973,   167,   61000000,   38553346,        0,  -22446654,          0
# task NAME=myapp PID=976 COST=4008000 PERIOD=21000000 CPU=0
   976,     2,   21000000,       7971,        0,  -20992029,          0
   976,     3,   21000000,      70501,        0,  -20929499,          0
   976,     4,   21000000,    5019560,        0,  -15980440,          0
   976,     5,   21000000,    3966474,        0,  -17033526,          0
   976,     6,   21000000,    3969578,        0,  -17030422,          0
   976,     7,   21000000,    3947860,        0,  -17052140,          0
   976,     8,   21000000,    4237633,        0,  -16762367,          0
   976,     9,   21000000,    3942567,        0,  -17057433,          0
   976,    10,   21000000,    3949361,        0,  -17050639,          0
   976,    11,   21000000,    3940769,        0,  -17059231,          0
   976,    12,   21000000,    3948923,        0,  -17051077,          0
   976,    13,   21000000,    3949679,        0,  -17050321,          0
   976,    14,   21000000,    3952232,        0,  -17047768,          0
   976,    15,   21000000,    3959872,        0,  -17040128,          0
   976,    16,   21000000,    3944777,        0,  -17055223,          0
   976,    17,   21000000,    3948277,        0,  -17051723,          0
   976,    18,   21000000,    3948925,        0,  -17051075,          0
   976,    19,   21000000,    3943768,        0,  -17056232,          0
   976,    20,   21000000,    3947337,        0,  -17052663,          0
   976,    21,   21000000,    3948810,        0,  -17051190,          0
   976,    22,   21000000,    3945826,        0,  -17054174,          0
   976,    23,   21000000,    3947231,        0,  -17052769,          0
   976,    24,   21000000,    3946977,        0,  -17053023,          0
   976,    25,   21000000,    3942467,        0,  -17057533,          0
   976,    26,   21000000,    3975281,        0,  -17024719,          0
   976,    27,   21000000,    3947311,        0,  -17052689,          0
   976,    28,   21000000,    3947376,        0,  -17052624,          0
   976,    29,   21000000,    3947308,        0,  -17052692,          0
   976,    30,   21000000,    3954552,        0,  -17045448,          0
   976,    31,   21000000,    3946348,        0,  -17053652,          0
   976,    32,   21000000,    3950669,        0,  -17049331,          0
   976,    33,   21000000,    3945195,        0,  -17054805,          0
   976,    34,   21000000,    3959044,        0,  -17040956,          0
   976,    35,   21000000,    3949293,        0,  -17050707,          0
   976,    36,   21000000,    3944280,        0,  -17055720,          0
   976,    37,   21000000,    3949141,        0,  -17050859,          0
   976,    38,   21000000,    3945491,        0,  -17054509,          0
   976,    39,   21000000,    3949653,        0,  -17050347,          0
   976,    40,   21000000,    3939957,        0,  -17060043,          0
   976,    41,   21000000,    3954213,        0,  -17045787,          0
   976,    42,   21000000,    3946325,        0,  -17053675,          0
   976,    43,   21000000,    3946618,        0,  -17053382,          0
   976,    44,   21000000,    3952769,        0,  -17047231,          0
   976,    45,   21000000,    3949097,        0,  -17050903,          0
   976,    46,   21000000,    3966727,        0,  -17033273,          0
   976,    47,   21000000,    3948628,        0,  -17051372,          0
   976,    48,   21000000,    3953009,        0,  -17046991,          0
   976,    49,   21000000,    3940542,        0,  -17059458,          0
   976,    50,   21000000,    3946761,        0,  -17053239,          0
   976,    51,   21000000,    3943502,        0,  -17056498,          0
   976,    52,   21000000,    3943524,        0,  -17056476,          0
   976,    53,   21000000,    3947215,        0,  -17052785,          0
   976,    54,   21000000,    3947478,        0,  -17052522,          0
   976,    55,   21000000,    3939989,        0,  -17060011,          0
   976,    56,   21000000,    3947890,        0,  -17052110,          0
   976,    57,   21000000,    3942427,        0,  -17057573,          0
   976,    58,   21000000,    3951814,        0,  -17048186,          0
   976,    59,   21000000,    3954974,        0,  -17045026,          0
   976,    60,   21000000,    3952713,        0,  -17047287,          0
   976,    61,   21000000,    3955382,        0,  -17044618,          0
   976,    62,   21000000,    3955236,        0,  -17044764,          0
   976,    63,   21000000,    3950296,        0,  -17049704,          0
   976,    64,   21000000,    3962953,        0,  -17037047,          0
   976,    65,   21000000,    3955720,        0,  -17044280,          0
   976,    66,   21000000,    4029359,        0,  -16970641,          0
   976,    67,   21000000,    3952494,        0,  -17047506,          0
   976,    68,   21000000,    3950815,        0,  -17049185,          0
   976,    69,   21000000,    3994738,        0,  -17005262,          0
   976,    70,   21000000,    3950934,        0,  -17049066,          0
   976,    71,   21000000,    3955503,        0,  -17044497,          0
   976,    72,   21000000,    3952795,        0,  -17047205,          0
   976,    73,   21000000,    3953577,        0,  -17046423,          0
   976,    74,   21000000,    3955244,        0,  -17044756,          0
   976,    75,   21000000,    3953432,        0,  -17046568,          0
   976,    76,   21000000,    3953502,        0,  -17046498,          0
   976,    77,   21000000,    3953785,        0,  -17046215,          0
   976,    78,   21000000,    3954636,        0,  -17045364,          0
   976,    79,   21000000,    3957766,        0,  -17042234,          0
   976,    80,   21000000,    3951752,        0,  -17048248,          0
   976,    81,   21000000,    3953522,        0,  -17046478,          0
   976,    82,   21000000,    3955138,        0,  -17044862,          0
   976,    83,   21000000,    3955411,        0,  -17044589,          0
   976,    84,   21000000,    3955231,        0,  -17044769,          0
   976,    85,   21000000,    3952349,        0,  -17047651,          0
   976,    86,   21000000,    3960814,        0,  -17039186,          0
   976,    87,   21000000,    3954256,        0,  -17045744,          0
   976,    88,   21000000,    3956594,        0,  -17043406,          0
   976,    89,   21000000,    3948251,        0,  -17051749,          0
   976,    90,   21000000,    3950043,        0,  -17049957,          0
   976,    91,   21000000,    3954649,        0,  -17045351,          0
   976,    92,   21000000,    3945981,        0,  -17054019,          0
   976,    93,   21000000,    3983184,        0,  -17016816,          0
   976,    94,   21000000,    3954592,        0,  -17045408,          0
   976,    95,   21000000,    3955007,        0,  -17044993,          0
   976,    96,   21000000,    3955248,        0,  -17044752,          0
   976,    97,   21000000,    3952556,        0,  -17047444,          0
   976,    98,   21000000,    3954475,        0,  -17045525,          0
   976,    99,   21000000,    3952407,        0,  -17047593,          0
   976,   100,   21000000,    3952253,        0,  -17047747,          0
   976,   101,   21000000,    3969442,        0,  -17030558,          0
   976,   102,   21000000,    3954793,        0,  -17045207,          0
   976,   103,   21000000,    3952623,        0,  -17047377,          0
   976,   104,   21000000,    3948263,        0,  -17051737,          0
   976,   105,   21000000,    3951771,        0,  -17048229,          0
   976,   106,   21000000,    3957301,        0,  -17042699,          0
   976,   107,   21000000,    3953997,        0,  -17046003,          0
   976,   108,   21000000,    3954459,        0,  -17045541,          0
   976,   109,   21000000,    3945043,        0,  -17054957,          0
   976,   110,   21000000,    3947990,        0,  -17052010,          0
   976,   111,   21000000,    3955009,        0,  -17044991,          0
   976,   112,   21000000,    3953490,        0,  -17046510,          0
   976,   113,   21000000,    3981784,        0,  -17018216,          0
   976,   114,   21000000,    3945722,        0,  -17054278,          0
   976,   115,   21000000,    4228718,        0,  -16771282,          0
   976,   116,   21000000,    3946452,        0,  -17053548,          0
   976,   117,   21000000,    3942244,        0,  -17057756,          0
   976,   118,   21000000,    3942521,        0,  -17057479,          0
   976,   119,   21000000,    3943933,        0,  -17056067,          0
   976,   120,   21000000,    3944818,        0,  -17055182,          0
   976,   121,   21000000,    4233167,        0,  -16766833,          0
   976,   122,   21000000,    3944163,        0,  -17055837,          0
   976,   123,   21000000,    3945765,        0,  -17054235,          0
   976,   124,   21000000,    3947586,        0,  -17052414,          0
   976,   125,   21000000,    3956949,        0,  -17043051,          0
   976,   126,   21000000,    3952687,        0,  -17047313,          0
   976,   127,   21000000,    4240353,        0,  -16759647,          0
   976,   128,   21000000,    3948448,        0,  -17051552,          0
   976,   129,   21000000,    3948755,        0,  -17051245,          0
   976,   130,   21000000,    3947334,        0,  -17052666,          0
   976,   131,   21000000,    3948816,        0,  -17051184,          0
   976,   132,   21000000,    3954921,        0,  -17045079,          0
   976,   133,   21000000,    4271086,        0,  -16728914,          0
   976,   134,   21000000,    3953753,        0,  -17046247,          0
   976,   135,   21000000,    3951093,        0,  -17048907,          0
   976,   136,   21000000,    3955600,        0,  -17044400,          0
   976,   137,   21000000,    3955151,        0,  -17044849,          0
   976,   138,   21000000,    3954412,        0,  -17045588,          0
   976,   139,   21000000,    3947125,        0,  -17052875,          0
   976,   140,   21000000,    3953849,        0,  -17046151,          0
   976,   141,   21000000,    3947266,        0,  -17052734,          0
   976,   142,   21000000,    3957936,        0,  -17042064,          0
   976,   143,   21000000,    3957605,        0,  -17042395,          0
   976,   144,   21000000,    3948845,        0,  -17051155,          0
   976,   145,   21000000,    3979452,        0,  -17020548,          0
   976,   146,   21000000,    3941664,        0,  -17058336,          0
   976,   147,   21000000,    3944690,        0,  -17055310,          0
   976,   148,   21000000,    3963423,        0,  -17036577,          0
   976,   149,   21000000,    3943015,        0,  -17056985,          0
   976,   150,   21000000,    3945694,        0,  -17054306,          0
   976,   151,   21000000,    3946185,        0,  -17053815,          0
   976,   152,   21000000,    3950241,        0,  -17049759,          0
   976,   153,   21000000,    3974975,        0,  -17025025,          0
   976,   154,   21000000,    3945038,        0,  -17054962,          0
   976,   155,   21000000,    3946638,        0,  -17053362,          0
   976,   156,   21000000,    3942512,        0,  -17057488,          0
   976,   157,   21000000,    3947459,        0,  -17052541,          0
   976,   158,   21000000,    3959051,        0,  -17040949,          0
   976,   159,   21000000,    3955607,        0,  -17044393,          0
   976,   160,   21000000,    3949747,        0,  -17050253,          0
   976,   161,   21000000,    3951313,        0,  -17048687,          0
   976,   162,   21000000,    3951288,        0,  -17048712,          0
   976,   163,   21000000,    3947894,        0,  -17052106,          0
   976,   164,   21000000,    3942313,        0,  -17057687,          0
   976,   165,   21000000,    3967030,        0,  -17032970,          0
   976,   166,   21000000,    3942839,        0,  -17057161,          0
   976,   167,   21000000,    3945706,        0,  -17054294,          0
   976,   168,   21000000,    3982264,        0,  -17017736,          0
   976,   169,   21000000,    3961316,        0,  -17038684,          0
   976,   170,   21000000,    3950457,        0,  -17049543,          0
   976,   171,   21000000,    3953803,        0,  -17046197,          0
   976,   172,   21000000,    3949449,        0,  -17050551,          0
   976,   173,   21000000,    3954321,        0,  -17045679,          0
   976,   174,   21000000,    3951601,        0,  -17048399,          0
   976,   175,   21000000,    3951608,        0,  -17048392,          0
   976,   176,   21000000,    3951612,        0,  -17048388,          0
   976,   177,   21000000,    3954778,        0,  -17045222,          0
   976,   178,   21000000,    3953084,        0,  -17046916,          0
   976,   179,   21000000,    3955949,        0,  -17044051,          0
   976,   180,   21000000,    3973081,        0,  -17026919,          0
   976,   181,   21000000,    3954894,        0,  -17045106,          0
   976,   182,   21000000,    3951061,        0,  -17048939,          0
   976,   183,   21000000,    3950061,        0,  -17049939,          0
   976,   184,   21000000,    3950510,        0,  -17049490,          0
   976,   185,   21000000,    3958247,        0,  -17041753,          0
   976,   186,   21000000,    3962271,        0,  -17037729,          0
   976,   187,   21000000,    3957081,        0,  -17042919,          0
   976,   188,   21000000,    3980812,        0,  -17019188,          0
   976,   189,   21000000,    4962399,        0,  -16037601,          0
   976,   190,   21000000,    3948755,        0,  -17051245,          0
   976,   191,   21000000,    3944425,        0,  -17055575,          0
   976,   192,   21000000,    3944122,        0,  -17055878,          0
   976,   193,   21000000,    3944437,        0,  -17055563,          0
   976,   194,   21000000,    3946922,        0,  -17053078,          0
   976,   195,   21000000,    3943975,        0,  -17056025,          0
   976,   196,   21000000,    3946824,        0,  -17053176,          0
   976,   197,   21000000,    3943527,        0,  -17056473,          0
   976,   198,   21000000,    3948018,        0,  -17051982,          0
   976,   199,   21000000,    3945921,        0,  -17054079,          0
   976,   200,   21000000,    3942037,        0,  -17057963,          0
   976,   201,   21000000,    3946073,        0,  -17053927,          0
   976,   202,   21000000,    3946973,        0,  -17053027,          0
   976,   203,   21000000,    3945855,        0,  -17054145,          0
   976,   204,   21000000,    3947800,        0,  -17052200,          0
   976,   205,   21000000,    3947002,        0,  -17052998,          0
   976,   206,   21000000,    3948238,        0,  -17051762,          0
   976,   207,   21000000,    3944651,        0,  -17055349,          0
   976,   208,   21000000,    3944748,        0,  -17055252,          0
   976,   209,   21000000,    3947540,        0,  -17052460,          0
   976,   210,   21000000,    3946801,        0,  -17053199,          0
   976,   211,   21000000,    3942719,        0,  -17057281,          0
   976,   212,   21000000,    3982007,        0,  -17017993,          0
   976,   213,   21000000,    3950523,        0,  -17049477,          0
   976,   214,   21000000,    3943960,        0,  -17056040,          0
   976,   215,   21000000,    3955798,        0,  -17044202,          0
   976,   216,   21000000,    3956777,        0,  -17043223,          0
   976,   217,   21000000,    3953459,        0,  -17046541,          0
   976,   218,   21000000,    3961732,        0,  -17038268,          0
   976,   219,   21000000,    3948933,        0,  -17051067,          0
   976,   220,   21000000,    3954836,        0,  -17045164,          0
   976,   221,   21000000,    3948497,        0,  -17051503,          0
   976,   222,   21000000,    3946080,        0,  -17053920,          0
   976,   223,   21000000,    3954849,        0,  -17045151,          0
   976,   224,   21000000,    3942209,        0,  -17057791,          0
   976,   225,   21000000,    3952216,        0,  -17047784,          0
   976,   226,   21000000,    3944153,        0,  -17055847,          0
   976,   227,   21000000,    3949815,        0,  -17050185,          0
   976,   228,   21000000,    3940292,        0,  -17059708,          0
   976,   229,   21000000,    3947079,        0,  -17052921,          0
   976,   230,   21000000,    3947741,        0,  -17052259,          0
   976,   231,   21000000,    3945945,        0,  -17054055,          0
   976,   232,   21000000,    3978204,        0,  -17021796,          0
   976,   233,   21000000,    3946242,        0,  -17053758,          0
   976,   234,   21000000,    3951977,        0,  -17048023,          0
   976,   235,   21000000,    3973633,        0,  -17026367,          0
   976,   236,   21000000,    3945462,        0,  -17054538,          0
   976,   237,   21000000,    3944408,        0,  -17055592,          0
   976,   238,   21000000,    3945920,        0,  -17054080,          0
   976,   239,   21000000,    3947279,        0,  -17052721,          0
   976,   240,   21000000,    4229276,        0,  -16770724,          0
   976,   241,   21000000,    3946492,        0,  -17053508,          0
   976,   242,   21000000,    3943864,        0,  -17056136,          0
   976,   243,   21000000,    3948139,        0,  -17051861,          0
   976,   244,   21000000,    3944960,        0,  -17055040,          0
   976,   245,   21000000,    3943535,        0,  -17056465,          0
   976,   246,   21000000,    4228849,        0,  -16771151,          0
   976,   247,   21000000,    3965267,        0,  -17034733,          0
   976,   248,   21000000,    3950208,        0,  -17049792,          0
   976,   249,   21000000,    3945786,        0,  -17054214,          0
   976,   250,   21000000,    3954298,        0,  -17045702,          0
   976,   251,   21000000,    3953607,        0,  -17046393,          0
   976,   252,   21000000,    4243927,        0,  -16756073,          0
   976,   253,   21000000,    3951878,        0,  -17048122,          0
   976,   254,   21000000,    3951772,        0,  -17048228,          0
   976,   255,   21000000,    3978911,        0,  -17021089,          0
   976,   256,   21000000,    3949349,        0,  -17050651,          0
   976,   257,   21000000,    3950772,        0,  -17049228,          0
   976,   258,   21000000,    4235828,        0,  -16764172,          0
   976,   259,   21000000,    3984792,        0,  -17015208,          0
   976,   260,   21000000,    3948339,        0,  -17051661,          0
   976,   261,   21000000,    3941726,        0,  -17058274,          0
   976,   262,   21000000,    3946821,        0,  -17053179,          0
   976,   263,   21000000,    3944896,        0,  -17055104,          0
   976,   264,   21000000,    3946144,        0,  -17053856,          0
   976,   265,   21000000,    3951583,        0,  -17048417,          0
   976,   266,   21000000,    3947199,        0,  -17052801,          0
   976,   267,   21000000,    3945175,        0,  -17054825,          0
   976,   268,   21000000,    3944123,        0,  -17055877,          0
   976,   269,   21000000,    3949029,        0,  -17050971,          0
   976,   270,   21000000,    3948877,        0,  -17051123,          0
   976,   271,   21000000,    3949104,        0,  -17050896,          0
   976,   272,   21000000,    3947027,        0,  -17052973,          0
   976,   273,   21000000,    3949774,        0,  -17050226,          0
   976,   274,   21000000,    3945057,        0,  -17054943,          0
   976,   275,   21000000,    3984499,        0,  -17015501,          0
   976,   276,   21000000,    3957576,        0,  -17042424,          0
   976,   277,   21000000,    3947971,        0,  -17052029,          0
   976,   278,   21000000,    3961642,        0,  -17038358,          0
   976,   279,   21000000,    3944107,        0,  -17055893,          0
   976,   280,   21000000,    3946433,        0,  -17053567,          0
   976,   281,   21000000,    3947057,        0,  -17052943,          0
   976,   282,   21000000,    3964715,        0,  -17035285,          0
   976,   283,   21000000,    3951861,        0,  -17048139,          0
   976,   284,   21000000,    3950664,        0,  -17049336,          0
   976,   285,   21000000,    3950129,        0,  -17049871,          0
   976,   286,   21000000,    3958396,        0,  -17041604,          0
   976,   287,   21000000,    3986387,        0,  -17013613,          0
   976,   288,   21000000,    3978414,        0,  -17021586,          0
   976,   289,   21000000,    3950470,        0,  -17049530,          0
   976,   290,   21000000,    3948349,        0,  -17051651,          0
   976,   291,   21000000,    3959528,        0,  -17040472,          0
   976,   292,   21000000,    3955116,        0,  -17044884,          0
   976,   293,   21000000,    3953691,        0,  -17046309,          0
   976,   294,   21000000,    3957597,        0,  -17042403,          0
   976,   295,   21000000,    3942489,        0,  -17057511,          0
   976,   296,   21000000,    3951188,        0,  -17048812,          0
   976,   297,   21000000,    3949876,        0,  -17050124,          0
   976,   298,   21000000,    3950439,        0,  -17049561,          0
   976,   299,   21000000,    3945055,        0,  -17054945,          0
   976,   300,   21000000,    4036774,        0,  -16963226,          0
   976,   301,   21000000,    3951415,        0,  -17048585,          0
   976,   302,   21000000,    3945297,        0,  -17054703,          0
   976,   303,   21000000,    3949355,        0,  -17050645,          0
   976,   304,   21000000,    4043700,        0,  -16956300,          0
   976,   305,   21000000,    3953521,        0,  -17046479,          0
   976,   306,   21000000,    3947255,        0,  -17052745,          0
   976,   307,   21000000,    3944863,        0,  -17055137,          0
   976,   308,   21000000,    3959218,        0,  -17040782,          0
   976,   309,   21000000,    3943808,        0,  -17056192,          0
   976,   310,   21000000,    3972410,        0,  -17027590,          0
   976,   311,   21000000,    3950089,        0,  -17049911,          0
   976,   312,   21000000,    3945964,        0,  -17054036,          0
   976,   313,   21000000,    3954675,        0,  -17045325,          0
   976,   314,   21000000,    3950081,        0,  -17049919,          0
   976,   315,   21000000,    3949965,        0,  -17050035,          0
   976,   316,   21000000,    3945641,        0,  -17054359,          0
   976,   317,   21000000,    3951178,        0,  -17048822,          0
   976,   318,   21000000,    3954815,        0,  -17045185,          0
   976,   319,   21000000,    3982440,        0,  -17017560,          0
   976,   320,   21000000,    3952294,        0,  -17047706,          0
   976,   321,   21000000,    3955119,        0,  -17044881,          0
   976,   322,   21000000,    3954446,        0,  -17045554,          0
   976,   323,   21000000,    3954322,        0,  -17045678,          0
   976,   324,   21000000,    3955329,        0,  -17044671,          0
   976,   325,   21000000,    3953804,        0,  -17046196,          0
   976,   326,   21000000,    3947605,        0,  -17052395,          0
   976,   327,   21000000,    3952010,        0,  -17047990,          0
   976,   328,   21000000,    3950323,        0,  -17049677,          0
   976,   329,   21000000,    3950263,        0,  -17049737,          0
   976,   330,   21000000,    3946210,        0,  -17053790,          0
   976,   331,   21000000,    3952856,        0,  -17047144,          0
   976,   332,   21000000,    3951094,        0,  -17048906,          0
   976,   333,   21000000,    3953252,        0,  -17046748,          0
   976,   334,   21000000,    3963087,        0,  -17036913,          0
   976,   335,   21000000,    3960536,        0,  -17039464,          0
   976,   336,   21000000,    3952607,        0,  -17047393,          0
   976,   337,   21000000,    3950671,        0,  -17049329,          0
   976,   338,   21000000,    3948133,        0,  -17051867,          0
   976,   339,   21000000,    3956935,        0,  -17043065,          0
   976,   340,   21000000,    3948740,        0,  -17051260,          0
   976,   341,   21000000,    3956685,        0,  -17043315,          0
   976,   342,   21000000,    3953281,        0,  -17046719,          0
   976,   343,   21000000,    3953514,        0,  -17046486,          0
   976,   344,   21000000,    3959593,        0,  -17040407,          0
   976,   345,   21000000,    3958364,        0,  -17041636,          0
   976,   346,   21000000,    3946541,        0,  -17053459,          0
   976,   347,   21000000,    3952507,        0,  -17047493,          0
   976,   348,   21000000,    3955146,        0,  -17044854,          0
   976,   349,   21000000,    3958019,        0,  -17041981,          0
   976,   350,   21000000,    3953998,        0,  -17046002,          0
   976,   351,   21000000,    3953415,        0,  -17046585,          0
   976,   352,   21000000,    3951806,        0,  -17048194,          0
   976,   353,   21000000,    3947528,        0,  -17052472,          0
   976,   354,   21000000,    3956558,        0,  -17043442,          0
   976,   355,   21000000,    3955359,        0,  -17044641,          0
   976,   356,   21000000,    3953499,        0,  -17046501,          0
   976,   357,   21000000,    3952014,        0,  -17047986,          0
   976,   358,   21000000,    3954506,        0,  -17045494,          0
   976,   359,   21000000,    3945277,        0,  -17054723,          0
   976,   360,   21000000,    3947837,        0,  -17052163,          0
   976,   361,   21000000,    3946689,        0,  -17053311,          0
   976,   362,   21000000,    3944861,        0,  -17055139,          0
   976,   363,   21000000,    3948388,        0,  -17051612,          0
   976,   364,   21000000,    3948238,        0,  -17051762,          0
   976,   365,   21000000,    4233540,        0,  -16766460,          0
   976,   366,   21000000,    3967938,        0,  -17032062,          0
   976,   367,   21000000,    3947700,        0,  -17052300,          0
   976,   368,   21000000,    3942243,        0,  -17057757,          0
   976,   369,   21000000,    3958384,        0,  -17041616,          0
   976,   370,   21000000,    3948369,        0,  -17051631,          0
   976,   371,   21000000,    4235250,        0,  -16764750,          0
   976,   372,   21000000,    3951651,        0,  -17048349,          0
   976,   373,   21000000,    3950787,        0,  -17049213,          0
   976,   374,   21000000,    3974298,        0,  -17025702,          0
   976,   375,   21000000,    3954178,        0,  -17045822,          0
   976,   376,   21000000,    3944071,        0,  -17055929,          0
   976,   377,   21000000,    4232470,        0,  -16767530,          0
   976,   378,   21000000,    3942301,        0,  -17057699,          0
   976,   379,   21000000,    3948160,        0,  -17051840,          0
   976,   380,   21000000,    3940085,        0,  -17059915,          0
   976,   381,   21000000,    3947366,        0,  -17052634,          0
   976,   382,   21000000,    3945795,        0,  -17054205,          0
   976,   383,   21000000,    4231073,        0,  -16768927,          0
   976,   384,   21000000,    3943603,        0,  -17056397,          0
   976,   385,   21000000,    3946825,        0,  -17053175,          0
   976,   386,   21000000,    3943353,        0,  -17056647,          0
   976,   387,   21000000,    3946679,        0,  -17053321,          0
   976,   388,   21000000,    3952381,        0,  -17047619,          0
   976,   389,   21000000,    3948426,        0,  -17051574,          0
   976,   390,   21000000,    3947933,        0,  -17052067,          0
   976,   391,   21000000,    3951612,        0,  -17048388,          0
   976,   392,   21000000,    3951282,        0,  -17048718,          0
   976,   393,   21000000,    3949216,        0,  -17050784,          0
   976,   394,   21000000,    3943234,        0,  -17056766,          0
   976,   395,   21000000,    3945602,        0,  -17054398,          0
   976,   396,   21000000,    3952025,        0,  -17047975,          0
   976,   397,   21000000,    3973868,        0,  -17026132,          0
   976,   398,   21000000,    3968177,        0,  -17031823,          0
   976,   399,   21000000,    3946225,        0,  -17053775,          0
   976,   400,   21000000,    3943214,        0,  -17056786,          0
   976,   401,   21000000,    3943748,        0,  -17056252,          0
   976,   402,   21000000,    3942130,        0,  -17057870,          0
   976,   403,   21000000,    3944336,        0,  -17055664,          0
   976,   404,   21000000,    3947787,        0,  -17052213,          0
   976,   405,   21000000,    3942831,        0,  -17057169,          0
   976,   406,   21000000,    3954992,        0,  -17045008,          0
   976,   407,   21000000,    3937644,        0,  -17062356,          0
   976,   408,   21000000,    3937959,        0,  -17062041,          0
   976,   409,   21000000,    3953715,        0,  -17046285,          0
   976,   410,   21000000,    3938362,        0,  -17061638,          0
   976,   411,   21000000,    3950917,        0,  -17049083,          0
   976,   412,   21000000,    3944516,        0,  -17055484,          0
   976,   413,   21000000,    3943855,        0,  -17056145,          0
   976,   414,   21000000,    3938558,        0,  -17061442,          0
   976,   415,   21000000,    3947504,        0,  -17052496,          0
   976,   416,   21000000,    3943712,        0,  -17056288,          0
   976,   417,   21000000,    3945041,        0,  -17054959,          0
   976,   418,   21000000,    3997978,        0,  -17002022,          0
   976,   419,   21000000,    3952868,        0,  -17047132,          0
   976,   420,   21000000,    3946730,        0,  -17053270,          0
   976,   421,   21000000,    3973767,        0,  -17026233,          0
   976,   422,   21000000,    3953926,        0,  -17046074,          0
   976,   423,   21000000,    3953073,        0,  -17046927,          0
   976,   424,   21000000,    3954147,        0,  -17045853,          0
   976,   425,   21000000,    3960248,        0,  -17039752,          0
   976,   426,   21000000,    3949583,        0,  -17050417,          0
   976,   427,   21000000,    3950422,        0,  -17049578,          0
   976,   428,   21000000,    3945931,        0,  -17054069,          0
   976,   429,   21000000,    3981703,        0,  -17018297,          0
   976,   430,   21000000,    3950978,        0,  -17049022,          0
   976,   431,   21000000,    3944804,        0,  -17055196,          0
   976,   432,   21000000,    3948192,        0,  -17051808,          0
   976,   433,   21000000,    3952816,        0,  -17047184,          0
   976,   434,   21000000,    3951242,        0,  -17048758,          0
   976,   435,   21000000,    3952023,        0,  -17047977,          0
   976,   436,   21000000,    3952779,        0,  -17047221,          0
   976,   437,   21000000,    3955231,        0,  -17044769,          0
   976,   438,   21000000,    3950635,        0,  -17049365,          0
   976,   439,   21000000,    3951653,        0,  -17048347,          0
   976,   440,   21000000,    3949839,        0,  -17050161,          0
   976,   441,   21000000,    3978913,        0,  -17021087,          0
   976,   442,   21000000,    3944612,        0,  -17055388,          0
   976,   443,   21000000,    3949732,        0,  -17050268,          0
   976,   444,   21000000,    3940629,        0,  -17059371,          0
   976,   445,   21000000,    3941576,        0,  -17058424,          0
   976,   446,   21000000,    3945147,        0,  -17054853,          0
   976,   447,   21000000,    4020069,        0,  -16979931,          0
   976,   448,   21000000,    3944555,        0,  -17055445,          0
   976,   449,   21000000,    3942599,        0,  -17057401,          0
   976,   450,   21000000,    3946613,        0,  -17053387,          0
   976,   451,   21000000,    3945595,        0,  -17054405,          0
   976,   452,   21000000,    3944791,        0,  -17055209,          0
   976,   453,   21000000,    3946121,        0,  -17053879,          0
   976,   454,   21000000,    3942376,        0,  -17057624,          0
   976,   455,   21000000,    3944121,        0,  -17055879,          0
   976,   456,   21000000,    3946184,        0,  -17053816,          0
   976,   457,   21000000,    3942923,        0,  -17057077,          0
   976,   458,   21000000,    3945164,        0,  -17054836,          0
   976,   459,   21000000,    3947410,        0,  -17052590,          0
   976,   460,   21000000,    3948277,        0,  -17051723,          0
   976,   461,   21000000,    3976256,        0,  -17023744,          0
   976,   462,   21000000,    3947171,        0,  -17052829,          0
   976,   463,   21000000,    3943134,        0,  -17056866,          0
   976,   464,   21000000,    3944096,        0,  -17055904,          0
   976,   465,   21000000,    3940169,        0,  -17059831,          0
   976,   466,   21000000,    3941763,        0,  -17058237,          0
   976,   467,   21000000,    3943981,        0,  -17056019,          0
   976,   468,   21000000,    3952722,        0,  -17047278,          0
   976,   469,   21000000,    3945728,        0,  -17054272,          0
   976,   470,   21000000,    3948824,        0,  -17051176,          0
   976,   471,   21000000,    3946735,        0,  -17053265,          0
   976,   472,   21000000,    3960019,        0,  -17039981,          0
   976,   473,   21000000,    3953580,        0,  -17046420,          0
   976,   474,   21000000,    3944870,        0,  -17055130,          0
   976,   475,   21000000,    3951500,        0,  -17048500,          0
   976,   476,   21000000,    3972292,        0,  -17027708,          0
   976,   477,   21000000,    3956459,        0,  -17043541,          0
   976,   478,   21000000,    3953314,        0,  -17046686,          0
   976,   479,   21000000,    3947426,        0,  -17052574,          0
   976,   480,   21000000,    3959912,        0,  -17040088,          0
# task NAME=myapp PID=980 COST=56329000 PERIOD=83000000 CPU=0
   980,     2,   83000000,       8765,        0,  -82991235,          0
   980,     3,   83000000,      76101,        0,  -82923899,          0
   980,     4,   83000000,   57604540,        0,  -25395460,          0
   980,     5,   83000000,   55322177,        0,  -27677823,          0
   980,     6,   83000000,   55317185,        0,  -27682815,          0
   980,     7,   83000000,   55589890,        0,  -27410110,          0
   980,     8,   83000000,   55347930,        0,  -27652070,          0
   980,     9,   83000000,   55303602,        0,  -27696398,          0
   980,    10,   83000000,   55555377,        0,  -27444623,          0
   980,    11,   83000000,   55246268,        0,  -27753732,          0
   980,    12,   83000000,   55312268,        0,  -27687732,          0
   980,    13,   83000000,   55586408,        0,  -27413592,          0
   980,    14,   83000000,   55327182,        0,  -27672818,          0
   980,    15,   83000000,   55312538,        0,  -27687462,          0
   980,    16,   83000000,   55571188,        0,  -27428812,          0
   980,    17,   83000000,   55308581,        0,  -27691419,          0
   980,    18,   83000000,   55245478,        0,  -27754522,          0
   980,    19,   83000000,   55601741,        0,  -27398259,          0
   980,    20,   83000000,   55269753,        0,  -27730247,          0
   980,    21,   83000000,   55255053,        0,  -27744947,          0
   980,    22,   83000000,   55532219,        0,  -27467781,          0
   980,    23,   83000000,   55237927,        0,  -27762073,          0
   980,    24,   83000000,   55293350,        0,  -27706650,          0
   980,    25,   83000000,   55598843,        0,  -27401157,          0
   980,    26,   83000000,   55300082,        0,  -27699918,          0
   980,    27,   83000000,   55281110,        0,  -27718890,          0
   980,    28,   83000000,   55569362,        0,  -27430638,          0
   980,    29,   83000000,   55284761,        0,  -27715239,          0
   980,    30,   83000000,   55326384,        0,  -27673616,          0
   980,    31,   83000000,   55654309,        0,  -27345691,          0
   980,    32,   83000000,   55273283,        0,  -27726717,          0
   980,    33,   83000000,   55306870,        0,  -27693130,          0
   980,    34,   83000000,   55535365,        0,  -27464635,          0
   980,    35,   83000000,   55262436,        0,  -27737564,          0
   980,    36,   83000000,   55276808,        0,  -27723192,          0
   980,    37,   83000000,   55565154,        0,  -27434846,          0
   980,    38,   83000000,   55231288,        0,  -27768712,          0
   980,    39,   83000000,   55239599,        0,  -27760401,          0
   980,    40,   83000000,   55527185,        0,  -27472815,          0
   980,    41,   83000000,   55247183,        0,  -27752817,          0
   980,    42,   83000000,   55252521,        0,  -27747479,          0
   980,    43,   83000000,   55608416,        0,  -27391584,          0
   980,    44,   83000000,   55214603,        0,  -27785397,          0
   980,    45,   83000000,   55290102,        0,  -27709898,          0
   980,    46,   83000000,   55562911,        0,  -27437089,          0
   980,    47,   83000000,   55344133,        0,  -27655867,          0
   980,    48,   83000000,   55298451,        0,  -27701549,          0
   980,    49,   83000000,   55526522,        0,  -27473478,          0
   980,    50,   83000000,   55265830,        0,  -27734170,          0
   980,    51,   83000000,   55244172,        0,  -27755828,          0
   980,    52,   83000000,   55552708,        0,  -27447292,          0
   980,    53,   83000000,   55280120,        0,  -27719880,          0
   980,    54,   83000000,   55242289,        0,  -27757711,          0
   980,    55,   83000000,   55629166,        0,  -27370834,          0
   980,    56,   83000000,   55259168,        0,  -27740832,          0
   980,    57,   83000000,   55301047,        0,  -27698953,          0
   980,    58,   83000000,   55559330,        0,  -27440670,          0
   980,    59,   83000000,   55290404,        0,  -27709596,          0
   980,    60,   83000000,   55284938,        0,  -27715062,          0
   980,    61,   83000000,   55583074,        0,  -27416926,          0
   980,    62,   83000000,   55254773,        0,  -27745227,          0
   980,    63,   83000000,   55520890,        0,  -27479110,          0
   980,    64,   83000000,   55590162,        0,  -27409838,          0
   980,    65,   83000000,   55276528,        0,  -27723472,          0
   980,    66,   83000000,   55579581,        0,  -27420419,          0
   980,    67,   83000000,   55624751,        0,  -27375249,          0
   980,    68,   83000000,   55271557,        0,  -27728443,          0
   980,    69,   83000000,   55538957,        0,  -27461043,          0
   980,    70,   83000000,   55527323,        0,  -27472677,          0
   980,    71,   83000000,   55253730,        0,  -27746270,          0
   980,    72,   83000000,   55641413,        0,  -27358587,          0
   980,    73,   83000000,   55618046,        0,  -27381954,          0
   980,    74,   83000000,   55272129,        0,  -27727871,          0
   980,    75,   83000000,   55509408,        0,  -27490592,          0
   980,    76,   83000000,   55526822,        0,  -27473178,          0
   980,    77,   83000000,   55243850,        0,  -27756150,          0
   980,    78,   83000000,   55520171,        0,  -27479829,          0
   980,    79,   83000000,   55607280,        0,  -27392720,          0
   980,    80,   83000000,   55253596,        0,  -27746404,          0
   980,    81,   83000000,   55491374,        0,  -27508626,          0
   980,    82,   83000000,   55486694,        0,  -27513306,          0
   980,    83,   83000000,   55244570,        0,  -27755430,          0
   980,    84,   83000000,   55549865,        0,  -27450135,          0
   980,    85,   83000000,   55531937,        0,  -27468063,          0
   980,    86,   83000000,   55235709,        0,  -27764291,          0
   980,    87,   83000000,   55501046,        0,  -27498954,          0
   980,    88,   83000000,   55536389,        0,  -27463611,          0
   980,    89,   83000000,   55220905,        0,  -27779095,          0
   980,    90,   83000000,   55514395,        0,  -27485605,          0
   980,    91,   83000000,   55619563,        0,  -27380437,          0
   980,    92,   83000000,   55232783,        0,  -27767217,          0
   980,    93,   83000000,   55477300,        0,  -27522700,          0
   980,    94,   83000000,   55567055,        0,  -27432945,          0
   980,    95,   83000000,   55248447,        0,  -27751553,          0
   980,    96,   83000000,   55499156,        0,  -27500844,          0
   980,    97,   83000000,   55561119,        0,  -27438881,          0
   980,    98,   83000000,   55233582,        0,  -27766418,          0
   980,    99,   83000000,   55499220,        0,  -27500780,          0
   980,   100,   83000000,   55557880,        0,  -27442120,          0
   980,   101,   83000000,   55250171,        0,  -27749829,          0
   980,   102,   83000000,   55504201,        0,  -27495799,          0
   980,   103,   83000000,   55344903,        0,  -27655097,          0
   980,   104,   83000000,   55252602,        0,  -27747398,          0
   980,   105,   83000000,   55447515,        0,  -27552485,          0
   980,   106,   83000000,   55256550,        0,  -27743450,          0
   980,   107,   83000000,   55238353,        0,  -27761647,          0
   980,   108,   83000000,   55556719,        0,  -27443281,          0
   980,   109,   83000000,   55282098,        0,  -27717902,          0
   980,   110,   83000000,   55287288,        0,  -27712712,          0
   980,   111,   83000000,   55459579,        0,  -27540421,          0
   980,   112,   83000000,   55254233,        0,  -27745767,          0
   980,   113,   83000000,   55251524,        0,  -27748476,          0
   980,   114,   83000000,   55444805,        0,  -27555195,          0
   980,   115,   83000000,   55329511,        0,  -27670489,          0
   980,   116,   83000000,   55253968,        0,  -27746032,          0
   980,   117,   83000000,   55528219,        0,  -27471781,          0
   980,   118,   83000000,   55250135,        0,  -27749865,          0
   980,   119,   83000000,   55262037,        0,  -27737963,          0
   980,   120,   83000000,   55519957,        0,  -27480043,          0
   980,   121,   83000000,   55254235,        0,  -27745765,          0
   980,   122,   83000000,   55229804,        0,  -27770196,          0
   980,   123,   83000000,   55502649,        0,  -27497351,          0
   980,   124,   83000000,   55196956,        0,  -27803044,          0
# task NAME=myapp PID=984 COST=5707000 PERIOD=93000000 CPU=0
   984,     2,   93000000,       8543,        0,  -92991457,          0
   984,     3,   93000000,      66494,        0,  -92933506,          0
   984,     4,   93000000,    7626664,        0,  -85373336,          0
   984,     5,   93000000,    5619822,        0,  -87380178,          0
   984,     6,   93000000,    5623897,        0,  -87376103,          0
   984,     7,   93000000,    5625390,        0,  -87374610,          0
   984,     8,   93000000,    5620965,        0,  -87379035,          0
   984,     9,   93000000,    5622504,        0,  -87377496,          0
   984,    10,   93000000,    5628217,        0,  -87371783,          0
   984,    11,   93000000,    5624176,        0,  -87375824,          0
   984,    12,   93000000,    5624458,        0,  -87375542,          0
   984,    13,   93000000,    5628272,        0,  -87371728,          0
   984,    14,   93000000,    5620882,        0,  -87379118,          0
   984,    15,   93000000,    5623309,        0,  -87376691,          0
   984,    16,   93000000,    5623709,        0,  -87376291,          0
   984,    17,   93000000,    5626855,        0,  -87373145,          0
   984,    18,   93000000,    5654796,        0,  -87345204,          0
   984,    19,   93000000,    5624162,        0,  -87375838,          0
   984,    20,   93000000,    5623504,        0,  -87376496,          0
   984,    21,   93000000,    5631504,        0,  -87368496,          0
   984,    22,   93000000,    5626018,        0,  -87373982,          0
   984,    23,   93000000,    5626296,        0,  -87373704,          0
   984,    24,   93000000,    5631454,        0,  -87368546,          0
   984,    25,   93000000,    5619879,        0,  -87380121,          0
   984,    26,   93000000,    5629561,        0,  -87370439,          0
   984,    27,   93000000,    5627778,        0,  -87372222,          0
   984,    28,   93000000,    5626505,        0,  -87373495,          0
   984,    29,   93000000,    5623836,        0,  -87376164,          0
   984,    30,   93000000,    5625784,        0,  -87374216,          0
   984,    31,   93000000,    5902031,        0,  -87097969,          0
   984,    32,   93000000,    5630057,        0,  -87369943,          0
   984,    33,   93000000,    5629079,        0,  -87370921,          0
   984,    34,   93000000,    5621049,        0,  -87378951,          0
   984,    35,   93000000,    5921555,        0,  -87078445,          0
   984,    36,   93000000,    5626715,        0,  -87373285,          0
   984,    37,   93000000,    5620907,        0,  -87379093,          0
   984,    38,   93000000,    5630384,        0,  -87369616,          0
   984,    39,   93000000,    5626673,        0,  -87373327,          0
   984,    40,   93000000,    5623775,        0,  -87376225,          0
   984,    41,   93000000,    5622896,        0,  -87377104,          0
   984,    42,   93000000,    5625934,        0,  -87374066,          0
   984,    43,   93000000,    5628265,        0,  -87371735,          0
   984,    44,   93000000,    5631514,        0,  -87368486,          0
   984,    45,   93000000,    7637286,        0,  -85362714,          0
   984,    46,   93000000,    5644457,        0,  -87355543,          0
   984,    47,   93000000,    5618950,        0,  -87381050,          0
   984,    48,   93000000,    5617832,        0,  -87382168,          0
   984,    49,   93000000,    5621420,        0,  -87378580,          0
   984,    50,   93000000,    5611809,        0,  -87388191,          0
   984,    51,   93000000,    5618488,        0,  -87381512,          0
   984,    52,   93000000,    5631075,        0,  -87368925,          0
   984,    53,   93000000,    5628360,        0,  -87371640,          0
   984,    54,   93000000,    5629442,        0,  -87370558,          0
   984,    55,   93000000,    5619640,        0,  -87380360,          0
   984,    56,   93000000,    5615377,        0,  -87384623,          0
   984,    57,   93000000,    5631240,        0,  -87368760,          0
   984,    58,   93000000,    5636341,        0,  -87363659,          0
   984,    59,   93000000,    5627052,        0,  -87372948,          0
   984,    60,   93000000,    5646407,        0,  -87353593,          0
   984,    61,   93000000,    5632877,        0,  -87367123,          0
   984,    62,   93000000,    5621391,        0,  -87378609,          0
   984,    63,   93000000,    5624197,        0,  -87375803,          0
   984,    64,   93000000,    5628950,        0,  -87371050,          0
   984,    65,   93000000,    5627048,        0,  -87372952,          0
   984,    66,   93000000,    5635768,        0,  -87364232,          0
   984,    67,   93000000,    5629322,        0,  -87370678,          0
   984,    68,   93000000,    5621356,        0,  -87378644,          0
   984,    69,   93000000,    5614639,        0,  -87385361,          0
   984,    70,   93000000,    5625763,        0,  -87374237,          0
   984,    71,   93000000,    5701430,        0,  -87298570,          0
   984,    72,   93000000,    5624937,        0,  -87375063,          0
   984,    73,   93000000,    5630075,        0,  -87369925,          0
   984,    74,   93000000,    5905720,        0,  -87094280,          0
   984,    75,   93000000,    5624857,        0,  -87375143,          0
   984,    76,   93000000,    5619116,        0,  -87380884,          0
   984,    77,   93000000,    5651591,        0,  -87348409,          0
   984,    78,   93000000,    5897538,        0,  -87102462,          0
   984,    79,   93000000,    5609358,        0,  -87390642,          0
   984,    80,   93000000,    5628427,        0,  -87371573,          0
   984,    81,   93000000,    5629491,        0,  -87370509,          0
   984,    82,   93000000,    5629241,        0,  -87370759,          0
   984,    83,   93000000,    5624675,        0,  -87375325,          0
   984,    84,   93000000,    5623151,        0,  -87376849,          0
   984,    85,   93000000,    5614299,        0,  -87385701,          0
   984,    86,   93000000,    5629172,        0,  -87370828,          0
   984,    87,   93000000,    6634440,        0,  -86365560,          0
   984,    88,   93000000,    5617071,        0,  -87382929,          0
   984,    89,   93000000,    5619634,        0,  -87380366,          0
   984,    90,   93000000,    5623308,        0,  -87376692,          0
   984,    91,   93000000,    5625483,        0,  -87374517,          0
   984,    92,   93000000,    5611769,        0,  -87388231,          0
   984,    93,   93000000,    5613545,        0,  -87386455,          0
   984,    94,   93000000,    5629536,        0,  -87370464,          0
   984,    95,   93000000,    5630325,        0,  -87369675,          0
   984,    96,   93000000,    5624266,        0,  -87375734,          0
   984,    97,   93000000,    5646616,        0,  -87353384,          0
   984,    98,   93000000,    5623097,        0,  -87376903,          0
   984,    99,   93000000,    5628535,        0,  -87371465,          0
   984,   100,   93000000,    5625960,        0,  -87374040,          0
   984,   101,   93000000,    5620917,        0,  -87379083,          0
   984,   102,   93000000,    5648799,        0,  -87351201,          0
   984,   103,   93000000,    5628738,        0,  -87371262,          0
   984,   104,   93000000,    5619781,        0,  -87380219,          0
   984,   105,   93000000,    5623860,        0,  -87376140,          0
   984,   106,   93000000,    5622456,        0,  -87377544,          0
   984,   107,   93000000,    5625364,        0,  -87374636,          0
   984,   108,   93000000,    5628451,        0,  -87371549,          0
   984,   109,   93000000,    5617153,        0,  -87382847,          0
   984,   110,   93000000,    5624341,        0,  -87375659,          0
   984,   111,   93000000,    5645661,        0,  -87354339,          0
# task NAME=myapp PID=989 COST=5467000 PERIOD=55000000 CPU=0
   989,     2,   55000000,      10596,        0,  -54989404,          0
   989,     3,   55000000,      57831,        0,  -54942169,          0
   989,     4,   55000000,    6436456,        0,  -48563544,          0
   989,     5,   55000000,    5388092,        0,  -49611908,          0
   989,     6,   55000000,    5412502,        0,  -49587498,          0
   989,     7,   55000000,    5386757,        0,  -49613243,          0
   989,     8,   55000000,    5420140,        0,  -49579860,          0
   989,     9,   55000000,    5384614,        0,  -49615386,          0
   989,    10,   55000000,    5382481,        0,  -49617519,          0
   989,    11,   55000000,    5383952,        0,  -49616048,          0
   989,    12,   55000000,    5385312,        0,  -49614688,          0
   989,    13,   55000000,    5382537,        0,  -49617463,          0
   989,    14,   55000000,    5659234,        0,  -49340766,          0
   989,    15,   55000000,    5390013,        0,  -49609987,          0
   989,    16,   55000000,    5387212,        0,  -49612788,          0
   989,    17,   55000000,    5390215,        0,  -49609785,          0
   989,    18,   55000000,    5381951,        0,  -49618049,          0
   989,    19,   55000000,    5392128,        0,  -49607872,          0
   989,    20,   55000000,    5382054,        0,  -49617946,          0
   989,    21,   55000000,    5390622,        0,  -49609378,          0
   989,    22,   55000000,    5390087,        0,  -49609913,          0
   989,    23,   55000000,    5659994,        0,  -49340006,          0
   989,    24,   55000000,    5399641,        0,  -49600359,          0
   989,    25,   55000000,    5392859,        0,  -49607141,          0
   989,    26,   55000000,    5382083,        0,  -49617917,          0
   989,    27,   55000000,    5479212,        0,  -49520788,          0
   989,    28,   55000000,    5397050,        0,  -49602950,          0
   989,    29,   55000000,    6389474,        0,  -48610526,          0
   989,    30,   55000000,    5380384,        0,  -49619616,          0
   989,    31,   55000000,    5377724,        0,  -49622276,          0
   989,    32,   55000000,    5383127,        0,  -49616873,          0
   989,    33,   55000000,    5378712,        0,  -49621288,          0
   989,    34,   55000000,    5376441,        0,  -49623559,          0
   989,    35,   55000000,    5380535,        0,  -49619465,          0
   989,    36,   55000000,    5404189,        0,  -49595811,          0
   989,    37,   55000000,    5381292,        0,  -49618708,          0
   989,    38,   55000000,    5385081,        0,  -49614919,          0
   989,    39,   55000000,    5654684,        0,  -49345316,          0
   989,    40,   55000000,    5382108,        0,  -49617892,          0
   989,    41,   55000000,    5387028,        0,  -49612972,          0
   989,    42,   55000000,    5375813,        0,  -49624187,          0
   989,    43,   55000000,    5378949,        0,  -49621051,          0
   989,    44,   55000000,    5383632,        0,  -49616368,          0
   989,    45,   55000000,    5433924,        0,  -49566076,          0
   989,    46,   55000000,    5391850,        0,  -49608150,          0
   989,    47,   55000000,    5388254,        0,  -49611746,          0
   989,    48,   55000000,    5397187,        0,  -49602813,          0
   989,    49,   55000000,    5389912,        0,  -49610088,          0
   989,    50,   55000000,    5393117,        0,  -49606883,          0
   989,    51,   55000000,    5390627,        0,  -49609373,          0
   989,    52,   55000000,    5392486,        0,  -49607514,          0
   989,    53,   55000000,    5391147,        0,  -49608853,          0
   989,    54,   55000000,    5411890,        0,  -49588110,          0
   989,    55,   55000000,    5384310,        0,  -49615690,          0
   989,    56,   55000000,    5395505,        0,  -49604495,          0
   989,    57,   55000000,    5415480,        0,  -49584520,          0
   989,    58,   55000000,    5398259,        0,  -49601741,          0
   989,    59,   55000000,    5399342,        0,  -49600658,          0
   989,    60,   55000000,    5397285,        0,  -49602715,          0
   989,    61,   55000000,    5396960,        0,  -49603040,          0
   989,    62,   55000000,    5387652,        0,  -49612348,          0
   989,    63,   55000000,    5392193,        0,  -49607807,          0
   989,    64,   55000000,    5669135,        0,  -49330865,          0
   989,    65,   55000000,    5385435,        0,  -49614565,          0
   989,    66,   55000000,    5418313,        0,  -49581687,          0
   989,    67,   55000000,    5391319,        0,  -49608681,          0
   989,    68,   55000000,    5385858,        0,  -49614142,          0
   989,    69,   55000000,    5399073,        0,  -49600927,          0
   989,    70,   55000000,    5395334,        0,  -49604666,          0
   989,    71,   55000000,    5396276,        0,  -49603724,          0
   989,    72,   55000000,    5386345,        0,  -49613655,          0
   989,    73,   55000000,    5392517,        0,  -49607483,          0
   989,    74,   55000000,    5396116,        0,  -49603884,          0
   989,    75,   55000000,    5412108,        0,  -49587892,          0
   989,    76,   55000000,    5384198,        0,  -49615802,          0
   989,    77,   55000000,    5382189,        0,  -49617811,          0
   989,    78,   55000000,    5388023,        0,  -49611977,          0
   989,    79,   55000000,    5382848,        0,  -49617152,          0
   989,    80,   55000000,    5393514,        0,  -49606486,          0
   989,    81,   55000000,    5387503,        0,  -49612497,          0
   989,    82,   55000000,    5388122,        0,  -49611878,          0
   989,    83,   55000000,    5406101,        0,  -49593899,          0
   989,    84,   55000000,    5375454,        0,  -49624546,          0
   989,    85,   55000000,    5389234,        0,  -49610766,          0
   989,    86,   55000000,    5382278,        0,  -49617722,          0
   989,    87,   55000000,    5399729,        0,  -49600271,          0
   989,    88,   55000000,    5381350,        0,  -49618650,          0
   989,    89,   55000000,    5730499,        0,  -49269501,          0
   989,    90,   55000000,    5395483,        0,  -49604517,          0
   989,    91,   55000000,    6401235,        0,  -48598765,          0
   989,    92,   55000000,    5385622,        0,  -49614378,          0
   989,    93,   55000000,    5383424,        0,  -49616576,          0
   989,    94,   55000000,    5393264,        0,  -49606736,          0
   989,    95,   55000000,    5385333,        0,  -49614667,          0
   989,    96,   55000000,    5384976,        0,  -49615024,          0
   989,    97,   55000000,    5378388,        0,  -49621612,          0
   989,    98,   55000000,    5406074,        0,  -49593926,          0
   989,    99,   55000000,    5387724,        0,  -49612276,          0
   989,   100,   55000000,    5385833,        0,  -49614167,          0
   989,   101,   55000000,    5377469,        0,  -49622531,          0
   989,   102,   55000000,    5387501,        0,  -49612499,          0
   989,   103,   55000000,    5389482,        0,  -49610518,          0
   989,   104,   55000000,    5375723,        0,  -49624277,          0
   989,   105,   55000000,    5384189,        0,  -49615811,          0
   989,   106,   55000000,    5379843,        0,  -49620157,          0
   989,   107,   55000000,    5410029,        0,  -49589971,          0
   989,   108,   55000000,    5389366,        0,  -49610634,          0
   989,   109,   55000000,    5390456,        0,  -49609544,          0
   989,   110,   55000000,    5387014,        0,  -49612986,          0
   989,   111,   55000000,    5391138,        0,  -49608862,          0
   989,   112,   55000000,    5393914,        0,  -49606086,          0
   989,   113,   55000000,    5393279,        0,  -49606721,          0
   989,   114,   55000000,    5662079,        0,  -49337921,          0
   989,   115,   55000000,    5382583,        0,  -49617417,          0
   989,   116,   55000000,    5411877,        0,  -49588123,          0
   989,   117,   55000000,    5380226,        0,  -49619774,          0
   989,   118,   55000000,    5403902,        0,  -49596098,          0
   989,   119,   55000000,    5377016,        0,  -49622984,          0
   989,   120,   55000000,    5377545,        0,  -49622455,          0
   989,   121,   55000000,    5384836,        0,  -49615164,          0
   989,   122,   55000000,    5378377,        0,  -49621623,          0
   989,   123,   55000000,    5380951,        0,  -49619049,          0
   989,   124,   55000000,    5377894,        0,  -49622106,          0
   989,   125,   55000000,    5409106,        0,  -49590894,          0
   989,   126,   55000000,    5380051,        0,  -49619949,          0
   989,   127,   55000000,    5383948,        0,  -49616052,          0
   989,   128,   55000000,    5394341,        0,  -49605659,          0
   989,   129,   55000000,    5392677,        0,  -49607323,          0
   989,   130,   55000000,    5385329,        0,  -49614671,          0
   989,   131,   55000000,    5388998,        0,  -49611002,          0
   989,   132,   55000000,    5391402,        0,  -49608598,          0
   989,   133,   55000000,    5385782,        0,  -49614218,          0
   989,   134,   55000000,    5371013,        0,  -49628987,          0
   989,   135,   55000000,    5380143,        0,  -49619857,          0
   989,   136,   55000000,    5385734,        0,  -49614266,          0
   989,   137,   55000000,    5415263,        0,  -49584737,          0
   989,   138,   55000000,    5374898,        0,  -49625102,          0
   989,   139,   55000000,    5658975,        0,  -49341025,          0
   989,   140,   55000000,    5395536,        0,  -49604464,          0
   989,   141,   55000000,    5389744,        0,  -49610256,          0
   989,   142,   55000000,    5396600,        0,  -49603400,          0
   989,   143,   55000000,    5392490,        0,  -49607510,          0
   989,   144,   55000000,    5400782,        0,  -49599218,          0
   989,   145,   55000000,    5399298,        0,  -49600702,          0
   989,   146,   55000000,    5403528,        0,  -49596472,          0
   989,   147,   55000000,    5386594,        0,  -49613406,          0
   989,   148,   55000000,    5378399,        0,  -49621601,          0
   989,   149,   55000000,    5389541,        0,  -49610459,          0
   989,   150,   55000000,    5394284,        0,  -49605716,          0
   989,   151,   55000000,    5396127,        0,  -49603873,          0
   989,   152,   55000000,    5397512,        0,  -49602488,          0
   989,   153,   55000000,    5391462,        0,  -49608538,          0
   989,   154,   55000000,    5391572,        0,  -49608428,          0
   989,   155,   55000000,    5380096,        0,  -49619904,          0
   989,   156,   55000000,    5381357,        0,  -49618643,          0
   989,   157,   55000000,    5383080,        0,  -49616920,          0
   989,   158,   55000000,    5383184,        0,  -49616816,          0
   989,   159,   55000000,    5388226,        0,  -49611774,          0
   989,   160,   55000000,    5390916,        0,  -49609084,          0
   989,   161,   55000000,    5387356,        0,  -49612644,          0
   989,   162,   55000000,    7393413,        0,  -47606587,          0
   989,   163,   55000000,    5386794,        0,  -49613206,          0
   989,   164,   55000000,    5650609,        0,  -49349391,          0
   989,   165,   55000000,    5382133,        0,  -49617867,          0
   989,   166,   55000000,    5379543,        0,  -49620457,          0
   989,   167,   55000000,    5388861,        0,  -49611139,          0
   989,   168,   55000000,    5382692,        0,  -49617308,          0
   989,   169,   55000000,    5401325,        0,  -49598675,          0
   989,   170,   55000000,    5371023,        0,  -49628977,          0
   989,   171,   55000000,    5384236,        0,  -49615764,          0
   989,   172,   55000000,    5387816,        0,  -49612184,          0
   989,   173,   55000000,    5391350,        0,  -49608650,          0
   989,   174,   55000000,    5397122,        0,  -49602878,          0
   989,   175,   55000000,    5394022,        0,  -49605978,          0
   989,   176,   55000000,    5389060,        0,  -49610940,          0
   989,   177,   55000000,    5388377,        0,  -49611623,          0
   989,   178,   55000000,    5418454,        0,  -49581546,          0
   989,   179,   55000000,    5384574,        0,  -49615426,          0
   989,   180,   55000000,    5388056,        0,  -49611944,          0
   989,   181,   55000000,    5389293,        0,  -49610707,          0
   989,   182,   55000000,    5388846,        0,  -49611154,          0
   989,   183,   55000000,    5389000,        0,  -49611000,          0
   989,   184,   55000000,    5391464,        0,  -49608536,          0
   989,   185,   55000000,    5386695,        0,  -49613305,          0
# task NAME=myapp PID=992 COST=23197000 PERIOD=71000000 CPU=0
   992,     2,   71000000,      11568,        0,  -70988432,          0
   992,     3,   71000000,      53337,        0,  -70946663,          0
   992,     4,   71000000,   23786543,        0,  -47213457,          0
   992,     5,   71000000,   22794418,        0,  -48205582,          0
   992,     6,   71000000,   23056422,        0,  -47943578,          0
   992,     7,   71000000,   22766656,        0,  -48233344,          0
   992,     8,   71000000,   23066106,        0,  -47933894,          0
   992,     9,   71000000,   22792110,        0,  -48207890,          0
   992,    10,   71000000,   22776361,        0,  -48223639,          0
   992,    11,   71000000,   22781279,        0,  -48218721,          0
   992,    12,   71000000,   22768000,        0,  -48232000,          0
   992,    13,   71000000,   23023489,        0,  -47976511,          0
   992,    14,   71000000,   22780173,        0,  -48219827,          0
   992,    15,   71000000,   23057595,        0,  -47942405,          0
   992,    16,   71000000,   22801493,        0,  -48198507,          0
   992,    17,   71000000,   22803887,        0,  -48196113,          0
   992,    18,   71000000,   22779283,        0,  -48220717,          0
   992,    19,   71000000,   22733897,        0,  -48266103,          0
   992,    20,   71000000,   22778095,        0,  -48221905,          0
   992,    21,   71000000,   22763065,        0,  -48236935,          0
   992,    22,   71000000,   23058494,        0,  -47941506,          0
   992,    23,   71000000,   22780308,        0,  -48219692,          0
   992,    24,   71000000,   22790553,        0,  -48209447,          0
   992,    25,   71000000,   22762837,        0,  -48237163,          0
   992,    26,   71000000,   22791542,        0,  -48208458,          0
   992,    27,   71000000,   22787481,        0,  -48212519,          0
   992,    28,   71000000,   22792639,        0,  -48207361,          0
   992,    29,   71000000,   23070566,        0,  -47929434,          0
   992,    30,   71000000,   22804360,        0,  -48195640,          0
   992,    31,   71000000,   22785353,        0,  -48214647,          0
   992,    32,   71000000,   22771081,        0,  -48228919,          0
   992,    33,   71000000,   22785051,        0,  -48214949,          0
   992,    34,   71000000,   22789755,        0,  -48210245,          0
   992,    35,   71000000,   22812251,        0,  -48187749,          0
   992,    36,   71000000,   23080455,        0,  -47919545,          0
   992,    37,   71000000,   22775419,        0,  -48224581,          0
   992,    38,   71000000,   22802383,        0,  -48197617,          0
   992,    39,   71000000,   22808440,        0,  -48191560,          0
   992,    40,   71000000,   22806141,        0,  -48193859,          0
   992,    41,   71000000,   22788848,        0,  -48211152,          0
   992,    42,   71000000,   22761413,        0,  -48238587,          0
   992,    43,   71000000,   23049532,        0,  -47950468,          0
   992,    44,   71000000,   22752316,        0,  -48247684,          0
   992,    45,   71000000,   22816836,        0,  -48183164,          0
   992,    46,   71000000,   22785107,        0,  -48214893,          0
   992,    47,   71000000,   22794267,        0,  -48205733,          0
   992,    48,   71000000,   22794835,        0,  -48205165,          0
   992,    49,   71000000,   22805573,        0,  -48194427,          0
   992,    50,   71000000,   23085330,        0,  -47914670,          0
   992,    51,   71000000,   22751212,        0,  -48248788,          0
   992,    52,   71000000,   23079400,        0,  -47920600,          0
   992,    53,   71000000,   22777850,        0,  -48222150,          0
   992,    54,   71000000,   22789168,        0,  -48210832,          0
   992,    55,   71000000,   22781183,        0,  -48218817,          0
   992,    56,   71000000,   22790800,        0,  -48209200,          0
   992,    57,   71000000,   23074737,        0,  -47925263,          0
   992,    58,   71000000,   22807749,        0,  -48192251,          0
   992,    59,   71000000,   23072938,        0,  -47927062,          0
   992,    60,   71000000,   22811778,        0,  -48188222,          0
   992,    61,   71000000,   22784261,        0,  -48215739,          0
   992,    62,   71000000,   22787132,        0,  -48212868,          0
   992,    63,   71000000,   22800474,        0,  -48199526,          0
   992,    64,   71000000,   22787220,        0,  -48212780,          0
   992,    65,   71000000,   22778229,        0,  -48221771,          0
   992,    66,   71000000,   23079651,        0,  -47920349,          0
   992,    67,   71000000,   22773065,        0,  -48226935,          0
   992,    68,   71000000,   22752976,        0,  -48247024,          0
   992,    69,   71000000,   22768156,        0,  -48231844,          0
   992,    70,   71000000,   22792843,        0,  -48207157,          0
   992,    71,   71000000,   22823497,        0,  -48176503,          0
   992,    72,   71000000,   22820837,        0,  -48179163,          0
   992,    73,   71000000,   23072806,        0,  -47927194,          0
   992,    74,   71000000,   22784321,        0,  -48215679,          0
   992,    75,   71000000,   22785696,        0,  -48214304,          0
   992,    76,   71000000,   22775324,        0,  -48224676,          0
   992,    77,   71000000,   22776473,        0,  -48223527,          0
   992,    78,   71000000,   22774949,        0,  -48225051,          0
   992,    79,   71000000,   22798325,        0,  -48201675,          0
   992,    80,   71000000,   23061190,        0,  -47938810,          0
   992,    81,   71000000,   22800371,        0,  -48199629,          0
   992,    82,   71000000,   22793509,        0,  -48206491,          0
   992,    83,   71000000,   22805544,        0,  -48194456,          0
   992,    84,   71000000,   22810636,        0,  -48189364,          0
   992,    85,   71000000,   22801186,        0,  -48198814,          0
   992,    86,   71000000,   22800160,        0,  -48199840,          0
   992,    87,   71000000,   23106384,        0,  -47893616,          0
   992,    88,   71000000,   22816997,        0,  -48183003,          0
   992,    89,   71000000,   22799464,        0,  -48200536,          0
   992,    90,   71000000,   22788586,        0,  -48211414,          0
   992,    91,   71000000,   22781710,        0,  -48218290,          0
   992,    92,   71000000,   22889637,        0,  -48110363,          0
   992,    93,   71000000,   22832552,        0,  -48167448,          0
   992,    94,   71000000,   23130919,        0,  -47869081,          0
   992,    95,   71000000,   22778738,        0,  -48221262,          0
   992,    96,   71000000,   23076879,        0,  -47923121,          0
   992,    97,   71000000,   22815308,        0,  -48184692,          0
   992,    98,   71000000,   22788156,        0,  -48211844,          0
   992,    99,   71000000,   22777423,        0,  -48222577,          0
   992,   100,   71000000,   22784171,        0,  -48215829,          0
   992,   101,   71000000,   23074652,        0,  -47925348,          0
   992,   102,   71000000,   22790796,        0,  -48209204,          0
   992,   103,   71000000,   23045208,        0,  -47954792,          0
   992,   104,   71000000,   22766060,        0,  -48233940,          0
   992,   105,   71000000,   22765727,        0,  -48234273,          0
   992,   106,   71000000,   22840383,        0,  -48159617,          0
   992,   107,   71000000,   22772833,        0,  -48227167,          0
   992,   108,   71000000,   22792243,        0,  -48207757,          0
   992,   109,   71000000,   22789764,        0,  -48210236,          0
   992,   110,   71000000,   23071908,        0,  -47928092,          0
   992,   111,   71000000,   22796463,        0,  -48203537,          0
   992,   112,   71000000,   22789093,        0,  -48210907,          0
   992,   113,   71000000,   22825755,        0,  -48174245,          0
   992,   114,   71000000,   22779537,        0,  -48220463,          0
   992,   115,   71000000,   22785586,        0,  -48214414,          0
   992,   116,   71000000,   22775962,        0,  -48224038,          0
   992,   117,   71000000,   23068886,        0,  -47931114,          0
   992,   118,   71000000,   22791082,        0,  -48208918,          0
   992,   119,   71000000,   22789216,        0,  -48210784,          0
   992,   120,   71000000,   22885185,        0,  -48114815,          0
   992,   121,   71000000,   22782425,        0,  -48217575,          0
   992,   122,   71000000,   22797154,        0,  -48202846,          0
   992,   123,   71000000,   22759405,        0,  -48240595,          0
   992,   124,   71000000,   23056924,        0,  -47943076,          0
   992,   125,   71000000,   22771194,        0,  -48228806,          0
   992,   126,   71000000,   22769793,        0,  -48230207,          0
   992,   127,   71000000,   22777285,        0,  -48222715,          0
   992,   128,   71000000,   22770828,        0,  -48229172,          0
   992,   129,   71000000,   22806343,        0,  -48193657,          0
   992,   130,   71000000,   22787667,        0,  -48212333,          0
   992,   131,   71000000,   23063623,        0,  -47936377,          0
   992,   132,   71000000,   22787555,        0,  -48212445,          0
   992,   133,   71000000,   23043558,        0,  -47956442,          0
   992,   134,   71000000,   22771951,        0,  -48228049,          0
   992,   135,   71000000,   22801362,        0,  -48198638,          0
   992,   136,   71000000,   22789508,        0,  -48210492,          0
   992,   137,   71000000,   22755121,        0,  -48244879,          0
   992,   138,   71000000,   23046379,        0,  -47953621,          0
   992,   139,   71000000,   22799473,        0,  -48200527,          0
   992,   140,   71000000,   23095397,        0,  -47904603,          0
   992,   141,   71000000,   22773494,        0,  -48226506,          0
   992,   142,   71000000,   22802772,        0,  -48197228,          0
   992,   143,   71000000,   22808897,        0,  -48191103,          0
   992,   144,   71000000,   22805089,        0,  -48194911,          0
