# Task,   Job,     Period,   Response, DL Miss?,   Lateness,  Tardiness
# task NAME=myapp PID=4263 COST=13223000 PERIOD=55000000 CPU=0
  4263,     2,   55000000,      10374,        0,  -54989626,          0
  4263,     3,   55000000,      52816,        0,  -54947184,          0
  4263,     4,   55000000,   13978758,        0,  -41021242,          0
  4263,     5,   55000000,   13017100,        0,  -41982900,          0
  4263,     6,   55000000,   13254287,        0,  -41745713,          0
  4263,     7,   55000000,   13039930,        0,  -41960070,          0
  4263,     8,   55000000,   13020495,        0,  -41979505,          0
  4263,     9,   55000000,   12974864,        0,  -42025136,          0
  4263,    10,   55000000,   12972124,        0,  -42027876,          0
  4263,    11,   55000000,   12962021,        0,  -42037979,          0
  4263,    12,   55000000,   12984558,        0,  -42015442,          0
  4263,    13,   55000000,   12969819,        0,  -42030181,          0
  4263,    14,   55000000,   12965965,        0,  -42034035,          0
  4263,    15,   55000000,   13297469,        0,  -41702531,          0
  4263,    16,   55000000,   13042141,        0,  -41957859,          0
  4263,    17,   55000000,   13016764,        0,  -41983236,          0
  4263,    18,   55000000,   13046704,        0,  -41953296,          0
  4263,    19,   55000000,   12967953,        0,  -42032047,          0
  4263,    20,   55000000,   13017002,        0,  -41982998,          0
  4263,    21,   55000000,   12961426,        0,  -42038574,          0
  4263,    22,   55000000,   13253142,        0,  -41746858,          0
  4263,    23,   55000000,   12995484,        0,  -42004516,          0
  4263,    24,   55000000,   12965787,        0,  -42034213,          0
  4263,    25,   55000000,   12966058,        0,  -42033942,          0
  4263,    26,   55000000,   14043788,        0,  -40956212,          0
  4263,    27,   55000000,   12968290,        0,  -42031710,          0
  4263,    28,   55000000,   12950285,        0,  -42049715,          0
  4263,    29,   55000000,   12971106,        0,  -42028894,          0
  4263,    30,   55000000,   13020639,        0,  -41979361,          0
  4263,    31,   55000000,   13240725,        0,  -41759275,          0
  4263,    32,   55000000,   12956965,        0,  -42043035,          0
  4263,    33,   55000000,   12951834,        0,  -42048166,          0
  4263,    34,   55000000,   12946577,        0,  -42053423,          0
  4263,    35,   55000000,   12965829,        0,  -42034171,          0
  4263,    36,   55000000,   12953870,        0,  -42046130,          0
  4263,    37,   55000000,   13010282,        0,  -41989718,          0
  4263,    38,   55000000,   13012247,        0,  -41987753,          0
  4263,    39,   55000000,   12966077,        0,  -42033923,          0
  4263,    40,   55000000,   13235968,        0,  -41764032,          0
  4263,    41,   55000000,   12955192,        0,  -42044808,          0
  4263,    42,   55000000,   12956539,        0,  -42043461,          0
  4263,    43,   55000000,   12962196,        0,  -42037804,          0
  4263,    44,   55000000,   12976042,        0,  -42023958,          0
  4263,    45,   55000000,   12965280,        0,  -42034720,          0
  4263,    46,   55000000,   12954035,        0,  -42045965,          0
  4263,    47,   55000000,   13289296,        0,  -41710704,          0
  4263,    48,   55000000,   12998995,        0,  -42001005,          0
  4263,    49,   55000000,   13025694,        0,  -41974306,          0
  4263,    50,   55000000,   12957532,        0,  -42042468,          0
  4263,    51,   55000000,   12974536,        0,  -42025464,          0
  4263,    52,   55000000,   12973266,        0,  -42026734,          0
  4263,    53,   55000000,   12975930,        0,  -42024070,          0
  4263,    54,   55000000,   13056988,        0,  -41943012,          0
  4263,    55,   55000000,   12993104,        0,  -42006896,          0
  4263,    56,   55000000,   13257701,        0,  -41742299,          0
  4263,    57,   55000000,   12964344,        0,  -42035656,          0
  4263,    58,   55000000,   12984273,        0,  -42015727,          0
  4263,    59,   55000000,   12977577,        0,  -42022423,          0
  4263,    60,   55000000,   12982113,        0,  -42017887,          0
  4263,    61,   55000000,   12963264,        0,  -42036736,          0
  4263,    62,   55000000,   12971652,        0,  -42028348,          0
  4263,    63,   55000000,   12975262,        0,  -42024738,          0
  4263,    64,   55000000,   12954340,        0,  -42045660,          0
  4263,    65,   55000000,   13382018,        0,  -41617982,          0
  4263,    66,   55000000,   12987560,        0,  -42012440,          0
  4263,    67,   55000000,   12981407,        0,  -42018593,          0
  4263,    68,   55000000,   12965374,        0,  -42034626,          0
  4263,    69,   55000000,   12981394,        0,  -42018606,          0
  4263,    70,   55000000,   12964327,        0,  -42035673,          0
  4263,    71,   55000000,   12990539,        0,  -42009461,          0
  4263,    72,   55000000,   13539958,        0,  -41460042,          0
  4263,    73,   55000000,   12960941,        0,  -42039059,          0
  4263,    74,   55000000,   12951592,        0,  -42048408,          0
  4263,    75,   55000000,   13028897,        0,  -41971103,          0
  4263,    76,   55000000,   12949513,        0,  -42050487,          0
  4263,    77,   55000000,   13019057,        0,  -41980943,          0
  4263,    78,   55000000,   13010795,        0,  -41989205,          0
  4263,    79,   55000000,   12961881,        0,  -42038119,          0
  4263,    80,   55000000,   12968755,        0,  -42031245,          0
  4263,    81,   55000000,   13255248,        0,  -41744752,          0
  4263,    82,   55000000,   13755448,        0,  -41244552,          0
  4263,    83,   55000000,   12956727,        0,  -42043273,          0
  4263,    84,   55000000,   12951145,        0,  -42048855,          0
  4263,    85,   55000000,   13015399,        0,  -41984601,          0
  4263,    86,   55000000,   12947383,        0,  -42052617,          0
  4263,    87,   55000000,   13036288,        0,  -41963712,          0
  4263,    88,   55000000,   12968833,        0,  -42031167,          0
  4263,    89,   55000000,   12962524,        0,  -42037476,          0
  4263,    90,   55000000,   13261082,        0,  -41738918,          0
  4263,    91,   55000000,   13019777,        0,  -41980223,          0
  4263,    92,   55000000,   12961690,        0,  -42038310,          0
  4263,    93,   55000000,   12952428,        0,  -42047572,          0
  4263,    94,   55000000,   12970270,        0,  -42029730,          0
  4263,    95,   55000000,   13049030,        0,  -41950970,          0
  4263,    96,   55000000,   12965277,        0,  -42034723,          0
  4263,    97,   55000000,   13276561,        0,  -41723439,          0
  4263,    98,   55000000,   13032359,        0,  -41967641,          0
  4263,    99,   55000000,   12969502,        0,  -42030498,          0
  4263,   100,   55000000,   12965915,        0,  -42034085,          0
  4263,   101,   55000000,   12970104,        0,  -42029896,          0
  4263,   102,   55000000,   12978141,        0,  -42021859,          0
  4263,   103,   55000000,   12960729,        0,  -42039271,          0
  4263,   104,   55000000,   13027772,        0,  -41972228,          0
  4263,   105,   55000000,   12969942,        0,  -42030058,          0
  4263,   106,   55000000,   13302890,        0,  -41697110,          0
  4263,   107,   55000000,   13039166,        0,  -41960834,          0
  4263,   108,   55000000,   12957141,        0,  -42042859,          0
  4263,   109,   55000000,   13065326,        0,  -41934674,          0
  4263,   110,   55000000,   12983095,        0,  -42016905,          0
  4263,   111,   55000000,   12991168,        0,  -42008832,          0
  4263,   112,   55000000,   12970542,        0,  -42029458,          0
  4263,   113,   55000000,   13032044,        0,  -41967956,          0
  4263,   114,   55000000,   13002156,        0,  -41997844,          0
  4263,   115,   55000000,   13253564,        0,  -41746436,          0
  4263,   116,   55000000,   12984670,        0,  -42015330,          0
  4263,   117,   55000000,   13004062,        0,  -41995938,          0
  4263,   118,   55000000,   12979980,        0,  -42020020,          0
  4263,   119,   55000000,   12972267,        0,  -42027733,          0
  4263,   120,   55000000,   12959260,        0,  -42040740,          0
  4263,   121,   55000000,   12957257,        0,  -42042743,          0
  4263,   122,   55000000,   13242724,        0,  -41757276,          0
  4263,   123,   55000000,   12992245,        0,  -42007755,          0
  4263,   124,   55000000,   13017011,        0,  -41982989,          0
  4263,   125,   55000000,   12952452,        0,  -42047548,          0
  4263,   126,   55000000,   13014272,        0,  -41985728,          0
  4263,   127,   55000000,   13026871,        0,  -41973129,          0
  4263,   128,   55000000,   13017687,        0,  -41982313,          0
  4263,   129,   55000000,   12947578,        0,  -42052422,          0
  4263,   130,   55000000,   12976587,        0,  -42023413,          0
  4263,   131,   55000000,   13256172,        0,  -41743828,          0
  4263,   132,   55000000,   12958108,        0,  -42041892,          0
  4263,   133,   55000000,   12968412,        0,  -42031588,          0
  4263,   134,   55000000,   13019040,        0,  -41980960,          0
  4263,   135,   55000000,   13061771,        0,  -41938229,          0
  4263,   136,   55000000,   12960001,        0,  -42039999,          0
  4263,   137,   55000000,   12984887,        0,  -42015113,          0
  4263,   138,   55000000,   12967410,        0,  -42032590,          0
  4263,   139,   55000000,   12965855,        0,  -42034145,          0
  4263,   140,   55000000,   13251250,        0,  -41748750,          0
  4263,   141,   55000000,   12980770,        0,  -42019230,          0
  4263,   142,   55000000,   12975106,        0,  -42024894,          0
  4263,   143,   55000000,   13087925,        0,  -41912075,          0
  4263,   144,   55000000,   12974550,        0,  -42025450,          0
  4263,   145,   55000000,   12977851,        0,  -42022149,          0
  4263,   146,   55000000,   12978161,        0,  -42021839,          0
  4263,   147,   55000000,   13251080,        0,  -41748920,          0
  4263,   148,   55000000,   12961121,        0,  -42038879,          0
  4263,   149,   55000000,   12972217,        0,  -42027783,          0
  4263,   150,   55000000,   12970146,        0,  -42029854,          0
  4263,   151,   55000000,   12975392,        0,  -42024608,          0
  4263,   152,   55000000,   12979209,        0,  -42020791,          0
  4263,   153,   55000000,   12980088,        0,  -42019912,          0
  4263,   154,   55000000,   13024275,        0,  -41975725,          0
  4263,   155,   55000000,   12973814,        0,  -42026186,          0
  4263,   156,   55000000,   13240952,        0,  -41759048,          0
  4263,   157,   55000000,   12955647,        0,  -42044353,          0
  4263,   158,   55000000,   12979799,        0,  -42020201,          0
  4263,   159,   55000000,   12957033,        0,  -42042967,          0
  4263,   160,   55000000,   13034607,        0,  -41965393,          0
  4263,   161,   55000000,   12967182,        0,  -42032818,          0
  4263,   162,   55000000,   12958323,        0,  -42041677,          0
  4263,   163,   55000000,   12958581,        0,  -42041419,          0
  4263,   164,   55000000,   12982159,        0,  -42017841,          0
  4263,   165,   55000000,   13243093,        0,  -41756907,          0
  4263,   166,   55000000,   12950100,        0,  -42049900,          0
  4263,   167,   55000000,   12948921,        0,  -42051079,          0
  4263,   168,   55000000,   12945013,        0,  -42054987,          0
  4263,   169,   55000000,   12968099,        0,  -42031901,          0
  4263,   170,   55000000,   12970877,        0,  -42029123,          0
  4263,   171,   55000000,   13011788,        0,  -41988212,          0
  4263,   172,   55000000,   13232670,        0,  -41767330,          0
  4263,   173,   55000000,   12979372,        0,  -42020628,          0
  4263,   174,   55000000,   12958889,        0,  -42041111,          0
  4263,   175,   55000000,   12996632,        0,  -42003368,          0
  4263,   176,   55000000,   12981723,        0,  -42018277,          0
  4263,   177,   55000000,   12955221,        0,  -42044779,          0
  4263,   178,   55000000,   12959842,        0,  -42040158,          0
  4263,   179,   55000000,   12947099,        0,  -42052901,          0
  4263,   180,   55000000,   12974911,        0,  -42025089,          0
  4263,   181,   55000000,   13242671,        0,  -41757329,          0
  4263,   182,   55000000,   12978690,        0,  -42021310,          0
  4263,   183,   55000000,   12948446,        0,  -42051554,          0
  4263,   184,   55000000,   12963916,        0,  -42036084,          0
  4263,   185,   55000000,   13036957,        0,  -41963043,          0
# task NAME=myapp PID=4266 COST=3670000 PERIOD=23000000 CPU=0
  4266,     2,   23000000,      11468,        0,  -22988532,          0
  4266,     3,   23000000,      42231,        0,  -22957769,          0
  4266,     4,   23000000,    4648405,        0,  -18351595,          0
  4266,     5,   23000000,    3906727,        0,  -19093273,          0
  4266,     6,   23000000,    3609834,        0,  -19390166,          0
  4266,     7,   23000000,    3621750,        0,  -19378250,          0
  4266,     8,   23000000,    3610805,        0,  -19389195,          0
  4266,     9,   23000000,    3673596,        0,  -19326404,          0
  4266,    10,   23000000,    3657256,        0,  -19342744,          0
  4266,    11,   23000000,    3618726,        0,  -19381274,          0
  4266,    12,   23000000,    3643288,        0,  -19356712,          0
  4266,    13,   23000000,    3637387,        0,  -19362613,          0
  4266,    14,   23000000,    3623712,        0,  -19376288,          0
  4266,    15,   23000000,    3631367,        0,  -19368633,          0
  4266,    16,   23000000,    3617183,        0,  -19382817,          0
  4266,    17,   23000000,    3643593,        0,  -19356407,          0
  4266,    18,   23000000,    3645252,        0,  -19354748,          0
  4266,    19,   23000000,    3607344,        0,  -19392656,          0
  4266,    20,   23000000,    3611605,        0,  -19388395,          0
  4266,    21,   23000000,    3614207,        0,  -19385793,          0
  4266,    22,   23000000,    3635669,        0,  -19364331,          0
  4266,    23,   23000000,    3665940,        0,  -19334060,          0
  4266,    24,   23000000,    3667804,        0,  -19332196,          0
  4266,    25,   23000000,    3643678,        0,  -19356322,          0
  4266,    26,   23000000,    3663986,        0,  -19336014,          0
  4266,    27,   23000000,    3611039,        0,  -19388961,          0
  4266,    28,   23000000,    3612837,        0,  -19387163,          0
  4266,    29,   23000000,    3616242,        0,  -19383758,          0
  4266,    30,   23000000,    3614301,        0,  -19385699,          0
  4266,    31,   23000000,    3644985,        0,  -19355015,          0
  4266,    32,   23000000,    3655506,        0,  -19344494,          0
  4266,    33,   23000000,    3634062,        0,  -19365938,          0
  4266,    34,   23000000,    3626898,        0,  -19373102,          0
  4266,    35,   23000000,    3638100,        0,  -19361900,          0
  4266,    36,   23000000,    3629191,        0,  -19370809,          0
  4266,    37,   23000000,    3625974,        0,  -19374026,          0
  4266,    38,   23000000,    3625891,        0,  -19374109,          0
  4266,    39,   23000000,    3720023,        0,  -19279977,          0
  4266,    40,   23000000,    3636065,        0,  -19363935,          0
  4266,    41,   23000000,    3636473,        0,  -19363527,          0
  4266,    42,   23000000,    3616179,        0,  -19383821,          0
  4266,    43,   23000000,    3921953,        0,  -19078047,          0
  4266,    44,   23000000,    3644755,        0,  -19355245,          0
  4266,    45,   23000000,    3619976,        0,  -19380024,          0
  4266,    46,   23000000,    3644359,        0,  -19355641,          0
  4266,    47,   23000000,    3606446,        0,  -19393554,          0
  4266,    48,   23000000,    3617233,        0,  -19382767,          0
  4266,    49,   23000000,    3637136,        0,  -19362864,          0
  4266,    50,   23000000,    3641888,        0,  -19358112,          0
  4266,    51,   23000000,    3673028,        0,  -19326972,          0
  4266,    52,   23000000,    3710307,        0,  -19289693,          0
  4266,    53,   23000000,    3617851,        0,  -19382149,          0
  4266,    54,   23000000,    3618155,        0,  -19381845,          0
  4266,    55,   23000000,    3726293,        0,  -19273707,          0
  4266,    56,   23000000,    3654027,        0,  -19345973,          0
  4266,    57,   23000000,    3614443,        0,  -19385557,          0
  4266,    58,   23000000,    3675770,        0,  -19324230,          0
  4266,    59,   23000000,    3626308,        0,  -19373692,          0
  4266,    60,   23000000,    3647866,        0,  -19352134,          0
  4266,    61,   23000000,    3642932,        0,  -19357068,          0
  4266,    62,   23000000,    3609327,        0,  -19390673,          0
  4266,    63,   23000000,    3629398,        0,  -19370602,          0
  4266,    64,   23000000,    3630212,        0,  -19369788,          0
  4266,    65,   23000000,    3637298,        0,  -19362702,          0
  4266,    66,   23000000,    3644185,        0,  -19355815,          0
  4266,    67,   23000000,    3665082,        0,  -19334918,          0
  4266,    68,   23000000,    3616713,        0,  -19383287,          0
  4266,    69,   23000000,    3629699,        0,  -19370301,          0
  4266,    70,   23000000,    3687303,        0,  -19312697,          0
  4266,    71,   23000000,    3764901,        0,  -19235099,          0
  4266,    72,   23000000,    3654043,        0,  -19345957,          0
  4266,    73,   23000000,    3618482,        0,  -19381518,          0
  4266,    74,   23000000,    3631460,        0,  -19368540,          0
  4266,    75,   23000000,    3643993,        0,  -19356007,          0
  4266,    76,   23000000,    3757313,        0,  -19242687,          0
  4266,    77,   23000000,    3618161,        0,  -19381839,          0
  4266,    78,   23000000,    3637542,        0,  -19362458,          0
  4266,    79,   23000000,    3683364,        0,  -19316636,          0
  4266,    80,   23000000,    3645556,        0,  -19354444,          0
  4266,    81,   23000000,    3912426,        0,  -19087574,          0
  4266,    82,   23000000,    3612368,        0,  -19387632,          0
  4266,    83,   23000000,    3619028,        0,  -19380972,          0
  4266,    84,   23000000,    3623399,        0,  -19376601,          0
  4266,    85,   23000000,    3629603,        0,  -19370397,          0
  4266,    86,   23000000,    3630290,        0,  -19369710,          0
  4266,    87,   23000000,    3630532,        0,  -19369468,          0
  4266,    88,   23000000,    3608600,        0,  -19391400,          0
  4266,    89,   23000000,    3620000,        0,  -19380000,          0
  4266,    90,   23000000,    3633451,        0,  -19366549,          0
  4266,    91,   23000000,    3635457,        0,  -19364543,          0
  4266,    92,   23000000,    3620323,        0,  -19379677,          0
  4266,    93,   23000000,    3633331,        0,  -19366669,          0
  4266,    94,   23000000,    3663482,        0,  -19336518,          0
  4266,    95,   23000000,    3628095,        0,  -19371905,          0
  4266,    96,   23000000,    3620138,        0,  -19379862,          0
  4266,    97,   23000000,    3621460,        0,  -19378540,          0
  4266,    98,   23000000,    3705499,        0,  -19294501,          0
  4266,    99,   23000000,    3618907,        0,  -19381093,          0
  4266,   100,   23000000,    3629341,        0,  -19370659,          0
  4266,   101,   23000000,    3648223,        0,  -19351777,          0
  4266,   102,   23000000,    3646061,        0,  -19353939,          0
  4266,   103,   23000000,    3640810,        0,  -19359190,          0
  4266,   104,   23000000,    3628937,        0,  -19371063,          0
  4266,   105,   23000000,    3670417,        0,  -19329583,          0
  4266,   106,   23000000,    3612970,        0,  -19387030,          0
  4266,   107,   23000000,    3653099,        0,  -19346901,          0
  4266,   108,   23000000,    3612327,        0,  -19387673,          0
  4266,   109,   23000000,    3618826,        0,  -19381174,          0
  4266,   110,   23000000,    3611637,        0,  -19388363,          0
  4266,   111,   23000000,    3615826,        0,  -19384174,          0
  4266,   112,   23000000,    3617988,        0,  -19382012,          0
  4266,   113,   23000000,    3663802,        0,  -19336198,          0
  4266,   114,   23000000,    3649598,        0,  -19350402,          0
  4266,   115,   23000000,    3607872,        0,  -19392128,          0
  4266,   116,   23000000,    3620746,        0,  -19379254,          0
  4266,   117,   23000000,    3619693,        0,  -19380307,          0
  4266,   118,   23000000,    3640678,        0,  -19359322,          0
  4266,   119,   23000000,    3912282,        0,  -19087718,          0
  4266,   120,   23000000,    3613266,        0,  -19386734,          0
  4266,   121,   23000000,    3611824,        0,  -19388176,          0
  4266,   122,   23000000,    3625311,        0,  -19374689,          0
  4266,   123,   23000000,    3624717,        0,  -19375283,          0
  4266,   124,   23000000,    3667534,        0,  -19332466,          0
  4266,   125,   23000000,    3617306,        0,  -19382694,          0
  4266,   126,   23000000,    3713558,        0,  -19286442,          0
  4266,   127,   23000000,    3607976,        0,  -19392024,          0
  4266,   128,   23000000,    3626957,        0,  -19373043,          0
  4266,   129,   23000000,    3666322,        0,  -19333678,          0
  4266,   130,   23000000,    3932984,        0,  -19067016,          0
  4266,   131,   23000000,    3626947,        0,  -19373053,          0
  4266,   132,   23000000,    3648804,        0,  -19351196,          0
  4266,   133,   23000000,    3630009,        0,  -19369991,          0
  4266,   134,   23000000,    3614341,        0,  -19385659,          0
  4266,   135,   23000000,    3640537,        0,  -19359463,          0
  4266,   136,   23000000,    3638429,        0,  -19361571,          0
  4266,   137,   23000000,    3617547,        0,  -19382453,          0
  4266,   138,   23000000,    3646004,        0,  -19353996,          0
  4266,   139,   23000000,    3631154,        0,  -19368846,          0
  4266,   140,   23000000,    3609135,        0,  -19390865,          0
  4266,   141,   23000000,    3725240,        0,  -19274760,          0
  4266,   142,   23000000,    3641693,        0,  -19358307,          0
  4266,   143,   23000000,    3624610,        0,  -19375390,          0
  4266,   144,   23000000,    3691514,        0,  -19308486,          0
  4266,   145,   23000000,    3627563,        0,  -19372437,          0
  4266,   146,   23000000,    3635732,        0,  -19364268,          0
  4266,   147,   23000000,    3633043,        0,  -19366957,          0
  4266,   148,   23000000,    3624654,        0,  -19375346,          0
  4266,   149,   23000000,    3623655,        0,  -19376345,          0
  4266,   150,   23000000,    3618500,        0,  -19381500,          0
  4266,   151,   23000000,    3612536,        0,  -19387464,          0
  4266,   152,   23000000,    3637276,        0,  -19362724,          0
  4266,   153,   23000000,    3619788,        0,  -19380212,          0
  4266,   154,   23000000,    3618750,        0,  -19381250,          0
  4266,   155,   23000000,    3613888,        0,  -19386112,          0
  4266,   156,   23000000,    3627460,        0,  -19372540,          0
  4266,   157,   23000000,    3631000,        0,  -19369000,          0
  4266,   158,   23000000,    3698004,        0,  -19301996,          0
  4266,   159,   23000000,    3656240,        0,  -19343760,          0
  4266,   160,   23000000,    3679226,        0,  -19320774,          0
  4266,   161,   23000000,    3653001,        0,  -19346999,          0
  4266,   162,   23000000,    3641283,        0,  -19358717,          0
  4266,   163,   23000000,    3624492,        0,  -19375508,          0
  4266,   164,   23000000,    3614434,        0,  -19385566,          0
  4266,   165,   23000000,    3645701,        0,  -19354299,          0
  4266,   166,   23000000,    3664912,        0,  -19335088,          0
  4266,   167,   23000000,    3605595,        0,  -19394405,          0
  4266,   168,   23000000,    3898244,        0,  -19101756,          0
  4266,   169,   23000000,    3616858,        0,  -19383142,          0
  4266,   170,   23000000,    3617821,        0,  -19382179,          0
  4266,   171,   23000000,    3641240,        0,  -19358760,          0
  4266,   172,   23000000,    3621924,        0,  -19378076,          0
  4266,   173,   23000000,    3611599,        0,  -19388401,          0
  4266,   174,   23000000,    3622628,        0,  -19377372,          0
  4266,   175,   23000000,    3612339,        0,  -19387661,          0
  4266,   176,   23000000,    3640900,        0,  -19359100,          0
  4266,   177,   23000000,    3631672,        0,  -19368328,          0
  4266,   178,   23000000,    3638114,        0,  -19361886,          0
  4266,   179,   23000000,    3645918,        0,  -19354082,          0
  4266,   180,   23000000,    3640667,        0,  -19359333,          0
  4266,   181,   23000000,    3662687,        0,  -19337313,          0
  4266,   182,   23000000,    3618559,        0,  -19381441,          0
  4266,   183,   23000000,    3630377,        0,  -19369623,          0
  4266,   184,   23000000,    3658308,        0,  -19341692,          0
  4266,   185,   23000000,    3677862,        0,  -19322138,          0
  4266,   186,   23000000,    3622360,        0,  -19377640,          0
  4266,   187,   23000000,    3625378,        0,  -19374622,          0
  4266,   188,   23000000,    3638026,        0,  -19361974,          0
  4266,   189,   23000000,    3632604,        0,  -19367396,          0
  4266,   190,   23000000,    3616559,        0,  -19383441,          0
  4266,   191,   23000000,    3646820,        0,  -19353180,          0
  4266,   192,   23000000,    3628803,        0,  -19371197,          0
  4266,   193,   23000000,    3629628,        0,  -19370372,          0
  4266,   194,   23000000,    3673939,        0,  -19326061,          0
  4266,   195,   23000000,    3612607,        0,  -19387393,          0
  4266,   196,   23000000,    3644770,        0,  -19355230,          0
  4266,   197,   23000000,    3643581,        0,  -19356419,          0
  4266,   198,   23000000,    3617462,        0,  -19382538,          0
  4266,   199,   23000000,    3652814,        0,  -19347186,          0
  4266,   200,   23000000,    3637895,        0,  -19362105,          0
  4266,   201,   23000000,    3697195,        0,  -19302805,          0
  4266,   202,   23000000,    3703231,        0,  -19296769,          0
  4266,   203,   23000000,    3681858,        0,  -19318142,          0
  4266,   204,   23000000,    4572338,        0,  -18427662,          0
  4266,   205,   23000000,    3615738,        0,  -19384262,          0
  4266,   206,   23000000,    3959342,        0,  -19040658,          0
  4266,   207,   23000000,    3640096,        0,  -19359904,          0
  4266,   208,   23000000,    3636826,        0,  -19363174,          0
  4266,   209,   23000000,    3631284,        0,  -19368716,          0
  4266,   210,   23000000,    3630425,        0,  -19369575,          0
  4266,   211,   23000000,    3644251,        0,  -19355749,          0
  4266,   212,   23000000,    3621735,        0,  -19378265,          0
  4266,   213,   23000000,    3734694,        0,  -19265306,          0
  4266,   214,   23000000,    3659232,        0,  -19340768,          0
  4266,   215,   23000000,    3655425,        0,  -19344575,          0
  4266,   216,   23000000,    3619661,        0,  -19380339,          0
  4266,   217,   23000000,    3636120,        0,  -19363880,          0
  4266,   218,   23000000,    3620841,        0,  -19379159,          0
  4266,   219,   23000000,    3620812,        0,  -19379188,          0
  4266,   220,   23000000,    3609192,        0,  -19390808,          0
  4266,   221,   23000000,    4269590,        0,  -18730410,          0
  4266,   222,   23000000,    3708667,        0,  -19291333,          0
  4266,   223,   23000000,    3654866,        0,  -19345134,          0
  4266,   224,   23000000,    3641670,        0,  -19358330,          0
  4266,   225,   23000000,    3688354,        0,  -19311646,          0
  4266,   226,   23000000,    3611710,        0,  -19388290,          0
  4266,   227,   23000000,    3692860,        0,  -19307140,          0
  4266,   228,   23000000,    3629796,        0,  -19370204,          0
  4266,   229,   23000000,    3645652,        0,  -19354348,          0
  4266,   230,   23000000,    3631997,        0,  -19368003,          0
  4266,   231,   23000000,    3637247,        0,  -19362753,          0
  4266,   232,   23000000,    3623540,        0,  -19376460,          0
  4266,   233,   23000000,    3650786,        0,  -19349214,          0
  4266,   234,   23000000,    3686382,        0,  -19313618,          0
  4266,   235,   23000000,    3634835,        0,  -19365165,          0
  4266,   236,   23000000,    3675090,        0,  -19324910,          0
  4266,   237,   23000000,    3684519,        0,  -19315481,          0
  4266,   238,   23000000,    3620503,        0,  -19379497,          0
  4266,   239,   23000000,    3606056,        0,  -19393944,          0
  4266,   240,   23000000,    3650186,        0,  -19349814,          0
  4266,   241,   23000000,    3653642,        0,  -19346358,          0
  4266,   242,   23000000,    3614699,        0,  -19385301,          0
  4266,   243,   23000000,    3681232,        0,  -19318768,          0
  4266,   244,   23000000,    3996323,        0,  -19003677,          0
  4266,   245,   23000000,    3618101,        0,  -19381899,          0
  4266,   246,   23000000,    3619784,        0,  -19380216,          0
  4266,   247,   23000000,    3633795,        0,  -19366205,          0
  4266,   248,   23000000,    3632491,        0,  -19367509,          0
  4266,   249,   23000000,    3608074,        0,  -19391926,          0
  4266,   250,   23000000,    3646982,        0,  -19353018,          0
  4266,   251,   23000000,    3668635,        0,  -19331365,          0
  4266,   252,   23000000,    3672531,        0,  -19327469,          0
  4266,   253,   23000000,    3645104,        0,  -19354896,          0
  4266,   254,   23000000,    3661821,        0,  -19338179,          0
  4266,   255,   23000000,    3890057,        0,  -19109943,          0
  4266,   256,   23000000,    3615702,        0,  -19384298,          0
  4266,   257,   23000000,    3618501,        0,  -19381499,          0
  4266,   258,   23000000,    3640282,        0,  -19359718,          0
  4266,   259,   23000000,    3630853,        0,  -19369147,          0
  4266,   260,   23000000,    3626124,        0,  -19373876,          0
  4266,   261,   23000000,    3644877,        0,  -19355123,          0
  4266,   262,   23000000,    3611652,        0,  -19388348,          0
  4266,   263,   23000000,    3608644,        0,  -19391356,          0
  4266,   264,   23000000,    3627699,        0,  -19372301,          0
  4266,   265,   23000000,    3614980,        0,  -19385020,          0
  4266,   266,   23000000,    3614005,        0,  -19385995,          0
  4266,   267,   23000000,    3638757,        0,  -19361243,          0
  4266,   268,   23000000,    3628700,        0,  -19371300,          0
  4266,   269,   23000000,    3639746,        0,  -19360254,          0
  4266,   270,   23000000,    3630305,        0,  -19369695,          0
  4266,   271,   23000000,    3626778,        0,  -19373222,          0
  4266,   272,   23000000,    3617525,        0,  -19382475,          0
  4266,   273,   23000000,    3629024,        0,  -19370976,          0
  4266,   274,   23000000,    3624118,        0,  -19375882,          0
  4266,   275,   23000000,    3630797,        0,  -19369203,          0
  4266,   276,   23000000,    3639810,        0,  -19360190,          0
  4266,   277,   23000000,    3626758,        0,  -19373242,          0
  4266,   278,   23000000,    3619689,        0,  -19380311,          0
  4266,   279,   23000000,    3611873,        0,  -19388127,          0
  4266,   280,   23000000,    3618649,        0,  -19381351,          0
  4266,   281,   23000000,    3644058,        0,  -19355942,          0
  4266,   282,   23000000,    3667736,        0,  -19332264,          0
  4266,   283,   23000000,    3617953,        0,  -19382047,          0
  4266,   284,   23000000,    3652079,        0,  -19347921,          0
  4266,   285,   23000000,    3634429,        0,  -19365571,          0
  4266,   286,   23000000,    3625395,        0,  -19374605,          0
  4266,   287,   23000000,    3628361,        0,  -19371639,          0
  4266,   288,   23000000,    3657586,        0,  -19342414,          0
  4266,   289,   23000000,    3639416,        0,  -19360584,          0
  4266,   290,   23000000,    3642086,        0,  -19357914,          0
  4266,   291,   23000000,    3620759,        0,  -19379241,          0
  4266,   292,   23000000,    3616997,        0,  -19383003,          0
  4266,   293,   23000000,    3912636,        0,  -19087364,          0
  4266,   294,   23000000,    3621749,        0,  -19378251,          0
  4266,   295,   23000000,    3612809,        0,  -19387191,          0
  4266,   296,   23000000,    3635350,        0,  -19364650,          0
  4266,   297,   23000000,    3634152,        0,  -19365848,          0
  4266,   298,   23000000,    3617456,        0,  -19382544,          0
  4266,   299,   23000000,    3625864,        0,  -19374136,          0
  4266,   300,   23000000,    3647692,        0,  -19352308,          0
  4266,   301,   23000000,    3632377,        0,  -19367623,          0
  4266,   302,   23000000,    3649022,        0,  -19350978,          0
  4266,   303,   23000000,    3699183,        0,  -19300817,          0
  4266,   304,   23000000,    3617171,        0,  -19382829,          0
  4266,   305,   23000000,    3628782,        0,  -19371218,          0
  4266,   306,   23000000,    3609536,        0,  -19390464,          0
  4266,   307,   23000000,    3676434,        0,  -19323566,          0
  4266,   308,   23000000,    3622429,        0,  -19377571,          0
  4266,   309,   23000000,    3636845,        0,  -19363155,          0
  4266,   310,   23000000,    3628284,        0,  -19371716,          0
  4266,   311,   23000000,    3699733,        0,  -19300267,          0
  4266,   312,   23000000,    3642081,        0,  -19357919,          0
  4266,   313,   23000000,    3645882,        0,  -19354118,          0
  4266,   314,   23000000,    3633103,        0,  -19366897,          0
  4266,   315,   23000000,    3616942,        0,  -19383058,          0
  4266,   316,   23000000,    3642730,        0,  -19357270,          0
  4266,   317,   23000000,    3614863,        0,  -19385137,          0
  4266,   318,   23000000,    3706805,        0,  -19293195,          0
  4266,   319,   23000000,    3646551,        0,  -19353449,          0
  4266,   320,   23000000,    3614801,        0,  -19385199,          0
  4266,   321,   23000000,    3619007,        0,  -19380993,          0
  4266,   322,   23000000,    3619231,        0,  -19380769,          0
  4266,   323,   23000000,    3775206,        0,  -19224794,          0
  4266,   324,   23000000,    3641155,        0,  -19358845,          0
  4266,   325,   23000000,    3629858,        0,  -19370142,          0
  4266,   326,   23000000,    3616093,        0,  -19383907,          0
  4266,   327,   23000000,    3608901,        0,  -19391099,          0
  4266,   328,   23000000,    3631690,        0,  -19368310,          0
  4266,   329,   23000000,    3649903,        0,  -19350097,          0
  4266,   330,   23000000,    3651640,        0,  -19348360,          0
  4266,   331,   23000000,    3908379,        0,  -19091621,          0
  4266,   332,   23000000,    3646651,        0,  -19353349,          0
  4266,   333,   23000000,    3624650,        0,  -19375350,          0
  4266,   334,   23000000,    3614514,        0,  -19385486,          0
  4266,   335,   23000000,    3635212,        0,  -19364788,          0
  4266,   336,   23000000,    3629233,        0,  -19370767,          0
  4266,   337,   23000000,    3614951,        0,  -19385049,          0
  4266,   338,   23000000,    3675319,        0,  -19324681,          0
  4266,   339,   23000000,    3637024,        0,  -19362976,          0
  4266,   340,   23000000,    3614802,        0,  -19385198,          0
  4266,   341,   23000000,    3615363,        0,  -19384637,          0
  4266,   342,   23000000,    3607893,        0,  -19392107,          0
  4266,   343,   23000000,    3637584,        0,  -19362416,          0
  4266,   344,   23000000,    3665196,        0,  -19334804,          0
  4266,   345,   23000000,    3635222,        0,  -19364778,          0
  4266,   346,   23000000,    3614978,        0,  -19385022,          0
  4266,   347,   23000000,    3645933,        0,  -19354067,          0
  4266,   348,   23000000,    3605133,        0,  -19394867,          0
  4266,   349,   23000000,    3640340,        0,  -19359660,          0
  4266,   350,   23000000,    3676299,        0,  -19323701,          0
  4266,   351,   23000000,    3662832,        0,  -19337168,          0
  4266,   352,   23000000,    3631138,        0,  -19368862,          0
  4266,   353,   23000000,    3623744,        0,  -19376256,          0
  4266,   354,   23000000,    3633641,        0,  -19366359,          0
  4266,   355,   23000000,    3625098,        0,  -19374902,          0
  4266,   356,   23000000,    3614723,        0,  -19385277,          0
  4266,   357,   23000000,    3629978,        0,  -19370022,          0
  4266,   358,   23000000,    3679726,        0,  -19320274,          0
  4266,   359,   23000000,    3607492,        0,  -19392508,          0
  4266,   360,   23000000,    3705568,        0,  -19294432,          0
  4266,   361,   23000000,    3617512,        0,  -19382488,          0
  4266,   362,   23000000,    3631264,        0,  -19368736,          0
  4266,   363,   23000000,    3635305,        0,  -19364695,          0
  4266,   364,   23000000,    3626724,        0,  -19373276,          0
  4266,   365,   23000000,    3620948,        0,  -19379052,          0
  4266,   366,   23000000,    3629056,        0,  -19370944,          0
  4266,   367,   23000000,    3614545,        0,  -19385455,          0
  4266,   368,   23000000,    3632042,        0,  -19367958,          0
  4266,   369,   23000000,    3927625,        0,  -19072375,          0
  4266,   370,   23000000,    3618623,        0,  -19381377,          0
  4266,   371,   23000000,    3658846,        0,  -19341154,          0
  4266,   372,   23000000,    3660651,        0,  -19339349,          0
  4266,   373,   23000000,    3628210,        0,  -19371790,          0
  4266,   374,   23000000,    3661987,        0,  -19338013,          0
  4266,   375,   23000000,    3619383,        0,  -19380617,          0
  4266,   376,   23000000,    3626893,        0,  -19373107,          0
  4266,   377,   23000000,    3628925,        0,  -19371075,          0
  4266,   378,   23000000,    3616021,        0,  -19383979,          0
  4266,   379,   23000000,    3617945,        0,  -19382055,          0
  4266,   380,   23000000,    3890467,        0,  -19109533,          0
  4266,   381,   23000000,    3630576,        0,  -19369424,          0
  4266,   382,   23000000,    3607882,        0,  -19392118,          0
  4266,   383,   23000000,    3701000,        0,  -19299000,          0
  4266,   384,   23000000,    3617349,        0,  -19382651,          0
  4266,   385,   23000000,    3652101,        0,  -19347899,          0
  4266,   386,   23000000,    4031534,        0,  -18968466,          0
  4266,   387,   23000000,    3621503,        0,  -19378497,          0
  4266,   388,   23000000,    3650291,        0,  -19349709,          0
  4266,   389,   23000000,    3626098,        0,  -19373902,          0
  4266,   390,   23000000,    3646683,        0,  -19353317,          0
  4266,   391,   23000000,    3612208,        0,  -19387792,          0
  4266,   392,   23000000,    3613687,        0,  -19386313,          0
  4266,   393,   23000000,    3669000,        0,  -19331000,          0
  4266,   394,   23000000,    3829532,        0,  -19170468,          0
  4266,   395,   23000000,    3627538,        0,  -19372462,          0
  4266,   396,   23000000,    3631954,        0,  -19368046,          0
  4266,   397,   23000000,    3633417,        0,  -19366583,          0
  4266,   398,   23000000,    3684110,        0,  -19315890,          0
  4266,   399,   23000000,    3623492,        0,  -19376508,          0
  4266,   400,   23000000,    3656006,        0,  -19343994,          0
  4266,   401,   23000000,    3611101,        0,  -19388899,          0
  4266,   402,   23000000,    3629893,        0,  -19370107,          0
  4266,   403,   23000000,    3628994,        0,  -19371006,          0
  4266,   404,   23000000,    3658812,        0,  -19341188,          0
  4266,   405,   23000000,    3618087,        0,  -19381913,          0
  4266,   406,   23000000,    3623319,        0,  -19376681,          0
  4266,   407,   23000000,    3614862,        0,  -19385138,          0
  4266,   408,   23000000,    3623614,        0,  -19376386,          0
  4266,   409,   23000000,    3625231,        0,  -19374769,          0
  4266,   410,   23000000,    3657618,        0,  -19342382,          0
  4266,   411,   23000000,    3641415,        0,  -19358585,          0
  4266,   412,   23000000,    3639022,        0,  -19360978,          0
  4266,   413,   23000000,    3638328,        0,  -19361672,          0
  4266,   414,   23000000,    3639939,        0,  -19360061,          0
  4266,   415,   23000000,    3611948,        0,  -19388052,          0
  4266,   416,   23000000,    3628374,        0,  -19371626,          0
  4266,   417,   23000000,    3625886,        0,  -19374114,          0
  4266,   418,   23000000,    3914957,        0,  -19085043,          0
  4266,   419,   23000000,    3611184,        0,  -19388816,          0
  4266,   420,   23000000,    3633732,        0,  -19366268,          0
  4266,   421,   23000000,    3662259,        0,  -19337741,          0
  4266,   422,   23000000,    3622496,        0,  -19377504,          0
  4266,   423,   23000000,    3653012,        0,  -19346988,          0
  4266,   424,   23000000,    3631478,        0,  -19368522,          0
  4266,   425,   23000000,    3637378,        0,  -19362622,          0
  4266,   426,   23000000,    3618099,        0,  -19381901,          0
  4266,   427,   23000000,    3625258,        0,  -19374742,          0
  4266,   428,   23000000,    3611418,        0,  -19388582,          0
  4266,   429,   23000000,    3629647,        0,  -19370353,          0
  4266,   430,   23000000,    3617020,        0,  -19382980,          0
  4266,   431,   23000000,    3637947,        0,  -19362053,          0
  4266,   432,   23000000,    3619272,        0,  -19380728,          0
  4266,   433,   23000000,    3625566,        0,  -19374434,          0
  4266,   434,   23000000,    3618228,        0,  -19381772,          0
  4266,   435,   23000000,    3615864,        0,  -19384136,          0
  4266,   436,   23000000,    3623176,        0,  -19376824,          0
  4266,   437,   23000000,    3618214,        0,  -19381786,          0
  4266,   438,   23000000,    3674304,        0,  -19325696,          0
