# Task,   Job,     Period,   Response, DL Miss?,   Lateness,  Tardiness
# task NAME=myapp PID=20345 COST=28800000 PERIOD=72000000 CPU=0
 20345,     2,   72000000,      11798,        0,  -71988202,          0
 20345,     3,   72000000,      40671,        0,  -71959329,          0
 20345,     4,   72000000,   29316959,        0,  -42683041,          0
 20345,     5,   72000000,   28238561,        0,  -43761439,          0
 20345,     6,   72000000,   28211333,        0,  -43788667,          0
 20345,     7,   72000000,   28297603,        0,  -43702397,          0
 20345,     8,   72000000,   28567139,        0,  -43432861,          0
 20345,     9,   72000000,   28320550,        0,  -43679450,          0
 20345,    10,   72000000,   28648142,        0,  -43351858,          0
 20345,    11,   72000000,   28333079,        0,  -43666921,          0
 20345,    12,   72000000,   28181896,        0,  -43818104,          0
 20345,    13,   72000000,   28177324,        0,  -43822676,          0
 20345,    14,   72000000,   28182048,        0,  -43817952,          0
 20345,    15,   72000000,   28587052,        0,  -43412948,          0
 20345,    16,   72000000,   28185238,        0,  -43814762,          0
 20345,    17,   72000000,   28475489,        0,  -43524511,          0
 20345,    18,   72000000,   28189309,        0,  -43810691,          0
 20345,    19,   72000000,   28191835,        0,  -43808165,          0
 20345,    20,   72000000,   28211585,        0,  -43788415,          0
 20345,    21,   72000000,   28195840,        0,  -43804160,          0
 20345,    22,   72000000,   28477798,        0,  -43522202,          0
 20345,    23,   72000000,   28195395,        0,  -43804605,          0
 20345,    24,   72000000,   28216298,        0,  -43783702,          0
 20345,    25,   72000000,   28179835,        0,  -43820165,          0
 20345,    26,   72000000,   28173841,        0,  -43826159,          0
 20345,    27,   72000000,   28318594,        0,  -43681406,          0
 20345,    28,   72000000,   28206409,        0,  -43793591,          0
 20345,    29,   72000000,   28492438,        0,  -43507562,          0
 20345,    30,   72000000,   28194079,        0,  -43805921,          0
 20345,    31,   72000000,   28184249,        0,  -43815751,          0
 20345,    32,   72000000,   28320257,        0,  -43679743,          0
 20345,    33,   72000000,   28213637,        0,  -43786363,          0
 20345,    34,   72000000,   28610201,        0,  -43389799,          0
 20345,    35,   72000000,   28276165,        0,  -43723835,          0
 20345,    36,   72000000,   28467576,        0,  -43532424,          0
 20345,    37,   72000000,   28185182,        0,  -43814818,          0
 20345,    38,   72000000,   28316949,        0,  -43683051,          0
 20345,    39,   72000000,   28237640,        0,  -43762360,          0
 20345,    40,   72000000,   28218911,        0,  -43781089,          0
 20345,    41,   72000000,   28453556,        0,  -43546444,          0
 20345,    42,   72000000,   28201804,        0,  -43798196,          0
 20345,    43,   72000000,   28592163,        0,  -43407837,          0
 20345,    44,   72000000,   28199771,        0,  -43800229,          0
 20345,    45,   72000000,   28241146,        0,  -43758854,          0
 20345,    46,   72000000,   28259186,        0,  -43740814,          0
 20345,    47,   72000000,   28211469,        0,  -43788531,          0
 20345,    48,   72000000,   28480535,        0,  -43519465,          0
 20345,    49,   72000000,   28182675,        0,  -43817325,          0
 20345,    50,   72000000,   28474290,        0,  -43525710,          0
 20345,    51,   72000000,   28195303,        0,  -43804697,          0
 20345,    52,   72000000,   28185924,        0,  -43814076,          0
 20345,    53,   72000000,   28185877,        0,  -43814123,          0
 20345,    54,   72000000,   28185715,        0,  -43814285,          0
 20345,    55,   72000000,   28479038,        0,  -43520962,          0
 20345,    56,   72000000,   28178089,        0,  -43821911,          0
 20345,    57,   72000000,   28185935,        0,  -43814065,          0
 20345,    58,   72000000,   28195292,        0,  -43804708,          0
 20345,    59,   72000000,   28196638,        0,  -43803362,          0
 20345,    60,   72000000,   28265696,        0,  -43734304,          0
 20345,    61,   72000000,   28311239,        0,  -43688761,          0
 20345,    62,   72000000,   28683878,        0,  -43316122,          0
 20345,    63,   72000000,   28188133,        0,  -43811867,          0
 20345,    64,   72000000,   28279372,        0,  -43720628,          0
 20345,    65,   72000000,   28219080,        0,  -43780920,          0
 20345,    66,   72000000,   28300889,        0,  -43699111,          0
 20345,    67,   72000000,   28574762,        0,  -43425238,          0
 20345,    68,   72000000,   28201377,        0,  -43798623,          0
 20345,    69,   72000000,   28457600,        0,  -43542400,          0
 20345,    70,   72000000,   28185181,        0,  -43814819,          0
 20345,    71,   72000000,   28260238,        0,  -43739762,          0
 20345,    72,   72000000,   28188928,        0,  -43811072,          0
 20345,    73,   72000000,   28213397,        0,  -43786603,          0
 20345,    74,   72000000,   28576528,        0,  -43423472,          0
 20345,    75,   72000000,   28192215,        0,  -43807785,          0
 20345,    76,   72000000,   28477226,        0,  -43522774,          0
 20345,    77,   72000000,   28185235,        0,  -43814765,          0
 20345,    78,   72000000,   28193559,        0,  -43806441,          0
 20345,    79,   72000000,   28191223,        0,  -43808777,          0
 20345,    80,   72000000,   28197938,        0,  -43802062,          0
 20345,    81,   72000000,   28483913,        0,  -43516087,          0
 20345,    82,   72000000,   28195344,        0,  -43804656,          0
 20345,    83,   72000000,   28217206,        0,  -43782794,          0
 20345,    84,   72000000,   28198952,        0,  -43801048,          0
 20345,    85,   72000000,   28289500,        0,  -43710500,          0
 20345,    86,   72000000,   28217045,        0,  -43782955,          0
 20345,    87,   72000000,   28250508,        0,  -43749492,          0
 20345,    88,   72000000,   28546726,        0,  -43453274,          0
 20345,    89,   72000000,   28189820,        0,  -43810180,          0
 20345,    90,   72000000,   28219943,        0,  -43780057,          0
 20345,    91,   72000000,   28198022,        0,  -43801978,          0
 20345,    92,   72000000,   28186880,        0,  -43813120,          0
 20345,    93,   72000000,   28255711,        0,  -43744289,          0
 20345,    94,   72000000,   28180092,        0,  -43819908,          0
 20345,    95,   72000000,   28543337,        0,  -43456663,          0
 20345,    96,   72000000,   28270525,        0,  -43729475,          0
 20345,    97,   72000000,   28208280,        0,  -43791720,          0
 20345,    98,   72000000,   28190810,        0,  -43809190,          0
 20345,    99,   72000000,   28193555,        0,  -43806445,          0
 20345,   100,   72000000,   28475770,        0,  -43524230,          0
 20345,   101,   72000000,   28199864,        0,  -43800136,          0
 20345,   102,   72000000,   28475821,        0,  -43524179,          0
 20345,   103,   72000000,   28182835,        0,  -43817165,          0
 20345,   104,   72000000,   28206207,        0,  -43793793,          0
 20345,   105,   72000000,   28307699,        0,  -43692301,          0
 20345,   106,   72000000,   28182519,        0,  -43817481,          0
 20345,   107,   72000000,   28463035,        0,  -43536965,          0
 20345,   108,   72000000,   28201534,        0,  -43798466,          0
 20345,   109,   72000000,   28449337,        0,  -43550663,          0
 20345,   110,   72000000,   28203028,        0,  -43796972,          0
 20345,   111,   72000000,   28209538,        0,  -43790462,          0
 20345,   112,   72000000,   28192060,        0,  -43807940,          0
 20345,   113,   72000000,   28326784,        0,  -43673216,          0
 20345,   114,   72000000,   28587750,        0,  -43412250,          0
 20345,   115,   72000000,   28207048,        0,  -43792952,          0
 20345,   116,   72000000,   28197251,        0,  -43802749,          0
 20345,   117,   72000000,   28228288,        0,  -43771712,          0
 20345,   118,   72000000,   28188932,        0,  -43811068,          0
 20345,   119,   72000000,   28187305,        0,  -43812695,          0
 20345,   120,   72000000,   28205419,        0,  -43794581,          0
 20345,   121,   72000000,   28455186,        0,  -43544814,          0
 20345,   122,   72000000,   28201399,        0,  -43798601,          0
 20345,   123,   72000000,   28365492,        0,  -43634508,          0
 20345,   124,   72000000,   28287728,        0,  -43712272,          0
 20345,   125,   72000000,   28300760,        0,  -43699240,          0
 20345,   126,   72000000,   28208358,        0,  -43791642,          0
 20345,   127,   72000000,   28278722,        0,  -43721278,          0
 20345,   128,   72000000,   28578682,        0,  -43421318,          0
 20345,   129,   72000000,   28299818,        0,  -43700182,          0
 20345,   130,   72000000,   28361952,        0,  -43638048,          0
 20345,   131,   72000000,   28353655,        0,  -43646345,          0
 20345,   132,   72000000,   28290286,        0,  -43709714,          0
 20345,   133,   72000000,   28617152,        0,  -43382848,          0
 20345,   134,   72000000,   28205374,        0,  -43794626,          0
 20345,   135,   72000000,   28607734,        0,  -43392266,          0
 20345,   136,   72000000,   28177921,        0,  -43822079,          0
 20345,   137,   72000000,   28210754,        0,  -43789246,          0
 20345,   138,   72000000,   28206766,        0,  -43793234,          0
 20345,   139,   72000000,   28261875,        0,  -43738125,          0
 20345,   140,   72000000,   28456849,        0,  -43543151,          0
 20345,   141,   72000000,   28210903,        0,  -43789097,          0
 20345,   142,   72000000,   28479360,        0,  -43520640,          0
