# Task,   Job,     Period,   Response, DL Miss?,   Lateness,  Tardiness
# task NAME=myapp PID=26405 COST=18053000 PERIOD=25000000 CPU=0
 26405,     2,   25000000,       8508,        0,  -24991492,          0
 26405,     3,   25000000,      71845,        0,  -24928155,          0
 26405,     4,   25000000,   19739597,        0,   -5260403,          0
 26405,     5,   25000000,   17727989,        0,   -7272011,          0
 26405,     6,   25000000,   17761979,        0,   -7238021,          0
 26405,     7,   25000000,   17690578,        0,   -7309422,          0
 26405,     8,   25000000,   17779076,        0,   -7220924,          0
 26405,     9,   25000000,   17707773,        0,   -7292227,          0
 26405,    10,   25000000,   17735194,        0,   -7264806,          0
 26405,    11,   25000000,   17688433,        0,   -7311567,          0
 26405,    12,   25000000,   17710589,        0,   -7289411,          0
 26405,    13,   25000000,   17691560,        0,   -7308440,          0
 26405,    14,   25000000,   18843425,        0,   -6156575,          0
 26405,    15,   25000000,   17682952,        0,   -7317048,          0
 26405,    16,   25000000,   18681194,        0,   -6318806,          0
 26405,    17,   25000000,   17703697,        0,   -7296303,          0
 26405,    18,   25000000,   17750865,        0,   -7249135,          0
 26405,    19,   25000000,   17729987,        0,   -7270013,          0
 26405,    20,   25000000,   17788594,        0,   -7211406,          0
 26405,    21,   25000000,   17680602,        0,   -7319398,          0
 26405,    22,   25000000,   17781806,        0,   -7218194,          0
 26405,    23,   25000000,   17759006,        0,   -7240994,          0
 26405,    24,   25000000,   17778921,        0,   -7221079,          0
 26405,    25,   25000000,   17789112,        0,   -7210888,          0
 26405,    26,   25000000,   18345824,        0,   -6654176,          0
 26405,    27,   25000000,   17752521,        0,   -7247479,          0
 26405,    28,   25000000,   17923218,        0,   -7076782,          0
 26405,    29,   25000000,   17853170,        0,   -7146830,          0
 26405,    30,   25000000,   17699118,        0,   -7300882,          0
 26405,    31,   25000000,   17694343,        0,   -7305657,          0
 26405,    32,   25000000,   17733866,        0,   -7266134,          0
 26405,    33,   25000000,   17788779,        0,   -7211221,          0
 26405,    34,   25000000,   17714533,        0,   -7285467,          0
 26405,    35,   25000000,   17691668,        0,   -7308332,          0
 26405,    36,   25000000,   17693503,        0,   -7306497,          0
 26405,    37,   25000000,   17851604,        0,   -7148396,          0
 26405,    38,   25000000,   17793901,        0,   -7206099,          0
 26405,    39,   25000000,   17736841,        0,   -7263159,          0
 26405,    40,   25000000,   17857168,        0,   -7142832,          0
 26405,    41,   25000000,   17742649,        0,   -7257351,          0
 26405,    42,   25000000,   17694663,        0,   -7305337,          0
 26405,    43,   25000000,   17806067,        0,   -7193933,          0
 26405,    44,   25000000,   17704935,        0,   -7295065,          0
 26405,    45,   25000000,   17714867,        0,   -7285133,          0
 26405,    46,   25000000,   17724638,        0,   -7275362,          0
 26405,    47,   25000000,   17707072,        0,   -7292928,          0
 26405,    48,   25000000,   17759074,        0,   -7240926,          0
 26405,    49,   25000000,   19737311,        0,   -5262689,          0
 26405,    50,   25000000,   17696204,        0,   -7303796,          0
 26405,    51,   25000000,   17762450,        0,   -7237550,          0
 26405,    52,   25000000,   17766335,        0,   -7233665,          0
 26405,    53,   25000000,   17699043,        0,   -7300957,          0
 26405,    54,   25000000,   17703674,        0,   -7296326,          0
 26405,    55,   25000000,   17763177,        0,   -7236823,          0
 26405,    56,   25000000,   17738438,        0,   -7261562,          0
 26405,    57,   25000000,   17725630,        0,   -7274370,          0
 26405,    58,   25000000,   17766740,        0,   -7233260,          0
 26405,    59,   25000000,   17711647,        0,   -7288353,          0
 26405,    60,   25000000,   17941001,        0,   -7058999,          0
 26405,    61,   25000000,   17706130,        0,   -7293870,          0
 26405,    62,   25000000,   17689637,        0,   -7310363,          0
 26405,    63,   25000000,   17697148,        0,   -7302852,          0
 26405,    64,   25000000,   18048857,        0,   -6951143,          0
 26405,    65,   25000000,   17688949,        0,   -7311051,          0
 26405,    66,   25000000,   17696800,        0,   -7303200,          0
 26405,    67,   25000000,   17690322,        0,   -7309678,          0
 26405,    68,   25000000,   17684585,        0,   -7315415,          0
 26405,    69,   25000000,   17780983,        0,   -7219017,          0
 26405,    70,   25000000,   17778048,        0,   -7221952,          0
 26405,    71,   25000000,   17943362,        0,   -7056638,          0
 26405,    72,   25000000,   18620816,        0,   -6379184,          0
 26405,    73,   25000000,   17789024,        0,   -7210976,          0
 26405,    74,   25000000,   17722859,        0,   -7277141,          0
 26405,    75,   25000000,   17783485,        0,   -7216515,          0
 26405,    76,   25000000,   17711476,        0,   -7288524,          0
 26405,    77,   25000000,   17742781,        0,   -7257219,          0
 26405,    78,   25000000,   17699666,        0,   -7300334,          0
 26405,    79,   25000000,   17744886,        0,   -7255114,          0
 26405,    80,   25000000,   17828605,        0,   -7171395,          0
 26405,    81,   25000000,   17743116,        0,   -7256884,          0
 26405,    82,   25000000,   17711968,        0,   -7288032,          0
 26405,    83,   25000000,   18696957,        0,   -6303043,          0
 26405,    84,   25000000,   17953689,        0,   -7046311,          0
 26405,    85,   25000000,   17758274,        0,   -7241726,          0
 26405,    86,   25000000,   17753136,        0,   -7246864,          0
 26405,    87,   25000000,   17768075,        0,   -7231925,          0
 26405,    88,   25000000,   17688915,        0,   -7311085,          0
 26405,    89,   25000000,   17691712,        0,   -7308288,          0
 26405,    90,   25000000,   17707038,        0,   -7292962,          0
 26405,    91,   25000000,   17689426,        0,   -7310574,          0
 26405,    92,   25000000,   17680856,        0,   -7319144,          0
 26405,    93,   25000000,   17895189,        0,   -7104811,          0
 26405,    94,   25000000,   17694905,        0,   -7305095,          0
 26405,    95,   25000000,   18685331,        0,   -6314669,          0
 26405,    96,   25000000,   17812083,        0,   -7187917,          0
 26405,    97,   25000000,   17698237,        0,   -7301763,          0
 26405,    98,   25000000,   18213945,        0,   -6786055,          0
 26405,    99,   25000000,   17771776,        0,   -7228224,          0
 26405,   100,   25000000,   17686555,        0,   -7313445,          0
 26405,   101,   25000000,   17702323,        0,   -7297677,          0
 26405,   102,   25000000,   17714005,        0,   -7285995,          0
 26405,   103,   25000000,   17708548,        0,   -7291452,          0
 26405,   104,   25000000,   17743493,        0,   -7256507,          0
 26405,   105,   25000000,   17719291,        0,   -7280709,          0
 26405,   106,   25000000,   17698486,        0,   -7301514,          0
 26405,   107,   25000000,   19481177,        0,   -5518823,          0
 26405,   108,   25000000,   17877444,        0,   -7122556,          0
 26405,   109,   25000000,   17777132,        0,   -7222868,          0
 26405,   110,   25000000,   17694783,        0,   -7305217,          0
 26405,   111,   25000000,   17713904,        0,   -7286096,          0
 26405,   112,   25000000,   17718724,        0,   -7281276,          0
 26405,   113,   25000000,   17706230,        0,   -7293770,          0
 26405,   114,   25000000,   17709055,        0,   -7290945,          0
 26405,   115,   25000000,   17715332,        0,   -7284668,          0
 26405,   116,   25000000,   17784458,        0,   -7215542,          0
 26405,   117,   25000000,   17996924,        0,   -7003076,          0
 26405,   118,   25000000,   18132427,        0,   -6867573,          0
 26405,   119,   25000000,   17705462,        0,   -7294538,          0
 26405,   120,   25000000,   17935170,        0,   -7064830,          0
 26405,   121,   25000000,   17745999,        0,   -7254001,          0
 26405,   122,   25000000,   17722309,        0,   -7277691,          0
 26405,   123,   25000000,   17697935,        0,   -7302065,          0
 26405,   124,   25000000,   17720475,        0,   -7279525,          0
 26405,   125,   25000000,   17702368,        0,   -7297632,          0
 26405,   126,   25000000,   17703513,        0,   -7296487,          0
 26405,   127,   25000000,   17715635,        0,   -7284365,          0
 26405,   128,   25000000,   17770225,        0,   -7229775,          0
 26405,   129,   25000000,   17702312,        0,   -7297688,          0
 26405,   130,   25000000,   18111639,        0,   -6888361,          0
 26405,   131,   25000000,   17764816,        0,   -7235184,          0
 26405,   132,   25000000,   17722040,        0,   -7277960,          0
 26405,   133,   25000000,   17707474,        0,   -7292526,          0
 26405,   134,   25000000,   17798973,        0,   -7201027,          0
 26405,   135,   25000000,   17680987,        0,   -7319013,          0
 26405,   136,   25000000,   17775066,        0,   -7224934,          0
 26405,   137,   25000000,   17777759,        0,   -7222241,          0
 26405,   138,   25000000,   17692843,        0,   -7307157,          0
 26405,   139,   25000000,   17744887,        0,   -7255113,          0
 26405,   140,   25000000,   17688449,        0,   -7311551,          0
 26405,   141,   25000000,   19480700,        0,   -5519300,          0
 26405,   142,   25000000,   17684116,        0,   -7315884,          0
 26405,   143,   25000000,   17860056,        0,   -7139944,          0
 26405,   144,   25000000,   17682867,        0,   -7317133,          0
 26405,   145,   25000000,   17685235,        0,   -7314765,          0
 26405,   146,   25000000,   17692701,        0,   -7307299,          0
 26405,   147,   25000000,   17711120,        0,   -7288880,          0
 26405,   148,   25000000,   17691973,        0,   -7308027,          0
 26405,   149,   25000000,   17696574,        0,   -7303426,          0
 26405,   150,   25000000,   17720142,        0,   -7279858,          0
 26405,   151,   25000000,   17814662,        0,   -7185338,          0
 26405,   152,   25000000,   17765142,        0,   -7234858,          0
 26405,   153,   25000000,   18756077,        0,   -6243923,          0
 26405,   154,   25000000,   17687019,        0,   -7312981,          0
 26405,   155,   25000000,   18472104,        0,   -6527896,          0
 26405,   156,   25000000,   17751414,        0,   -7248586,          0
 26405,   157,   25000000,   17697073,        0,   -7302927,          0
 26405,   158,   25000000,   17783881,        0,   -7216119,          0
 26405,   159,   25000000,   17711297,        0,   -7288703,          0
 26405,   160,   25000000,   17798291,        0,   -7201709,          0
 26405,   161,   25000000,   17872267,        0,   -7127733,          0
 26405,   162,   25000000,   17711473,        0,   -7288527,          0
 26405,   163,   25000000,   17763599,        0,   -7236401,          0
 26405,   164,   25000000,   17839754,        0,   -7160246,          0
 26405,   165,   25000000,   17743543,        0,   -7256457,          0
 26405,   166,   25000000,   18411255,        0,   -6588745,          0
 26405,   167,   25000000,   17696883,        0,   -7303117,          0
 26405,   168,   25000000,   17703342,        0,   -7296658,          0
 26405,   169,   25000000,   17714476,        0,   -7285524,          0
 26405,   170,   25000000,   17716621,        0,   -7283379,          0
 26405,   171,   25000000,   17688178,        0,   -7311822,          0
 26405,   172,   25000000,   18541697,        0,   -6458303,          0
 26405,   173,   25000000,   17683862,        0,   -7316138,          0
 26405,   174,   25000000,   17773240,        0,   -7226760,          0
 26405,   175,   25000000,   17766987,        0,   -7233013,          0
 26405,   176,   25000000,   17701852,        0,   -7298148,          0
 26405,   177,   25000000,   17708376,        0,   -7291624,          0
 26405,   178,   25000000,   18839553,        0,   -6160447,          0
 26405,   179,   25000000,   17670961,        0,   -7329039,          0
 26405,   180,   25000000,   17706712,        0,   -7293288,          0
 26405,   181,   25000000,   17701594,        0,   -7298406,          0
 26405,   182,   25000000,   17808770,        0,   -7191230,          0
 26405,   183,   25000000,   17772714,        0,   -7227286,          0
 26405,   184,   25000000,   17790110,        0,   -7209890,          0
 26405,   185,   25000000,   17771419,        0,   -7228581,          0
 26405,   186,   25000000,   17767336,        0,   -7232664,          0
 26405,   187,   25000000,   18719013,        0,   -6280987,          0
 26405,   188,   25000000,   17752348,        0,   -7247652,          0
 26405,   189,   25000000,   18698310,        0,   -6301690,          0
 26405,   190,   25000000,   17702648,        0,   -7297352,          0
 26405,   191,   25000000,   17767560,        0,   -7232440,          0
 26405,   192,   25000000,   17706493,        0,   -7293507,          0
 26405,   193,   25000000,   17756111,        0,   -7243889,          0
 26405,   194,   25000000,   17774116,        0,   -7225884,          0
 26405,   195,   25000000,   17699851,        0,   -7300149,          0
 26405,   196,   25000000,   17679443,        0,   -7320557,          0
 26405,   197,   25000000,   17725737,        0,   -7274263,          0
 26405,   198,   25000000,   17768596,        0,   -7231404,          0
 26405,   199,   25000000,   17765160,        0,   -7234840,          0
 26405,   200,   25000000,   17782538,        0,   -7217462,          0
 26405,   201,   25000000,   17744943,        0,   -7255057,          0
 26405,   202,   25000000,   17698796,        0,   -7301204,          0
 26405,   203,   25000000,   17740300,        0,   -7259700,          0
 26405,   204,   25000000,   17704395,        0,   -7295605,          0
 26405,   205,   25000000,   17700821,        0,   -7299179,          0
 26405,   206,   25000000,   17700524,        0,   -7299476,          0
 26405,   207,   25000000,   17729773,        0,   -7270227,          0
 26405,   208,   25000000,   17675328,        0,   -7324672,          0
 26405,   209,   25000000,   17774824,        0,   -7225176,          0
 26405,   210,   25000000,   18455862,        0,   -6544138,          0
 26405,   211,   25000000,   17684742,        0,   -7315258,          0
 26405,   212,   25000000,   17761581,        0,   -7238419,          0
 26405,   213,   25000000,   17703982,        0,   -7296018,          0
 26405,   214,   25000000,   17698531,        0,   -7301469,          0
 26405,   215,   25000000,   17770391,        0,   -7229609,          0
 26405,   216,   25000000,   17743508,        0,   -7256492,          0
 26405,   217,   25000000,   17683519,        0,   -7316481,          0
 26405,   218,   25000000,   17691951,        0,   -7308049,          0
 26405,   219,   25000000,   17689393,        0,   -7310607,          0
 26405,   220,   25000000,   17703236,        0,   -7296764,          0
 26405,   221,   25000000,   17682475,        0,   -7317525,          0
 26405,   222,   25000000,   20638940,        0,   -4361060,          0
 26405,   223,   25000000,   17713639,        0,   -7286361,          0
 26405,   224,   25000000,   17685618,        0,   -7314382,          0
 26405,   225,   25000000,   17773380,        0,   -7226620,          0
 26405,   226,   25000000,   17720258,        0,   -7279742,          0
 26405,   227,   25000000,   17685063,        0,   -7314937,          0
 26405,   228,   25000000,   17720096,        0,   -7279904,          0
 26405,   229,   25000000,   17710511,        0,   -7289489,          0
 26405,   230,   25000000,   17689205,        0,   -7310795,          0
 26405,   231,   25000000,   17862572,        0,   -7137428,          0
 26405,   232,   25000000,   17712781,        0,   -7287219,          0
 26405,   233,   25000000,   17704737,        0,   -7295263,          0
 26405,   234,   25000000,   17912897,        0,   -7087103,          0
 26405,   235,   25000000,   17763894,        0,   -7236106,          0
 26405,   236,   25000000,   18844962,        0,   -6155038,          0
 26405,   237,   25000000,   17696730,        0,   -7303270,          0
 26405,   238,   25000000,   17704591,        0,   -7295409,          0
 26405,   239,   25000000,   18045063,        0,   -6954937,          0
 26405,   240,   25000000,   17769023,        0,   -7230977,          0
 26405,   241,   25000000,   17695352,        0,   -7304648,          0
 26405,   242,   25000000,   17683245,        0,   -7316755,          0
 26405,   243,   25000000,   17761641,        0,   -7238359,          0
 26405,   244,   25000000,   17702828,        0,   -7297172,          0
 26405,   245,   25000000,   18764549,        0,   -6235451,          0
 26405,   246,   25000000,   17694761,        0,   -7305239,          0
 26405,   247,   25000000,   18161588,        0,   -6838412,          0
 26405,   248,   25000000,   17702948,        0,   -7297052,          0
 26405,   249,   25000000,   17699340,        0,   -7300660,          0
 26405,   250,   25000000,   17784415,        0,   -7215585,          0
 26405,   251,   25000000,   17739248,        0,   -7260752,          0
 26405,   252,   25000000,   17681205,        0,   -7318795,          0
 26405,   253,   25000000,   17712348,        0,   -7287652,          0
 26405,   254,   25000000,   17688937,        0,   -7311063,          0
 26405,   255,   25000000,   17754288,        0,   -7245712,          0
 26405,   256,   25000000,   17716721,        0,   -7283279,          0
 26405,   257,   25000000,   17728192,        0,   -7271808,          0
 26405,   258,   25000000,   17718018,        0,   -7281982,          0
 26405,   259,   25000000,   17748570,        0,   -7251430,          0
 26405,   260,   25000000,   17684053,        0,   -7315947,          0
 26405,   261,   25000000,   17728779,        0,   -7271221,          0
 26405,   262,   25000000,   17689021,        0,   -7310979,          0
 26405,   263,   25000000,   17697323,        0,   -7302677,          0
 26405,   264,   25000000,   17695993,        0,   -7304007,          0
 26405,   265,   25000000,   17759017,        0,   -7240983,          0
 26405,   266,   25000000,   17688067,        0,   -7311933,          0
 26405,   267,   25000000,   17685851,        0,   -7314149,          0
 26405,   268,   25000000,   18104513,        0,   -6895487,          0
 26405,   269,   25000000,   17833301,        0,   -7166699,          0
 26405,   270,   25000000,   17800120,        0,   -7199880,          0
 26405,   271,   25000000,   17711173,        0,   -7288827,          0
 26405,   272,   25000000,   17683492,        0,   -7316508,          0
 26405,   273,   25000000,   17770248,        0,   -7229752,          0
 26405,   274,   25000000,   17783000,        0,   -7217000,          0
 26405,   275,   25000000,   17810976,        0,   -7189024,          0
 26405,   276,   25000000,   17712410,        0,   -7287590,          0
 26405,   277,   25000000,   17684268,        0,   -7315732,          0
 26405,   278,   25000000,   17689827,        0,   -7310173,          0
 26405,   279,   25000000,   18491200,        0,   -6508800,          0
 26405,   280,   25000000,   17814338,        0,   -7185662,          0
 26405,   281,   25000000,   17687950,        0,   -7312050,          0
 26405,   282,   25000000,   17782853,        0,   -7217147,          0
 26405,   283,   25000000,   17697763,        0,   -7302237,          0
 26405,   284,   25000000,   17715672,        0,   -7284328,          0
 26405,   285,   25000000,   17705041,        0,   -7294959,          0
 26405,   286,   25000000,   17714956,        0,   -7285044,          0
 26405,   287,   25000000,   17695935,        0,   -7304065,          0
 26405,   288,   25000000,   17974031,        0,   -7025969,          0
 26405,   289,   25000000,   17735244,        0,   -7264756,          0
 26405,   290,   25000000,   17693307,        0,   -7306693,          0
 26405,   291,   25000000,   17684911,        0,   -7315089,          0
 26405,   292,   25000000,   17707607,        0,   -7292393,          0
 26405,   293,   25000000,   17921983,        0,   -7078017,          0
 26405,   294,   25000000,   17693233,        0,   -7306767,          0
 26405,   295,   25000000,   17705147,        0,   -7294853,          0
 26405,   296,   25000000,   17711147,        0,   -7288853,          0
 26405,   297,   25000000,   18091804,        0,   -6908196,          0
 26405,   298,   25000000,   17711329,        0,   -7288671,          0
 26405,   299,   25000000,   17695456,        0,   -7304544,          0
 26405,   300,   25000000,   17670374,        0,   -7329626,          0
 26405,   301,   25000000,   17735400,        0,   -7264600,          0
 26405,   302,   25000000,   17724140,        0,   -7275860,          0
 26405,   303,   25000000,   18037489,        0,   -6962511,          0
 26405,   304,   25000000,   17707500,        0,   -7292500,          0
 26405,   305,   25000000,   18703337,        0,   -6296663,          0
 26405,   306,   25000000,   17680468,        0,   -7319532,          0
 26405,   307,   25000000,   17705756,        0,   -7294244,          0
 26405,   308,   25000000,   17762487,        0,   -7237513,          0
 26405,   309,   25000000,   17691715,        0,   -7308285,          0
 26405,   310,   25000000,   17776448,        0,   -7223552,          0
 26405,   311,   25000000,   18628240,        0,   -6371760,          0
 26405,   312,   25000000,   17690586,        0,   -7309414,          0
 26405,   313,   25000000,   17770812,        0,   -7229188,          0
 26405,   314,   25000000,   17676569,        0,   -7323431,          0
 26405,   315,   25000000,   17707213,        0,   -7292787,          0
 26405,   316,   25000000,   18351364,        0,   -6648636,          0
 26405,   317,   25000000,   17693140,        0,   -7306860,          0
 26405,   318,   25000000,   17692332,        0,   -7307668,          0
 26405,   319,   25000000,   17676655,        0,   -7323345,          0
 26405,   320,   25000000,   17773552,        0,   -7226448,          0
 26405,   321,   25000000,   17677743,        0,   -7322257,          0
 26405,   322,   25000000,   17678256,        0,   -7321744,          0
 26405,   323,   25000000,   18008917,        0,   -6991083,          0
 26405,   324,   25000000,   17718955,        0,   -7281045,          0
 26405,   325,   25000000,   17715112,        0,   -7284888,          0
 26405,   326,   25000000,   19749131,        0,   -5250869,          0
 26405,   327,   25000000,   17813451,        0,   -7186549,          0
 26405,   328,   25000000,   17728259,        0,   -7271741,          0
 26405,   329,   25000000,   17710545,        0,   -7289455,          0
 26405,   330,   25000000,   17694771,        0,   -7305229,          0
 26405,   331,   25000000,   17803008,        0,   -7196992,          0
 26405,   332,   25000000,   18785449,        0,   -6214551,          0
 26405,   333,   25000000,   17699499,        0,   -7300501,          0
 26405,   334,   25000000,   17786080,        0,   -7213920,          0
 26405,   335,   25000000,   17680407,        0,   -7319593,          0
 26405,   336,   25000000,   18676627,        0,   -6323373,          0
 26405,   337,   25000000,   17682316,        0,   -7317684,          0
 26405,   338,   25000000,   18767943,        0,   -6232057,          0
 26405,   339,   25000000,   17866962,        0,   -7133038,          0
 26405,   340,   25000000,   17705170,        0,   -7294830,          0
 26405,   341,   25000000,   17685217,        0,   -7314783,          0
 26405,   342,   25000000,   17726378,        0,   -7273622,          0
 26405,   343,   25000000,   17711711,        0,   -7288289,          0
 26405,   344,   25000000,   17759046,        0,   -7240954,          0
 26405,   345,   25000000,   17749920,        0,   -7250080,          0
 26405,   346,   25000000,   17681444,        0,   -7318556,          0
 26405,   347,   25000000,   17889796,        0,   -7110204,          0
 26405,   348,   25000000,   17745111,        0,   -7254889,          0
 26405,   349,   25000000,   18961087,        0,   -6038913,          0
 26405,   350,   25000000,   17751263,        0,   -7248737,          0
 26405,   351,   25000000,   17705575,        0,   -7294425,          0
 26405,   352,   25000000,   17771186,        0,   -7228814,          0
 26405,   353,   25000000,   17703209,        0,   -7296791,          0
 26405,   354,   25000000,   17684384,        0,   -7315616,          0
 26405,   355,   25000000,   17773694,        0,   -7226306,          0
 26405,   356,   25000000,   17687801,        0,   -7312199,          0
 26405,   357,   25000000,   17707539,        0,   -7292461,          0
 26405,   358,   25000000,   17691355,        0,   -7308645,          0
 26405,   359,   25000000,   17926820,        0,   -7073180,          0
 26405,   360,   25000000,   17823632,        0,   -7176368,          0
 26405,   361,   25000000,   18844259,        0,   -6155741,          0
 26405,   362,   25000000,   17686416,        0,   -7313584,          0
 26405,   363,   25000000,   17791880,        0,   -7208120,          0
 26405,   364,   25000000,   17697791,        0,   -7302209,          0
 26405,   365,   25000000,   17760626,        0,   -7239374,          0
 26405,   366,   25000000,   17728378,        0,   -7271622,          0
 26405,   367,   25000000,   17711253,        0,   -7288747,          0
 26405,   368,   25000000,   17703551,        0,   -7296449,          0
 26405,   369,   25000000,   17707304,        0,   -7292696,          0
 26405,   370,   25000000,   17709010,        0,   -7290990,          0
 26405,   371,   25000000,   17859589,        0,   -7140411,          0
 26405,   372,   25000000,   17697857,        0,   -7302143,          0
 26405,   373,   25000000,   17730779,        0,   -7269221,          0
 26405,   374,   25000000,   17746681,        0,   -7253319,          0
 26405,   375,   25000000,   17704978,        0,   -7295022,          0
 26405,   376,   25000000,   17713083,        0,   -7286917,          0
 26405,   377,   25000000,   17761410,        0,   -7238590,          0
 26405,   378,   25000000,   17714631,        0,   -7285369,          0
 26405,   379,   25000000,   17691604,        0,   -7308396,          0
 26405,   380,   25000000,   17716856,        0,   -7283144,          0
 26405,   381,   25000000,   17689088,        0,   -7310912,          0
 26405,   382,   25000000,   19535697,        0,   -5464303,          0
 26405,   383,   25000000,   17690103,        0,   -7309897,          0
 26405,   384,   25000000,   17775714,        0,   -7224286,          0
 26405,   385,   25000000,   17774338,        0,   -7225662,          0
 26405,   386,   25000000,   17826851,        0,   -7173149,          0
 26405,   387,   25000000,   17716333,        0,   -7283667,          0
 26405,   388,   25000000,   17854561,        0,   -7145439,          0
 26405,   389,   25000000,   17685291,        0,   -7314709,          0
 26405,   390,   25000000,   17748138,        0,   -7251862,          0
 26405,   391,   25000000,   17738407,        0,   -7261593,          0
 26405,   392,   25000000,   17697416,        0,   -7302584,          0
 26405,   393,   25000000,   17690702,        0,   -7309298,          0
 26405,   394,   25000000,   17787560,        0,   -7212440,          0
 26405,   395,   25000000,   17778965,        0,   -7221035,          0
 26405,   396,   25000000,   17758146,        0,   -7241854,          0
 26405,   397,   25000000,   17780553,        0,   -7219447,          0
 26405,   398,   25000000,   17690698,        0,   -7309302,          0
 26405,   399,   25000000,   17745339,        0,   -7254661,          0
 26405,   400,   25000000,   17778148,        0,   -7221852,          0
 26405,   401,   25000000,   17773716,        0,   -7226284,          0
 26405,   402,   25000000,   17687610,        0,   -7312390,          0
 26405,   403,   25000000,   17756387,        0,   -7243613,          0
 26405,   404,   25000000,   17710217,        0,   -7289783,          0
# task NAME=myapp PID=26408 COST=30172000 PERIOD=52000000 CPU=0
 26408,     2,   52000000,       8793,        0,  -51991207,          0
 26408,     3,   52000000,      48123,        0,  -51951877,          0
 26408,     4,   52000000,   31637944,        0,  -20362056,          0
 26408,     5,   52000000,   29904851,        0,  -22095149,          0
 26408,     6,   52000000,   29549605,        0,  -22450395,          0
 26408,     7,   52000000,   29669615,        0,  -22330385,          0
 26408,     8,   52000000,   29614021,        0,  -22385979,          0
 26408,     9,   52000000,   29566549,        0,  -22433451,          0
 26408,    10,   52000000,   29856925,        0,  -22143075,          0
 26408,    11,   52000000,   31446857,        0,  -20553143,          0
 26408,    12,   52000000,   29828150,        0,  -22171850,          0
 26408,    13,   52000000,   29553391,        0,  -22446609,          0
 26408,    14,   52000000,   29550526,        0,  -22449474,          0
 26408,    15,   52000000,   29593902,        0,  -22406098,          0
 26408,    16,   52000000,   29552811,        0,  -22447189,          0
 26408,    17,   52000000,   30700476,        0,  -21299524,          0
 26408,    18,   52000000,   29528659,        0,  -22471341,          0
 26408,    19,   52000000,   29579037,        0,  -22420963,          0
 26408,    20,   52000000,   29762256,        0,  -22237744,          0
 26408,    21,   52000000,   29655026,        0,  -22344974,          0
 26408,    22,   52000000,   30563340,        0,  -21436660,          0
 26408,    23,   52000000,   29770165,        0,  -22229835,          0
 26408,    24,   52000000,   29855943,        0,  -22144057,          0
 26408,    25,   52000000,   29587486,        0,  -22412514,          0
 26408,    26,   52000000,   29587525,        0,  -22412475,          0
 26408,    27,   52000000,   29691538,        0,  -22308462,          0
 26408,    28,   52000000,   29634105,        0,  -22365895,          0
 26408,    29,   52000000,   29990150,        0,  -22009850,          0
 26408,    30,   52000000,   30605302,        0,  -21394698,          0
 26408,    31,   52000000,   29567046,        0,  -22432954,          0
 26408,    32,   52000000,   29710755,        0,  -22289245,          0
 26408,    33,   52000000,   29569118,        0,  -22430882,          0
 26408,    34,   52000000,   30910001,        0,  -21089999,          0
 26408,    35,   52000000,   29576304,        0,  -22423696,          0
 26408,    36,   52000000,   29562744,        0,  -22437256,          0
 26408,    37,   52000000,   29701163,        0,  -22298837,          0
 26408,    38,   52000000,   29573299,        0,  -22426701,          0
 26408,    39,   52000000,   29673992,        0,  -22326008,          0
 26408,    40,   52000000,   29672650,        0,  -22327350,          0
 26408,    41,   52000000,   29839655,        0,  -22160345,          0
 26408,    42,   52000000,   29757665,        0,  -22242335,          0
 26408,    43,   52000000,   29554568,        0,  -22445432,          0
 26408,    44,   52000000,   29593906,        0,  -22406094,          0
 26408,    45,   52000000,   30584891,        0,  -21415109,          0
 26408,    46,   52000000,   29952696,        0,  -22047304,          0
 26408,    47,   52000000,   30536722,        0,  -21463278,          0
 26408,    48,   52000000,   29670681,        0,  -22329319,          0
 26408,    49,   52000000,   29662863,        0,  -22337137,          0
 26408,    50,   52000000,   29559147,        0,  -22440853,          0
 26408,    51,   52000000,   29828920,        0,  -22171080,          0
 26408,    52,   52000000,   29566412,        0,  -22433588,          0
 26408,    53,   52000000,   29853265,        0,  -22146735,          0
 26408,    54,   52000000,   29556790,        0,  -22443210,          0
 26408,    55,   52000000,   29565876,        0,  -22434124,          0
 26408,    56,   52000000,   29668356,        0,  -22331644,          0
 26408,    57,   52000000,   29547261,        0,  -22452739,          0
 26408,    58,   52000000,   29833383,        0,  -22166617,          0
 26408,    59,   52000000,   29640834,        0,  -22359166,          0
 26408,    60,   52000000,   29624618,        0,  -22375382,          0
 26408,    61,   52000000,   29602255,        0,  -22397745,          0
 26408,    62,   52000000,   29670584,        0,  -22329416,          0
 26408,    63,   52000000,   29880992,        0,  -22119008,          0
 26408,    64,   52000000,   29578451,        0,  -22421549,          0
 26408,    65,   52000000,   29978899,        0,  -22021101,          0
 26408,    66,   52000000,   29675825,        0,  -22324175,          0
 26408,    67,   52000000,   29679338,        0,  -22320662,          0
 26408,    68,   52000000,   29574275,        0,  -22425725,          0
 26408,    69,   52000000,   29639164,        0,  -22360836,          0
 26408,    70,   52000000,   29835536,        0,  -22164464,          0
 26408,    71,   52000000,   29580205,        0,  -22419795,          0
 26408,    72,   52000000,   31936806,        0,  -20063194,          0
 26408,    73,   52000000,   29572007,        0,  -22427993,          0
 26408,    74,   52000000,   29554045,        0,  -22445955,          0
 26408,    75,   52000000,   29827047,        0,  -22172953,          0
 26408,    76,   52000000,   29557007,        0,  -22442993,          0
 26408,    77,   52000000,   29823717,        0,  -22176283,          0
 26408,    78,   52000000,   29595279,        0,  -22404721,          0
 26408,    79,   52000000,   29618850,        0,  -22381150,          0
 26408,    80,   52000000,   29547477,        0,  -22452523,          0
 26408,    81,   52000000,   29548472,        0,  -22451528,          0
 26408,    82,   52000000,   29835458,        0,  -22164542,          0
 26408,    83,   52000000,   30141795,        0,  -21858205,          0
 26408,    84,   52000000,   29591596,        0,  -22408404,          0
 26408,    85,   52000000,   29660934,        0,  -22339066,          0
 26408,    86,   52000000,   29673721,        0,  -22326279,          0
 26408,    87,   52000000,   29837434,        0,  -22162566,          0
 26408,    88,   52000000,   29546849,        0,  -22453151,          0
 26408,    89,   52000000,   29862831,        0,  -22137169,          0
 26408,    90,   52000000,   29571982,        0,  -22428018,          0
 26408,    91,   52000000,   29563165,        0,  -22436835,          0
 26408,    92,   52000000,   29625772,        0,  -22374228,          0
 26408,    93,   52000000,   29558467,        0,  -22441533,          0
 26408,    94,   52000000,   29934713,        0,  -22065287,          0
 26408,    95,   52000000,   29621911,        0,  -22378089,          0
 26408,    96,   52000000,   29666490,        0,  -22333510,          0
 26408,    97,   52000000,   29541991,        0,  -22458009,          0
 26408,    98,   52000000,   29575734,        0,  -22424266,          0
 26408,    99,   52000000,   29849653,        0,  -22150347,          0
 26408,   100,   52000000,   29577059,        0,  -22422941,          0
 26408,   101,   52000000,   29843287,        0,  -22156713,          0
 26408,   102,   52000000,   29665995,        0,  -22334005,          0
 26408,   103,   52000000,   29632177,        0,  -22367823,          0
 26408,   104,   52000000,   29564425,        0,  -22435575,          0
 26408,   105,   52000000,   29613394,        0,  -22386606,          0
 26408,   106,   52000000,   30014308,        0,  -21985692,          0
 26408,   107,   52000000,   29783312,        0,  -22216688,          0
 26408,   108,   52000000,   29676971,        0,  -22323029,          0
 26408,   109,   52000000,   29809943,        0,  -22190057,          0
 26408,   110,   52000000,   29555069,        0,  -22444931,          0
 26408,   111,   52000000,   29868026,        0,  -22131974,          0
 26408,   112,   52000000,   29591352,        0,  -22408648,          0
 26408,   113,   52000000,   29858458,        0,  -22141542,          0
 26408,   114,   52000000,   29575147,        0,  -22424853,          0
 26408,   115,   52000000,   30217558,        0,  -21782442,          0
 26408,   116,   52000000,   29600957,        0,  -22399043,          0
 26408,   117,   52000000,   29715501,        0,  -22284499,          0
 26408,   118,   52000000,   29841971,        0,  -22158029,          0
 26408,   119,   52000000,   29614520,        0,  -22385480,          0
 26408,   120,   52000000,   29739385,        0,  -22260615,          0
 26408,   121,   52000000,   31258937,        0,  -20741063,          0
 26408,   122,   52000000,   29745327,        0,  -22254673,          0
 26408,   123,   52000000,   29881055,        0,  -22118945,          0
 26408,   124,   52000000,   29544550,        0,  -22455450,          0
 26408,   125,   52000000,   29870423,        0,  -22129577,          0
 26408,   126,   52000000,   30577832,        0,  -21422168,          0
 26408,   127,   52000000,   29557526,        0,  -22442474,          0
 26408,   128,   52000000,   29557036,        0,  -22442964,          0
 26408,   129,   52000000,   29678420,        0,  -22321580,          0
 26408,   130,   52000000,   29822519,        0,  -22177481,          0
 26408,   131,   52000000,   29581211,        0,  -22418789,          0
 26408,   132,   52000000,   29577711,        0,  -22422289,          0
 26408,   133,   52000000,   29540648,        0,  -22459352,          0
 26408,   134,   52000000,   29668853,        0,  -22331147,          0
 26408,   135,   52000000,   29938888,        0,  -22061112,          0
 26408,   136,   52000000,   29663954,        0,  -22336046,          0
 26408,   137,   52000000,   29878899,        0,  -22121101,          0
 26408,   138,   52000000,   29572763,        0,  -22427237,          0
 26408,   139,   52000000,   29564195,        0,  -22435805,          0
 26408,   140,   52000000,   29552033,        0,  -22447967,          0
 26408,   141,   52000000,   30681894,        0,  -21318106,          0
 26408,   142,   52000000,   30077236,        0,  -21922764,          0
 26408,   143,   52000000,   29536137,        0,  -22463863,          0
 26408,   144,   52000000,   29549480,        0,  -22450520,          0
 26408,   145,   52000000,   29857834,        0,  -22142166,          0
 26408,   146,   52000000,   29571784,        0,  -22428216,          0
 26408,   147,   52000000,   29829630,        0,  -22170370,          0
 26408,   148,   52000000,   29605721,        0,  -22394279,          0
 26408,   149,   52000000,   29834178,        0,  -22165822,          0
 26408,   150,   52000000,   29668439,        0,  -22331561,          0
 26408,   151,   52000000,   29777040,        0,  -22222960,          0
 26408,   152,   52000000,   29552999,        0,  -22447001,          0
 26408,   153,   52000000,   29662070,        0,  -22337930,          0
 26408,   154,   52000000,   29836669,        0,  -22163331,          0
 26408,   155,   52000000,   29600674,        0,  -22399326,          0
 26408,   156,   52000000,   29613402,        0,  -22386598,          0
 26408,   157,   52000000,   29611398,        0,  -22388602,          0
 26408,   158,   52000000,   29586840,        0,  -22413160,          0
 26408,   159,   52000000,   29855909,        0,  -22144091,          0
 26408,   160,   52000000,   29568667,        0,  -22431333,          0
 26408,   161,   52000000,   29626033,        0,  -22373967,          0
 26408,   162,   52000000,   29570735,        0,  -22429265,          0
 26408,   163,   52000000,   29683918,        0,  -22316082,          0
 26408,   164,   52000000,   30301766,        0,  -21698234,          0
 26408,   165,   52000000,   29559857,        0,  -22440143,          0
 26408,   166,   52000000,   29841780,        0,  -22158220,          0
 26408,   167,   52000000,   29581295,        0,  -22418705,          0
 26408,   168,   52000000,   29660878,        0,  -22339122,          0
 26408,   169,   52000000,   29669710,        0,  -22330290,          0
 26408,   170,   52000000,   29558478,        0,  -22441522,          0
 26408,   171,   52000000,   29869317,        0,  -22130683,          0
 26408,   172,   52000000,   29646956,        0,  -22353044,          0
 26408,   173,   52000000,   29559088,        0,  -22440912,          0
 26408,   174,   52000000,   29577901,        0,  -22422099,          0
 26408,   175,   52000000,   29718197,        0,  -22281803,          0
 26408,   176,   52000000,   29899476,        0,  -22100524,          0
 26408,   177,   52000000,   29585307,        0,  -22414693,          0
 26408,   178,   52000000,   29985722,        0,  -22014278,          0
 26408,   179,   52000000,   29602323,        0,  -22397677,          0
 26408,   180,   52000000,   29686082,        0,  -22313918,          0
 26408,   181,   52000000,   29759547,        0,  -22240453,          0
 26408,   182,   52000000,   29546805,        0,  -22453195,          0
 26408,   183,   52000000,   29914001,        0,  -22085999,          0
 26408,   184,   52000000,   29722547,        0,  -22277453,          0
 26408,   185,   52000000,   29573801,        0,  -22426199,          0
 26408,   186,   52000000,   29686028,        0,  -22313972,          0
 26408,   187,   52000000,   29643413,        0,  -22356587,          0
 26408,   188,   52000000,   29863354,        0,  -22136646,          0
 26408,   189,   52000000,   29698189,        0,  -22301811,          0
 26408,   190,   52000000,   29827099,        0,  -22172901,          0
 26408,   191,   52000000,   29721076,        0,  -22278924,          0
 26408,   192,   52000000,   29680889,        0,  -22319111,          0
 26408,   193,   52000000,   29567994,        0,  -22432006,          0
 26408,   194,   52000000,   29732081,        0,  -22267919,          0
 26408,   195,   52000000,   29862086,        0,  -22137914,          0
 26408,   196,   52000000,   29703930,        0,  -22296070,          0
# task NAME=myapp PID=26412 COST=29015000 PERIOD=38000000 CPU=0
 26412,     2,   38000000,       8558,        0,  -37991442,          0
 26412,     3,   38000000,      95104,        0,  -37904896,          0
 26412,     4,   38000000,   29479074,        0,   -8520926,          0
 26412,     5,   38000000,   28484882,        0,   -9515118,          0
 26412,     6,   38000000,   28900963,        0,   -9099037,          0
 26412,     7,   38000000,   28452868,        0,   -9547132,          0
 26412,     8,   38000000,   28425967,        0,   -9574033,          0
 26412,     9,   38000000,   29400072,        0,   -8599928,          0
 26412,    10,   38000000,   28430381,        0,   -9569619,          0
 26412,    11,   38000000,   28559961,        0,   -9440039,          0
 26412,    12,   38000000,   28423539,        0,   -9576461,          0
 26412,    13,   38000000,   28591626,        0,   -9408374,          0
 26412,    14,   38000000,   28397404,        0,   -9602596,          0
 26412,    15,   38000000,   28420308,        0,   -9579692,          0
 26412,    16,   38000000,   28814538,        0,   -9185462,          0
 26412,    17,   38000000,   28428580,        0,   -9571420,          0
 26412,    18,   38000000,   28548595,        0,   -9451405,          0
 26412,    19,   38000000,   28713432,        0,   -9286568,          0
 26412,    20,   38000000,   28399504,        0,   -9600496,          0
 26412,    21,   38000000,   28449242,        0,   -9550758,          0
 26412,    22,   38000000,   28743775,        0,   -9256225,          0
 26412,    23,   38000000,   28414437,        0,   -9585563,          0
 26412,    24,   38000000,   28434730,        0,   -9565270,          0
 26412,    25,   38000000,   28553979,        0,   -9446021,          0
 26412,    26,   38000000,   28433469,        0,   -9566531,          0
 26412,    27,   38000000,   28546453,        0,   -9453547,          0
 26412,    28,   38000000,   28484063,        0,   -9515937,          0
 26412,    29,   38000000,   28716889,        0,   -9283111,          0
 26412,    30,   38000000,   28524038,        0,   -9475962,          0
 26412,    31,   38000000,   28511496,        0,   -9488504,          0
 26412,    32,   38000000,   28730027,        0,   -9269973,          0
 26412,    33,   38000000,   28428666,        0,   -9571334,          0
 26412,    34,   38000000,   28420852,        0,   -9579148,          0
 26412,    35,   38000000,   28446813,        0,   -9553187,          0
 26412,    36,   38000000,   28415704,        0,   -9584296,          0
 26412,    37,   38000000,   28453548,        0,   -9546452,          0
 26412,    38,   38000000,   28423210,        0,   -9576790,          0
 26412,    39,   38000000,   28760584,        0,   -9239416,          0
 26412,    40,   38000000,   29218627,        0,   -8781373,          0
 26412,    41,   38000000,   28426630,        0,   -9573370,          0
 26412,    42,   38000000,   28712807,        0,   -9287193,          0
 26412,    43,   38000000,   29486653,        0,   -8513347,          0
 26412,    44,   38000000,   28424887,        0,   -9575113,          0
 26412,    45,   38000000,   28707078,        0,   -9292922,          0
 26412,    46,   38000000,   28448210,        0,   -9551790,          0
 26412,    47,   38000000,   28413705,        0,   -9586295,          0
 26412,    48,   38000000,   28423813,        0,   -9576187,          0
 26412,    49,   38000000,   28458102,        0,   -9541898,          0
 26412,    50,   38000000,   28441138,        0,   -9558862,          0
 26412,    51,   38000000,   29391090,        0,   -8608910,          0
 26412,    52,   38000000,   28699682,        0,   -9300318,          0
 26412,    53,   38000000,   28542938,        0,   -9457062,          0
 26412,    54,   38000000,   28613151,        0,   -9386849,          0
 26412,    55,   38000000,   30913749,        0,   -7086251,          0
 26412,    56,   38000000,   28435127,        0,   -9564873,          0
 26412,    57,   38000000,   28630769,        0,   -9369231,          0
 26412,    58,   38000000,   28551658,        0,   -9448342,          0
 26412,    59,   38000000,   28442698,        0,   -9557302,          0
 26412,    60,   38000000,   28580298,        0,   -9419702,          0
 26412,    61,   38000000,   28569791,        0,   -9430209,          0
 26412,    62,   38000000,   28725194,        0,   -9274806,          0
 26412,    63,   38000000,   28586148,        0,   -9413852,          0
 26412,    64,   38000000,   28455362,        0,   -9544638,          0
 26412,    65,   38000000,   28702729,        0,   -9297271,          0
 26412,    66,   38000000,   28447478,        0,   -9552522,          0
 26412,    67,   38000000,   28426432,        0,   -9573568,          0
 26412,    68,   38000000,   28687317,        0,   -9312683,          0
 26412,    69,   38000000,   28415073,        0,   -9584927,          0
 26412,    70,   38000000,   28419805,        0,   -9580195,          0
 26412,    71,   38000000,   28448074,        0,   -9551926,          0
 26412,    72,   38000000,   28421656,        0,   -9578344,          0
 26412,    73,   38000000,   28506599,        0,   -9493401,          0
 26412,    74,   38000000,   28435232,        0,   -9564768,          0
 26412,    75,   38000000,   28691733,        0,   -9308267,          0
 26412,    76,   38000000,   28425640,        0,   -9574360,          0
 26412,    77,   38000000,   28439366,        0,   -9560634,          0
 26412,    78,   38000000,   29061376,        0,   -8938624,          0
 26412,    79,   38000000,   28437821,        0,   -9562179,          0
 26412,    80,   38000000,   28540869,        0,   -9459131,          0
 26412,    81,   38000000,   28440070,        0,   -9559930,          0
 26412,    82,   38000000,   28420223,        0,   -9579777,          0
 26412,    83,   38000000,   28464089,        0,   -9535911,          0
 26412,    84,   38000000,   28466557,        0,   -9533443,          0
 26412,    85,   38000000,   28685939,        0,   -9314061,          0
 26412,    86,   38000000,   28543820,        0,   -9456180,          0
 26412,    87,   38000000,   28543081,        0,   -9456919,          0
 26412,    88,   38000000,   28704398,        0,   -9295602,          0
 26412,    89,   38000000,   28428559,        0,   -9571441,          0
 26412,    90,   38000000,   28428345,        0,   -9571655,          0
 26412,    91,   38000000,   28674126,        0,   -9325874,          0
 26412,    92,   38000000,   28549383,        0,   -9450617,          0
 26412,    93,   38000000,   28422754,        0,   -9577246,          0
 26412,    94,   38000000,   28539159,        0,   -9460841,          0
 26412,    95,   38000000,   28852853,        0,   -9147147,          0
 26412,    96,   38000000,   28447297,        0,   -9552703,          0
 26412,    97,   38000000,   28468343,        0,   -9531657,          0
 26412,    98,   38000000,   28701057,        0,   -9298943,          0
 26412,    99,   38000000,   28510034,        0,   -9489966,          0
 26412,   100,   38000000,   28429289,        0,   -9570711,          0
 26412,   101,   38000000,   28685779,        0,   -9314221,          0
 26412,   102,   38000000,   28550831,        0,   -9449169,          0
 26412,   103,   38000000,   28611115,        0,   -9388885,          0
 26412,   104,   38000000,   28427986,        0,   -9572014,          0
 26412,   105,   38000000,   28435580,        0,   -9564420,          0
 26412,   106,   38000000,   28572488,        0,   -9427512,          0
 26412,   107,   38000000,   28475556,        0,   -9524444,          0
 26412,   108,   38000000,   28721973,        0,   -9278027,          0
 26412,   109,   38000000,   28653191,        0,   -9346809,          0
 26412,   110,   38000000,   28464047,        0,   -9535953,          0
 26412,   111,   38000000,   28712011,        0,   -9287989,          0
 26412,   112,   38000000,   28428539,        0,   -9571461,          0
 26412,   113,   38000000,   28562256,        0,   -9437744,          0
 26412,   114,   38000000,   28713038,        0,   -9286962,          0
 26412,   115,   38000000,   29486174,        0,   -8513826,          0
 26412,   116,   38000000,   28429496,        0,   -9570504,          0
 26412,   117,   38000000,   28446597,        0,   -9553403,          0
 26412,   118,   38000000,   28869847,        0,   -9130153,          0
 26412,   119,   38000000,   28427927,        0,   -9572073,          0
 26412,   120,   38000000,   28478589,        0,   -9521411,          0
 26412,   121,   38000000,   28759870,        0,   -9240130,          0
 26412,   122,   38000000,   28457146,        0,   -9542854,          0
 26412,   123,   38000000,   28436652,        0,   -9563348,          0
 26412,   124,   38000000,   28690671,        0,   -9309329,          0
 26412,   125,   38000000,   28548203,        0,   -9451797,          0
 26412,   126,   38000000,   28425019,        0,   -9574981,          0
 26412,   127,   38000000,   28434471,        0,   -9565529,          0
 26412,   128,   38000000,   28469839,        0,   -9530161,          0
 26412,   129,   38000000,   28417896,        0,   -9582104,          0
 26412,   130,   38000000,   28399679,        0,   -9600321,          0
 26412,   131,   38000000,   28690407,        0,   -9309593,          0
 26412,   132,   38000000,   28501381,        0,   -9498619,          0
 26412,   133,   38000000,   28438094,        0,   -9561906,          0
 26412,   134,   38000000,   28699686,        0,   -9300314,          0
 26412,   135,   38000000,   28521225,        0,   -9478775,          0
 26412,   136,   38000000,   28478057,        0,   -9521943,          0
 26412,   137,   38000000,   28415438,        0,   -9584562,          0
 26412,   138,   38000000,   28419254,        0,   -9580746,          0
 26412,   139,   38000000,   28422556,        0,   -9577444,          0
 26412,   140,   38000000,   28451031,        0,   -9548969,          0
 26412,   141,   38000000,   28719442,        0,   -9280558,          0
 26412,   142,   38000000,   28440134,        0,   -9559866,          0
 26412,   143,   38000000,   28444580,        0,   -9555420,          0
 26412,   144,   38000000,   28822708,        0,   -9177292,          0
 26412,   145,   38000000,   28418164,        0,   -9581836,          0
 26412,   146,   38000000,   29316900,        0,   -8683100,          0
 26412,   147,   38000000,   28713639,        0,   -9286361,          0
 26412,   148,   38000000,   28435662,        0,   -9564338,          0
 26412,   149,   38000000,   28416130,        0,   -9583870,          0
 26412,   150,   38000000,   28417337,        0,   -9582663,          0
 26412,   151,   38000000,   28594227,        0,   -9405773,          0
 26412,   152,   38000000,   28478755,        0,   -9521245,          0
 26412,   153,   38000000,   28449832,        0,   -9550168,          0
 26412,   154,   38000000,   28745710,        0,   -9254290,          0
 26412,   155,   38000000,   28445649,        0,   -9554351,          0
 26412,   156,   38000000,   28484740,        0,   -9515260,          0
 26412,   157,   38000000,   28854493,        0,   -9145507,          0
 26412,   158,   38000000,   28772308,        0,   -9227692,          0
 26412,   159,   38000000,   28575988,        0,   -9424012,          0
 26412,   160,   38000000,   28555722,        0,   -9444278,          0
 26412,   161,   38000000,   28596553,        0,   -9403447,          0
 26412,   162,   38000000,   28444656,        0,   -9555344,          0
 26412,   163,   38000000,   28422203,        0,   -9577797,          0
 26412,   164,   38000000,   28819151,        0,   -9180849,          0
 26412,   165,   38000000,   28526164,        0,   -9473836,          0
 26412,   166,   38000000,   28495850,        0,   -9504150,          0
 26412,   167,   38000000,   28706542,        0,   -9293458,          0
 26412,   168,   38000000,   28552381,        0,   -9447619,          0
 26412,   169,   38000000,   28591909,        0,   -9408091,          0
 26412,   170,   38000000,   28771978,        0,   -9228022,          0
 26412,   171,   38000000,   28419662,        0,   -9580338,          0
 26412,   172,   38000000,   28899539,        0,   -9100461,          0
 26412,   173,   38000000,   28545848,        0,   -9454152,          0
 26412,   174,   38000000,   28441154,        0,   -9558846,          0
 26412,   175,   38000000,   28444173,        0,   -9555827,          0
 26412,   176,   38000000,   28422492,        0,   -9577508,          0
 26412,   177,   38000000,   28740777,        0,   -9259223,          0
 26412,   178,   38000000,   29247491,        0,   -8752509,          0
 26412,   179,   38000000,   28573899,        0,   -9426101,          0
 26412,   180,   38000000,   29484235,        0,   -8515765,          0
 26412,   181,   38000000,   29157552,        0,   -8842448,          0
 26412,   182,   38000000,   28418307,        0,   -9581693,          0
 26412,   183,   38000000,   29033955,        0,   -8966045,          0
 26412,   184,   38000000,   28507374,        0,   -9492626,          0
 26412,   185,   38000000,   28626072,        0,   -9373928,          0
 26412,   186,   38000000,   28437310,        0,   -9562690,          0
 26412,   187,   38000000,   28704657,        0,   -9295343,          0
 26412,   188,   38000000,   28448218,        0,   -9551782,          0
 26412,   189,   38000000,   28434805,        0,   -9565195,          0
 26412,   190,   38000000,   29753830,        0,   -8246170,          0
 26412,   191,   38000000,   28528349,        0,   -9471651,          0
 26412,   192,   38000000,   28448630,        0,   -9551370,          0
 26412,   193,   38000000,   28713220,        0,   -9286780,          0
 26412,   194,   38000000,   28427769,        0,   -9572231,          0
 26412,   195,   38000000,   28432244,        0,   -9567756,          0
 26412,   196,   38000000,   28425885,        0,   -9574115,          0
 26412,   197,   38000000,   28418385,        0,   -9581615,          0
 26412,   198,   38000000,   28800560,        0,   -9199440,          0
 26412,   199,   38000000,   28451007,        0,   -9548993,          0
 26412,   200,   38000000,   28713820,        0,   -9286180,          0
 26412,   201,   38000000,   28419246,        0,   -9580754,          0
 26412,   202,   38000000,   28531789,        0,   -9468211,          0
 26412,   203,   38000000,   28741154,        0,   -9258846,          0
 26412,   204,   38000000,   28436511,        0,   -9563489,          0
 26412,   205,   38000000,   28467751,        0,   -9532249,          0
 26412,   206,   38000000,   28425964,        0,   -9574036,          0
 26412,   207,   38000000,   28442149,        0,   -9557851,          0
 26412,   208,   38000000,   28448901,        0,   -9551099,          0
 26412,   209,   38000000,   28439663,        0,   -9560337,          0
 26412,   210,   38000000,   28751629,        0,   -9248371,          0
 26412,   211,   38000000,   28562615,        0,   -9437385,          0
 26412,   212,   38000000,   28620925,        0,   -9379075,          0
 26412,   213,   38000000,   28883085,        0,   -9116915,          0
 26412,   214,   38000000,   28452516,        0,   -9547484,          0
 26412,   215,   38000000,   28424393,        0,   -9575607,          0
 26412,   216,   38000000,   28767756,        0,   -9232244,          0
 26412,   217,   38000000,   28434031,        0,   -9565969,          0
 26412,   218,   38000000,   28558642,        0,   -9441358,          0
 26412,   219,   38000000,   28432297,        0,   -9567703,          0
 26412,   220,   38000000,   28805542,        0,   -9194458,          0
 26412,   221,   38000000,   28577880,        0,   -9422120,          0
 26412,   222,   38000000,   28422029,        0,   -9577971,          0
 26412,   223,   38000000,   28745957,        0,   -9254043,          0
 26412,   224,   38000000,   28481574,        0,   -9518426,          0
 26412,   225,   38000000,   28479255,        0,   -9520745,          0
 26412,   226,   38000000,   28707495,        0,   -9292505,          0
 26412,   227,   38000000,   28451173,        0,   -9548827,          0
 26412,   228,   38000000,   29052291,        0,   -8947709,          0
 26412,   229,   38000000,   28472181,        0,   -9527819,          0
 26412,   230,   38000000,   28430203,        0,   -9569797,          0
 26412,   231,   38000000,   28522101,        0,   -9477899,          0
 26412,   232,   38000000,   30505653,        0,   -7494347,          0
 26412,   233,   38000000,   28788959,        0,   -9211041,          0
 26412,   234,   38000000,   28443481,        0,   -9556519,          0
 26412,   235,   38000000,   28520200,        0,   -9479800,          0
 26412,   236,   38000000,   29859814,        0,   -8140186,          0
 26412,   237,   38000000,   28546568,        0,   -9453432,          0
 26412,   238,   38000000,   28591510,        0,   -9408490,          0
 26412,   239,   38000000,   28704428,        0,   -9295572,          0
 26412,   240,   38000000,   28485920,        0,   -9514080,          0
 26412,   241,   38000000,   28411534,        0,   -9588466,          0
 26412,   242,   38000000,   28406442,        0,   -9593558,          0
 26412,   243,   38000000,   28686502,        0,   -9313498,          0
 26412,   244,   38000000,   28523147,        0,   -9476853,          0
 26412,   245,   38000000,   28411037,        0,   -9588963,          0
 26412,   246,   38000000,   28679309,        0,   -9320691,          0
 26412,   247,   38000000,   28895067,        0,   -9104933,          0
 26412,   248,   38000000,   28541735,        0,   -9458265,          0
 26412,   249,   38000000,   28794654,        0,   -9205346,          0
 26412,   250,   38000000,   30474106,        0,   -7525894,          0
 26412,   251,   38000000,   28647060,        0,   -9352940,          0
 26412,   252,   38000000,   28548027,        0,   -9451973,          0
 26412,   253,   38000000,   28444213,        0,   -9555787,          0
 26412,   254,   38000000,   28427543,        0,   -9572457,          0
 26412,   255,   38000000,   28426373,        0,   -9573627,          0
 26412,   256,   38000000,   28705567,        0,   -9294433,          0
 26412,   257,   38000000,   28431954,        0,   -9568046,          0
 26412,   258,   38000000,   28480516,        0,   -9519484,          0
 26412,   259,   38000000,   28839393,        0,   -9160607,          0
 26412,   260,   38000000,   28419601,        0,   -9580399,          0
 26412,   261,   38000000,   28467826,        0,   -9532174,          0
 26412,   262,   38000000,   28413094,        0,   -9586906,          0
 26412,   263,   38000000,   28434658,        0,   -9565342,          0
 26412,   264,   38000000,   28625333,        0,   -9374667,          0
 26412,   265,   38000000,   28520256,        0,   -9479744,          0
 26412,   266,   38000000,   28740072,        0,   -9259928,          0
 26412,   267,   38000000,   28450142,        0,   -9549858,          0
# task NAME=myapp PID=26415 COST=7684000 PERIOD=23000000 CPU=0
 26415,     2,   23000000,      15663,        0,  -22984337,          0
 26415,     3,   23000000,      42297,        0,  -22957703,          0
 26415,     4,   23000000,    8568377,        0,  -14431623,          0
 26415,     5,   23000000,    7540473,        0,  -15459527,          0
 26415,     6,   23000000,    7546760,        0,  -15453240,          0
 26415,     7,   23000000,    7565227,        0,  -15434773,          0
 26415,     8,   23000000,    8611238,        0,  -14388762,          0
 26415,     9,   23000000,    7571468,        0,  -15428532,          0
 26415,    10,   23000000,    7674606,        0,  -15325394,          0
 26415,    11,   23000000,    7547113,        0,  -15452887,          0
 26415,    12,   23000000,    7814202,        0,  -15185798,          0
 26415,    13,   23000000,    7546078,        0,  -15453922,          0
 26415,    14,   23000000,    7541294,        0,  -15458706,          0
 26415,    15,   23000000,    8013585,        0,  -14986415,          0
 26415,    16,   23000000,    7547832,        0,  -15452168,          0
 26415,    17,   23000000,    7560349,        0,  -15439651,          0
 26415,    18,   23000000,    7603777,        0,  -15396223,          0
 26415,    19,   23000000,    7851236,        0,  -15148764,          0
 26415,    20,   23000000,    8573150,        0,  -14426850,          0
 26415,    21,   23000000,    7567670,        0,  -15432330,          0
 26415,    22,   23000000,    7563475,        0,  -15436525,          0
 26415,    23,   23000000,    7582908,        0,  -15417092,          0
 26415,    24,   23000000,    7734349,        0,  -15265651,          0
 26415,    25,   23000000,    7561532,        0,  -15438468,          0
 26415,    26,   23000000,    7549227,        0,  -15450773,          0
 26415,    27,   23000000,    7544459,        0,  -15455541,          0
 26415,    28,   23000000,    8880349,        0,  -14119651,          0
 26415,    29,   23000000,    7540578,        0,  -15459422,          0
 26415,    30,   23000000,    7831454,        0,  -15168546,          0
 26415,    31,   23000000,    7543345,        0,  -15456655,          0
 26415,    32,   23000000,    7558685,        0,  -15441315,          0
 26415,    33,   23000000,    7613434,        0,  -15386566,          0
 26415,    34,   23000000,    7553560,        0,  -15446440,          0
 26415,    35,   23000000,    7654146,        0,  -15345854,          0
 26415,    36,   23000000,    7559599,        0,  -15440401,          0
 26415,    37,   23000000,    7777084,        0,  -15222916,          0
 26415,    38,   23000000,    7989744,        0,  -15010256,          0
 26415,    39,   23000000,    7628458,        0,  -15371542,          0
 26415,    40,   23000000,    8621102,        0,  -14378898,          0
 26415,    41,   23000000,    7574336,        0,  -15425664,          0
 26415,    42,   23000000,    7591553,        0,  -15408447,          0
 26415,    43,   23000000,    7542405,        0,  -15457595,          0
 26415,    44,   23000000,    7594381,        0,  -15405619,          0
 26415,    45,   23000000,    7563125,        0,  -15436875,          0
 26415,    46,   23000000,    7879922,        0,  -15120078,          0
 26415,    47,   23000000,    7624477,        0,  -15375523,          0
 26415,    48,   23000000,    7787407,        0,  -15212593,          0
 26415,    49,   23000000,    7591409,        0,  -15408591,          0
 26415,    50,   23000000,    7589446,        0,  -15410554,          0
 26415,    51,   23000000,    7799453,        0,  -15200547,          0
 26415,    52,   23000000,    7692617,        0,  -15307383,          0
 26415,    53,   23000000,    7553779,        0,  -15446221,          0
 26415,    54,   23000000,    7576342,        0,  -15423658,          0
 26415,    55,   23000000,    7555235,        0,  -15444765,          0
 26415,    56,   23000000,    7542699,        0,  -15457301,          0
 26415,    57,   23000000,    7821975,        0,  -15178025,          0
 26415,    58,   23000000,    7587235,        0,  -15412765,          0
 26415,    59,   23000000,    7577251,        0,  -15422749,          0
 26415,    60,   23000000,    8572038,        0,  -14427962,          0
 26415,    61,   23000000,    7590676,        0,  -15409324,          0
 26415,    62,   23000000,    7685255,        0,  -15314745,          0
 26415,    63,   23000000,    7675463,        0,  -15324537,          0
 26415,    64,   23000000,    8642794,        0,  -14357206,          0
 26415,    65,   23000000,    7671366,        0,  -15328634,          0
 26415,    66,   23000000,    7576078,        0,  -15423922,          0
 26415,    67,   23000000,    7579726,        0,  -15420274,          0
 26415,    68,   23000000,    7867139,        0,  -15132861,          0
 26415,    69,   23000000,    7548156,        0,  -15451844,          0
 26415,    70,   23000000,    7576897,        0,  -15423103,          0
 26415,    71,   23000000,    7577773,        0,  -15422227,          0
 26415,    72,   23000000,    7565888,        0,  -15434112,          0
 26415,    73,   23000000,    7705512,        0,  -15294488,          0
 26415,    74,   23000000,    7542599,        0,  -15457401,          0
 26415,    75,   23000000,    7618567,        0,  -15381433,          0
 26415,    76,   23000000,    7905294,        0,  -15094706,          0
 26415,    77,   23000000,    8090447,        0,  -14909553,          0
 26415,    78,   23000000,    7550409,        0,  -15449591,          0
 26415,    79,   23000000,    7538135,        0,  -15461865,          0
 26415,    80,   23000000,    7635143,        0,  -15364857,          0
 26415,    81,   23000000,    7541295,        0,  -15458705,          0
 26415,    82,   23000000,    7575590,        0,  -15424410,          0
 26415,    83,   23000000,    7605747,        0,  -15394253,          0
 26415,    84,   23000000,    7537464,        0,  -15462536,          0
 26415,    85,   23000000,    7735199,        0,  -15264801,          0
 26415,    86,   23000000,    7616489,        0,  -15383511,          0
 26415,    87,   23000000,    7631965,        0,  -15368035,          0
 26415,    88,   23000000,    7546732,        0,  -15453268,          0
 26415,    89,   23000000,    7705522,        0,  -15294478,          0
 26415,    90,   23000000,    7603550,        0,  -15396450,          0
 26415,    91,   23000000,    7560762,        0,  -15439238,          0
 26415,    92,   23000000,    7548137,        0,  -15451863,          0
 26415,    93,   23000000,    7547000,        0,  -15453000,          0
 26415,    94,   23000000,    7582257,        0,  -15417743,          0
 26415,    95,   23000000,    7849725,        0,  -15150275,          0
 26415,    96,   23000000,    7549422,        0,  -15450578,          0
 26415,    97,   23000000,    7543106,        0,  -15456894,          0
 26415,    98,   23000000,    7609938,        0,  -15390062,          0
 26415,    99,   23000000,    7700640,        0,  -15299360,          0
 26415,   100,   23000000,    7559557,        0,  -15440443,          0
 26415,   101,   23000000,    7546369,        0,  -15453631,          0
 26415,   102,   23000000,    7547756,        0,  -15452244,          0
 26415,   103,   23000000,    7571852,        0,  -15428148,          0
 26415,   104,   23000000,    7545032,        0,  -15454968,          0
 26415,   105,   23000000,    7591247,        0,  -15408753,          0
 26415,   106,   23000000,    7908529,        0,  -15091471,          0
 26415,   107,   23000000,    7611532,        0,  -15388468,          0
 26415,   108,   23000000,    7663126,        0,  -15336874,          0
 26415,   109,   23000000,    7598309,        0,  -15401691,          0
 26415,   110,   23000000,    7572393,        0,  -15427607,          0
 26415,   111,   23000000,    7644848,        0,  -15355152,          0
 26415,   112,   23000000,    8769285,        0,  -14230715,          0
 26415,   113,   23000000,    7560984,        0,  -15439016,          0
 26415,   114,   23000000,    7759546,        0,  -15240454,          0
 26415,   115,   23000000,    7582017,        0,  -15417983,          0
 26415,   116,   23000000,    7557758,        0,  -15442242,          0
 26415,   117,   23000000,    7549350,        0,  -15450650,          0
 26415,   118,   23000000,    7548046,        0,  -15451954,          0
 26415,   119,   23000000,    7544936,        0,  -15455064,          0
 26415,   120,   23000000,    7610914,        0,  -15389086,          0
 26415,   121,   23000000,    8596387,        0,  -14403613,          0
 26415,   122,   23000000,    7580536,        0,  -15419464,          0
 26415,   123,   23000000,    8651009,        0,  -14348991,          0
 26415,   124,   23000000,    7562236,        0,  -15437764,          0
 26415,   125,   23000000,    7555870,        0,  -15444130,          0
 26415,   126,   23000000,    7543707,        0,  -15456293,          0
 26415,   127,   23000000,    7582568,        0,  -15417432,          0
 26415,   128,   23000000,    7639889,        0,  -15360111,          0
 26415,   129,   23000000,    7555603,        0,  -15444397,          0
 26415,   130,   23000000,    7562737,        0,  -15437263,          0
 26415,   131,   23000000,    7562202,        0,  -15437798,          0
 26415,   132,   23000000,    7617196,        0,  -15382804,          0
 26415,   133,   23000000,    7833035,        0,  -15166965,          0
 26415,   134,   23000000,    7645598,        0,  -15354402,          0
 26415,   135,   23000000,    7539873,        0,  -15460127,          0
 26415,   136,   23000000,    7576038,        0,  -15423962,          0
 26415,   137,   23000000,    8191842,        0,  -14808158,          0
 26415,   138,   23000000,    7547282,        0,  -15452718,          0
 26415,   139,   23000000,    7860944,        0,  -15139056,          0
 26415,   140,   23000000,    7553099,        0,  -15446901,          0
 26415,   141,   23000000,    7638850,        0,  -15361150,          0
 26415,   142,   23000000,    7640848,        0,  -15359152,          0
 26415,   143,   23000000,    7603378,        0,  -15396622,          0
 26415,   144,   23000000,    7818452,        0,  -15181548,          0
 26415,   145,   23000000,    7604020,        0,  -15395980,          0
 26415,   146,   23000000,    7592065,        0,  -15407935,          0
 26415,   147,   23000000,    7674274,        0,  -15325726,          0
 26415,   148,   23000000,    7555146,        0,  -15444854,          0
 26415,   149,   23000000,    7554693,        0,  -15445307,          0
 26415,   150,   23000000,    7678927,        0,  -15321073,          0
 26415,   151,   23000000,    7637652,        0,  -15362348,          0
 26415,   152,   23000000,    7590149,        0,  -15409851,          0
 26415,   153,   23000000,    7602251,        0,  -15397749,          0
 26415,   154,   23000000,    7555345,        0,  -15444655,          0
 26415,   155,   23000000,    7863886,        0,  -15136114,          0
 26415,   156,   23000000,    7530066,        0,  -15469934,          0
 26415,   157,   23000000,    7622516,        0,  -15377484,          0
 26415,   158,   23000000,    7575474,        0,  -15424526,          0
 26415,   159,   23000000,    7569507,        0,  -15430493,          0
 26415,   160,   23000000,    8223721,        0,  -14776279,          0
 26415,   161,   23000000,    7592561,        0,  -15407439,          0
 26415,   162,   23000000,    7577915,        0,  -15422085,          0
 26415,   163,   23000000,    7561293,        0,  -15438707,          0
 26415,   164,   23000000,    8633669,        0,  -14366331,          0
 26415,   165,   23000000,    7618021,        0,  -15381979,          0
 26415,   166,   23000000,    7721341,        0,  -15278659,          0
 26415,   167,   23000000,    7576461,        0,  -15423539,          0
 26415,   168,   23000000,    7575205,        0,  -15424795,          0
 26415,   169,   23000000,    7554227,        0,  -15445773,          0
 26415,   170,   23000000,    7585773,        0,  -15414227,          0
 26415,   171,   23000000,    7992980,        0,  -15007020,          0
 26415,   172,   23000000,    7545171,        0,  -15454829,          0
 26415,   173,   23000000,    7559936,        0,  -15440064,          0
 26415,   174,   23000000,    7685353,        0,  -15314647,          0
 26415,   175,   23000000,    7567956,        0,  -15432044,          0
 26415,   176,   23000000,    7601713,        0,  -15398287,          0
 26415,   177,   23000000,    7563247,        0,  -15436753,          0
 26415,   178,   23000000,    7582181,        0,  -15417819,          0
 26415,   179,   23000000,    7557326,        0,  -15442674,          0
 26415,   180,   23000000,    7576741,        0,  -15423259,          0
 26415,   181,   23000000,    7552639,        0,  -15447361,          0
 26415,   182,   23000000,    7874937,        0,  -15125063,          0
 26415,   183,   23000000,    7552915,        0,  -15447085,          0
 26415,   184,   23000000,    7535605,        0,  -15464395,          0
 26415,   185,   23000000,    7559722,        0,  -15440278,          0
 26415,   186,   23000000,    7552379,        0,  -15447621,          0
 26415,   187,   23000000,    8631944,        0,  -14368056,          0
 26415,   188,   23000000,    7575589,        0,  -15424411,          0
 26415,   189,   23000000,    7555709,        0,  -15444291,          0
 26415,   190,   23000000,    7569586,        0,  -15430414,          0
 26415,   191,   23000000,    7545213,        0,  -15454787,          0
 26415,   192,   23000000,    7543061,        0,  -15456939,          0
 26415,   193,   23000000,    7841116,        0,  -15158884,          0
 26415,   194,   23000000,    7613984,        0,  -15386016,          0
 26415,   195,   23000000,    7603413,        0,  -15396587,          0
 26415,   196,   23000000,    7589728,        0,  -15410272,          0
 26415,   197,   23000000,    7583568,        0,  -15416432,          0
 26415,   198,   23000000,    7585177,        0,  -15414823,          0
 26415,   199,   23000000,    7538899,        0,  -15461101,          0
 26415,   200,   23000000,    7546019,        0,  -15453981,          0
 26415,   201,   23000000,    7561062,        0,  -15438938,          0
 26415,   202,   23000000,    8875223,        0,  -14124777,          0
 26415,   203,   23000000,    8249432,        0,  -14750568,          0
 26415,   204,   23000000,    7543182,        0,  -15456818,          0
 26415,   205,   23000000,    7565665,        0,  -15434335,          0
 26415,   206,   23000000,    7582919,        0,  -15417081,          0
 26415,   207,   23000000,    8273970,        0,  -14726030,          0
 26415,   208,   23000000,    7568616,        0,  -15431384,          0
 26415,   209,   23000000,    7580046,        0,  -15419954,          0
 26415,   210,   23000000,    7541971,        0,  -15458029,          0
 26415,   211,   23000000,    7740556,        0,  -15259444,          0
 26415,   212,   23000000,    9813896,        0,  -13186104,          0
 26415,   213,   23000000,    7615395,        0,  -15384605,          0
 26415,   214,   23000000,    7631393,        0,  -15368607,          0
 26415,   215,   23000000,    7552098,        0,  -15447902,          0
 26415,   216,   23000000,    7553384,        0,  -15446616,          0
 26415,   217,   23000000,    7541658,        0,  -15458342,          0
 26415,   218,   23000000,    7557199,        0,  -15442801,          0
 26415,   219,   23000000,    7560141,        0,  -15439859,          0
 26415,   220,   23000000,    7898638,        0,  -15101362,          0
 26415,   221,   23000000,    7602027,        0,  -15397973,          0
 26415,   222,   23000000,    7545765,        0,  -15454235,          0
 26415,   223,   23000000,    7573220,        0,  -15426780,          0
 26415,   224,   23000000,    7553827,        0,  -15446173,          0
 26415,   225,   23000000,    8659375,        0,  -14340625,          0
 26415,   226,   23000000,    7671329,        0,  -15328671,          0
 26415,   227,   23000000,    7559118,        0,  -15440882,          0
 26415,   228,   23000000,    7607085,        0,  -15392915,          0
 26415,   229,   23000000,    7548012,        0,  -15451988,          0
 26415,   230,   23000000,    7584448,        0,  -15415552,          0
 26415,   231,   23000000,    7853780,        0,  -15146220,          0
 26415,   232,   23000000,    7588075,        0,  -15411925,          0
 26415,   233,   23000000,    7542627,        0,  -15457373,          0
 26415,   234,   23000000,    7535746,        0,  -15464254,          0
 26415,   235,   23000000,    7613099,        0,  -15386901,          0
 26415,   236,   23000000,    8108202,        0,  -14891798,          0
 26415,   237,   23000000,    7598902,        0,  -15401098,          0
 26415,   238,   23000000,    7541290,        0,  -15458710,          0
 26415,   239,   23000000,    7637047,        0,  -15362953,          0
 26415,   240,   23000000,    7540054,        0,  -15459946,          0
 26415,   241,   23000000,    8552048,        0,  -14447952,          0
 26415,   242,   23000000,    7538104,        0,  -15461896,          0
 26415,   243,   23000000,    7545860,        0,  -15454140,          0
 26415,   244,   23000000,    7543566,        0,  -15456434,          0
 26415,   245,   23000000,    8999465,        0,  -14000535,          0
 26415,   246,   23000000,    7735141,        0,  -15264859,          0
 26415,   247,   23000000,    7579254,        0,  -15420746,          0
 26415,   248,   23000000,    8941760,        0,  -14058240,          0
 26415,   249,   23000000,    7542127,        0,  -15457873,          0
 26415,   250,   23000000,    7631525,        0,  -15368475,          0
 26415,   251,   23000000,    8476416,        0,  -14523584,          0
 26415,   252,   23000000,    7630038,        0,  -15369962,          0
 26415,   253,   23000000,    7555023,        0,  -15444977,          0
 26415,   254,   23000000,    7560678,        0,  -15439322,          0
 26415,   255,   23000000,    7548288,        0,  -15451712,          0
 26415,   256,   23000000,    7581837,        0,  -15418163,          0
 26415,   257,   23000000,    7547539,        0,  -15452461,          0
 26415,   258,   23000000,    7863552,        0,  -15136448,          0
 26415,   259,   23000000,    7659876,        0,  -15340124,          0
 26415,   260,   23000000,    7673774,        0,  -15326226,          0
 26415,   261,   23000000,    7683614,        0,  -15316386,          0
 26415,   262,   23000000,    7601599,        0,  -15398401,          0
 26415,   263,   23000000,    7561281,        0,  -15438719,          0
 26415,   264,   23000000,    7553163,        0,  -15446837,          0
 26415,   265,   23000000,    7593532,        0,  -15406468,          0
 26415,   266,   23000000,    8577231,        0,  -14422769,          0
 26415,   267,   23000000,    7532955,        0,  -15467045,          0
 26415,   268,   23000000,    7634162,        0,  -15365838,          0
 26415,   269,   23000000,    7889888,        0,  -15110112,          0
 26415,   270,   23000000,    7543482,        0,  -15456518,          0
 26415,   271,   23000000,    7542166,        0,  -15457834,          0
 26415,   272,   23000000,    8590867,        0,  -14409133,          0
 26415,   273,   23000000,    8663780,        0,  -14336220,          0
 26415,   274,   23000000,    7560018,        0,  -15439982,          0
 26415,   275,   23000000,    8411708,        0,  -14588292,          0
 26415,   276,   23000000,    7566964,        0,  -15433036,          0
 26415,   277,   23000000,    7537625,        0,  -15462375,          0
 26415,   278,   23000000,    7594710,        0,  -15405290,          0
 26415,   279,   23000000,    7557405,        0,  -15442595,          0
 26415,   280,   23000000,    7845041,        0,  -15154959,          0
 26415,   281,   23000000,    7556401,        0,  -15443599,          0
 26415,   282,   23000000,    7586837,        0,  -15413163,          0
 26415,   283,   23000000,    7562248,        0,  -15437752,          0
 26415,   284,   23000000,    7574498,        0,  -15425502,          0
 26415,   285,   23000000,    7561034,        0,  -15438966,          0
 26415,   286,   23000000,    7676627,        0,  -15323373,          0
 26415,   287,   23000000,    7562049,        0,  -15437951,          0
 26415,   288,   23000000,   10720948,        0,  -12279052,          0
 26415,   289,   23000000,    7587594,        0,  -15412406,          0
 26415,   290,   23000000,    7606637,        0,  -15393363,          0
 26415,   291,   23000000,    7725893,        0,  -15274107,          0
 26415,   292,   23000000,    7553732,        0,  -15446268,          0
 26415,   293,   23000000,    7594991,        0,  -15405009,          0
 26415,   294,   23000000,    7588888,        0,  -15411112,          0
 26415,   295,   23000000,    7552347,        0,  -15447653,          0
 26415,   296,   23000000,    7834896,        0,  -15165104,          0
 26415,   297,   23000000,    7596187,        0,  -15403813,          0
 26415,   298,   23000000,    7550586,        0,  -15449414,          0
 26415,   299,   23000000,    7612386,        0,  -15387614,          0
 26415,   300,   23000000,    7552494,        0,  -15447506,          0
 26415,   301,   23000000,    7566921,        0,  -15433079,          0
 26415,   302,   23000000,    8649140,        0,  -14350860,          0
 26415,   303,   23000000,    7548448,        0,  -15451552,          0
 26415,   304,   23000000,    7893037,        0,  -15106963,          0
 26415,   305,   23000000,    7557159,        0,  -15442841,          0
 26415,   306,   23000000,    7586827,        0,  -15413173,          0
 26415,   307,   23000000,    7821271,        0,  -15178729,          0
 26415,   308,   23000000,    7606312,        0,  -15393688,          0
 26415,   309,   23000000,    7624476,        0,  -15375524,          0
 26415,   310,   23000000,    7549151,        0,  -15450849,          0
 26415,   311,   23000000,    7602357,        0,  -15397643,          0
 26415,   312,   23000000,    7562103,        0,  -15437897,          0
 26415,   313,   23000000,    7627886,        0,  -15372114,          0
 26415,   314,   23000000,    8427550,        0,  -14572450,          0
 26415,   315,   23000000,    7588174,        0,  -15411826,          0
 26415,   316,   23000000,    8652140,        0,  -14347860,          0
 26415,   317,   23000000,    7594576,        0,  -15405424,          0
 26415,   318,   23000000,    7817509,        0,  -15182491,          0
 26415,   319,   23000000,    7547539,        0,  -15452461,          0
 26415,   320,   23000000,    7626506,        0,  -15373494,          0
 26415,   321,   23000000,    7580107,        0,  -15419893,          0
 26415,   322,   23000000,    7553081,        0,  -15446919,          0
 26415,   323,   23000000,    7583374,        0,  -15416626,          0
 26415,   324,   23000000,    7875342,        0,  -15124658,          0
 26415,   325,   23000000,    7548001,        0,  -15451999,          0
 26415,   326,   23000000,    7606771,        0,  -15393229,          0
 26415,   327,   23000000,    7573235,        0,  -15426765,          0
 26415,   328,   23000000,    7580015,        0,  -15419985,          0
 26415,   329,   23000000,    7543457,        0,  -15456543,          0
 26415,   330,   23000000,    7545257,        0,  -15454743,          0
 26415,   331,   23000000,    7635693,        0,  -15364307,          0
 26415,   332,   23000000,    7558595,        0,  -15441405,          0
 26415,   333,   23000000,    7597924,        0,  -15402076,          0
 26415,   334,   23000000,    7663541,        0,  -15336459,          0
 26415,   335,   23000000,    7570445,        0,  -15429555,          0
 26415,   336,   23000000,    8452680,        0,  -14547320,          0
 26415,   337,   23000000,    7562553,        0,  -15437447,          0
 26415,   338,   23000000,    7549995,        0,  -15450005,          0
 26415,   339,   23000000,    7553440,        0,  -15446560,          0
 26415,   340,   23000000,    7545719,        0,  -15454281,          0
 26415,   341,   23000000,    7576293,        0,  -15423707,          0
 26415,   342,   23000000,    7592968,        0,  -15407032,          0
 26415,   343,   23000000,    7539595,        0,  -15460405,          0
 26415,   344,   23000000,    7559008,        0,  -15440992,          0
 26415,   345,   23000000,    7852360,        0,  -15147640,          0
 26415,   346,   23000000,    7597831,        0,  -15402169,          0
 26415,   347,   23000000,    7879934,        0,  -15120066,          0
 26415,   348,   23000000,    7650729,        0,  -15349271,          0
 26415,   349,   23000000,    8755088,        0,  -14244912,          0
 26415,   350,   23000000,    7685318,        0,  -15314682,          0
 26415,   351,   23000000,    7604800,        0,  -15395200,          0
 26415,   352,   23000000,    7595820,        0,  -15404180,          0
 26415,   353,   23000000,    7559064,        0,  -15440936,          0
 26415,   354,   23000000,    7579895,        0,  -15420105,          0
 26415,   355,   23000000,    7545044,        0,  -15454956,          0
 26415,   356,   23000000,    7871596,        0,  -15128404,          0
 26415,   357,   23000000,    7564382,        0,  -15435618,          0
 26415,   358,   23000000,    7632429,        0,  -15367571,          0
 26415,   359,   23000000,    8664128,        0,  -14335872,          0
 26415,   360,   23000000,    7548679,        0,  -15451321,          0
 26415,   361,   23000000,    7605565,        0,  -15394435,          0
 26415,   362,   23000000,    7557657,        0,  -15442343,          0
 26415,   363,   23000000,    7704210,        0,  -15295790,          0
 26415,   364,   23000000,    7588701,        0,  -15411299,          0
 26415,   365,   23000000,    9754515,        0,  -13245485,          0
 26415,   366,   23000000,    7564533,        0,  -15435467,          0
 26415,   367,   23000000,    7579941,        0,  -15420059,          0
 26415,   368,   23000000,    7569289,        0,  -15430711,          0
 26415,   369,   23000000,    7607854,        0,  -15392146,          0
 26415,   370,   23000000,    7745955,        0,  -15254045,          0
 26415,   371,   23000000,    7553870,        0,  -15446130,          0
 26415,   372,   23000000,    7843414,        0,  -15156586,          0
 26415,   373,   23000000,    7545830,        0,  -15454170,          0
 26415,   374,   23000000,    8171327,        0,  -14828673,          0
 26415,   375,   23000000,    7672547,        0,  -15327453,          0
 26415,   376,   23000000,    7574959,        0,  -15425041,          0
 26415,   377,   23000000,    7566282,        0,  -15433718,          0
 26415,   378,   23000000,    7594063,        0,  -15405937,          0
 26415,   379,   23000000,    7566707,        0,  -15433293,          0
 26415,   380,   23000000,    7553493,        0,  -15446507,          0
 26415,   381,   23000000,    7606198,        0,  -15393802,          0
 26415,   382,   23000000,    7587435,        0,  -15412565,          0
 26415,   383,   23000000,    8822033,        0,  -14177967,          0
 26415,   384,   23000000,    7576119,        0,  -15423881,          0
 26415,   385,   23000000,    7572850,        0,  -15427150,          0
 26415,   386,   23000000,    8039360,        0,  -14960640,          0
 26415,   387,   23000000,    7550716,        0,  -15449284,          0
 26415,   388,   23000000,    7713803,        0,  -15286197,          0
 26415,   389,   23000000,    7608901,        0,  -15391099,          0
 26415,   390,   23000000,    7918413,        0,  -15081587,          0
 26415,   391,   23000000,    7541057,        0,  -15458943,          0
 26415,   392,   23000000,    7568434,        0,  -15431566,          0
 26415,   393,   23000000,    7542083,        0,  -15457917,          0
 26415,   394,   23000000,    7841701,        0,  -15158299,          0
 26415,   395,   23000000,    7543463,        0,  -15456537,          0
 26415,   396,   23000000,    7545890,        0,  -15454110,          0
 26415,   397,   23000000,    9137702,        0,  -13862298,          0
 26415,   398,   23000000,    7600554,        0,  -15399446,          0
 26415,   399,   23000000,    7624090,        0,  -15375910,          0
 26415,   400,   23000000,    7570061,        0,  -15429939,          0
 26415,   401,   23000000,    7593347,        0,  -15406653,          0
 26415,   402,   23000000,    8454183,        0,  -14545817,          0
 26415,   403,   23000000,    7624402,        0,  -15375598,          0
 26415,   404,   23000000,    7553134,        0,  -15446866,          0
 26415,   405,   23000000,    7862708,        0,  -15137292,          0
 26415,   406,   23000000,    7558503,        0,  -15441497,          0
 26415,   407,   23000000,    7545983,        0,  -15454017,          0
 26415,   408,   23000000,    7579993,        0,  -15420007,          0
 26415,   409,   23000000,    7562820,        0,  -15437180,          0
 26415,   410,   23000000,    7583590,        0,  -15416410,          0
 26415,   411,   23000000,    7543635,        0,  -15456365,          0
 26415,   412,   23000000,    7638106,        0,  -15361894,          0
 26415,   413,   23000000,    7546809,        0,  -15453191,          0
 26415,   414,   23000000,    7554687,        0,  -15445313,          0
 26415,   415,   23000000,    7586686,        0,  -15413314,          0
 26415,   416,   23000000,    7593518,        0,  -15406482,          0
 26415,   417,   23000000,    8567819,        0,  -14432181,          0
 26415,   418,   23000000,    7568134,        0,  -15431866,          0
 26415,   419,   23000000,    7553776,        0,  -15446224,          0
 26415,   420,   23000000,    7543106,        0,  -15456894,          0
 26415,   421,   23000000,    7825258,        0,  -15174742,          0
 26415,   422,   23000000,    7563010,        0,  -15436990,          0
 26415,   423,   23000000,    7567277,        0,  -15432723,          0
 26415,   424,   23000000,    7606560,        0,  -15393440,          0
 26415,   425,   23000000,    7619746,        0,  -15380254,          0
 26415,   426,   23000000,    7722582,        0,  -15277418,          0
 26415,   427,   23000000,    7603958,        0,  -15396042,          0
 26415,   428,   23000000,    7568326,        0,  -15431674,          0
 26415,   429,   23000000,    7556201,        0,  -15443799,          0
 26415,   430,   23000000,    7587739,        0,  -15412261,          0
 26415,   431,   23000000,    7607576,        0,  -15392424,          0
 26415,   432,   23000000,    7853815,        0,  -15146185,          0
 26415,   433,   23000000,    8642908,        0,  -14357092,          0
 26415,   434,   23000000,    7546880,        0,  -15453120,          0
 26415,   435,   23000000,    7631846,        0,  -15368154,          0
 26415,   436,   23000000,    8590281,        0,  -14409719,          0
 26415,   437,   23000000,    7561335,        0,  -15438665,          0
 26415,   438,   23000000,    7555928,        0,  -15444072,          0
