137 46 91
206 67 139
289 101 188
151 42 109
156 49 107
387 130 257
226 63 163
139 43 96
592 200 392
175 50 125
278 94 184
170 56 114
136 41 95
561 186 375
104 27 77
479 156 323
238 72 166
915 311 604
120 38 82
107 33 74
170 49 121
140 40 100
155 40 115
112 28 84
177 56 121
160 41 119
387 121 266
117 29 88
836 275 561
242 81 161
280 90 190
106 31 75
257 78 179
164 52 112
231 76 155
175 54 121
389 133 256
235 77 158
138 46 92
198 59 139
203 64 139
172 53 119
460 148 312
181 48 133
480 158 322
205 65 140
178 46 132
113 30 83
261 83 178
347 106 241
388 131 257
282 92 190
236 78 158
108 32 76
116 30 86
152 51 101
130 40 90
166 49 117
226 75 151
348 112 236
113 27 86
406 127 279
176 51 125
387 128 259
362 118 244
114 29 85
268 87 181
837 281 556
113 28 85
147 40 107
259 86 173
389 130 259
531 170 361
106 36 70
167 47 120
138 37 101
196 54 142
155 52 103
107 25 82
156 48 108
328 111 217
127 38 89
