# Task,   Job,     Period,   Response, DL Miss?,   Lateness,  Tardiness
# task NAME=myapp PID=5196 COST=12800000 PERIOD=32000000 CPU=0
  5196,     2,   32000000,      10609,        0,  -31989391,          0
  5196,     3,   32000000,      34811,        0,  -31965189,          0
  5196,     4,   32000000,   13579904,        0,  -18420096,          0
  5196,     5,   32000000,   12542575,        0,  -19457425,          0
  5196,     6,   32000000,   12560093,        0,  -19439907,          0
  5196,     7,   32000000,   12549488,        0,  -19450512,          0
  5196,     8,   32000000,   12543631,        0,  -19456369,          0
  5196,     9,   32000000,   12651300,        0,  -19348700,          0
  5196,    10,   32000000,   12594498,        0,  -19405502,          0
  5196,    11,   32000000,   12541606,        0,  -19458394,          0
  5196,    12,   32000000,   12583490,        0,  -19416510,          0
  5196,    13,   32000000,   12548884,        0,  -19451116,          0
  5196,    14,   32000000,   12594426,        0,  -19405574,          0
  5196,    15,   32000000,   12579652,        0,  -19420348,          0
  5196,    16,   32000000,   12535485,        0,  -19464515,          0
  5196,    17,   32000000,   12549234,        0,  -19450766,          0
  5196,    18,   32000000,   12579694,        0,  -19420306,          0
  5196,    19,   32000000,   12556305,        0,  -19443695,          0
  5196,    20,   32000000,   12551656,        0,  -19448344,          0
  5196,    21,   32000000,   12597584,        0,  -19402416,          0
  5196,    22,   32000000,   12559692,        0,  -19440308,          0
  5196,    23,   32000000,   12560296,        0,  -19439704,          0
  5196,    24,   32000000,   12835038,        0,  -19164962,          0
  5196,    25,   32000000,   12549077,        0,  -19450923,          0
  5196,    26,   32000000,   12543356,        0,  -19456644,          0
  5196,    27,   32000000,   12571443,        0,  -19428557,          0
  5196,    28,   32000000,   12868065,        0,  -19131935,          0
  5196,    29,   32000000,   12601503,        0,  -19398497,          0
  5196,    30,   32000000,   12563034,        0,  -19436966,          0
  5196,    31,   32000000,   12535895,        0,  -19464105,          0
  5196,    32,   32000000,   12813767,        0,  -19186233,          0
  5196,    33,   32000000,   12542020,        0,  -19457980,          0
  5196,    34,   32000000,   12557018,        0,  -19442982,          0
  5196,    35,   32000000,   12543371,        0,  -19456629,          0
  5196,    36,   32000000,   12821790,        0,  -19178210,          0
  5196,    37,   32000000,   12540331,        0,  -19459669,          0
  5196,    38,   32000000,   12565679,        0,  -19434321,          0
  5196,    39,   32000000,   12553807,        0,  -19446193,          0
  5196,    40,   32000000,   12540981,        0,  -19459019,          0
  5196,    41,   32000000,   12565716,        0,  -19434284,          0
  5196,    42,   32000000,   12576929,        0,  -19423071,          0
  5196,    43,   32000000,   12540222,        0,  -19459778,          0
  5196,    44,   32000000,   12565847,        0,  -19434153,          0
  5196,    45,   32000000,   12550559,        0,  -19449441,          0
  5196,    46,   32000000,   12540431,        0,  -19459569,          0
  5196,    47,   32000000,   12540130,        0,  -19459870,          0
  5196,    48,   32000000,   12542101,        0,  -19457899,          0
  5196,    49,   32000000,   12662106,        0,  -19337894,          0
  5196,    50,   32000000,   12558248,        0,  -19441752,          0
  5196,    51,   32000000,   12597363,        0,  -19402637,          0
  5196,    52,   32000000,   12604035,        0,  -19395965,          0
  5196,    53,   32000000,   12551870,        0,  -19448130,          0
  5196,    54,   32000000,   12552044,        0,  -19447956,          0
  5196,    55,   32000000,   12559847,        0,  -19440153,          0
  5196,    56,   32000000,   12566411,        0,  -19433589,          0
  5196,    57,   32000000,   12592645,        0,  -19407355,          0
  5196,    58,   32000000,   12543415,        0,  -19456585,          0
  5196,    59,   32000000,   12600025,        0,  -19399975,          0
  5196,    60,   32000000,   12615534,        0,  -19384466,          0
  5196,    61,   32000000,   12626091,        0,  -19373909,          0
  5196,    62,   32000000,   12601662,        0,  -19398338,          0
  5196,    63,   32000000,   12559556,        0,  -19440444,          0
  5196,    64,   32000000,   12573582,        0,  -19426418,          0
  5196,    65,   32000000,   12539720,        0,  -19460280,          0
  5196,    66,   32000000,   12584448,        0,  -19415552,          0
  5196,    67,   32000000,   12818763,        0,  -19181237,          0
  5196,    68,   32000000,   12554724,        0,  -19445276,          0
  5196,    69,   32000000,   12542087,        0,  -19457913,          0
  5196,    70,   32000000,   12532853,        0,  -19467147,          0
  5196,    71,   32000000,   12860603,        0,  -19139397,          0
  5196,    72,   32000000,   12634677,        0,  -19365323,          0
  5196,    73,   32000000,   12590129,        0,  -19409871,          0
  5196,    74,   32000000,   12575752,        0,  -19424248,          0
  5196,    75,   32000000,   12832585,        0,  -19167415,          0
  5196,    76,   32000000,   12556855,        0,  -19443145,          0
  5196,    77,   32000000,   12546186,        0,  -19453814,          0
  5196,    78,   32000000,   12583976,        0,  -19416024,          0
  5196,    79,   32000000,   12818615,        0,  -19181385,          0
  5196,    80,   32000000,   12579187,        0,  -19420813,          0
  5196,    81,   32000000,   12551091,        0,  -19448909,          0
  5196,    82,   32000000,   12549800,        0,  -19450200,          0
  5196,    83,   32000000,   12551781,        0,  -19448219,          0
  5196,    84,   32000000,   12544139,        0,  -19455861,          0
  5196,    85,   32000000,   12537140,        0,  -19462860,          0
  5196,    86,   32000000,   12696100,        0,  -19303900,          0
  5196,    87,   32000000,   12571366,        0,  -19428634,          0
  5196,    88,   32000000,   12597260,        0,  -19402740,          0
  5196,    89,   32000000,   12537226,        0,  -19462774,          0
  5196,    90,   32000000,   12548950,        0,  -19451050,          0
  5196,    91,   32000000,   12613012,        0,  -19386988,          0
  5196,    92,   32000000,   12548272,        0,  -19451728,          0
  5196,    93,   32000000,   12605970,        0,  -19394030,          0
  5196,    94,   32000000,   12596201,        0,  -19403799,          0
  5196,    95,   32000000,   12634259,        0,  -19365741,          0
  5196,    96,   32000000,   12616885,        0,  -19383115,          0
  5196,    97,   32000000,   12564196,        0,  -19435804,          0
  5196,    98,   32000000,   12533355,        0,  -19466645,          0
  5196,    99,   32000000,   12535034,        0,  -19464966,          0
  5196,   100,   32000000,   12552780,        0,  -19447220,          0
  5196,   101,   32000000,   12540906,        0,  -19459094,          0
  5196,   102,   32000000,   12598747,        0,  -19401253,          0
  5196,   103,   32000000,   12547183,        0,  -19452817,          0
  5196,   104,   32000000,   12578730,        0,  -19421270,          0
  5196,   105,   32000000,   12593010,        0,  -19406990,          0
  5196,   106,   32000000,   12828215,        0,  -19171785,          0
  5196,   107,   32000000,   12558940,        0,  -19441060,          0
  5196,   108,   32000000,   12558974,        0,  -19441026,          0
  5196,   109,   32000000,   12544781,        0,  -19455219,          0
  5196,   110,   32000000,   12824485,        0,  -19175515,          0
  5196,   111,   32000000,   12543959,        0,  -19456041,          0
  5196,   112,   32000000,   12542017,        0,  -19457983,          0
  5196,   113,   32000000,   12529470,        0,  -19470530,          0
  5196,   114,   32000000,   12835861,        0,  -19164139,          0
  5196,   115,   32000000,   12562595,        0,  -19437405,          0
  5196,   116,   32000000,   12580054,        0,  -19419946,          0
  5196,   117,   32000000,   12542762,        0,  -19457238,          0
  5196,   118,   32000000,   12815186,        0,  -19184814,          0
  5196,   119,   32000000,   12552596,        0,  -19447404,          0
  5196,   120,   32000000,   12552943,        0,  -19447057,          0
  5196,   121,   32000000,   12568502,        0,  -19431498,          0
  5196,   122,   32000000,   12825779,        0,  -19174221,          0
  5196,   123,   32000000,   12595773,        0,  -19404227,          0
  5196,   124,   32000000,   12536872,        0,  -19463128,          0
  5196,   125,   32000000,   12535009,        0,  -19464991,          0
  5196,   126,   32000000,   12539318,        0,  -19460682,          0
  5196,   127,   32000000,   12550573,        0,  -19449427,          0
  5196,   128,   32000000,   12568494,        0,  -19431506,          0
  5196,   129,   32000000,   12560284,        0,  -19439716,          0
  5196,   130,   32000000,   12544525,        0,  -19455475,          0
  5196,   131,   32000000,   12536530,        0,  -19463470,          0
  5196,   132,   32000000,   12547543,        0,  -19452457,          0
  5196,   133,   32000000,   12623648,        0,  -19376352,          0
  5196,   134,   32000000,   12547455,        0,  -19452545,          0
  5196,   135,   32000000,   12542211,        0,  -19457789,          0
  5196,   136,   32000000,   12555222,        0,  -19444778,          0
  5196,   137,   32000000,   12540443,        0,  -19459557,          0
  5196,   138,   32000000,   12537141,        0,  -19462859,          0
  5196,   139,   32000000,   12539844,        0,  -19460156,          0
  5196,   140,   32000000,   12545440,        0,  -19454560,          0
  5196,   141,   32000000,   12557432,        0,  -19442568,          0
  5196,   142,   32000000,   12633525,        0,  -19366475,          0
  5196,   143,   32000000,   12562830,        0,  -19437170,          0
  5196,   144,   32000000,   12534579,        0,  -19465421,          0
  5196,   145,   32000000,   12558522,        0,  -19441478,          0
  5196,   146,   32000000,   12541397,        0,  -19458603,          0
  5196,   147,   32000000,   12568781,        0,  -19431219,          0
  5196,   148,   32000000,   12562748,        0,  -19437252,          0
  5196,   149,   32000000,   12878446,        0,  -19121554,          0
  5196,   150,   32000000,   12595176,        0,  -19404824,          0
  5196,   151,   32000000,   12549814,        0,  -19450186,          0
  5196,   152,   32000000,   12556482,        0,  -19443518,          0
  5196,   153,   32000000,   12880110,        0,  -19119890,          0
  5196,   154,   32000000,   12534896,        0,  -19465104,          0
  5196,   155,   32000000,   12530349,        0,  -19469651,          0
  5196,   156,   32000000,   12559757,        0,  -19440243,          0
  5196,   157,   32000000,   12881268,        0,  -19118732,          0
  5196,   158,   32000000,   12568761,        0,  -19431239,          0
  5196,   159,   32000000,   12580223,        0,  -19419777,          0
  5196,   160,   32000000,   12651871,        0,  -19348129,          0
  5196,   161,   32000000,   12827438,        0,  -19172562,          0
  5196,   162,   32000000,   12554479,        0,  -19445521,          0
  5196,   163,   32000000,   12576824,        0,  -19423176,          0
  5196,   164,   32000000,   12547368,        0,  -19452632,          0
  5196,   165,   32000000,   12581864,        0,  -19418136,          0
  5196,   166,   32000000,   12571915,        0,  -19428085,          0
  5196,   167,   32000000,   12546449,        0,  -19453551,          0
  5196,   168,   32000000,   12546866,        0,  -19453134,          0
  5196,   169,   32000000,   12563546,        0,  -19436454,          0
  5196,   170,   32000000,   12544126,        0,  -19455874,          0
  5196,   171,   32000000,   12546035,        0,  -19453965,          0
  5196,   172,   32000000,   12550846,        0,  -19449154,          0
  5196,   173,   32000000,   12573721,        0,  -19426279,          0
  5196,   174,   32000000,   12546705,        0,  -19453295,          0
  5196,   175,   32000000,   12566957,        0,  -19433043,          0
  5196,   176,   32000000,   12541848,        0,  -19458152,          0
  5196,   177,   32000000,   12545410,        0,  -19454590,          0
  5196,   178,   32000000,   12542600,        0,  -19457400,          0
  5196,   179,   32000000,   12567587,        0,  -19432413,          0
  5196,   180,   32000000,   13546678,        0,  -18453322,          0
  5196,   181,   32000000,   12562269,        0,  -19437731,          0
  5196,   182,   32000000,   12559605,        0,  -19440395,          0
  5196,   183,   32000000,   12556989,        0,  -19443011,          0
  5196,   184,   32000000,   12544780,        0,  -19455220,          0
  5196,   185,   32000000,   12541533,        0,  -19458467,          0
  5196,   186,   32000000,   12537171,        0,  -19462829,          0
  5196,   187,   32000000,   12541433,        0,  -19458567,          0
  5196,   188,   32000000,   12752027,        0,  -19247973,          0
  5196,   189,   32000000,   12545325,        0,  -19454675,          0
  5196,   190,   32000000,   12544784,        0,  -19455216,          0
  5196,   191,   32000000,   12549887,        0,  -19450113,          0
  5196,   192,   32000000,   12822740,        0,  -19177260,          0
  5196,   193,   32000000,   12585536,        0,  -19414464,          0
  5196,   194,   32000000,   12588120,        0,  -19411880,          0
  5196,   195,   32000000,   12552393,        0,  -19447607,          0
  5196,   196,   32000000,   12857882,        0,  -19142118,          0
  5196,   197,   32000000,   12603563,        0,  -19396437,          0
  5196,   198,   32000000,   12539488,        0,  -19460512,          0
  5196,   199,   32000000,   12593241,        0,  -19406759,          0
  5196,   200,   32000000,   12864441,        0,  -19135559,          0
  5196,   201,   32000000,   12590062,        0,  -19409938,          0
  5196,   202,   32000000,   12535583,        0,  -19464417,          0
  5196,   203,   32000000,   12536884,        0,  -19463116,          0
  5196,   204,   32000000,   12865404,        0,  -19134596,          0
  5196,   205,   32000000,   12552933,        0,  -19447067,          0
  5196,   206,   32000000,   12551265,        0,  -19448735,          0
  5196,   207,   32000000,   12589236,        0,  -19410764,          0
  5196,   208,   32000000,   12557484,        0,  -19442516,          0
  5196,   209,   32000000,   12546362,        0,  -19453638,          0
  5196,   210,   32000000,   12546218,        0,  -19453782,          0
  5196,   211,   32000000,   12570538,        0,  -19429462,          0
  5196,   212,   32000000,   12589163,        0,  -19410837,          0
  5196,   213,   32000000,   12586893,        0,  -19413107,          0
  5196,   214,   32000000,   12553951,        0,  -19446049,          0
  5196,   215,   32000000,   12597605,        0,  -19402395,          0
  5196,   216,   32000000,   12537653,        0,  -19462347,          0
  5196,   217,   32000000,   12534217,        0,  -19465783,          0
  5196,   218,   32000000,   12544117,        0,  -19455883,          0
  5196,   219,   32000000,   12550655,        0,  -19449345,          0
  5196,   220,   32000000,   12558564,        0,  -19441436,          0
  5196,   221,   32000000,   12642497,        0,  -19357503,          0
  5196,   222,   32000000,   12542215,        0,  -19457785,          0
  5196,   223,   32000000,   12556822,        0,  -19443178,          0
  5196,   224,   32000000,   12559773,        0,  -19440227,          0
  5196,   225,   32000000,   12597960,        0,  -19402040,          0
  5196,   226,   32000000,   12610159,        0,  -19389841,          0
  5196,   227,   32000000,   12562807,        0,  -19437193,          0
  5196,   228,   32000000,   12559618,        0,  -19440382,          0
  5196,   229,   32000000,   12536766,        0,  -19463234,          0
  5196,   230,   32000000,   12554733,        0,  -19445267,          0
  5196,   231,   32000000,   12836223,        0,  -19163777,          0
  5196,   232,   32000000,   12537562,        0,  -19462438,          0
  5196,   233,   32000000,   12649705,        0,  -19350295,          0
  5196,   234,   32000000,   12604530,        0,  -19395470,          0
  5196,   235,   32000000,   12868951,        0,  -19131049,          0
  5196,   236,   32000000,   12605950,        0,  -19394050,          0
  5196,   237,   32000000,   12548103,        0,  -19451897,          0
  5196,   238,   32000000,   12570775,        0,  -19429225,          0
  5196,   239,   32000000,   12811618,        0,  -19188382,          0
  5196,   240,   32000000,   12618755,        0,  -19381245,          0
  5196,   241,   32000000,   12556437,        0,  -19443563,          0
  5196,   242,   32000000,   12538294,        0,  -19461706,          0
  5196,   243,   32000000,   12834163,        0,  -19165837,          0
  5196,   244,   32000000,   12575435,        0,  -19424565,          0
  5196,   245,   32000000,   12532674,        0,  -19467326,          0
  5196,   246,   32000000,   12532345,        0,  -19467655,          0
  5196,   247,   32000000,   12823344,        0,  -19176656,          0
  5196,   248,   32000000,   12546878,        0,  -19453122,          0
  5196,   249,   32000000,   12605479,        0,  -19394521,          0
  5196,   250,   32000000,   12541771,        0,  -19458229,          0
  5196,   251,   32000000,   12561614,        0,  -19438386,          0
  5196,   252,   32000000,   12558884,        0,  -19441116,          0
  5196,   253,   32000000,   12545459,        0,  -19454541,          0
  5196,   254,   32000000,   12590197,        0,  -19409803,          0
  5196,   255,   32000000,   12532823,        0,  -19467177,          0
  5196,   256,   32000000,   12532493,        0,  -19467507,          0
  5196,   257,   32000000,   12598022,        0,  -19401978,          0
  5196,   258,   32000000,   12614137,        0,  -19385863,          0
  5196,   259,   32000000,   12554672,        0,  -19445328,          0
  5196,   260,   32000000,   12559560,        0,  -19440440,          0
  5196,   261,   32000000,   12551788,        0,  -19448212,          0
  5196,   262,   32000000,   12548831,        0,  -19451169,          0
  5196,   263,   32000000,   12602643,        0,  -19397357,          0
  5196,   264,   32000000,   12580893,        0,  -19419107,          0
  5196,   265,   32000000,   12535227,        0,  -19464773,          0
  5196,   266,   32000000,   12536346,        0,  -19463654,          0
  5196,   267,   32000000,   12573071,        0,  -19426929,          0
  5196,   268,   32000000,   12549217,        0,  -19450783,          0
  5196,   269,   32000000,   12559903,        0,  -19440097,          0
  5196,   270,   32000000,   12543602,        0,  -19456398,          0
  5196,   271,   32000000,   12552987,        0,  -19447013,          0
  5196,   272,   32000000,   12548514,        0,  -19451486,          0
  5196,   273,   32000000,   12555703,        0,  -19444297,          0
  5196,   274,   32000000,   12815314,        0,  -19184686,          0
  5196,   275,   32000000,   12602671,        0,  -19397329,          0
  5196,   276,   32000000,   12549920,        0,  -19450080,          0
  5196,   277,   32000000,   12589918,        0,  -19410082,          0
  5196,   278,   32000000,   12911835,        0,  -19088165,          0
  5196,   279,   32000000,   12706629,        0,  -19293371,          0
  5196,   280,   32000000,   12587815,        0,  -19412185,          0
  5196,   281,   32000000,   12644722,        0,  -19355278,          0
  5196,   282,   32000000,   12836987,        0,  -19163013,          0
  5196,   283,   32000000,   12622627,        0,  -19377373,          0
  5196,   284,   32000000,   12610511,        0,  -19389489,          0
  5196,   285,   32000000,   12584035,        0,  -19415965,          0
  5196,   286,   32000000,   12824541,        0,  -19175459,          0
  5196,   287,   32000000,   12572576,        0,  -19427424,          0
  5196,   288,   32000000,   12562989,        0,  -19437011,          0
  5196,   289,   32000000,   12561947,        0,  -19438053,          0
  5196,   290,   32000000,   12587785,        0,  -19412215,          0
  5196,   291,   32000000,   12551112,        0,  -19448888,          0
  5196,   292,   32000000,   12583661,        0,  -19416339,          0
  5196,   293,   32000000,   12561178,        0,  -19438822,          0
  5196,   294,   32000000,   12536057,        0,  -19463943,          0
  5196,   295,   32000000,   12650533,        0,  -19349467,          0
  5196,   296,   32000000,   12599111,        0,  -19400889,          0
  5196,   297,   32000000,   12542352,        0,  -19457648,          0
  5196,   298,   32000000,   12566684,        0,  -19433316,          0
  5196,   299,   32000000,   12534077,        0,  -19465923,          0
  5196,   300,   32000000,   12545380,        0,  -19454620,          0
  5196,   301,   32000000,   12555937,        0,  -19444063,          0
  5196,   302,   32000000,   12601630,        0,  -19398370,          0
  5196,   303,   32000000,   12552185,        0,  -19447815,          0
  5196,   304,   32000000,   12542701,        0,  -19457299,          0
  5196,   305,   32000000,   12550836,        0,  -19449164,          0
  5196,   306,   32000000,   13084703,        0,  -18915297,          0
  5196,   307,   32000000,   12595076,        0,  -19404924,          0
  5196,   308,   32000000,   12537321,        0,  -19462679,          0
  5196,   309,   32000000,   12545224,        0,  -19454776,          0
  5196,   310,   32000000,   12569307,        0,  -19430693,          0
  5196,   311,   32000000,   12543945,        0,  -19456055,          0
  5196,   312,   32000000,   12546538,        0,  -19453462,          0
  5196,   313,   32000000,   12540552,        0,  -19459448,          0
  5196,   314,   32000000,   12545610,        0,  -19454390,          0
  5196,   315,   32000000,   12544248,        0,  -19455752,          0
  5196,   316,   32000000,   12547297,        0,  -19452703,          0
