437 437 1
1003 1003 1
259 259 1
134 134 1
325 325 1
211 211 1
503 503 1
503 503 1
166 166 1
138 138 1
136 136 1
241 241 1
159 159 1
297 297 1
288 288 1
141 141 1
503 503 1
437 437 1
195 195 1
178 178 1
558 558 1
591 591 1
403 403 1
306 306 1
315 315 1
 
582 582 1
295 295 1
848 848 1
376 376 1
386 386 1
493 493 1
382 382 1
326 326 1
414 414 1
509 509 1
437 437 1
308 308 1
707 707 1
357 357 1
407 407 1
389 389 1
845 845 1
928 928 1
481 481 1
372 372 1
386 386 1
264 264 1
769 769 1
661 661 1
738 738 1
 
1081 1081 1
673 673 1
685 685 1
448 448 1
921 921 1
215 215 1
791 791 1
625 625 1
327 327 1
403 403 1
748 748 1
238 238 1
709 709 1
1142 1142 1
624 624 1
423 423 1
622 622 1
269 269 1
909 909 1
609 609 1
890 890 1
1441 1441 1
1091 1091 1
678 678 1
1466 1466 1
 
945 945 1
829 829 1
1138 1138 1
760 760 1
858 858 1
1166 1166 1
1987 1987 1
1554 1554 1
1039 1039 1
418 418 1
525 525 1
1033 1033 1
475 475 1
1429 1429 1
473 473 1
431 431 1
629 629 1
454 454 1
1002 1002 1
689 689 1
1084 1084 1
708 708 1
1315 1315 1
1576 1576 1
743 743 1
 
1486 1486 1
1713 1713 1
1301 1301 1
755 755 1
1296 1296 1
935 935 1
915 915 1
991 991 1
981 981 1
1122 1122 1
790 790 1
1197 1197 1
916 916 1
1664 1664 1
1214 1214 1
1284 1284 1
793 793 1
448 448 1
1954 1954 1
799 799 1
1382 1382 1
743 743 1
1548 1548 1
1246 1246 1
1087 1087 1
 
1990 1991 0
1318 1318 1
1606 1620 0
996 996 1
659 659 1
1684 1684 1
859 859 1
921 921 1
635 635 1
1752 1752 1
1936 1937 0
1086 1086 1
1601 1601 1
1216 1216 1
1307 1307 1
647 647 1
1589 1594 0
1914 1914 1
702 702 1
1484 1485 0
1151 1151 1
2410 2417 0
787 787 1
666 666 1
1006 1006 1
 
1337 1356 0
2645 2651 0
681 681 1
1070 1072 0
1402 1403 0
1354 1372 0
1130 1131 0
1350 1359 0
1300 1300 1
1572 1573 0
836 836 1
1615 1615 1
1318 1318 1
1287 1300 0
1921 1926 0
1916 1924 0
1999 1999 1
2141 2151 0
1080 1080 1
1019 1020 0
978 994 0
2296 2299 0
1914 1917 0
1488 1606 0
2376 2376 1
 
1294 1741 0
804 1695 0
1184 1799 0
815 1350 0
1816 2138 0
1424 1825 0
1094 1312 0
665 1186 0
1436 1682 0
1286 1760 0
1076 1324 0
799 932 0
945 1088 0
792 1314 0
634 1107 0
1073 1476 0
1822 2073 0
834 1181 0
1410 1677 0
788 2172 0
541 1205 0
529 1437 0
1510 1753 0
1885 2546 0
890 1328 0
 
===
