230 230 0
421 421 0
201 201 0
912 912 0
135 135 0
126 126 0
349 349 0
267 267 0
108 108 0
196 196 0
125 125 0
185 185 0
629 629 0
127 127 0
336 336 0
118 118 0
274 274 0
404 404 0
235 235 0
775 775 0
121 121 0
137 137 0
202 202 0
774 774 0
116 116 0
114 114 0
299 299 0
1004 1004 0
106 106 0
170 170 0
530 530 0
112 112 0
115 115 0
141 141 0
442 442 0
235 235 0
244 244 0
122 122 0
223 223 0
592 592 0
187 187 0
114 114 0
670 670 0
280 280 0
529 529 0
419 419 0
111 111 0
307 307 0
123 123 0
130 130 0
108 108 0
144 144 0
156 156 0
281 281 0
255 255 0
387 387 0
108 108 0
774 774 0
197 197 0
104 104 0
159 159 0
204 204 0
192 192 0
