131 131 0
424 424 0
797 797 0
247 247 0
153 153 0
228 228 0
318 318 0
861 861 0
264 264 0
164 164 0
138 138 0
173 173 0
212 212 0
586 586 0
471 471 0
144 144 0
788 788 0
145 145 0
142 142 0
323 323 0
180 180 0
134 134 0
151 151 0
583 583 0
193 193 0
158 158 0
225 225 0
308 308 0
145 145 0
1033 1033 0
235 235 0
143 143 0
212 212 0
151 151 0
265 265 0
133 133 0
159 159 0
161 161 0
203 203 0
157 157 0
163 163 0
937 937 0
460 460 0
219 219 0
196 196 0
163 163 0
247 247 0
138 138 0
1020 1020 0
483 483 0
327 327 0
586 586 0
129 129 0
167 167 0
338 338 0
291 291 0
226 226 0
151 151 0
142 142 0
372 372 0
431 431 0
189 189 0
293 293 0
154 154 0
160 160 0
164 164 0
220 220 0
178 178 0
744 744 0
223 223 0
302 302 0
260 260 0
1032 1032 0
167 167 0
320 320 0
284 284 0
207 207 0
138 138 0
168 168 0
635 635 0
166 166 0
169 169 0
154 154 0
146 146 0
204 204 0
260 260 0
323 323 0
180 180 0
152 152 0
138 138 0
132 132 0
257 257 0
143 143 0
179 179 0
225 225 0
381 381 0
142 142 0
235 235 0
172 172 0
160 160 0
141 141 0
153 153 0
196 196 0
250 250 0
139 139 0
940 940 0
158 158 0
385 385 0
248 248 0
137 137 0
862 862 0
196 196 0
184 184 0
438 438 0
266 266 0
1030 1030 0
159 159 0
158 158 0
347 347 0
145 145 0
270 270 0
259 259 0
497 497 0
144 144 0
188 188 0
808 808 0
139 139 0
767 767 0
189 189 0
331 331 0
152 152 0
158 158 0
883 883 0
195 195 0
880 880 0
180 180 0
188 188 0
374 374 0
