# Task,   Job,     Period,   Response, DL Miss?,   Lateness,  Tardiness
# task NAME=myapp PID=31144 COST=7340000 PERIOD=38000000 CPU=0
 31144,     2,   38000000,       8907,        0,  -37991093,          0
 31144,     3,   38000000,      49128,        0,  -37950872,          0
 31144,     4,   38000000,    8293356,        0,  -29706644,          0
 31144,     5,   38000000,    7256852,        0,  -30743148,          0
 31144,     6,   38000000,    7234899,        0,  -30765101,          0
 31144,     7,   38000000,    7228138,        0,  -30771862,          0
 31144,     8,   38000000,    7232644,        0,  -30767356,          0
 31144,     9,   38000000,    7229754,        0,  -30770246,          0
 31144,    10,   38000000,    7253712,        0,  -30746288,          0
 31144,    11,   38000000,    7229231,        0,  -30770769,          0
 31144,    12,   38000000,    7229936,        0,  -30770064,          0
 31144,    13,   38000000,    7224488,        0,  -30775512,          0
 31144,    14,   38000000,    7227900,        0,  -30772100,          0
 31144,    15,   38000000,    7227877,        0,  -30772123,          0
 31144,    16,   38000000,    7226611,        0,  -30773389,          0
 31144,    17,   38000000,    7262022,        0,  -30737978,          0
 31144,    18,   38000000,    7225807,        0,  -30774193,          0
 31144,    19,   38000000,    7220534,        0,  -30779466,          0
 31144,    20,   38000000,    7228759,        0,  -30771241,          0
 31144,    21,   38000000,    7502320,        0,  -30497680,          0
 31144,    22,   38000000,    7228851,        0,  -30771149,          0
 31144,    23,   38000000,    7229067,        0,  -30770933,          0
 31144,    24,   38000000,    7251035,        0,  -30748965,          0
 31144,    25,   38000000,    7225617,        0,  -30774383,          0
 31144,    26,   38000000,    9233406,        0,  -28766594,          0
 31144,    27,   38000000,    7225394,        0,  -30774606,          0
 31144,    28,   38000000,    7224110,        0,  -30775890,          0
 31144,    29,   38000000,    7249680,        0,  -30750320,          0
 31144,    30,   38000000,    7218756,        0,  -30781244,          0
 31144,    31,   38000000,    7240248,        0,  -30759752,          0
 31144,    32,   38000000,    7226262,        0,  -30773738,          0
 31144,    33,   38000000,    7219820,        0,  -30780180,          0
 31144,    34,   38000000,    7221333,        0,  -30778667,          0
 31144,    35,   38000000,    7224549,        0,  -30775451,          0
 31144,    36,   38000000,    7242002,        0,  -30757998,          0
 31144,    37,   38000000,    7217493,        0,  -30782507,          0
 31144,    38,   38000000,    7213888,        0,  -30786112,          0
 31144,    39,   38000000,    7221224,        0,  -30778776,          0
 31144,    40,   38000000,    7216909,        0,  -30783091,          0
 31144,    41,   38000000,    7221349,        0,  -30778651,          0
 31144,    42,   38000000,    7216613,        0,  -30783387,          0
 31144,    43,   38000000,    7228701,        0,  -30771299,          0
 31144,    44,   38000000,    7503689,        0,  -30496311,          0
 31144,    45,   38000000,    7215095,        0,  -30784905,          0
 31144,    46,   38000000,    7216752,        0,  -30783248,          0
 31144,    47,   38000000,    7223291,        0,  -30776709,          0
 31144,    48,   38000000,    7242736,        0,  -30757264,          0
 31144,    49,   38000000,    8246765,        0,  -29753235,          0
 31144,    50,   38000000,    7248797,        0,  -30751203,          0
 31144,    51,   38000000,    7223853,        0,  -30776147,          0
 31144,    52,   38000000,    7230171,        0,  -30769829,          0
 31144,    53,   38000000,    7230525,        0,  -30769475,          0
 31144,    54,   38000000,    7229622,        0,  -30770378,          0
 31144,    55,   38000000,    7267786,        0,  -30732214,          0
 31144,    56,   38000000,    7223766,        0,  -30776234,          0
 31144,    57,   38000000,    7246758,        0,  -30753242,          0
 31144,    58,   38000000,    7224178,        0,  -30775822,          0
 31144,    59,   38000000,    7224730,        0,  -30775270,          0
 31144,    60,   38000000,    7230884,        0,  -30769116,          0
 31144,    61,   38000000,    7227158,        0,  -30772842,          0
 31144,    62,   38000000,    7252514,        0,  -30747486,          0
 31144,    63,   38000000,    7232997,        0,  -30767003,          0
 31144,    64,   38000000,    7227657,        0,  -30772343,          0
 31144,    65,   38000000,    7227398,        0,  -30772602,          0
 31144,    66,   38000000,    7231178,        0,  -30768822,          0
 31144,    67,   38000000,    7502668,        0,  -30497332,          0
 31144,    68,   38000000,    7225607,        0,  -30774393,          0
 31144,    69,   38000000,    7247785,        0,  -30752215,          0
 31144,    70,   38000000,    7225463,        0,  -30774537,          0
 31144,    71,   38000000,    7223742,        0,  -30776258,          0
 31144,    72,   38000000,    8236949,        0,  -29763051,          0
 31144,    73,   38000000,    7216880,        0,  -30783120,          0
 31144,    74,   38000000,    7240846,        0,  -30759154,          0
 31144,    75,   38000000,    7218075,        0,  -30781925,          0
 31144,    76,   38000000,    7237346,        0,  -30762654,          0
 31144,    77,   38000000,    7484877,        0,  -30515123,          0
 31144,    78,   38000000,    7217112,        0,  -30782888,          0
 31144,    79,   38000000,    7225474,        0,  -30774526,          0
 31144,    80,   38000000,    7218946,        0,  -30781054,          0
 31144,    81,   38000000,    7241982,        0,  -30758018,          0
 31144,    82,   38000000,    7221141,        0,  -30778859,          0
 31144,    83,   38000000,    7212871,        0,  -30787129,          0
 31144,    84,   38000000,    7222856,        0,  -30777144,          0
 31144,    85,   38000000,    7214752,        0,  -30785248,          0
 31144,    86,   38000000,    7225336,        0,  -30774664,          0
 31144,    87,   38000000,    7223182,        0,  -30776818,          0
 31144,    88,   38000000,    7241868,        0,  -30758132,          0
 31144,    89,   38000000,    7215574,        0,  -30784426,          0
 31144,    90,   38000000,    7486038,        0,  -30513962,          0
 31144,    91,   38000000,    7223087,        0,  -30776913,          0
 31144,    92,   38000000,    7218152,        0,  -30781848,          0
 31144,    93,   38000000,    7245939,        0,  -30754061,          0
 31144,    94,   38000000,    7221446,        0,  -30778554,          0
 31144,    95,   38000000,    8294995,        0,  -29705005,          0
 31144,    96,   38000000,    7220739,        0,  -30779261,          0
 31144,    97,   38000000,    7224910,        0,  -30775090,          0
 31144,    98,   38000000,    7223313,        0,  -30776687,          0
 31144,    99,   38000000,    7223144,        0,  -30776856,          0
 31144,   100,   38000000,    7536269,        0,  -30463731,          0
 31144,   101,   38000000,    7222050,        0,  -30777950,          0
 31144,   102,   38000000,    7251804,        0,  -30748196,          0
 31144,   103,   38000000,    7227078,        0,  -30772922,          0
 31144,   104,   38000000,    7235081,        0,  -30764919,          0
 31144,   105,   38000000,    7229533,        0,  -30770467,          0
 31144,   106,   38000000,    7227701,        0,  -30772299,          0
 31144,   107,   38000000,    7247704,        0,  -30752296,          0
 31144,   108,   38000000,    7230285,        0,  -30769715,          0
 31144,   109,   38000000,    7230048,        0,  -30769952,          0
 31144,   110,   38000000,    7227435,        0,  -30772565,          0
 31144,   111,   38000000,    7226003,        0,  -30773997,          0
 31144,   112,   38000000,    7223207,        0,  -30776793,          0
 31144,   113,   38000000,    7502961,        0,  -30497039,          0
 31144,   114,   38000000,    7266872,        0,  -30733128,          0
 31144,   115,   38000000,    7229245,        0,  -30770755,          0
 31144,   116,   38000000,    7224687,        0,  -30775313,          0
 31144,   117,   38000000,    7228937,        0,  -30771063,          0
 31144,   118,   38000000,    8241119,        0,  -29758881,          0
 31144,   119,   38000000,    7239865,        0,  -30760135,          0
 31144,   120,   38000000,    7221021,        0,  -30778979,          0
 31144,   121,   38000000,    7236983,        0,  -30763017,          0
 31144,   122,   38000000,    7223450,        0,  -30776550,          0
 31144,   123,   38000000,    7497808,        0,  -30502192,          0
 31144,   124,   38000000,    7221750,        0,  -30778250,          0
 31144,   125,   38000000,    7216853,        0,  -30783147,          0
 31144,   126,   38000000,    7242949,        0,  -30757051,          0
 31144,   127,   38000000,    7222018,        0,  -30777982,          0
 31144,   128,   38000000,    7209219,        0,  -30790781,          0
 31144,   129,   38000000,    7220691,        0,  -30779309,          0
 31144,   130,   38000000,    7218948,        0,  -30781052,          0
 31144,   131,   38000000,    7218276,        0,  -30781724,          0
 31144,   132,   38000000,    7217634,        0,  -30782366,          0
 31144,   133,   38000000,    7241408,        0,  -30758592,          0
 31144,   134,   38000000,    7222291,        0,  -30777709,          0
 31144,   135,   38000000,    7219197,        0,  -30780803,          0
 31144,   136,   38000000,    7214551,        0,  -30785449,          0
 31144,   137,   38000000,    7284658,        0,  -30715342,          0
 31144,   138,   38000000,    7249828,        0,  -30750172,          0
 31144,   139,   38000000,    7219860,        0,  -30780140,          0
 31144,   140,   38000000,    7234442,        0,  -30765558,          0
 31144,   141,   38000000,    7237362,        0,  -30762638,          0
 31144,   142,   38000000,    7223797,        0,  -30776203,          0
 31144,   143,   38000000,    7222617,        0,  -30777383,          0
 31144,   144,   38000000,    7227598,        0,  -30772402,          0
 31144,   145,   38000000,    7255413,        0,  -30744587,          0
 31144,   146,   38000000,    7494779,        0,  -30505221,          0
 31144,   147,   38000000,    7244798,        0,  -30755202,          0
 31144,   148,   38000000,    7226009,        0,  -30773991,          0
 31144,   149,   38000000,    7231822,        0,  -30768178,          0
 31144,   150,   38000000,    7226376,        0,  -30773624,          0
 31144,   151,   38000000,    7232025,        0,  -30767975,          0
 31144,   152,   38000000,    7250265,        0,  -30749735,          0
 31144,   153,   38000000,    7224926,        0,  -30775074,          0
 31144,   154,   38000000,    7228285,        0,  -30771715,          0
 31144,   155,   38000000,    7229596,        0,  -30770404,          0
 31144,   156,   38000000,    7229823,        0,  -30770177,          0
 31144,   157,   38000000,    7230127,        0,  -30769873,          0
 31144,   158,   38000000,    7228822,        0,  -30771178,          0
 31144,   159,   38000000,    7247014,        0,  -30752986,          0
 31144,   160,   38000000,    7222523,        0,  -30777477,          0
 31144,   161,   38000000,    7225784,        0,  -30774216,          0
 31144,   162,   38000000,    7221192,        0,  -30778808,          0
 31144,   163,   38000000,    7226087,        0,  -30773913,          0
 31144,   164,   38000000,    7262577,        0,  -30737423,          0
 31144,   165,   38000000,    7229247,        0,  -30770753,          0
 31144,   166,   38000000,    7243793,        0,  -30756207,          0
 31144,   167,   38000000,    7232844,        0,  -30767156,          0
 31144,   168,   38000000,    7234646,        0,  -30765354,          0
 31144,   169,   38000000,    7504800,        0,  -30495200,          0
 31144,   170,   38000000,    7226857,        0,  -30773143,          0
 31144,   171,   38000000,    7242277,        0,  -30757723,          0
 31144,   172,   38000000,    7226555,        0,  -30773445,          0
 31144,   173,   38000000,    7213010,        0,  -30786990,          0
 31144,   174,   38000000,    7225314,        0,  -30774686,          0
 31144,   175,   38000000,    7233437,        0,  -30766563,          0
 31144,   176,   38000000,    7227350,        0,  -30772650,          0
 31144,   177,   38000000,    7223846,        0,  -30776154,          0
 31144,   178,   38000000,    7247759,        0,  -30752241,          0
 31144,   179,   38000000,    7223588,        0,  -30776412,          0
 31144,   180,   38000000,    7236314,        0,  -30763686,          0
 31144,   181,   38000000,    7228921,        0,  -30771079,          0
 31144,   182,   38000000,    7229287,        0,  -30770713,          0
 31144,   183,   38000000,    7249338,        0,  -30750662,          0
 31144,   184,   38000000,    7222361,        0,  -30777639,          0
 31144,   185,   38000000,    7248119,        0,  -30751881,          0
 31144,   186,   38000000,    7228047,        0,  -30771953,          0
 31144,   187,   38000000,    8240889,        0,  -29759111,          0
 31144,   188,   38000000,    7220796,        0,  -30779204,          0
 31144,   189,   38000000,    7218263,        0,  -30781737,          0
 31144,   190,   38000000,    7230902,        0,  -30769098,          0
 31144,   191,   38000000,    7217654,        0,  -30782346,          0
 31144,   192,   38000000,    7509777,        0,  -30490223,          0
 31144,   193,   38000000,    7218468,        0,  -30781532,          0
 31144,   194,   38000000,    7221384,        0,  -30778616,          0
 31144,   195,   38000000,    7217745,        0,  -30782255,          0
 31144,   196,   38000000,    7221326,        0,  -30778674,          0
 31144,   197,   38000000,    7228330,        0,  -30771670,          0
 31144,   198,   38000000,    7221618,        0,  -30778382,          0
 31144,   199,   38000000,    7214875,        0,  -30785125,          0
 31144,   200,   38000000,    7224601,        0,  -30775399,          0
 31144,   201,   38000000,    7222383,        0,  -30777617,          0
 31144,   202,   38000000,    7496349,        0,  -30503651,          0
 31144,   203,   38000000,    7225713,        0,  -30774287,          0
 31144,   204,   38000000,    7229678,        0,  -30770322,          0
 31144,   205,   38000000,    7220012,        0,  -30779988,          0
 31144,   206,   38000000,    7217617,        0,  -30782383,          0
 31144,   207,   38000000,    7218360,        0,  -30781640,          0
 31144,   208,   38000000,    7220627,        0,  -30779373,          0
 31144,   209,   38000000,    7243182,        0,  -30756818,          0
 31144,   210,   38000000,    8238418,        0,  -29761582,          0
 31144,   211,   38000000,    7235217,        0,  -30764783,          0
 31144,   212,   38000000,    7216396,        0,  -30783604,          0
 31144,   213,   38000000,    7221062,        0,  -30778938,          0
 31144,   214,   38000000,    7227635,        0,  -30772365,          0
 31144,   215,   38000000,    7507214,        0,  -30492786,          0
 31144,   216,   38000000,    7230191,        0,  -30769809,          0
 31144,   217,   38000000,    7225792,        0,  -30774208,          0
 31144,   218,   38000000,    7211309,        0,  -30788691,          0
 31144,   219,   38000000,    7221344,        0,  -30778656,          0
 31144,   220,   38000000,    7223442,        0,  -30776558,          0
 31144,   221,   38000000,    7222850,        0,  -30777150,          0
 31144,   222,   38000000,    7221710,        0,  -30778290,          0
 31144,   223,   38000000,    7245570,        0,  -30754430,          0
 31144,   224,   38000000,    7218755,        0,  -30781245,          0
 31144,   225,   38000000,    7490045,        0,  -30509955,          0
 31144,   226,   38000000,    7226729,        0,  -30773271,          0
 31144,   227,   38000000,    7219619,        0,  -30780381,          0
 31144,   228,   38000000,    7251145,        0,  -30748855,          0
 31144,   229,   38000000,    7218242,        0,  -30781758,          0
 31144,   230,   38000000,    7232295,        0,  -30767705,          0
 31144,   231,   38000000,    7225145,        0,  -30774855,          0
 31144,   232,   38000000,    7217209,        0,  -30782791,          0
 31144,   233,   38000000,    9245449,        0,  -28754551,          0
 31144,   234,   38000000,    7226819,        0,  -30773181,          0
 31144,   235,   38000000,    7238770,        0,  -30761230,          0
 31144,   236,   38000000,    7219564,        0,  -30780436,          0
 31144,   237,   38000000,    7237689,        0,  -30762311,          0
 31144,   238,   38000000,    7222648,        0,  -30777352,          0
 31144,   239,   38000000,    7221475,        0,  -30778525,          0
 31144,   240,   38000000,    7218032,        0,  -30781968,          0
 31144,   241,   38000000,    7218322,        0,  -30781678,          0
 31144,   242,   38000000,    7231785,        0,  -30768215,          0
 31144,   243,   38000000,    7221788,        0,  -30778212,          0
 31144,   244,   38000000,    7215404,        0,  -30784596,          0
 31144,   245,   38000000,    7222781,        0,  -30777219,          0
 31144,   246,   38000000,    7215575,        0,  -30784425,          0
 31144,   247,   38000000,    7222811,        0,  -30777189,          0
 31144,   248,   38000000,    7490129,        0,  -30509871,          0
 31144,   249,   38000000,    7231184,        0,  -30768816,          0
 31144,   250,   38000000,    7220147,        0,  -30779853,          0
 31144,   251,   38000000,    7221258,        0,  -30778742,          0
 31144,   252,   38000000,    7225391,        0,  -30774609,          0
 31144,   253,   38000000,    7216606,        0,  -30783394,          0
 31144,   254,   38000000,    7247683,        0,  -30752317,          0
 31144,   255,   38000000,    7219068,        0,  -30780932,          0
 31144,   256,   38000000,    7262250,        0,  -30737750,          0
 31144,   257,   38000000,    9239097,        0,  -28760903,          0
 31144,   258,   38000000,    7220216,        0,  -30779784,          0
 31144,   259,   38000000,    7215887,        0,  -30784113,          0
 31144,   260,   38000000,    7224561,        0,  -30775439,          0
 31144,   261,   38000000,    7239806,        0,  -30760194,          0
 31144,   262,   38000000,    7219672,        0,  -30780328,          0
 31144,   263,   38000000,    7274295,        0,  -30725705,          0
 31144,   264,   38000000,    7219253,        0,  -30780747,          0
 31144,   265,   38000000,    7222392,        0,  -30777608,          0
 31144,   266,   38000000,    7220881,        0,  -30779119,          0
 31144,   267,   38000000,    7226682,        0,  -30773318,          0
# task NAME=myapp PID=31147 COST=34000 PERIOD=23000000 CPU=0
 31147,     2,   23000000,       8809,        0,  -22991191,          0
 31147,     3,   23000000,      57151,        0,  -22942849,          0
 31147,     4,   23000000,      78226,        0,  -22921774,          0
 31147,     5,   23000000,      53761,        0,  -22946239,          0
 31147,     6,   23000000,      77467,        0,  -22922533,          0
 31147,     7,   23000000,      52671,        0,  -22947329,          0
 31147,     8,   23000000,      51534,        0,  -22948466,          0
 31147,     9,   23000000,      52780,        0,  -22947220,          0
 31147,    10,   23000000,      51891,        0,  -22948109,          0
 31147,    11,   23000000,      53327,        0,  -22946673,          0
 31147,    12,   23000000,      53914,        0,  -22946086,          0
 31147,    13,   23000000,      51634,        0,  -22948366,          0
 31147,    14,   23000000,      79237,        0,  -22920763,          0
 31147,    15,   23000000,      52304,        0,  -22947696,          0
 31147,    16,   23000000,      52828,        0,  -22947172,          0
 31147,    17,   23000000,      52482,        0,  -22947518,          0
 31147,    18,   23000000,      52656,        0,  -22947344,          0
 31147,    19,   23000000,      52503,        0,  -22947497,          0
 31147,    20,   23000000,      52402,        0,  -22947598,          0
 31147,    21,   23000000,      51774,        0,  -22948226,          0
 31147,    22,   23000000,     367286,        0,  -22632714,          0
 31147,    23,   23000000,      52488,        0,  -22947512,          0
 31147,    24,   23000000,      53239,        0,  -22946761,          0
 31147,    25,   23000000,      51534,        0,  -22948466,          0
 31147,    26,   23000000,      77350,        0,  -22922650,          0
 31147,    27,   23000000,      51973,        0,  -22948027,          0
 31147,    28,   23000000,      53490,        0,  -22946510,          0
 31147,    29,   23000000,      51765,        0,  -22948235,          0
 31147,    30,   23000000,      72734,        0,  -22927266,          0
 31147,    31,   23000000,      53614,        0,  -22946386,          0
 31147,    32,   23000000,      52963,        0,  -22947037,          0
 31147,    33,   23000000,      52153,        0,  -22947847,          0
 31147,    34,   23000000,      87053,        0,  -22912947,          0
 31147,    35,   23000000,      51971,        0,  -22948029,          0
 31147,    36,   23000000,      53628,        0,  -22946372,          0
 31147,    37,   23000000,      51749,        0,  -22948251,          0
 31147,    38,   23000000,      53600,        0,  -22946400,          0
 31147,    39,   23000000,      52016,        0,  -22947984,          0
 31147,    40,   23000000,      53574,        0,  -22946426,          0
 31147,    41,   23000000,      59361,        0,  -22940639,          0
 31147,    42,   23000000,      76603,        0,  -22923397,          0
 31147,    43,   23000000,      53818,        0,  -22946182,          0
 31147,    44,   23000000,      51956,        0,  -22948044,          0
 31147,    45,   23000000,      52677,        0,  -22947323,          0
 31147,    46,   23000000,      52662,        0,  -22947338,          0
 31147,    47,   23000000,      53075,        0,  -22946925,          0
 31147,    48,   23000000,      51883,        0,  -22948117,          0
 31147,    49,   23000000,      55016,        0,  -22944984,          0
 31147,    50,   23000000,      51949,        0,  -22948051,          0
 31147,    51,   23000000,      52809,        0,  -22947191,          0
 31147,    52,   23000000,      51555,        0,  -22948445,          0
 31147,    53,   23000000,      52771,        0,  -22947229,          0
 31147,    54,   23000000,      51409,        0,  -22948591,          0
 31147,    55,   23000000,      53455,        0,  -22946545,          0
 31147,    56,   23000000,      52502,        0,  -22947498,          0
 31147,    57,   23000000,      78778,        0,  -22921222,          0
 31147,    58,   23000000,      51775,        0,  -22948225,          0
 31147,    59,   23000000,      52764,        0,  -22947236,          0
 31147,    60,   23000000,      51679,        0,  -22948321,          0
 31147,    61,   23000000,      52959,        0,  -22947041,          0
 31147,    62,   23000000,      52285,        0,  -22947715,          0
 31147,    63,   23000000,      52669,        0,  -22947331,          0
 31147,    64,   23000000,      51232,        0,  -22948768,          0
 31147,    65,   23000000,      90349,        0,  -22909651,          0
 31147,    66,   23000000,      51950,        0,  -22948050,          0
 31147,    67,   23000000,      52589,        0,  -22947411,          0
 31147,    68,   23000000,      51363,        0,  -22948637,          0
 31147,    69,   23000000,      78461,        0,  -22921539,          0
 31147,    70,   23000000,      51438,        0,  -22948562,          0
 31147,    71,   23000000,      52855,        0,  -22947145,          0
 31147,    72,   23000000,      51328,        0,  -22948672,          0
 31147,    73,   23000000,      79216,        0,  -22920784,          0
 31147,    74,   23000000,      50996,        0,  -22949004,          0
 31147,    75,   23000000,      52691,        0,  -22947309,          0
 31147,    76,   23000000,      51199,        0,  -22948801,          0
 31147,    77,   23000000,      91069,        0,  -22908931,          0
 31147,    78,   23000000,      52350,        0,  -22947650,          0
 31147,    79,   23000000,      57212,        0,  -22942788,          0
 31147,    80,   23000000,      54098,        0,  -22945902,          0
 31147,    81,   23000000,      75996,        0,  -22924004,          0
 31147,    82,   23000000,      52495,        0,  -22947505,          0
 31147,    83,   23000000,      51409,        0,  -22948591,          0
 31147,    84,   23000000,      53183,        0,  -22946817,          0
 31147,    85,   23000000,      76415,        0,  -22923585,          0
 31147,    86,   23000000,      52131,        0,  -22947869,          0
 31147,    87,   23000000,      51402,        0,  -22948598,          0
 31147,    88,   23000000,      53621,        0,  -22946379,          0
 31147,    89,   23000000,      52629,        0,  -22947371,          0
 31147,    90,   23000000,      51716,        0,  -22948284,          0
 31147,    91,   23000000,      51357,        0,  -22948643,          0
 31147,    92,   23000000,      53152,        0,  -22946848,          0
 31147,    93,   23000000,      76084,        0,  -22923916,          0
 31147,    94,   23000000,      51050,        0,  -22948950,          0
 31147,    95,   23000000,      51045,        0,  -22948955,          0
 31147,    96,   23000000,      53019,        0,  -22946981,          0
 31147,    97,   23000000,      52025,        0,  -22947975,          0
 31147,    98,   23000000,      51481,        0,  -22948519,          0
 31147,    99,   23000000,      52723,        0,  -22947277,          0
 31147,   100,   23000000,      53240,        0,  -22946760,          0
 31147,   101,   23000000,      51385,        0,  -22948615,          0
 31147,   102,   23000000,      52601,        0,  -22947399,          0
 31147,   103,   23000000,      51993,        0,  -22948007,          0
 31147,   104,   23000000,      54193,        0,  -22945807,          0
 31147,   105,   23000000,      51622,        0,  -22948378,          0
 31147,   106,   23000000,      51096,        0,  -22948904,          0
 31147,   107,   23000000,      52805,        0,  -22947195,          0
 31147,   108,   23000000,      87208,        0,  -22912792,          0
 31147,   109,   23000000,      51775,        0,  -22948225,          0
 31147,   110,   23000000,      52628,        0,  -22947372,          0
 31147,   111,   23000000,      51671,        0,  -22948329,          0
 31147,   112,   23000000,      78172,        0,  -22921828,          0
 31147,   113,   23000000,      51399,        0,  -22948601,          0
 31147,   114,   23000000,      50717,        0,  -22949283,          0
 31147,   115,   23000000,      51604,        0,  -22948396,          0
 31147,   116,   23000000,      78850,        0,  -22921150,          0
 31147,   117,   23000000,      62474,        0,  -22937526,          0
 31147,   118,   23000000,      51399,        0,  -22948601,          0
 31147,   119,   23000000,      52693,        0,  -22947307,          0
 31147,   120,   23000000,      76098,        0,  -22923902,          0
 31147,   121,   23000000,      53002,        0,  -22946998,          0
 31147,   122,   23000000,      51354,        0,  -22948646,          0
 31147,   123,   23000000,      53301,        0,  -22946699,          0
 31147,   124,   23000000,      87673,        0,  -22912327,          0
 31147,   125,   23000000,      53045,        0,  -22946955,          0
 31147,   126,   23000000,      51908,        0,  -22948092,          0
 31147,   127,   23000000,      53212,        0,  -22946788,          0
 31147,   128,   23000000,      76801,        0,  -22923199,          0
 31147,   129,   23000000,      52774,        0,  -22947226,          0
 31147,   130,   23000000,      51221,        0,  -22948779,          0
 31147,   131,   23000000,      53326,        0,  -22946674,          0
 31147,   132,   23000000,      51837,        0,  -22948163,          0
 31147,   133,   23000000,      51999,        0,  -22948001,          0
 31147,   134,   23000000,      51304,        0,  -22948696,          0
 31147,   135,   23000000,      52258,        0,  -22947742,          0
 31147,   136,   23000000,      77571,        0,  -22922429,          0
 31147,   137,   23000000,      53639,        0,  -22946361,          0
 31147,   138,   23000000,      51738,        0,  -22948262,          0
 31147,   139,   23000000,      52036,        0,  -22947964,          0
 31147,   140,   23000000,      52584,        0,  -22947416,          0
 31147,   141,   23000000,      52183,        0,  -22947817,          0
 31147,   142,   23000000,      51885,        0,  -22948115,          0
 31147,   143,   23000000,      53202,        0,  -22946798,          0
 31147,   144,   23000000,      51890,        0,  -22948110,          0
 31147,   145,   23000000,      52532,        0,  -22947468,          0
 31147,   146,   23000000,      52325,        0,  -22947675,          0
 31147,   147,   23000000,      52878,        0,  -22947122,          0
 31147,   148,   23000000,      51377,        0,  -22948623,          0
 31147,   149,   23000000,      53634,        0,  -22946366,          0
 31147,   150,   23000000,      51299,        0,  -22948701,          0
 31147,   151,   23000000,      80310,        0,  -22919690,          0
 31147,   152,   23000000,      51697,        0,  -22948303,          0
 31147,   153,   23000000,      53041,        0,  -22946959,          0
 31147,   154,   23000000,      52242,        0,  -22947758,          0
 31147,   155,   23000000,      83065,        0,  -22916935,          0
 31147,   156,   23000000,      52790,        0,  -22947210,          0
 31147,   157,   23000000,      51961,        0,  -22948039,          0
 31147,   158,   23000000,      51233,        0,  -22948767,          0
 31147,   159,   23000000,      77344,        0,  -22922656,          0
 31147,   160,   23000000,      55132,        0,  -22944868,          0
 31147,   161,   23000000,      51146,        0,  -22948854,          0
 31147,   162,   23000000,      52294,        0,  -22947706,          0
 31147,   163,   23000000,      76417,        0,  -22923583,          0
 31147,   164,   23000000,      52916,        0,  -22947084,          0
 31147,   165,   23000000,      51480,        0,  -22948520,          0
 31147,   166,   23000000,      51838,        0,  -22948162,          0
 31147,   167,   23000000,      88775,        0,  -22911225,          0
 31147,   168,   23000000,      53071,        0,  -22946929,          0
 31147,   169,   23000000,      51801,        0,  -22948199,          0
 31147,   170,   23000000,      51313,        0,  -22948687,          0
 31147,   171,   23000000,      89445,        0,  -22910555,          0
 31147,   172,   23000000,      53099,        0,  -22946901,          0
 31147,   173,   23000000,      52754,        0,  -22947246,          0
 31147,   174,   23000000,      51983,        0,  -22948017,          0
 31147,   175,   23000000,      52702,        0,  -22947298,          0
 31147,   176,   23000000,      53044,        0,  -22946956,          0
 31147,   177,   23000000,      50968,        0,  -22949032,          0
 31147,   178,   23000000,      52345,        0,  -22947655,          0
 31147,   179,   23000000,      77041,        0,  -22922959,          0
 31147,   180,   23000000,      53237,        0,  -22946763,          0
 31147,   181,   23000000,      51408,        0,  -22948592,          0
 31147,   182,   23000000,      51273,        0,  -22948727,          0
 31147,   183,   23000000,      77673,        0,  -22922327,          0
 31147,   184,   23000000,      53829,        0,  -22946171,          0
 31147,   185,   23000000,      51581,        0,  -22948419,          0
 31147,   186,   23000000,      51761,        0,  -22948239,          0
 31147,   187,   23000000,      51233,        0,  -22948767,          0
 31147,   188,   23000000,      53152,        0,  -22946848,          0
 31147,   189,   23000000,      51439,        0,  -22948561,          0
 31147,   190,   23000000,      51000,        0,  -22949000,          0
 31147,   191,   23000000,      52129,        0,  -22947871,          0
 31147,   192,   23000000,      52738,        0,  -22947262,          0
 31147,   193,   23000000,      62974,        0,  -22937026,          0
 31147,   194,   23000000,      77796,        0,  -22922204,          0
 31147,   195,   23000000,      53237,        0,  -22946763,          0
 31147,   196,   23000000,      52476,        0,  -22947524,          0
 31147,   197,   23000000,      53231,        0,  -22946769,          0
 31147,   198,   23000000,      51352,        0,  -22948648,          0
 31147,   199,   23000000,      53546,        0,  -22946454,          0
 31147,   200,   23000000,      51884,        0,  -22948116,          0
 31147,   201,   23000000,      52933,        0,  -22947067,          0
 31147,   202,   23000000,      87936,        0,  -22912064,          0
 31147,   203,   23000000,      52827,        0,  -22947173,          0
 31147,   204,   23000000,      51139,        0,  -22948861,          0
 31147,   205,   23000000,      52808,        0,  -22947192,          0
 31147,   206,   23000000,      76920,        0,  -22923080,          0
 31147,   207,   23000000,      53173,        0,  -22946827,          0
 31147,   208,   23000000,      51444,        0,  -22948556,          0
 31147,   209,   23000000,      52977,        0,  -22947023,          0
 31147,   210,   23000000,      77148,        0,  -22922852,          0
 31147,   211,   23000000,      53392,        0,  -22946608,          0
 31147,   212,   23000000,      52261,        0,  -22947739,          0
 31147,   213,   23000000,      52685,        0,  -22947315,          0
 31147,   214,   23000000,      86232,        0,  -22913768,          0
 31147,   215,   23000000,      52457,        0,  -22947543,          0
 31147,   216,   23000000,      51923,        0,  -22948077,          0
 31147,   217,   23000000,      53129,        0,  -22946871,          0
 31147,   218,   23000000,      51611,        0,  -22948389,          0
 31147,   219,   23000000,      52454,        0,  -22947546,          0
 31147,   220,   23000000,      52102,        0,  -22947898,          0
 31147,   221,   23000000,      52186,        0,  -22947814,          0
 31147,   222,   23000000,      85472,        0,  -22914528,          0
 31147,   223,   23000000,      53557,        0,  -22946443,          0
 31147,   224,   23000000,      51482,        0,  -22948518,          0
 31147,   225,   23000000,      57946,        0,  -22942054,          0
 31147,   226,   23000000,      87945,        0,  -22912055,          0
 31147,   227,   23000000,      52692,        0,  -22947308,          0
 31147,   228,   23000000,      52008,        0,  -22947992,          0
 31147,   229,   23000000,      52522,        0,  -22947478,          0
 31147,   230,   23000000,      53395,        0,  -22946605,          0
 31147,   231,   23000000,      57729,        0,  -22942271,          0
 31147,   232,   23000000,      52399,        0,  -22947601,          0
 31147,   233,   23000000,      52934,        0,  -22947066,          0
 31147,   234,   23000000,      52346,        0,  -22947654,          0
 31147,   235,   23000000,      51553,        0,  -22948447,          0
 31147,   236,   23000000,      51017,        0,  -22948983,          0
 31147,   237,   23000000,      78357,        0,  -22921643,          0
 31147,   238,   23000000,      52180,        0,  -22947820,          0
 31147,   239,   23000000,      52035,        0,  -22947965,          0
 31147,   240,   23000000,      51699,        0,  -22948301,          0
 31147,   241,   23000000,      53150,        0,  -22946850,          0
 31147,   242,   23000000,      51682,        0,  -22948318,          0
 31147,   243,   23000000,      52304,        0,  -22947696,          0
 31147,   244,   23000000,      52123,        0,  -22947877,          0
 31147,   245,   23000000,      78186,        0,  -22921814,          0
 31147,   246,   23000000,      51378,        0,  -22948622,          0
 31147,   247,   23000000,      52377,        0,  -22947623,          0
 31147,   248,   23000000,      51149,        0,  -22948851,          0
 31147,   249,   23000000,      78678,        0,  -22921322,          0
 31147,   250,   23000000,      51719,        0,  -22948281,          0
 31147,   251,   23000000,      51454,        0,  -22948546,          0
 31147,   252,   23000000,      51704,        0,  -22948296,          0
 31147,   253,   23000000,      77975,        0,  -22922025,          0
 31147,   254,   23000000,      51977,        0,  -22948023,          0
 31147,   255,   23000000,      51491,        0,  -22948509,          0
 31147,   256,   23000000,      54551,        0,  -22945449,          0
 31147,   257,   23000000,      76561,        0,  -22923439,          0
 31147,   258,   23000000,      51107,        0,  -22948893,          0
 31147,   259,   23000000,      51624,        0,  -22948376,          0
 31147,   260,   23000000,      54312,        0,  -22945688,          0
 31147,   261,   23000000,      58727,        0,  -22941273,          0
 31147,   262,   23000000,      53304,        0,  -22946696,          0
 31147,   263,   23000000,      53024,        0,  -22946976,          0
 31147,   264,   23000000,      52175,        0,  -22947825,          0
 31147,   265,   23000000,      89153,        0,  -22910847,          0
 31147,   266,   23000000,      51326,        0,  -22948674,          0
 31147,   267,   23000000,      52169,        0,  -22947831,          0
 31147,   268,   23000000,      51695,        0,  -22948305,          0
 31147,   269,   23000000,      86138,        0,  -22913862,          0
 31147,   270,   23000000,      62690,        0,  -22937310,          0
 31147,   271,   23000000,      56165,        0,  -22943835,          0
 31147,   272,   23000000,      58071,        0,  -22941929,          0
 31147,   273,   23000000,      87781,        0,  -22912219,          0
 31147,   274,   23000000,      54525,        0,  -22945475,          0
 31147,   275,   23000000,      51451,        0,  -22948549,          0
 31147,   276,   23000000,      52478,        0,  -22947522,          0
 31147,   277,   23000000,      52592,        0,  -22947408,          0
 31147,   278,   23000000,      51915,        0,  -22948085,          0
 31147,   279,   23000000,      51034,        0,  -22948966,          0
 31147,   280,   23000000,      52523,        0,  -22947477,          0
 31147,   281,   23000000,      51853,        0,  -22948147,          0
 31147,   282,   23000000,      52674,        0,  -22947326,          0
 31147,   283,   23000000,      51234,        0,  -22948766,          0
 31147,   284,   23000000,      53911,        0,  -22946089,          0
 31147,   285,   23000000,      52700,        0,  -22947300,          0
 31147,   286,   23000000,      51432,        0,  -22948568,          0
 31147,   287,   23000000,      51495,        0,  -22948505,          0
 31147,   288,   23000000,      88374,        0,  -22911626,          0
 31147,   289,   23000000,      52033,        0,  -22947967,          0
 31147,   290,   23000000,      52988,        0,  -22947012,          0
 31147,   291,   23000000,      51414,        0,  -22948586,          0
 31147,   292,   23000000,      86867,        0,  -22913133,          0
 31147,   293,   23000000,      51606,        0,  -22948394,          0
 31147,   294,   23000000,      51780,        0,  -22948220,          0
 31147,   295,   23000000,      51226,        0,  -22948774,          0
 31147,   296,   23000000,      78841,        0,  -22921159,          0
 31147,   297,   23000000,      51850,        0,  -22948150,          0
 31147,   298,   23000000,      52513,        0,  -22947487,          0
 31147,   299,   23000000,      52073,        0,  -22947927,          0
 31147,   300,   23000000,      86392,        0,  -22913608,          0
 31147,   301,   23000000,      52005,        0,  -22947995,          0
 31147,   302,   23000000,      52614,        0,  -22947386,          0
 31147,   303,   23000000,      52602,        0,  -22947398,          0
 31147,   304,   23000000,      51711,        0,  -22948289,          0
 31147,   305,   23000000,      51907,        0,  -22948093,          0
 31147,   306,   23000000,      51720,        0,  -22948280,          0
 31147,   307,   23000000,      70830,        0,  -22929170,          0
 31147,   308,   23000000,      88091,        0,  -22911909,          0
 31147,   309,   23000000,      53309,        0,  -22946691,          0
 31147,   310,   23000000,      53128,        0,  -22946872,          0
 31147,   311,   23000000,      52343,        0,  -22947657,          0
 31147,   312,   23000000,      53020,        0,  -22946980,          0
 31147,   313,   23000000,      51836,        0,  -22948164,          0
 31147,   314,   23000000,      52972,        0,  -22947028,          0
 31147,   315,   23000000,      50919,        0,  -22949081,          0
 31147,   316,   23000000,      88814,        0,  -22911186,          0
 31147,   317,   23000000,      51196,        0,  -22948804,          0
 31147,   318,   23000000,      53149,        0,  -22946851,          0
 31147,   319,   23000000,      51715,        0,  -22948285,          0
 31147,   320,   23000000,      51039,        0,  -22948961,          0
 31147,   321,   23000000,      53464,        0,  -22946536,          0
 31147,   322,   23000000,      50985,        0,  -22949015,          0
 31147,   323,   23000000,      53701,        0,  -22946299,          0
 31147,   324,   23000000,      52493,        0,  -22947507,          0
 31147,   325,   23000000,      50924,        0,  -22949076,          0
 31147,   326,   23000000,      52652,        0,  -22947348,          0
 31147,   327,   23000000,      52236,        0,  -22947764,          0
 31147,   328,   23000000,      52361,        0,  -22947639,          0
 31147,   329,   23000000,      50921,        0,  -22949079,          0
 31147,   330,   23000000,      52205,        0,  -22947795,          0
 31147,   331,   23000000,      76404,        0,  -22923596,          0
 31147,   332,   23000000,      51793,        0,  -22948207,          0
 31147,   333,   23000000,      53783,        0,  -22946217,          0
 31147,   334,   23000000,      51372,        0,  -22948628,          0
 31147,   335,   23000000,      76241,        0,  -22923759,          0
 31147,   336,   23000000,      51649,        0,  -22948351,          0
 31147,   337,   23000000,      52821,        0,  -22947179,          0
 31147,   338,   23000000,      51778,        0,  -22948222,          0
 31147,   339,   23000000,      78052,        0,  -22921948,          0
 31147,   340,   23000000,      51456,        0,  -22948544,          0
 31147,   341,   23000000,      52024,        0,  -22947976,          0
 31147,   342,   23000000,      50945,        0,  -22949055,          0
 31147,   343,   23000000,      90169,        0,  -22909831,          0
 31147,   344,   23000000,      53265,        0,  -22946735,          0
 31147,   345,   23000000,      62165,        0,  -22937835,          0
 31147,   346,   23000000,      51852,        0,  -22948148,          0
 31147,   347,   23000000,      77478,        0,  -22922522,          0
 31147,   348,   23000000,      52347,        0,  -22947653,          0
 31147,   349,   23000000,      53716,        0,  -22946284,          0
 31147,   350,   23000000,      52402,        0,  -22947598,          0
 31147,   351,   23000000,      75229,        0,  -22924771,          0
 31147,   352,   23000000,      53164,        0,  -22946836,          0
 31147,   353,   23000000,      50711,        0,  -22949289,          0
 31147,   354,   23000000,      52988,        0,  -22947012,          0
 31147,   355,   23000000,      52813,        0,  -22947187,          0
 31147,   356,   23000000,      51914,        0,  -22948086,          0
 31147,   357,   23000000,      51087,        0,  -22948913,          0
 31147,   358,   23000000,      53063,        0,  -22946937,          0
 31147,   359,   23000000,      77306,        0,  -22922694,          0
 31147,   360,   23000000,      52498,        0,  -22947502,          0
 31147,   361,   23000000,      51729,        0,  -22948271,          0
 31147,   362,   23000000,      52248,        0,  -22947752,          0
 31147,   363,   23000000,      79007,        0,  -22920993,          0
 31147,   364,   23000000,      52831,        0,  -22947169,          0
 31147,   365,   23000000,      52143,        0,  -22947857,          0
 31147,   366,   23000000,      51898,        0,  -22948102,          0
 31147,   367,   23000000,      51169,        0,  -22948831,          0
 31147,   368,   23000000,      51475,        0,  -22948525,          0
 31147,   369,   23000000,      51781,        0,  -22948219,          0
 31147,   370,   23000000,      53326,        0,  -22946674,          0
 31147,   371,   23000000,      51749,        0,  -22948251,          0
 31147,   372,   23000000,      51760,        0,  -22948240,          0
 31147,   373,   23000000,      52620,        0,  -22947380,          0
 31147,   374,   23000000,      78278,        0,  -22921722,          0
 31147,   375,   23000000,      52989,        0,  -22947011,          0
 31147,   376,   23000000,      51725,        0,  -22948275,          0
 31147,   377,   23000000,      51153,        0,  -22948847,          0
 31147,   378,   23000000,      83942,        0,  -22916058,          0
 31147,   379,   23000000,      52071,        0,  -22947929,          0
 31147,   380,   23000000,      52127,        0,  -22947873,          0
 31147,   381,   23000000,      52467,        0,  -22947533,          0
 31147,   382,   23000000,      86760,        0,  -22913240,          0
 31147,   383,   23000000,      62170,        0,  -22937830,          0
 31147,   384,   23000000,      53172,        0,  -22946828,          0
 31147,   385,   23000000,      51862,        0,  -22948138,          0
 31147,   386,   23000000,      89216,        0,  -22910784,          0
 31147,   387,   23000000,      53152,        0,  -22946848,          0
 31147,   388,   23000000,      51186,        0,  -22948814,          0
 31147,   389,   23000000,      52382,        0,  -22947618,          0
 31147,   390,   23000000,      87011,        0,  -22912989,          0
 31147,   391,   23000000,      57847,        0,  -22942153,          0
 31147,   392,   23000000,      52409,        0,  -22947591,          0
 31147,   393,   23000000,      52803,        0,  -22947197,          0
 31147,   394,   23000000,      78221,        0,  -22921779,          0
 31147,   395,   23000000,      50829,        0,  -22949171,          0
 31147,   396,   23000000,      52403,        0,  -22947597,          0
 31147,   397,   23000000,      50869,        0,  -22949131,          0
 31147,   398,   23000000,      52699,        0,  -22947301,          0
 31147,   399,   23000000,      52660,        0,  -22947340,          0
 31147,   400,   23000000,      53080,        0,  -22946920,          0
 31147,   401,   23000000,      51247,        0,  -22948753,          0
 31147,   402,   23000000,      88499,        0,  -22911501,          0
 31147,   403,   23000000,      51345,        0,  -22948655,          0
 31147,   404,   23000000,      52840,        0,  -22947160,          0
 31147,   405,   23000000,      51045,        0,  -22948955,          0
 31147,   406,   23000000,      89398,        0,  -22910602,          0
 31147,   407,   23000000,      51727,        0,  -22948273,          0
 31147,   408,   23000000,      52901,        0,  -22947099,          0
 31147,   409,   23000000,      50659,        0,  -22949341,          0
 31147,   410,   23000000,      53954,        0,  -22946046,          0
 31147,   411,   23000000,      51339,        0,  -22948661,          0
 31147,   412,   23000000,      53812,        0,  -22946188,          0
 31147,   413,   23000000,      51556,        0,  -22948444,          0
 31147,   414,   23000000,      51922,        0,  -22948078,          0
 31147,   415,   23000000,      52617,        0,  -22947383,          0
 31147,   416,   23000000,      51168,        0,  -22948832,          0
 31147,   417,   23000000,      77889,        0,  -22922111,          0
 31147,   418,   23000000,      52911,        0,  -22947089,          0
 31147,   419,   23000000,      51631,        0,  -22948369,          0
 31147,   420,   23000000,      52400,        0,  -22947600,          0
 31147,   421,   23000000,      83233,        0,  -22916767,          0
 31147,   422,   23000000,      51637,        0,  -22948363,          0
 31147,   423,   23000000,      54707,        0,  -22945293,          0
 31147,   424,   23000000,      51593,        0,  -22948407,          0
 31147,   425,   23000000,      76774,        0,  -22923226,          0
 31147,   426,   23000000,      51509,        0,  -22948491,          0
 31147,   427,   23000000,      51655,        0,  -22948345,          0
 31147,   428,   23000000,      51690,        0,  -22948310,          0
 31147,   429,   23000000,      77138,        0,  -22922862,          0
 31147,   430,   23000000,      51917,        0,  -22948083,          0
 31147,   431,   23000000,      50519,        0,  -22949481,          0
 31147,   432,   23000000,      52671,        0,  -22947329,          0
 31147,   433,   23000000,      89797,        0,  -22910203,          0
 31147,   434,   23000000,      53375,        0,  -22946625,          0
 31147,   435,   23000000,      51043,        0,  -22948957,          0
 31147,   436,   23000000,      52108,        0,  -22947892,          0
 31147,   437,   23000000,      79302,        0,  -22920698,          0
 31147,   438,   23000000,      54238,        0,  -22945762,          0
# task NAME=myapp PID=31151 COST=72482000 PERIOD=90000000 CPU=0
 31151,     2,   90000000,      14753,        0,  -89985247,          0
 31151,     3,   90000000,      53198,        0,  -89946802,          0
 31151,     4,   90000000,   72186095,        0,  -17813905,          0
 31151,     5,   90000000,   71386708,        0,  -18613292,          0
 31151,     6,   90000000,   71339905,        0,  -18660095,          0
 31151,     7,   90000000,   71074831,        0,  -18925169,          0
 31151,     8,   90000000,   71059128,        0,  -18940872,          0
 31151,     9,   90000000,   71401790,        0,  -18598210,          0
 31151,    10,   90000000,   71387414,        0,  -18612586,          0
 31151,    11,   90000000,   71108750,        0,  -18891250,          0
 31151,    12,   90000000,   71340514,        0,  -18659486,          0
 31151,    13,   90000000,   71377369,        0,  -18622631,          0
 31151,    14,   90000000,   71063002,        0,  -18936998,          0
 31151,    15,   90000000,   71045334,        0,  -18954666,          0
 31151,    16,   90000000,   71345336,        0,  -18654664,          0
 31151,    17,   90000000,   71347550,        0,  -18652450,          0
 31151,    18,   90000000,   71088869,        0,  -18911131,          0
 31151,    19,   90000000,   71056440,        0,  -18943560,          0
 31151,    20,   90000000,   71350023,        0,  -18649977,          0
 31151,    21,   90000000,   71336635,        0,  -18663365,          0
 31151,    22,   90000000,   71076121,        0,  -18923879,          0
 31151,    23,   90000000,   71363241,        0,  -18636759,          0
 31151,    24,   90000000,   71358507,        0,  -18641493,          0
 31151,    25,   90000000,   71051043,        0,  -18948957,          0
 31151,    26,   90000000,   71041987,        0,  -18958013,          0
 31151,    27,   90000000,   71355334,        0,  -18644666,          0
 31151,    28,   90000000,   71341050,        0,  -18658950,          0
 31151,    29,   90000000,   71060261,        0,  -18939739,          0
 31151,    30,   90000000,   71332335,        0,  -18667665,          0
 31151,    31,   90000000,   71334470,        0,  -18665530,          0
 31151,    32,   90000000,   71063067,        0,  -18936933,          0
 31151,    33,   90000000,   71056495,        0,  -18943505,          0
 31151,    34,   90000000,   71339389,        0,  -18660611,          0
 31151,    35,   90000000,   71402318,        0,  -18597682,          0
 31151,    36,   90000000,   71021354,        0,  -18978646,          0
 31151,    37,   90000000,   71357373,        0,  -18642627,          0
 31151,    38,   90000000,   71341984,        0,  -18658016,          0
 31151,    39,   90000000,   71068935,        0,  -18931065,          0
 31151,    40,   90000000,   71045119,        0,  -18954881,          0
 31151,    41,   90000000,   71341475,        0,  -18658525,          0
 31151,    42,   90000000,   71319755,        0,  -18680245,          0
 31151,    43,   90000000,   71061273,        0,  -18938727,          0
 31151,    44,   90000000,   71061044,        0,  -18938956,          0
 31151,    45,   90000000,   71359521,        0,  -18640479,          0
 31151,    46,   90000000,   71425995,        0,  -18574005,          0
 31151,    47,   90000000,   71080181,        0,  -18919819,          0
 31151,    48,   90000000,   71340161,        0,  -18659839,          0
 31151,    49,   90000000,   71362369,        0,  -18637631,          0
 31151,    50,   90000000,   71075474,        0,  -18924526,          0
 31151,    51,   90000000,   71067164,        0,  -18932836,          0
 31151,    52,   90000000,   71322595,        0,  -18677405,          0
 31151,    53,   90000000,   71343202,        0,  -18656798,          0
 31151,    54,   90000000,   71065588,        0,  -18934412,          0
 31151,    55,   90000000,   71341872,        0,  -18658128,          0
 31151,    56,   90000000,   71345028,        0,  -18654972,          0
 31151,    57,   90000000,   71131708,        0,  -18868292,          0
 31151,    58,   90000000,   71060226,        0,  -18939774,          0
 31151,    59,   90000000,   71392804,        0,  -18607196,          0
 31151,    60,   90000000,   71353302,        0,  -18646698,          0
 31151,    61,   90000000,   71083748,        0,  -18916252,          0
 31151,    62,   90000000,   71373326,        0,  -18626674,          0
 31151,    63,   90000000,   71322935,        0,  -18677065,          0
 31151,    64,   90000000,   71070005,        0,  -18929995,          0
 31151,    65,   90000000,   71068672,        0,  -18931328,          0
 31151,    66,   90000000,   71334962,        0,  -18665038,          0
 31151,    67,   90000000,   71362570,        0,  -18637430,          0
 31151,    68,   90000000,   71209411,        0,  -18790589,          0
 31151,    69,   90000000,   71050408,        0,  -18949592,          0
 31151,    70,   90000000,   71349435,        0,  -18650565,          0
 31151,    71,   90000000,   71423349,        0,  -18576651,          0
 31151,    72,   90000000,   71152297,        0,  -18847703,          0
 31151,    73,   90000000,   71450529,        0,  -18549471,          0
 31151,    74,   90000000,   71395025,        0,  -18604975,          0
 31151,    75,   90000000,   71163465,        0,  -18836535,          0
 31151,    76,   90000000,   71146619,        0,  -18853381,          0
 31151,    77,   90000000,   71432011,        0,  -18567989,          0
 31151,    78,   90000000,   71404630,        0,  -18595370,          0
 31151,    79,   90000000,   71222165,        0,  -18777835,          0
 31151,    80,   90000000,   71416756,        0,  -18583244,          0
 31151,    81,   90000000,   71466727,        0,  -18533273,          0
 31151,    82,   90000000,   71145065,        0,  -18854935,          0
 31151,    83,   90000000,   71187414,        0,  -18812586,          0
 31151,    84,   90000000,   71467212,        0,  -18532788,          0
 31151,    85,   90000000,   71437006,        0,  -18562994,          0
 31151,    86,   90000000,   71192221,        0,  -18807779,          0
 31151,    87,   90000000,   71482332,        0,  -18517668,          0
 31151,    88,   90000000,   71470769,        0,  -18529231,          0
 31151,    89,   90000000,   71201748,        0,  -18798252,          0
 31151,    90,   90000000,   71215428,        0,  -18784572,          0
 31151,    91,   90000000,   71738667,        0,  -18261333,          0
 31151,    92,   90000000,   71467505,        0,  -18532495,          0
 31151,    93,   90000000,   71158136,        0,  -18841864,          0
 31151,    94,   90000000,   71188867,        0,  -18811133,          0
 31151,    95,   90000000,   71459239,        0,  -18540761,          0
 31151,    96,   90000000,   71473870,        0,  -18526130,          0
 31151,    97,   90000000,   71213658,        0,  -18786342,          0
 31151,    98,   90000000,   71454018,        0,  -18545982,          0
 31151,    99,   90000000,   71467982,        0,  -18532018,          0
 31151,   100,   90000000,   71173073,        0,  -18826927,          0
 31151,   101,   90000000,   71198488,        0,  -18801512,          0
 31151,   102,   90000000,   71455262,        0,  -18544738,          0
 31151,   103,   90000000,   71465053,        0,  -18534947,          0
 31151,   104,   90000000,   71176987,        0,  -18823013,          0
 31151,   105,   90000000,   71439549,        0,  -18560451,          0
 31151,   106,   90000000,   71451102,        0,  -18548898,          0
 31151,   107,   90000000,   71179070,        0,  -18820930,          0
 31151,   108,   90000000,   71195671,        0,  -18804329,          0
 31151,   109,   90000000,   71441266,        0,  -18558734,          0
 31151,   110,   90000000,   71464774,        0,  -18535226,          0
 31151,   111,   90000000,   71180439,        0,  -18819561,          0
 31151,   112,   90000000,   71427640,        0,  -18572360,          0
 31151,   113,   90000000,   71450749,        0,  -18549251,          0
 31151,   114,   90000000,   71210204,        0,  -18789796,          0
 31151,   115,   90000000,   71197874,        0,  -18802126,          0
