# Task,   Job,     Period,   Response, DL Miss?,   Lateness,  Tardiness
# task NAME=myapp PID=23293 COST=22990000 PERIOD=30000000 CPU=0
 23293,     2,   30000000,       9290,        0,  -29990710,          0
 23293,     3,   30000000,      43568,        0,  -29956432,          0
 23293,     4,   30000000,   23551724,        0,   -6448276,          0
 23293,     5,   30000000,   22569903,        0,   -7430097,          0
 23293,     6,   30000000,   22523947,        0,   -7476053,          0
 23293,     7,   30000000,   22842673,        0,   -7157327,          0
 23293,     8,   30000000,   22515578,        0,   -7484422,          0
 23293,     9,   30000000,   22511783,        0,   -7488217,          0
 23293,    10,   30000000,   22555378,        0,   -7444622,          0
 23293,    11,   30000000,   22889785,        0,   -7110215,          0
 23293,    12,   30000000,   22553034,        0,   -7446966,          0
 23293,    13,   30000000,   22652888,        0,   -7347112,          0
 23293,    14,   30000000,   22544597,        0,   -7455403,          0
 23293,    15,   30000000,   22885196,        0,   -7114804,          0
 23293,    16,   30000000,   22718208,        0,   -7281792,          0
 23293,    17,   30000000,   22664685,        0,   -7335315,          0
 23293,    18,   30000000,   22657648,        0,   -7342352,          0
 23293,    19,   30000000,   22825167,        0,   -7174833,          0
 23293,    20,   30000000,   22531816,        0,   -7468184,          0
 23293,    21,   30000000,   22535030,        0,   -7464970,          0
 23293,    22,   30000000,   22781123,        0,   -7218877,          0
 23293,    23,   30000000,   22812537,        0,   -7187463,          0
 23293,    24,   30000000,   22521198,        0,   -7478802,          0
 23293,    25,   30000000,   22568253,        0,   -7431747,          0
 23293,    26,   30000000,   22515253,        0,   -7484747,          0
 23293,    27,   30000000,   22528866,        0,   -7471134,          0
 23293,    28,   30000000,   22548976,        0,   -7451024,          0
 23293,    29,   30000000,   22537586,        0,   -7462414,          0
 23293,    30,   30000000,   22536551,        0,   -7463449,          0
 23293,    31,   30000000,   22582779,        0,   -7417221,          0
 23293,    32,   30000000,   22794483,        0,   -7205517,          0
 23293,    33,   30000000,   22611097,        0,   -7388903,          0
 23293,    34,   30000000,   22535808,        0,   -7464192,          0
 23293,    35,   30000000,   22520858,        0,   -7479142,          0
 23293,    36,   30000000,   22817473,        0,   -7182527,          0
 23293,    37,   30000000,   22530785,        0,   -7469215,          0
 23293,    38,   30000000,   22533000,        0,   -7467000,          0
 23293,    39,   30000000,   22537646,        0,   -7462354,          0
 23293,    40,   30000000,   22879104,        0,   -7120896,          0
 23293,    41,   30000000,   22514342,        0,   -7485658,          0
 23293,    42,   30000000,   22536765,        0,   -7463235,          0
 23293,    43,   30000000,   22514776,        0,   -7485224,          0
 23293,    44,   30000000,   22811624,        0,   -7188376,          0
 23293,    45,   30000000,   22507392,        0,   -7492608,          0
 23293,    46,   30000000,   22530905,        0,   -7469095,          0
 23293,    47,   30000000,   22620997,        0,   -7379003,          0
 23293,    48,   30000000,   22849657,        0,   -7150343,          0
 23293,    49,   30000000,   22745498,        0,   -7254502,          0
 23293,    50,   30000000,   22548611,        0,   -7451389,          0
 23293,    51,   30000000,   22566407,        0,   -7433593,          0
 23293,    52,   30000000,   22526431,        0,   -7473569,          0
 23293,    53,   30000000,   22627158,        0,   -7372842,          0
 23293,    54,   30000000,   22627966,        0,   -7372034,          0
 23293,    55,   30000000,   22559803,        0,   -7440197,          0
 23293,    56,   30000000,   22612247,        0,   -7387753,          0
 23293,    57,   30000000,   22849909,        0,   -7150091,          0
 23293,    58,   30000000,   22522389,        0,   -7477611,          0
 23293,    59,   30000000,   22616538,        0,   -7383462,          0
 23293,    60,   30000000,   22517475,        0,   -7482525,          0
 23293,    61,   30000000,   22905272,        0,   -7094728,          0
 23293,    62,   30000000,   22605272,        0,   -7394728,          0
 23293,    63,   30000000,   22512317,        0,   -7487683,          0
 23293,    64,   30000000,   22521016,        0,   -7478984,          0
 23293,    65,   30000000,   22810979,        0,   -7189021,          0
 23293,    66,   30000000,   22568586,        0,   -7431414,          0
 23293,    67,   30000000,   22521812,        0,   -7478188,          0
 23293,    68,   30000000,   22514809,        0,   -7485191,          0
 23293,    69,   30000000,   22802822,        0,   -7197178,          0
 23293,    70,   30000000,   22634456,        0,   -7365544,          0
 23293,    71,   30000000,   22519882,        0,   -7480118,          0
 23293,    72,   30000000,   22526680,        0,   -7473320,          0
 23293,    73,   30000000,   22839886,        0,   -7160114,          0
 23293,    74,   30000000,   22544768,        0,   -7455232,          0
 23293,    75,   30000000,   22645404,        0,   -7354596,          0
 23293,    76,   30000000,   22629197,        0,   -7370803,          0
 23293,    77,   30000000,   22605364,        0,   -7394636,          0
 23293,    78,   30000000,   22519388,        0,   -7480612,          0
 23293,    79,   30000000,   22557099,        0,   -7442901,          0
 23293,    80,   30000000,   22541612,        0,   -7458388,          0
 23293,    81,   30000000,   22514523,        0,   -7485477,          0
 23293,    82,   30000000,   22847320,        0,   -7152680,          0
 23293,    83,   30000000,   22606090,        0,   -7393910,          0
 23293,    84,   30000000,   22554997,        0,   -7445003,          0
 23293,    85,   30000000,   22529059,        0,   -7470941,          0
 23293,    86,   30000000,   22919390,        0,   -7080610,          0
 23293,    87,   30000000,   22523330,        0,   -7476670,          0
 23293,    88,   30000000,   22548744,        0,   -7451256,          0
 23293,    89,   30000000,   22512356,        0,   -7487644,          0
 23293,    90,   30000000,   22794641,        0,   -7205359,          0
 23293,    91,   30000000,   22619954,        0,   -7380046,          0
 23293,    92,   30000000,   22616313,        0,   -7383687,          0
 23293,    93,   30000000,   22600278,        0,   -7399722,          0
 23293,    94,   30000000,   22823568,        0,   -7176432,          0
 23293,    95,   30000000,   22523499,        0,   -7476501,          0
 23293,    96,   30000000,   22614549,        0,   -7385451,          0
 23293,    97,   30000000,   22638838,        0,   -7361162,          0
 23293,    98,   30000000,   22911188,        0,   -7088812,          0
 23293,    99,   30000000,   22630221,        0,   -7369779,          0
 23293,   100,   30000000,   22551556,        0,   -7448444,          0
 23293,   101,   30000000,   22525518,        0,   -7474482,          0
 23293,   102,   30000000,   22531036,        0,   -7468964,          0
 23293,   103,   30000000,   22550344,        0,   -7449656,          0
 23293,   104,   30000000,   22539762,        0,   -7460238,          0
 23293,   105,   30000000,   22521487,        0,   -7478513,          0
 23293,   106,   30000000,   22563183,        0,   -7436817,          0
 23293,   107,   30000000,   22953116,        0,   -7046884,          0
 23293,   108,   30000000,   22623437,        0,   -7376563,          0
 23293,   109,   30000000,   22548040,        0,   -7451960,          0
 23293,   110,   30000000,   22532571,        0,   -7467429,          0
 23293,   111,   30000000,   22978713,        0,   -7021287,          0
 23293,   112,   30000000,   22615932,        0,   -7384068,          0
 23293,   113,   30000000,   22517235,        0,   -7482765,          0
 23293,   114,   30000000,   22549962,        0,   -7450038,          0
 23293,   115,   30000000,   22814393,        0,   -7185607,          0
 23293,   116,   30000000,   22621011,        0,   -7378989,          0
 23293,   117,   30000000,   22525929,        0,   -7474071,          0
 23293,   118,   30000000,   22532687,        0,   -7467313,          0
 23293,   119,   30000000,   22832562,        0,   -7167438,          0
 23293,   120,   30000000,   22636616,        0,   -7363384,          0
 23293,   121,   30000000,   22541929,        0,   -7458071,          0
 23293,   122,   30000000,   22525181,        0,   -7474819,          0
 23293,   123,   30000000,   22907321,        0,   -7092679,          0
 23293,   124,   30000000,   22538813,        0,   -7461187,          0
 23293,   125,   30000000,   22525946,        0,   -7474054,          0
 23293,   126,   30000000,   22512628,        0,   -7487372,          0
 23293,   127,   30000000,   22517653,        0,   -7482347,          0
 23293,   128,   30000000,   22522446,        0,   -7477554,          0
 23293,   129,   30000000,   22545719,        0,   -7454281,          0
 23293,   130,   30000000,   22535865,        0,   -7464135,          0
 23293,   131,   30000000,   22582987,        0,   -7417013,          0
 23293,   132,   30000000,   22794388,        0,   -7205612,          0
 23293,   133,   30000000,   22544029,        0,   -7455971,          0
 23293,   134,   30000000,   22509840,        0,   -7490160,          0
 23293,   135,   30000000,   22509268,        0,   -7490732,          0
 23293,   136,   30000000,   22817553,        0,   -7182447,          0
 23293,   137,   30000000,   22520243,        0,   -7479757,          0
 23293,   138,   30000000,   22639281,        0,   -7360719,          0
 23293,   139,   30000000,   22606603,        0,   -7393397,          0
 23293,   140,   30000000,   22797903,        0,   -7202097,          0
 23293,   141,   30000000,   22568312,        0,   -7431688,          0
 23293,   142,   30000000,   22530341,        0,   -7469659,          0
 23293,   143,   30000000,   22572679,        0,   -7427321,          0
 23293,   144,   30000000,   22829831,        0,   -7170169,          0
 23293,   145,   30000000,   22528794,        0,   -7471206,          0
 23293,   146,   30000000,   22521001,        0,   -7478999,          0
 23293,   147,   30000000,   22543478,        0,   -7456522,          0
 23293,   148,   30000000,   22792048,        0,   -7207952,          0
 23293,   149,   30000000,   22538826,        0,   -7461174,          0
 23293,   150,   30000000,   22536776,        0,   -7463224,          0
 23293,   151,   30000000,   22508715,        0,   -7491285,          0
 23293,   152,   30000000,   22617094,        0,   -7382906,          0
 23293,   153,   30000000,   22539919,        0,   -7460081,          0
 23293,   154,   30000000,   22560385,        0,   -7439615,          0
 23293,   155,   30000000,   22548410,        0,   -7451590,          0
 23293,   156,   30000000,   22557880,        0,   -7442120,          0
 23293,   157,   30000000,   22798120,        0,   -7201880,          0
 23293,   158,   30000000,   22530606,        0,   -7469394,          0
 23293,   159,   30000000,   22528850,        0,   -7471150,          0
 23293,   160,   30000000,   22629470,        0,   -7370530,          0
 23293,   161,   30000000,   22949776,        0,   -7050224,          0
 23293,   162,   30000000,   22545935,        0,   -7454065,          0
 23293,   163,   30000000,   22512712,        0,   -7487288,          0
 23293,   164,   30000000,   22538080,        0,   -7461920,          0
 23293,   165,   30000000,   22879130,        0,   -7120870,          0
 23293,   166,   30000000,   22628848,        0,   -7371152,          0
 23293,   167,   30000000,   22583657,        0,   -7416343,          0
 23293,   168,   30000000,   22710641,        0,   -7289359,          0
 23293,   169,   30000000,   22931014,        0,   -7068986,          0
 23293,   170,   30000000,   22523322,        0,   -7476678,          0
 23293,   171,   30000000,   22520058,        0,   -7479942,          0
 23293,   172,   30000000,   22613511,        0,   -7386489,          0
 23293,   173,   30000000,   22804500,        0,   -7195500,          0
 23293,   174,   30000000,   22532879,        0,   -7467121,          0
 23293,   175,   30000000,   22558331,        0,   -7441669,          0
 23293,   176,   30000000,   22629744,        0,   -7370256,          0
 23293,   177,   30000000,   22534117,        0,   -7465883,          0
 23293,   178,   30000000,   22634992,        0,   -7365008,          0
 23293,   179,   30000000,   22650298,        0,   -7349702,          0
 23293,   180,   30000000,   22522252,        0,   -7477748,          0
 23293,   181,   30000000,   22528093,        0,   -7471907,          0
 23293,   182,   30000000,   22803261,        0,   -7196739,          0
 23293,   183,   30000000,   23335868,        0,   -6664132,          0
 23293,   184,   30000000,   22639897,        0,   -7360103,          0
 23293,   185,   30000000,   22537149,        0,   -7462851,          0
 23293,   186,   30000000,   22810148,        0,   -7189852,          0
 23293,   187,   30000000,   22526290,        0,   -7473710,          0
 23293,   188,   30000000,   22563865,        0,   -7436135,          0
 23293,   189,   30000000,   22516307,        0,   -7483693,          0
 23293,   190,   30000000,   22860227,        0,   -7139773,          0
 23293,   191,   30000000,   22515517,        0,   -7484483,          0
 23293,   192,   30000000,   22550269,        0,   -7449731,          0
 23293,   193,   30000000,   22549264,        0,   -7450736,          0
 23293,   194,   30000000,   22809158,        0,   -7190842,          0
 23293,   195,   30000000,   22561109,        0,   -7438891,          0
 23293,   196,   30000000,   22518841,        0,   -7481159,          0
 23293,   197,   30000000,   22524700,        0,   -7475300,          0
 23293,   198,   30000000,   22787677,        0,   -7212323,          0
 23293,   199,   30000000,   22529382,        0,   -7470618,          0
 23293,   200,   30000000,   22527965,        0,   -7472035,          0
 23293,   201,   30000000,   22655100,        0,   -7344900,          0
 23293,   202,   30000000,   22520326,        0,   -7479674,          0
 23293,   203,   30000000,   22610238,        0,   -7389762,          0
 23293,   204,   30000000,   22634622,        0,   -7365378,          0
 23293,   205,   30000000,   22550773,        0,   -7449227,          0
 23293,   206,   30000000,   22519131,        0,   -7480869,          0
 23293,   207,   30000000,   22814064,        0,   -7185936,          0
 23293,   208,   30000000,   22547291,        0,   -7452709,          0
 23293,   209,   30000000,   22521257,        0,   -7478743,          0
 23293,   210,   30000000,   22545715,        0,   -7454285,          0
 23293,   211,   30000000,   22852215,        0,   -7147785,          0
 23293,   212,   30000000,   22550671,        0,   -7449329,          0
 23293,   213,   30000000,   22665876,        0,   -7334124,          0
 23293,   214,   30000000,   22637693,        0,   -7362307,          0
 23293,   215,   30000000,   22924339,        0,   -7075661,          0
 23293,   216,   30000000,   22603080,        0,   -7396920,          0
 23293,   217,   30000000,   22669788,        0,   -7330212,          0
 23293,   218,   30000000,   22670002,        0,   -7329998,          0
 23293,   219,   30000000,   22823429,        0,   -7176571,          0
 23293,   220,   30000000,   22546484,        0,   -7453516,          0
 23293,   221,   30000000,   22532492,        0,   -7467508,          0
 23293,   222,   30000000,   22521337,        0,   -7478663,          0
 23293,   223,   30000000,   22800662,        0,   -7199338,          0
 23293,   224,   30000000,   22546041,        0,   -7453959,          0
 23293,   225,   30000000,   22517619,        0,   -7482381,          0
 23293,   226,   30000000,   22572040,        0,   -7427960,          0
 23293,   227,   30000000,   22524667,        0,   -7475333,          0
 23293,   228,   30000000,   22905069,        0,   -7094931,          0
 23293,   229,   30000000,   22538337,        0,   -7461663,          0
 23293,   230,   30000000,   22523998,        0,   -7476002,          0
 23293,   231,   30000000,   22517482,        0,   -7482518,          0
 23293,   232,   30000000,   22819005,        0,   -7180995,          0
 23293,   233,   30000000,   22515341,        0,   -7484659,          0
 23293,   234,   30000000,   22543136,        0,   -7456864,          0
 23293,   235,   30000000,   22555140,        0,   -7444860,          0
 23293,   236,   30000000,   22805496,        0,   -7194504,          0
 23293,   237,   30000000,   22615226,        0,   -7384774,          0
 23293,   238,   30000000,   22626783,        0,   -7373217,          0
 23293,   239,   30000000,   22542623,        0,   -7457377,          0
 23293,   240,   30000000,   22786912,        0,   -7213088,          0
 23293,   241,   30000000,   22524343,        0,   -7475657,          0
 23293,   242,   30000000,   22505501,        0,   -7494499,          0
 23293,   243,   30000000,   22512434,        0,   -7487566,          0
 23293,   244,   30000000,   22892535,        0,   -7107465,          0
 23293,   245,   30000000,   22621586,        0,   -7378414,          0
 23293,   246,   30000000,   22567864,        0,   -7432136,          0
 23293,   247,   30000000,   22650946,        0,   -7349054,          0
 23293,   248,   30000000,   22892192,        0,   -7107808,          0
 23293,   249,   30000000,   22524820,        0,   -7475180,          0
 23293,   250,   30000000,   22520770,        0,   -7479230,          0
 23293,   251,   30000000,   22519492,        0,   -7480508,          0
 23293,   252,   30000000,   22544258,        0,   -7455742,          0
 23293,   253,   30000000,   22541121,        0,   -7458879,          0
 23293,   254,   30000000,   22536672,        0,   -7463328,          0
 23293,   255,   30000000,   22521527,        0,   -7478473,          0
 23293,   256,   30000000,   22526368,        0,   -7473632,          0
 23293,   257,   30000000,   22796332,        0,   -7203668,          0
 23293,   258,   30000000,   22537538,        0,   -7462462,          0
 23293,   259,   30000000,   22519986,        0,   -7480014,          0
 23293,   260,   30000000,   22527373,        0,   -7472627,          0
 23293,   261,   30000000,   22796818,        0,   -7203182,          0
 23293,   262,   30000000,   22537929,        0,   -7462071,          0
 23293,   263,   30000000,   22545409,        0,   -7454591,          0
 23293,   264,   30000000,   22582278,        0,   -7417722,          0
 23293,   265,   30000000,   22826529,        0,   -7173471,          0
 23293,   266,   30000000,   22523159,        0,   -7476841,          0
 23293,   267,   30000000,   22512637,        0,   -7487363,          0
 23293,   268,   30000000,   22609466,        0,   -7390534,          0
 23293,   269,   30000000,   22936261,        0,   -7063739,          0
 23293,   270,   30000000,   22630411,        0,   -7369589,          0
 23293,   271,   30000000,   22510767,        0,   -7489233,          0
 23293,   272,   30000000,   22525686,        0,   -7474314,          0
 23293,   273,   30000000,   22807823,        0,   -7192177,          0
 23293,   274,   30000000,   22517171,        0,   -7482829,          0
 23293,   275,   30000000,   22517271,        0,   -7482729,          0
 23293,   276,   30000000,   22522142,        0,   -7477858,          0
 23293,   277,   30000000,   22601345,        0,   -7398655,          0
 23293,   278,   30000000,   22654172,        0,   -7345828,          0
 23293,   279,   30000000,   22533548,        0,   -7466452,          0
 23293,   280,   30000000,   22530201,        0,   -7469799,          0
 23293,   281,   30000000,   22529459,        0,   -7470541,          0
 23293,   282,   30000000,   22813242,        0,   -7186758,          0
 23293,   283,   30000000,   22757343,        0,   -7242657,          0
 23293,   284,   30000000,   22518705,        0,   -7481295,          0
 23293,   285,   30000000,   22523662,        0,   -7476338,          0
 23293,   286,   30000000,   22810518,        0,   -7189482,          0
 23293,   287,   30000000,   22598942,        0,   -7401058,          0
 23293,   288,   30000000,   22514204,        0,   -7485796,          0
 23293,   289,   30000000,   22553315,        0,   -7446685,          0
 23293,   290,   30000000,   22820606,        0,   -7179394,          0
 23293,   291,   30000000,   22645244,        0,   -7354756,          0
 23293,   292,   30000000,   22531658,        0,   -7468342,          0
 23293,   293,   30000000,   22566633,        0,   -7433367,          0
 23293,   294,   30000000,   22792246,        0,   -7207754,          0
 23293,   295,   30000000,   22524312,        0,   -7475688,          0
 23293,   296,   30000000,   22559609,        0,   -7440391,          0
 23293,   297,   30000000,   22714877,        0,   -7285123,          0
 23293,   298,   30000000,   22793896,        0,   -7206104,          0
 23293,   299,   30000000,   22553639,        0,   -7446361,          0
 23293,   300,   30000000,   22525723,        0,   -7474277,          0
 23293,   301,   30000000,   22575803,        0,   -7424197,          0
 23293,   302,   30000000,   22531257,        0,   -7468743,          0
 23293,   303,   30000000,   22544911,        0,   -7455089,          0
 23293,   304,   30000000,   22621731,        0,   -7378269,          0
 23293,   305,   30000000,   22666264,        0,   -7333736,          0
 23293,   306,   30000000,   22629589,        0,   -7370411,          0
 23293,   307,   30000000,   22797050,        0,   -7202950,          0
 23293,   308,   30000000,   22611469,        0,   -7388531,          0
 23293,   309,   30000000,   22553106,        0,   -7446894,          0
 23293,   310,   30000000,   22609940,        0,   -7390060,          0
 23293,   311,   30000000,   22814060,        0,   -7185940,          0
 23293,   312,   30000000,   22524140,        0,   -7475860,          0
 23293,   313,   30000000,   22560853,        0,   -7439147,          0
 23293,   314,   30000000,   22542980,        0,   -7457020,          0
 23293,   315,   30000000,   22792084,        0,   -7207916,          0
 23293,   316,   30000000,   22630273,        0,   -7369727,          0
 23293,   317,   30000000,   22524024,        0,   -7475976,          0
 23293,   318,   30000000,   22540190,        0,   -7459810,          0
 23293,   319,   30000000,   22943128,        0,   -7056872,          0
 23293,   320,   30000000,   22667122,        0,   -7332878,          0
 23293,   321,   30000000,   22619998,        0,   -7380002,          0
 23293,   322,   30000000,   22536694,        0,   -7463306,          0
 23293,   323,   30000000,   22801688,        0,   -7198312,          0
 23293,   324,   30000000,   22633685,        0,   -7366315,          0
 23293,   325,   30000000,   22602844,        0,   -7397156,          0
 23293,   326,   30000000,   22536991,        0,   -7463009,          0
 23293,   327,   30000000,   22518579,        0,   -7481421,          0
 23293,   328,   30000000,   22528137,        0,   -7471863,          0
 23293,   329,   30000000,   22518865,        0,   -7481135,          0
 23293,   330,   30000000,   22524031,        0,   -7475969,          0
 23293,   331,   30000000,   22558685,        0,   -7441315,          0
 23293,   332,   30000000,   22905333,        0,   -7094667,          0
 23293,   333,   30000000,   22541677,        0,   -7458323,          0
 23293,   334,   30000000,   22530575,        0,   -7469425,          0
 23293,   335,   30000000,   22514250,        0,   -7485750,          0
 23293,   336,   30000000,   22820441,        0,   -7179559,          0
 23293,   337,   30000000,   22544541,        0,   -7455459,          0
# task NAME=myapp PID=23297 COST=17109000 PERIOD=27000000 CPU=0
 23297,     2,   27000000,      14956,        0,  -26985044,          0
 23297,     3,   27000000,      27040,        0,  -26972960,          0
 23297,     4,   27000000,   17794852,        0,   -9205148,          0
 23297,     5,   27000000,   16773626,        0,  -10226374,          0
 23297,     6,   27000000,   16778314,        0,  -10221686,          0
 23297,     7,   27000000,   17096395,        0,   -9903605,          0
 23297,     8,   27000000,   16774815,        0,  -10225185,          0
 23297,     9,   27000000,   16822124,        0,  -10177876,          0
 23297,    10,   27000000,   16776486,        0,  -10223514,          0
 23297,    11,   27000000,   16755940,        0,  -10244060,          0
 23297,    12,   27000000,   17035025,        0,   -9964975,          0
 23297,    13,   27000000,   16788131,        0,  -10211869,          0
 23297,    14,   27000000,   16774736,        0,  -10225264,          0
 23297,    15,   27000000,   16859700,        0,  -10140300,          0
 23297,    16,   27000000,   16760684,        0,  -10239316,          0
 23297,    17,   27000000,   16786875,        0,  -10213125,          0
 23297,    18,   27000000,   16825391,        0,  -10174609,          0
 23297,    19,   27000000,   16870367,        0,  -10129633,          0
 23297,    20,   27000000,   16871522,        0,  -10128478,          0
 23297,    21,   27000000,   17039658,        0,   -9960342,          0
 23297,    22,   27000000,   16794356,        0,  -10205644,          0
 23297,    23,   27000000,   16761385,        0,  -10238615,          0
 23297,    24,   27000000,   16754256,        0,  -10245744,          0
 23297,    25,   27000000,   16750426,        0,  -10249574,          0
 23297,    26,   27000000,   17037572,        0,   -9962428,          0
 23297,    27,   27000000,   16847914,        0,  -10152086,          0
 23297,    28,   27000000,   16758254,        0,  -10241746,          0
 23297,    29,   27000000,   16765201,        0,  -10234799,          0
 23297,    30,   27000000,   16753921,        0,  -10246079,          0
 23297,    31,   27000000,   16756127,        0,  -10243873,          0
 23297,    32,   27000000,   16810056,        0,  -10189944,          0
 23297,    33,   27000000,   16761086,        0,  -10238914,          0
 23297,    34,   27000000,   16756257,        0,  -10243743,          0
 23297,    35,   27000000,   17071654,        0,   -9928346,          0
 23297,    36,   27000000,   16778762,        0,  -10221238,          0
 23297,    37,   27000000,   16787714,        0,  -10212286,          0
 23297,    38,   27000000,   16780251,        0,  -10219749,          0
 23297,    39,   27000000,   16853910,        0,  -10146090,          0
 23297,    40,   27000000,   16800005,        0,  -10199995,          0
 23297,    41,   27000000,   16822525,        0,  -10177475,          0
 23297,    42,   27000000,   16827060,        0,  -10172940,          0
 23297,    43,   27000000,   16766403,        0,  -10233597,          0
 23297,    44,   27000000,   17043936,        0,   -9956064,          0
 23297,    45,   27000000,   16752347,        0,  -10247653,          0
 23297,    46,   27000000,   16788337,        0,  -10211663,          0
 23297,    47,   27000000,   16832055,        0,  -10167945,          0
 23297,    48,   27000000,   16764069,        0,  -10235931,          0
 23297,    49,   27000000,   17045655,        0,   -9954345,          0
 23297,    50,   27000000,   16763316,        0,  -10236684,          0
 23297,    51,   27000000,   16763471,        0,  -10236529,          0
 23297,    52,   27000000,   16777732,        0,  -10222268,          0
 23297,    53,   27000000,   16844968,        0,  -10155032,          0
 23297,    54,   27000000,   16761077,        0,  -10238923,          0
 23297,    55,   27000000,   16775355,        0,  -10224645,          0
 23297,    56,   27000000,   16848657,        0,  -10151343,          0
 23297,    57,   27000000,   16824082,        0,  -10175918,          0
 23297,    58,   27000000,   17053014,        0,   -9946986,          0
 23297,    59,   27000000,   16757018,        0,  -10242982,          0
 23297,    60,   27000000,   16758893,        0,  -10241107,          0
 23297,    61,   27000000,   16894002,        0,  -10105998,          0
 23297,    62,   27000000,   16758698,        0,  -10241302,          0
 23297,    63,   27000000,   17136537,        0,   -9863463,          0
 23297,    64,   27000000,   16766866,        0,  -10233134,          0
 23297,    65,   27000000,   16777785,        0,  -10222215,          0
 23297,    66,   27000000,   16751824,        0,  -10248176,          0
 23297,    67,   27000000,   16760994,        0,  -10239006,          0
 23297,    68,   27000000,   16776492,        0,  -10223508,          0
 23297,    69,   27000000,   16768291,        0,  -10231709,          0
 23297,    70,   27000000,   16756917,        0,  -10243083,          0
 23297,    71,   27000000,   16788582,        0,  -10211418,          0
 23297,    72,   27000000,   17144233,        0,   -9855767,          0
 23297,    73,   27000000,   16800903,        0,  -10199097,          0
 23297,    74,   27000000,   16757430,        0,  -10242570,          0
 23297,    75,   27000000,   16745531,        0,  -10254469,          0
 23297,    76,   27000000,   16785332,        0,  -10214668,          0
 23297,    77,   27000000,   16754347,        0,  -10245653,          0
 23297,    78,   27000000,   16759833,        0,  -10240167,          0
 23297,    79,   27000000,   16758600,        0,  -10241400,          0
 23297,    80,   27000000,   16773635,        0,  -10226365,          0
 23297,    81,   27000000,   17117728,        0,   -9882272,          0
 23297,    82,   27000000,   16847074,        0,  -10152926,          0
 23297,    83,   27000000,   16753579,        0,  -10246421,          0
 23297,    84,   27000000,   16774674,        0,  -10225326,          0
 23297,    85,   27000000,   16749284,        0,  -10250716,          0
 23297,    86,   27000000,   17056946,        0,   -9943054,          0
 23297,    87,   27000000,   16795559,        0,  -10204441,          0
 23297,    88,   27000000,   16759913,        0,  -10240087,          0
 23297,    89,   27000000,   16784237,        0,  -10215763,          0
 23297,    90,   27000000,   16803897,        0,  -10196103,          0
 23297,    91,   27000000,   16761852,        0,  -10238148,          0
 23297,    92,   27000000,   16765470,        0,  -10234530,          0
 23297,    93,   27000000,   16785828,        0,  -10214172,          0
 23297,    94,   27000000,   16762269,        0,  -10237731,          0
 23297,    95,   27000000,   17044271,        0,   -9955729,          0
 23297,    96,   27000000,   16753257,        0,  -10246743,          0
 23297,    97,   27000000,   16749180,        0,  -10250820,          0
 23297,    98,   27000000,   16831205,        0,  -10168795,          0
 23297,    99,   27000000,   16851209,        0,  -10148791,          0
 23297,   100,   27000000,   17047456,        0,   -9952544,          0
 23297,   101,   27000000,   16767440,        0,  -10232560,          0
 23297,   102,   27000000,   16759263,        0,  -10240737,          0
 23297,   103,   27000000,   16857685,        0,  -10142315,          0
 23297,   104,   27000000,   16779410,        0,  -10220590,          0
 23297,   105,   27000000,   16768046,        0,  -10231954,          0
 23297,   106,   27000000,   16786087,        0,  -10213913,          0
 23297,   107,   27000000,   16772710,        0,  -10227290,          0
 23297,   108,   27000000,   16751757,        0,  -10248243,          0
 23297,   109,   27000000,   17149650,        0,   -9850350,          0
 23297,   110,   27000000,   16759252,        0,  -10240748,          0
 23297,   111,   27000000,   16841730,        0,  -10158270,          0
 23297,   112,   27000000,   16876704,        0,  -10123296,          0
 23297,   113,   27000000,   16763201,        0,  -10236799,          0
 23297,   114,   27000000,   16760568,        0,  -10239432,          0
 23297,   115,   27000000,   16813763,        0,  -10186237,          0
 23297,   116,   27000000,   16790424,        0,  -10209576,          0
 23297,   117,   27000000,   16835096,        0,  -10164904,          0
 23297,   118,   27000000,   17050512,        0,   -9949488,          0
 23297,   119,   27000000,   16839572,        0,  -10160428,          0
 23297,   120,   27000000,   16768366,        0,  -10231634,          0
 23297,   121,   27000000,   16824843,        0,  -10175157,          0
 23297,   122,   27000000,   16821842,        0,  -10178158,          0
 23297,   123,   27000000,   17091114,        0,   -9908886,          0
 23297,   124,   27000000,   16896753,        0,  -10103247,          0
 23297,   125,   27000000,   16837257,        0,  -10162743,          0
 23297,   126,   27000000,   16833228,        0,  -10166772,          0
 23297,   127,   27000000,   16836875,        0,  -10163125,          0
 23297,   128,   27000000,   16872709,        0,  -10127291,          0
 23297,   129,   27000000,   16849200,        0,  -10150800,          0
 23297,   130,   27000000,   16762722,        0,  -10237278,          0
 23297,   131,   27000000,   16769617,        0,  -10230383,          0
 23297,   132,   27000000,   17061159,        0,   -9938841,          0
 23297,   133,   27000000,   16773018,        0,  -10226982,          0
 23297,   134,   27000000,   16773400,        0,  -10226600,          0
 23297,   135,   27000000,   16783629,        0,  -10216371,          0
 23297,   136,   27000000,   16753738,        0,  -10246262,          0
 23297,   137,   27000000,   17073030,        0,   -9926970,          0
 23297,   138,   27000000,   16775766,        0,  -10224234,          0
 23297,   139,   27000000,   16756366,        0,  -10243634,          0
 23297,   140,   27000000,   16773018,        0,  -10226982,          0
 23297,   141,   27000000,   16772688,        0,  -10227312,          0
 23297,   142,   27000000,   16767048,        0,  -10232952,          0
 23297,   143,   27000000,   16773311,        0,  -10226689,          0
 23297,   144,   27000000,   16758114,        0,  -10241886,          0
 23297,   145,   27000000,   16762681,        0,  -10237319,          0
 23297,   146,   27000000,   17117078,        0,   -9882922,          0
 23297,   147,   27000000,   16773835,        0,  -10226165,          0
 23297,   148,   27000000,   16771095,        0,  -10228905,          0
 23297,   149,   27000000,   16744761,        0,  -10255239,          0
 23297,   150,   27000000,   16845495,        0,  -10154505,          0
 23297,   151,   27000000,   17045069,        0,   -9954931,          0
 23297,   152,   27000000,   16778950,        0,  -10221050,          0
 23297,   153,   27000000,   16791192,        0,  -10208808,          0
 23297,   154,   27000000,   16753090,        0,  -10246910,          0
 23297,   155,   27000000,   16852679,        0,  -10147321,          0
 23297,   156,   27000000,   16818520,        0,  -10181480,          0
 23297,   157,   27000000,   16838659,        0,  -10161341,          0
 23297,   158,   27000000,   16754925,        0,  -10245075,          0
 23297,   159,   27000000,   16783828,        0,  -10216172,          0
 23297,   160,   27000000,   17033525,        0,   -9966475,          0
 23297,   161,   27000000,   16784078,        0,  -10215922,          0
 23297,   162,   27000000,   16841874,        0,  -10158126,          0
 23297,   163,   27000000,   16845800,        0,  -10154200,          0
 23297,   164,   27000000,   16783500,        0,  -10216500,          0
 23297,   165,   27000000,   16757664,        0,  -10242336,          0
 23297,   166,   27000000,   16917469,        0,  -10082531,          0
 23297,   167,   27000000,   16758757,        0,  -10241243,          0
 23297,   168,   27000000,   16767151,        0,  -10232849,          0
 23297,   169,   27000000,   17087542,        0,   -9912458,          0
 23297,   170,   27000000,   16769177,        0,  -10230823,          0
 23297,   171,   27000000,   16757246,        0,  -10242754,          0
 23297,   172,   27000000,   16755176,        0,  -10244824,          0
 23297,   173,   27000000,   16786478,        0,  -10213522,          0
 23297,   174,   27000000,   17052358,        0,   -9947642,          0
 23297,   175,   27000000,   16753479,        0,  -10246521,          0
 23297,   176,   27000000,   16860644,        0,  -10139356,          0
 23297,   177,   27000000,   16760525,        0,  -10239475,          0
 23297,   178,   27000000,   16750522,        0,  -10249478,          0
 23297,   179,   27000000,   16763221,        0,  -10236779,          0
 23297,   180,   27000000,   16767287,        0,  -10232713,          0
 23297,   181,   27000000,   16795344,        0,  -10204656,          0
 23297,   182,   27000000,   16752153,        0,  -10247847,          0
 23297,   183,   27000000,   17144548,        0,   -9855452,          0
 23297,   184,   27000000,   16770854,        0,  -10229146,          0
 23297,   185,   27000000,   16820691,        0,  -10179309,          0
 23297,   186,   27000000,   16750818,        0,  -10249182,          0
 23297,   187,   27000000,   16759792,        0,  -10240208,          0
 23297,   188,   27000000,   17101004,        0,   -9898996,          0
 23297,   189,   27000000,   16848305,        0,  -10151695,          0
 23297,   190,   27000000,   16827446,        0,  -10172554,          0
 23297,   191,   27000000,   16773739,        0,  -10226261,          0
 23297,   192,   27000000,   16859534,        0,  -10140466,          0
 23297,   193,   27000000,   16768981,        0,  -10231019,          0
 23297,   194,   27000000,   16770668,        0,  -10229332,          0
 23297,   195,   27000000,   16788940,        0,  -10211060,          0
 23297,   196,   27000000,   16820907,        0,  -10179093,          0
 23297,   197,   27000000,   17042521,        0,   -9957479,          0
 23297,   198,   27000000,   16777697,        0,  -10222303,          0
 23297,   199,   27000000,   16805712,        0,  -10194288,          0
 23297,   200,   27000000,   16788278,        0,  -10211722,          0
 23297,   201,   27000000,   16771270,        0,  -10228730,          0
 23297,   202,   27000000,   16763326,        0,  -10236674,          0
 23297,   203,   27000000,   16853911,        0,  -10146089,          0
 23297,   204,   27000000,   16783581,        0,  -10216419,          0
 23297,   205,   27000000,   16746968,        0,  -10253032,          0
 23297,   206,   27000000,   17091392,        0,   -9908608,          0
 23297,   207,   27000000,   16760811,        0,  -10239189,          0
 23297,   208,   27000000,   16769442,        0,  -10230558,          0
 23297,   209,   27000000,   16778301,        0,  -10221699,          0
 23297,   210,   27000000,   16767115,        0,  -10232885,          0
 23297,   211,   27000000,   17061563,        0,   -9938437,          0
 23297,   212,   27000000,   16775216,        0,  -10224784,          0
 23297,   213,   27000000,   17513650,        0,   -9486350,          0
 23297,   214,   27000000,   16841083,        0,  -10158917,          0
 23297,   215,   27000000,   16751542,        0,  -10248458,          0
 23297,   216,   27000000,   16760103,        0,  -10239897,          0
 23297,   217,   27000000,   16814384,        0,  -10185616,          0
 23297,   218,   27000000,   16755459,        0,  -10244541,          0
 23297,   219,   27000000,   16910453,        0,  -10089547,          0
 23297,   220,   27000000,   17056161,        0,   -9943839,          0
 23297,   221,   27000000,   16771182,        0,  -10228818,          0
 23297,   222,   27000000,   16785162,        0,  -10214838,          0
 23297,   223,   27000000,   16861794,        0,  -10138206,          0
 23297,   224,   27000000,   16882526,        0,  -10117474,          0
 23297,   225,   27000000,   17037959,        0,   -9962041,          0
 23297,   226,   27000000,   16756314,        0,  -10243686,          0
 23297,   227,   27000000,   16835496,        0,  -10164504,          0
 23297,   228,   27000000,   16747288,        0,  -10252712,          0
 23297,   229,   27000000,   16819945,        0,  -10180055,          0
 23297,   230,   27000000,   16767355,        0,  -10232645,          0
 23297,   231,   27000000,   16767195,        0,  -10232805,          0
 23297,   232,   27000000,   16760748,        0,  -10239252,          0
 23297,   233,   27000000,   16774712,        0,  -10225288,          0
 23297,   234,   27000000,   17051617,        0,   -9948383,          0
 23297,   235,   27000000,   16791290,        0,  -10208710,          0
 23297,   236,   27000000,   16794186,        0,  -10205814,          0
 23297,   237,   27000000,   16770697,        0,  -10229303,          0
 23297,   238,   27000000,   16760712,        0,  -10239288,          0
 23297,   239,   27000000,   16785485,        0,  -10214515,          0
 23297,   240,   27000000,   16928717,        0,  -10071283,          0
 23297,   241,   27000000,   16771709,        0,  -10228291,          0
 23297,   242,   27000000,   16811202,        0,  -10188798,          0
 23297,   243,   27000000,   17070983,        0,   -9929017,          0
 23297,   244,   27000000,   16756946,        0,  -10243054,          0
 23297,   245,   27000000,   16762237,        0,  -10237763,          0
 23297,   246,   27000000,   16754085,        0,  -10245915,          0
 23297,   247,   27000000,   16803428,        0,  -10196572,          0
 23297,   248,   27000000,   17044499,        0,   -9955501,          0
 23297,   249,   27000000,   16773328,        0,  -10226672,          0
 23297,   250,   27000000,   16763225,        0,  -10236775,          0
 23297,   251,   27000000,   16812316,        0,  -10187684,          0
 23297,   252,   27000000,   16787698,        0,  -10212302,          0
 23297,   253,   27000000,   16761184,        0,  -10238816,          0
 23297,   254,   27000000,   16805748,        0,  -10194252,          0
 23297,   255,   27000000,   16747519,        0,  -10252481,          0
 23297,   256,   27000000,   16758888,        0,  -10241112,          0
 23297,   257,   27000000,   17084668,        0,   -9915332,          0
 23297,   258,   27000000,   16798279,        0,  -10201721,          0
 23297,   259,   27000000,   16871920,        0,  -10128080,          0
 23297,   260,   27000000,   16796636,        0,  -10203364,          0
 23297,   261,   27000000,   16806693,        0,  -10193307,          0
 23297,   262,   27000000,   17098147,        0,   -9901853,          0
 23297,   263,   27000000,   16755296,        0,  -10244704,          0
 23297,   264,   27000000,   16770587,        0,  -10229413,          0
 23297,   265,   27000000,   16752663,        0,  -10247337,          0
 23297,   266,   27000000,   16758632,        0,  -10241368,          0
 23297,   267,   27000000,   16775465,        0,  -10224535,          0
 23297,   268,   27000000,   16781951,        0,  -10218049,          0
 23297,   269,   27000000,   16756599,        0,  -10243401,          0
 23297,   270,   27000000,   16772495,        0,  -10227505,          0
 23297,   271,   27000000,   17039325,        0,   -9960675,          0
 23297,   272,   27000000,   16759133,        0,  -10240867,          0
 23297,   273,   27000000,   16823256,        0,  -10176744,          0
 23297,   274,   27000000,   16760864,        0,  -10239136,          0
 23297,   275,   27000000,   16901070,        0,  -10098930,          0
 23297,   276,   27000000,   17037787,        0,   -9962213,          0
 23297,   277,   27000000,   16841242,        0,  -10158758,          0
 23297,   278,   27000000,   16817821,        0,  -10182179,          0
 23297,   279,   27000000,   16800990,        0,  -10199010,          0
 23297,   280,   27000000,   16785055,        0,  -10214945,          0
 23297,   281,   27000000,   16779059,        0,  -10220941,          0
 23297,   282,   27000000,   16776878,        0,  -10223122,          0
 23297,   283,   27000000,   16757918,        0,  -10242082,          0
 23297,   284,   27000000,   16817396,        0,  -10182604,          0
 23297,   285,   27000000,   17073851,        0,   -9926149,          0
 23297,   286,   27000000,   16757667,        0,  -10242333,          0
 23297,   287,   27000000,   16822546,        0,  -10177454,          0
 23297,   288,   27000000,   16776157,        0,  -10223843,          0
 23297,   289,   27000000,   16797109,        0,  -10202891,          0
 23297,   290,   27000000,   16790215,        0,  -10209785,          0
 23297,   291,   27000000,   16796615,        0,  -10203385,          0
 23297,   292,   27000000,   16763621,        0,  -10236379,          0
 23297,   293,   27000000,   16878751,        0,  -10121249,          0
 23297,   294,   27000000,   17170351,        0,   -9829649,          0
 23297,   295,   27000000,   16833844,        0,  -10166156,          0
 23297,   296,   27000000,   16900206,        0,  -10099794,          0
 23297,   297,   27000000,   16803254,        0,  -10196746,          0
 23297,   298,   27000000,   16851105,        0,  -10148895,          0
 23297,   299,   27000000,   17789993,        0,   -9210007,          0
 23297,   300,   27000000,   16776108,        0,  -10223892,          0
 23297,   301,   27000000,   16764980,        0,  -10235020,          0
 23297,   302,   27000000,   16781839,        0,  -10218161,          0
 23297,   303,   27000000,   16757101,        0,  -10242899,          0
 23297,   304,   27000000,   16819421,        0,  -10180579,          0
 23297,   305,   27000000,   16766067,        0,  -10233933,          0
 23297,   306,   27000000,   16770494,        0,  -10229506,          0
 23297,   307,   27000000,   16760874,        0,  -10239126,          0
 23297,   308,   27000000,   17052667,        0,   -9947333,          0
 23297,   309,   27000000,   16770286,        0,  -10229714,          0
 23297,   310,   27000000,   16779167,        0,  -10220833,          0
 23297,   311,   27000000,   16848509,        0,  -10151491,          0
 23297,   312,   27000000,   16752343,        0,  -10247657,          0
 23297,   313,   27000000,   17042145,        0,   -9957855,          0
 23297,   314,   27000000,   16856510,        0,  -10143490,          0
 23297,   315,   27000000,   16827257,        0,  -10172743,          0
 23297,   316,   27000000,   16842177,        0,  -10157823,          0
 23297,   317,   27000000,   16843537,        0,  -10156463,          0
 23297,   318,   27000000,   16830936,        0,  -10169064,          0
 23297,   319,   27000000,   16806480,        0,  -10193520,          0
 23297,   320,   27000000,   16793366,        0,  -10206634,          0
 23297,   321,   27000000,   16771206,        0,  -10228794,          0
 23297,   322,   27000000,   17045940,        0,   -9954060,          0
 23297,   323,   27000000,   16813407,        0,  -10186593,          0
 23297,   324,   27000000,   16836984,        0,  -10163016,          0
 23297,   325,   27000000,   16748184,        0,  -10251816,          0
 23297,   326,   27000000,   16826364,        0,  -10173636,          0
 23297,   327,   27000000,   16777857,        0,  -10222143,          0
 23297,   328,   27000000,   16749208,        0,  -10250792,          0
 23297,   329,   27000000,   16779827,        0,  -10220173,          0
 23297,   330,   27000000,   16762743,        0,  -10237257,          0
 23297,   331,   27000000,   17092520,        0,   -9907480,          0
 23297,   332,   27000000,   16754479,        0,  -10245521,          0
 23297,   333,   27000000,   16766691,        0,  -10233309,          0
 23297,   334,   27000000,   16760849,        0,  -10239151,          0
 23297,   335,   27000000,   16758917,        0,  -10241083,          0
 23297,   336,   27000000,   17060094,        0,   -9939906,          0
 23297,   337,   27000000,   16773892,        0,  -10226108,          0
 23297,   338,   27000000,   16758476,        0,  -10241524,          0
 23297,   339,   27000000,   16758499,        0,  -10241501,          0
 23297,   340,   27000000,   17462947,        0,   -9537053,          0
 23297,   341,   27000000,   16773085,        0,  -10226915,          0
 23297,   342,   27000000,   16831873,        0,  -10168127,          0
 23297,   343,   27000000,   16829275,        0,  -10170725,          0
 23297,   344,   27000000,   16774257,        0,  -10225743,          0
 23297,   345,   27000000,   17120666,        0,   -9879334,          0
 23297,   346,   27000000,   16814055,        0,  -10185945,          0
 23297,   347,   27000000,   16821932,        0,  -10178068,          0
 23297,   348,   27000000,   16750000,        0,  -10250000,          0
 23297,   349,   27000000,   16772763,        0,  -10227237,          0
 23297,   350,   27000000,   17043384,        0,   -9956616,          0
 23297,   351,   27000000,   16840940,        0,  -10159060,          0
 23297,   352,   27000000,   16786430,        0,  -10213570,          0
 23297,   353,   27000000,   16772710,        0,  -10227290,          0
 23297,   354,   27000000,   16760515,        0,  -10239485,          0
 23297,   355,   27000000,   16777627,        0,  -10222373,          0
 23297,   356,   27000000,   16751784,        0,  -10248216,          0
 23297,   357,   27000000,   16749166,        0,  -10250834,          0
 23297,   358,   27000000,   16761290,        0,  -10238710,          0
 23297,   359,   27000000,   17087340,        0,   -9912660,          0
 23297,   360,   27000000,   16773548,        0,  -10226452,          0
 23297,   361,   27000000,   16792265,        0,  -10207735,          0
 23297,   362,   27000000,   16765304,        0,  -10234696,          0
 23297,   363,   27000000,   16770364,        0,  -10229636,          0
 23297,   364,   27000000,   16856249,        0,  -10143751,          0
 23297,   365,   27000000,   16748522,        0,  -10251478,          0
 23297,   366,   27000000,   16787820,        0,  -10212180,          0
 23297,   367,   27000000,   16747992,        0,  -10252008,          0
 23297,   368,   27000000,   17088585,        0,   -9911415,          0
 23297,   369,   27000000,   16777301,        0,  -10222699,          0
 23297,   370,   27000000,   16769080,        0,  -10230920,          0
 23297,   371,   27000000,   16777976,        0,  -10222024,          0
 23297,   372,   27000000,   16762957,        0,  -10237043,          0
 23297,   373,   27000000,   17051959,        0,   -9948041,          0
 23297,   374,   27000000,   16766839,        0,  -10233161,          0
