# Task,   Job,     Period,   Response, DL Miss?,   Lateness,  Tardiness
# task NAME=myapp PID=26857 COST=26047000 PERIOD=52000000 CPU=0
 26857,     2,   52000000,       8895,        0,  -51991105,          0
 26857,     3,   52000000,      61957,        0,  -51938043,          0
 26857,     4,   52000000,   26881252,        0,  -25118748,          0
 26857,     5,   52000000,   26160117,        0,  -25839883,          0
 26857,     6,   52000000,   28277443,        0,  -23722557,          0
 26857,     7,   52000000,   25532169,        0,  -26467831,          0
 26857,     8,   52000000,   25623173,        0,  -26376827,          0
 26857,     9,   52000000,   25818038,        0,  -26181962,          0
 26857,    10,   52000000,   25675110,        0,  -26324890,          0
 26857,    11,   52000000,   26335587,        0,  -25664413,          0
 26857,    12,   52000000,   26512055,        0,  -25487945,          0
 26857,    13,   52000000,   25558864,        0,  -26441136,          0
 26857,    14,   52000000,   26141607,        0,  -25858393,          0
 26857,    15,   52000000,   25622975,        0,  -26377025,          0
 26857,    16,   52000000,   26431508,        0,  -25568492,          0
 26857,    17,   52000000,   25555370,        0,  -26444630,          0
 26857,    18,   52000000,   25514732,        0,  -26485268,          0
 26857,    19,   52000000,   25652311,        0,  -26347689,          0
 26857,    20,   52000000,   25976607,        0,  -26023393,          0
 26857,    21,   52000000,   25923760,        0,  -26076240,          0
 26857,    22,   52000000,   25751973,        0,  -26248027,          0
 26857,    23,   52000000,   25799511,        0,  -26200489,          0
 26857,    24,   52000000,   26109878,        0,  -25890122,          0
 26857,    25,   52000000,   25650348,        0,  -26349652,          0
 26857,    26,   52000000,   25835919,        0,  -26164081,          0
 26857,    27,   52000000,   25549193,        0,  -26450807,          0
 26857,    28,   52000000,   27184042,        0,  -24815958,          0
 26857,    29,   52000000,   25525035,        0,  -26474965,          0
 26857,    30,   52000000,   25649946,        0,  -26350054,          0
 26857,    31,   52000000,   25602526,        0,  -26397474,          0
 26857,    32,   52000000,   25831823,        0,  -26168177,          0
 26857,    33,   52000000,   25818327,        0,  -26181673,          0
 26857,    34,   52000000,   25627289,        0,  -26372711,          0
 26857,    35,   52000000,   25735954,        0,  -26264046,          0
 26857,    36,   52000000,   25664752,        0,  -26335248,          0
 26857,    37,   52000000,   25558394,        0,  -26441606,          0
 26857,    38,   52000000,   25837054,        0,  -26162946,          0
 26857,    39,   52000000,   26065264,        0,  -25934736,          0
 26857,    40,   52000000,   25619283,        0,  -26380717,          0
 26857,    41,   52000000,   25656800,        0,  -26343200,          0
 26857,    42,   52000000,   25676652,        0,  -26323348,          0
 26857,    43,   52000000,   25524570,        0,  -26475430,          0
 26857,    44,   52000000,   26978858,        0,  -25021142,          0
 26857,    45,   52000000,   25942595,        0,  -26057405,          0
 26857,    46,   52000000,   25781285,        0,  -26218715,          0
 26857,    47,   52000000,   27149491,        0,  -24850509,          0
 26857,    48,   52000000,   25636753,        0,  -26363247,          0
 26857,    49,   52000000,   25642142,        0,  -26357858,          0
 26857,    50,   52000000,   27913457,        0,  -24086543,          0
 26857,    51,   52000000,   25557431,        0,  -26442569,          0
 26857,    52,   52000000,   25543019,        0,  -26456981,          0
 26857,    53,   52000000,   25550371,        0,  -26449629,          0
 26857,    54,   52000000,   25594090,        0,  -26405910,          0
 26857,    55,   52000000,   26643284,        0,  -25356716,          0
 26857,    56,   52000000,   25546637,        0,  -26453363,          0
 26857,    57,   52000000,   26311354,        0,  -25688646,          0
 26857,    58,   52000000,   25550481,        0,  -26449519,          0
 26857,    59,   52000000,   25526988,        0,  -26473012,          0
 26857,    60,   52000000,   25690774,        0,  -26309226,          0
 26857,    61,   52000000,   25681059,        0,  -26318941,          0
 26857,    62,   52000000,   25811818,        0,  -26188182,          0
 26857,    63,   52000000,   26338432,        0,  -25661568,          0
 26857,    64,   52000000,   25626002,        0,  -26373998,          0
 26857,    65,   52000000,   25550472,        0,  -26449528,          0
 26857,    66,   52000000,   26279015,        0,  -25720985,          0
 26857,    67,   52000000,   25560332,        0,  -26439668,          0
 26857,    68,   52000000,   26373151,        0,  -25626849,          0
 26857,    69,   52000000,   26842926,        0,  -25157074,          0
 26857,    70,   52000000,   25681015,        0,  -26318985,          0
 26857,    71,   52000000,   25600490,        0,  -26399510,          0
 26857,    72,   52000000,   26196154,        0,  -25803846,          0
 26857,    73,   52000000,   25629903,        0,  -26370097,          0
 26857,    74,   52000000,   25847432,        0,  -26152568,          0
 26857,    75,   52000000,   25576207,        0,  -26423793,          0
 26857,    76,   52000000,   27034798,        0,  -24965202,          0
 26857,    77,   52000000,   26637119,        0,  -25362881,          0
 26857,    78,   52000000,   25629415,        0,  -26370585,          0
 26857,    79,   52000000,   26020678,        0,  -25979322,          0
 26857,    80,   52000000,   25638670,        0,  -26361330,          0
 26857,    81,   52000000,   25814035,        0,  -26185965,          0
 26857,    82,   52000000,   26345979,        0,  -25654021,          0
 26857,    83,   52000000,   25614258,        0,  -26385742,          0
 26857,    84,   52000000,   25572686,        0,  -26427314,          0
 26857,    85,   52000000,   26093979,        0,  -25906021,          0
 26857,    86,   52000000,   25944457,        0,  -26055543,          0
 26857,    87,   52000000,   27738945,        0,  -24261055,          0
 26857,    88,   52000000,   25763666,        0,  -26236334,          0
 26857,    89,   52000000,   25557289,        0,  -26442711,          0
 26857,    90,   52000000,   25750379,        0,  -26249621,          0
 26857,    91,   52000000,   26688782,        0,  -25311218,          0
 26857,    92,   52000000,   25619399,        0,  -26380601,          0
 26857,    93,   52000000,   26685599,        0,  -25314401,          0
 26857,    94,   52000000,   25546141,        0,  -26453859,          0
 26857,    95,   52000000,   25584861,        0,  -26415139,          0
 26857,    96,   52000000,   25554696,        0,  -26445304,          0
 26857,    97,   52000000,   25585618,        0,  -26414382,          0
 26857,    98,   52000000,   26152430,        0,  -25847570,          0
 26857,    99,   52000000,   26253424,        0,  -25746576,          0
 26857,   100,   52000000,   25521530,        0,  -26478470,          0
 26857,   101,   52000000,   26519035,        0,  -25480965,          0
 26857,   102,   52000000,   25567667,        0,  -26432333,          0
 26857,   103,   52000000,   25984166,        0,  -26015834,          0
 26857,   104,   52000000,   26256147,        0,  -25743853,          0
 26857,   105,   52000000,   25831876,        0,  -26168124,          0
 26857,   106,   52000000,   25531105,        0,  -26468895,          0
 26857,   107,   52000000,   25626474,        0,  -26373526,          0
 26857,   108,   52000000,   25949835,        0,  -26050165,          0
 26857,   109,   52000000,   26749978,        0,  -25250022,          0
 26857,   110,   52000000,   25851772,        0,  -26148228,          0
 26857,   111,   52000000,   25615442,        0,  -26384558,          0
 26857,   112,   52000000,   25566188,        0,  -26433812,          0
 26857,   113,   52000000,   25651499,        0,  -26348501,          0
 26857,   114,   52000000,   26165778,        0,  -25834222,          0
 26857,   115,   52000000,   26727826,        0,  -25272174,          0
 26857,   116,   52000000,   25733780,        0,  -26266220,          0
 26857,   117,   52000000,   25838153,        0,  -26161847,          0
 26857,   118,   52000000,   26592044,        0,  -25407956,          0
 26857,   119,   52000000,   25525402,        0,  -26474598,          0
 26857,   120,   52000000,   27419045,        0,  -24580955,          0
 26857,   121,   52000000,   25546920,        0,  -26453080,          0
 26857,   122,   52000000,   26032541,        0,  -25967459,          0
 26857,   123,   52000000,   25559874,        0,  -26440126,          0
 26857,   124,   52000000,   25570081,        0,  -26429919,          0
 26857,   125,   52000000,   25548434,        0,  -26451566,          0
 26857,   126,   52000000,   25645465,        0,  -26354535,          0
 26857,   127,   52000000,   25819890,        0,  -26180110,          0
 26857,   128,   52000000,   28568683,        0,  -23431317,          0
 26857,   129,   52000000,   25736114,        0,  -26263886,          0
 26857,   130,   52000000,   25542740,        0,  -26457260,          0
 26857,   131,   52000000,   25554375,        0,  -26445625,          0
 26857,   132,   52000000,   25548468,        0,  -26451532,          0
 26857,   133,   52000000,   26502524,        0,  -25497476,          0
 26857,   134,   52000000,   25845945,        0,  -26154055,          0
 26857,   135,   52000000,   27559360,        0,  -24440640,          0
 26857,   136,   52000000,   25561547,        0,  -26438453,          0
 26857,   137,   52000000,   25661022,        0,  -26338978,          0
 26857,   138,   52000000,   25650810,        0,  -26349190,          0
 26857,   139,   52000000,   25868938,        0,  -26131062,          0
 26857,   140,   52000000,   25581279,        0,  -26418721,          0
 26857,   141,   52000000,   25580100,        0,  -26419900,          0
 26857,   142,   52000000,   26363333,        0,  -25636667,          0
 26857,   143,   52000000,   25548132,        0,  -26451868,          0
 26857,   144,   52000000,   25653452,        0,  -26346548,          0
 26857,   145,   52000000,   25615723,        0,  -26384277,          0
 26857,   146,   52000000,   25899182,        0,  -26100818,          0
 26857,   147,   52000000,   26671321,        0,  -25328679,          0
 26857,   148,   52000000,   25606283,        0,  -26393717,          0
 26857,   149,   52000000,   25548262,        0,  -26451738,          0
 26857,   150,   52000000,   26322628,        0,  -25677372,          0
 26857,   151,   52000000,   25832081,        0,  -26167919,          0
 26857,   152,   52000000,   25633039,        0,  -26366961,          0
 26857,   153,   52000000,   25561757,        0,  -26438243,          0
 26857,   154,   52000000,   25571769,        0,  -26428231,          0
 26857,   155,   52000000,   26063246,        0,  -25936754,          0
 26857,   156,   52000000,   25584252,        0,  -26415748,          0
 26857,   157,   52000000,   25632820,        0,  -26367180,          0
 26857,   158,   52000000,   26565894,        0,  -25434106,          0
 26857,   159,   52000000,   25568789,        0,  -26431211,          0
 26857,   160,   52000000,   25865574,        0,  -26134426,          0
 26857,   161,   52000000,   25780435,        0,  -26219565,          0
 26857,   162,   52000000,   25641289,        0,  -26358711,          0
 26857,   163,   52000000,   26964391,        0,  -25035609,          0
 26857,   164,   52000000,   27298189,        0,  -24701811,          0
 26857,   165,   52000000,   25611629,        0,  -26388371,          0
 26857,   166,   52000000,   25725495,        0,  -26274505,          0
 26857,   167,   52000000,   26653961,        0,  -25346039,          0
 26857,   168,   52000000,   25545061,        0,  -26454939,          0
 26857,   169,   52000000,   26026331,        0,  -25973669,          0
 26857,   170,   52000000,   25792725,        0,  -26207275,          0
 26857,   171,   52000000,   25580829,        0,  -26419171,          0
 26857,   172,   52000000,   26073320,        0,  -25926680,          0
 26857,   173,   52000000,   25729359,        0,  -26270641,          0
 26857,   174,   52000000,   27489236,        0,  -24510764,          0
 26857,   175,   52000000,   27638098,        0,  -24361902,          0
 26857,   176,   52000000,   25564317,        0,  -26435683,          0
 26857,   177,   52000000,   27426173,        0,  -24573827,          0
 26857,   178,   52000000,   25654659,        0,  -26345341,          0
 26857,   179,   52000000,   25608955,        0,  -26391045,          0
 26857,   180,   52000000,   25871129,        0,  -26128871,          0
 26857,   181,   52000000,   25573833,        0,  -26426167,          0
 26857,   182,   52000000,   25921658,        0,  -26078342,          0
 26857,   183,   52000000,   25617548,        0,  -26382452,          0
 26857,   184,   52000000,   25574568,        0,  -26425432,          0
 26857,   185,   52000000,   26014976,        0,  -25985024,          0
 26857,   186,   52000000,   25738366,        0,  -26261634,          0
 26857,   187,   52000000,   25839428,        0,  -26160572,          0
 26857,   188,   52000000,   26580044,        0,  -25419956,          0
 26857,   189,   52000000,   25711629,        0,  -26288371,          0
 26857,   190,   52000000,   25554724,        0,  -26445276,          0
 26857,   191,   52000000,   25721732,        0,  -26278268,          0
 26857,   192,   52000000,   26342574,        0,  -25657426,          0
 26857,   193,   52000000,   26631813,        0,  -25368187,          0
 26857,   194,   52000000,   25865994,        0,  -26134006,          0
 26857,   195,   52000000,   25570969,        0,  -26429031,          0
 26857,   196,   52000000,   25650988,        0,  -26349012,          0
# task NAME=myapp PID=26860 COST=61328000 PERIOD=71000000 CPU=0
 26860,     2,   71000000,       8486,        0,  -70991514,          0
 26860,     3,   71000000,      37154,        0,  -70962846,          0
 26860,     4,   71000000,   60337954,        0,  -10662046,          0
 26860,     5,   71000000,   60066899,        0,  -10933101,          0
 26860,     6,   71000000,   60276998,        0,  -10723002,          0
 26860,     7,   71000000,   60315551,        0,  -10684449,          0
 26860,     8,   71000000,   60045206,        0,  -10954794,          0
 26860,     9,   71000000,   61397320,        0,   -9602680,          0
 26860,    10,   71000000,   60043293,        0,  -10956707,          0
 26860,    11,   71000000,   60329268,        0,  -10670732,          0
 26860,    12,   71000000,   60124833,        0,  -10875167,          0
 26860,    13,   71000000,   60091797,        0,  -10908203,          0
 26860,    14,   71000000,   60320966,        0,  -10679034,          0
 26860,    15,   71000000,   60132289,        0,  -10867711,          0
 26860,    16,   71000000,   60366259,        0,  -10633741,          0
 26860,    17,   71000000,   60089729,        0,  -10910271,          0
 26860,    18,   71000000,   60341750,        0,  -10658250,          0
 26860,    19,   71000000,   60049096,        0,  -10950904,          0
 26860,    20,   71000000,   60086624,        0,  -10913376,          0
 26860,    21,   71000000,   60323340,        0,  -10676660,          0
 26860,    22,   71000000,   60036948,        0,  -10963052,          0
 26860,    23,   71000000,   60310682,        0,  -10689318,          0
 26860,    24,   71000000,   60044437,        0,  -10955563,          0
 26860,    25,   71000000,   60558415,        0,  -10441585,          0
 26860,    26,   71000000,   60375001,        0,  -10624999,          0
 26860,    27,   71000000,   60342022,        0,  -10657978,          0
 26860,    28,   71000000,   60582946,        0,  -10417054,          0
 26860,    29,   71000000,   60046570,        0,  -10953430,          0
 26860,    30,   71000000,   60336631,        0,  -10663369,          0
 26860,    31,   71000000,   60033338,        0,  -10966662,          0
 26860,    32,   71000000,   60268070,        0,  -10731930,          0
 26860,    33,   71000000,   60092723,        0,  -10907277,          0
 26860,    34,   71000000,   60392982,        0,  -10607018,          0
 26860,    35,   71000000,   60325947,        0,  -10674053,          0
 26860,    36,   71000000,   60029356,        0,  -10970644,          0
 26860,    37,   71000000,   60323112,        0,  -10676888,          0
 26860,    38,   71000000,   60061604,        0,  -10938396,          0
 26860,    39,   71000000,   60300947,        0,  -10699053,          0
 26860,    40,   71000000,   60336454,        0,  -10663546,          0
 26860,    41,   71000000,   60624100,        0,  -10375900,          0
 26860,    42,   71000000,   60547855,        0,  -10452145,          0
 26860,    43,   71000000,   60055558,        0,  -10944442,          0
 26860,    44,   71000000,   60321566,        0,  -10678434,          0
 26860,    45,   71000000,   60023193,        0,  -10976807,          0
 26860,    46,   71000000,   60354896,        0,  -10645104,          0
 26860,    47,   71000000,   60023501,        0,  -10976499,          0
 26860,    48,   71000000,   60327004,        0,  -10672996,          0
 26860,    49,   71000000,   60088436,        0,  -10911564,          0
 26860,    50,   71000000,   60097230,        0,  -10902770,          0
 26860,    51,   71000000,   60301950,        0,  -10698050,          0
 26860,    52,   71000000,   60043730,        0,  -10956270,          0
 26860,    53,   71000000,   60385221,        0,  -10614779,          0
 26860,    54,   71000000,   60131887,        0,  -10868113,          0
 26860,    55,   71000000,   60377117,        0,  -10622883,          0
 26860,    56,   71000000,   60086685,        0,  -10913315,          0
 26860,    57,   71000000,   60036254,        0,  -10963746,          0
 26860,    58,   71000000,   60291418,        0,  -10708582,          0
 26860,    59,   71000000,   60040613,        0,  -10959387,          0
 26860,    60,   71000000,   60308909,        0,  -10691091,          0
 26860,    61,   71000000,   60147960,        0,  -10852040,          0
 26860,    62,   71000000,   60318783,        0,  -10681217,          0
 26860,    63,   71000000,   60048673,        0,  -10951327,          0
 26860,    64,   71000000,   60047900,        0,  -10952100,          0
 26860,    65,   71000000,   60306532,        0,  -10693468,          0
 26860,    66,   71000000,   60049423,        0,  -10950577,          0
 26860,    67,   71000000,   60329318,        0,  -10670682,          0
 26860,    68,   71000000,   60141374,        0,  -10858626,          0
 26860,    69,   71000000,   60358454,        0,  -10641546,          0
 26860,    70,   71000000,   60015714,        0,  -10984286,          0
 26860,    71,   71000000,   60159141,        0,  -10840859,          0
 26860,    72,   71000000,   60619832,        0,  -10380168,          0
 26860,    73,   71000000,   59999177,        0,  -11000823,          0
 26860,    74,   71000000,   60325030,        0,  -10674970,          0
 26860,    75,   71000000,   60024783,        0,  -10975217,          0
 26860,    76,   71000000,   60408444,        0,  -10591556,          0
 26860,    77,   71000000,   60059645,        0,  -10940355,          0
 26860,    78,   71000000,   60326033,        0,  -10673967,          0
 26860,    79,   71000000,   60324027,        0,  -10675973,          0
 26860,    80,   71000000,   60027254,        0,  -10972746,          0
 26860,    81,   71000000,   60647219,        0,  -10352781,          0
 26860,    82,   71000000,   60121590,        0,  -10878410,          0
 26860,    83,   71000000,   60341571,        0,  -10658429,          0
 26860,    84,   71000000,   60269799,        0,  -10730201,          0
 26860,    85,   71000000,   60342711,        0,  -10657289,          0
 26860,    86,   71000000,   60400851,        0,  -10599149,          0
 26860,    87,   71000000,   60046259,        0,  -10953741,          0
 26860,    88,   71000000,   60429068,        0,  -10570932,          0
 26860,    89,   71000000,   60057294,        0,  -10942706,          0
 26860,    90,   71000000,   60391370,        0,  -10608630,          0
 26860,    91,   71000000,   60370086,        0,  -10629914,          0
 26860,    92,   71000000,   60593077,        0,  -10406923,          0
 26860,    93,   71000000,   60241540,        0,  -10758460,          0
 26860,    94,   71000000,   60044798,        0,  -10955202,          0
 26860,    95,   71000000,   60365822,        0,  -10634178,          0
 26860,    96,   71000000,   60125292,        0,  -10874708,          0
 26860,    97,   71000000,   60341766,        0,  -10658234,          0
 26860,    98,   71000000,   60283139,        0,  -10716861,          0
 26860,    99,   71000000,   60444563,        0,  -10555437,          0
 26860,   100,   71000000,   60265711,        0,  -10734289,          0
 26860,   101,   71000000,   60042825,        0,  -10957175,          0
 26860,   102,   71000000,   60346019,        0,  -10653981,          0
 26860,   103,   71000000,   60050469,        0,  -10949531,          0
 26860,   104,   71000000,   60603610,        0,  -10396390,          0
 26860,   105,   71000000,   60282254,        0,  -10717746,          0
 26860,   106,   71000000,   60343035,        0,  -10656965,          0
 26860,   107,   71000000,   61062073,        0,   -9937927,          0
 26860,   108,   71000000,   60040906,        0,  -10959094,          0
 26860,   109,   71000000,   61133392,        0,   -9866608,          0
 26860,   110,   71000000,   60125476,        0,  -10874524,          0
 26860,   111,   71000000,   60345908,        0,  -10654092,          0
 26860,   112,   71000000,   60024681,        0,  -10975319,          0
 26860,   113,   71000000,   60354261,        0,  -10645739,          0
 26860,   114,   71000000,   60255283,        0,  -10744717,          0
 26860,   115,   71000000,   60367748,        0,  -10632252,          0
 26860,   116,   71000000,   60338474,        0,  -10661526,          0
 26860,   117,   71000000,   60054900,        0,  -10945100,          0
 26860,   118,   71000000,   60848840,        0,  -10151160,          0
 26860,   119,   71000000,   60066410,        0,  -10933590,          0
 26860,   120,   71000000,   60333132,        0,  -10666868,          0
 26860,   121,   71000000,   60046815,        0,  -10953185,          0
 26860,   122,   71000000,   60555511,        0,  -10444489,          0
 26860,   123,   71000000,   60588327,        0,  -10411673,          0
 26860,   124,   71000000,   61169112,        0,   -9830888,          0
 26860,   125,   71000000,   60374285,        0,  -10625715,          0
 26860,   126,   71000000,   60009538,        0,  -10990462,          0
 26860,   127,   71000000,   60345955,        0,  -10654045,          0
 26860,   128,   71000000,   60204135,        0,  -10795865,          0
 26860,   129,   71000000,   63371604,        0,   -7628396,          0
 26860,   130,   71000000,   60036122,        0,  -10963878,          0
 26860,   131,   71000000,   60034914,        0,  -10965086,          0
 26860,   132,   71000000,   60488452,        0,  -10511548,          0
 26860,   133,   71000000,   60075944,        0,  -10924056,          0
 26860,   134,   71000000,   60381564,        0,  -10618436,          0
 26860,   135,   71000000,   60092226,        0,  -10907774,          0
 26860,   136,   71000000,   60389821,        0,  -10610179,          0
 26860,   137,   71000000,   60119659,        0,  -10880341,          0
 26860,   138,   71000000,   60100426,        0,  -10899574,          0
 26860,   139,   71000000,   60358780,        0,  -10641220,          0
 26860,   140,   71000000,   60038862,        0,  -10961138,          0
 26860,   141,   71000000,   60362869,        0,  -10637131,          0
 26860,   142,   71000000,   60011514,        0,  -10988486,          0
 26860,   143,   71000000,   60566802,        0,  -10433198,          0
 26860,   144,   71000000,   60083733,        0,  -10916267,          0
# task NAME=myapp PID=26864 COST=14319000 PERIOD=26000000 CPU=0
 26864,     2,   26000000,       9420,        0,  -25990580,          0
 26864,     3,   26000000,      41174,        0,  -25958826,          0
 26864,     4,   26000000,   15113599,        0,  -10886401,          0
 26864,     5,   26000000,   15072048,        0,  -10927952,          0
 26864,     6,   26000000,   16073609,        0,   -9926391,          0
 26864,     7,   26000000,   14206085,        0,  -11793915,          0
 26864,     8,   26000000,   14094915,        0,  -11905085,          0
 26864,     9,   26000000,   14128545,        0,  -11871455,          0
 26864,    10,   26000000,   14079792,        0,  -11920208,          0
 26864,    11,   26000000,   14045022,        0,  -11954978,          0
 26864,    12,   26000000,   14033529,        0,  -11966471,          0
 26864,    13,   26000000,   14156296,        0,  -11843704,          0
 26864,    14,   26000000,   14051031,        0,  -11948969,          0
 26864,    15,   26000000,   16364048,        0,   -9635952,          0
 26864,    16,   26000000,   14046471,        0,  -11953529,          0
 26864,    17,   26000000,   14079034,        0,  -11920966,          0
 26864,    18,   26000000,   14055818,        0,  -11944182,          0
 26864,    19,   26000000,   14059567,        0,  -11940433,          0
 26864,    20,   26000000,   14385063,        0,  -11614937,          0
 26864,    21,   26000000,   14126446,        0,  -11873554,          0
 26864,    22,   26000000,   14085375,        0,  -11914625,          0
 26864,    23,   26000000,   14056982,        0,  -11943018,          0
 26864,    24,   26000000,   14077302,        0,  -11922698,          0
 26864,    25,   26000000,   14712796,        0,  -11287204,          0
 26864,    26,   26000000,   14125970,        0,  -11874030,          0
 26864,    27,   26000000,   14048168,        0,  -11951832,          0
 26864,    28,   26000000,   14144886,        0,  -11855114,          0
 26864,    29,   26000000,   14246222,        0,  -11753778,          0
 26864,    30,   26000000,   14347677,        0,  -11652323,          0
 26864,    31,   26000000,   14076546,        0,  -11923454,          0
 26864,    32,   26000000,   14060001,        0,  -11939999,          0
 26864,    33,   26000000,   14112496,        0,  -11887504,          0
 26864,    34,   26000000,   14103285,        0,  -11896715,          0
 26864,    35,   26000000,   14081177,        0,  -11918823,          0
 26864,    36,   26000000,   14037369,        0,  -11962631,          0
 26864,    37,   26000000,   14055127,        0,  -11944873,          0
 26864,    38,   26000000,   14063738,        0,  -11936262,          0
 26864,    39,   26000000,   14065499,        0,  -11934501,          0
 26864,    40,   26000000,   14055154,        0,  -11944846,          0
 26864,    41,   26000000,   14058068,        0,  -11941932,          0
 26864,    42,   26000000,   14051049,        0,  -11948951,          0
 26864,    43,   26000000,   14453629,        0,  -11546371,          0
 26864,    44,   26000000,   14911641,        0,  -11088359,          0
 26864,    45,   26000000,   14063897,        0,  -11936103,          0
 26864,    46,   26000000,   14073941,        0,  -11926059,          0
 26864,    47,   26000000,   14056786,        0,  -11943214,          0
 26864,    48,   26000000,   14119221,        0,  -11880779,          0
 26864,    49,   26000000,   14334811,        0,  -11665189,          0
 26864,    50,   26000000,   14062549,        0,  -11937451,          0
 26864,    51,   26000000,   14081895,        0,  -11918105,          0
 26864,    52,   26000000,   14038316,        0,  -11961684,          0
 26864,    53,   26000000,   14206115,        0,  -11793885,          0
 26864,    54,   26000000,   14318550,        0,  -11681450,          0
 26864,    55,   26000000,   14046228,        0,  -11953772,          0
 26864,    56,   26000000,   14050873,        0,  -11949127,          0
 26864,    57,   26000000,   14083457,        0,  -11916543,          0
 26864,    58,   26000000,   14066280,        0,  -11933720,          0
 26864,    59,   26000000,   14144957,        0,  -11855043,          0
 26864,    60,   26000000,   14066010,        0,  -11933990,          0
 26864,    61,   26000000,   14067626,        0,  -11932374,          0
 26864,    62,   26000000,   14071714,        0,  -11928286,          0
 26864,    63,   26000000,   14056132,        0,  -11943868,          0
 26864,    64,   26000000,   14069181,        0,  -11930819,          0
 26864,    65,   26000000,   14144915,        0,  -11855085,          0
 26864,    66,   26000000,   14125857,        0,  -11874143,          0
 26864,    67,   26000000,   14066336,        0,  -11933664,          0
 26864,    68,   26000000,   14312853,        0,  -11687147,          0
 26864,    69,   26000000,   15112593,        0,  -10887407,          0
 26864,    70,   26000000,   14077349,        0,  -11922651,          0
 26864,    71,   26000000,   14060331,        0,  -11939669,          0
 26864,    72,   26000000,   14055723,        0,  -11944277,          0
 26864,    73,   26000000,   14335300,        0,  -11664700,          0
 26864,    74,   26000000,   14126988,        0,  -11873012,          0
 26864,    75,   26000000,   15832559,        0,  -10167441,          0
 26864,    76,   26000000,   14061159,        0,  -11938841,          0
 26864,    77,   26000000,   14112910,        0,  -11887090,          0
 26864,    78,   26000000,   14397824,        0,  -11602176,          0
 26864,    79,   26000000,   14092705,        0,  -11907295,          0
 26864,    80,   26000000,   14050238,        0,  -11949762,          0
 26864,    81,   26000000,   14206718,        0,  -11793282,          0
 26864,    82,   26000000,   14069448,        0,  -11930552,          0
 26864,    83,   26000000,   14042677,        0,  -11957323,          0
 26864,    84,   26000000,   14050366,        0,  -11949634,          0
 26864,    85,   26000000,   14073330,        0,  -11926670,          0
 26864,    86,   26000000,   14068160,        0,  -11931840,          0
 26864,    87,   26000000,   14048302,        0,  -11951698,          0
 26864,    88,   26000000,   14068985,        0,  -11931015,          0
 26864,    89,   26000000,   14214597,        0,  -11785403,          0
 26864,    90,   26000000,   14069284,        0,  -11930716,          0
 26864,    91,   26000000,   14111200,        0,  -11888800,          0
 26864,    92,   26000000,   14324346,        0,  -11675654,          0
 26864,    93,   26000000,   14052111,        0,  -11947889,          0
 26864,    94,   26000000,   14360354,        0,  -11639646,          0
 26864,    95,   26000000,   14331011,        0,  -11668989,          0
 26864,    96,   26000000,   14072225,        0,  -11927775,          0
 26864,    97,   26000000,   14357576,        0,  -11642424,          0
 26864,    98,   26000000,   14084457,        0,  -11915543,          0
 26864,    99,   26000000,   14064047,        0,  -11935953,          0
 26864,   100,   26000000,   14043188,        0,  -11956812,          0
 26864,   101,   26000000,   14084758,        0,  -11915242,          0
 26864,   102,   26000000,   14343619,        0,  -11656381,          0
 26864,   103,   26000000,   14196440,        0,  -11803560,          0
 26864,   104,   26000000,   14050131,        0,  -11949869,          0
 26864,   105,   26000000,   14075100,        0,  -11924900,          0
 26864,   106,   26000000,   14038219,        0,  -11961781,          0
 26864,   107,   26000000,   14114171,        0,  -11885829,          0
 26864,   108,   26000000,   14037578,        0,  -11962422,          0
 26864,   109,   26000000,   14058816,        0,  -11941184,          0
 26864,   110,   26000000,   14110255,        0,  -11889745,          0
 26864,   111,   26000000,   14724600,        0,  -11275400,          0
 26864,   112,   26000000,   14050692,        0,  -11949308,          0
 26864,   113,   26000000,   14065317,        0,  -11934683,          0
 26864,   114,   26000000,   14069644,        0,  -11930356,          0
 26864,   115,   26000000,   14054171,        0,  -11945829,          0
 26864,   116,   26000000,   14085628,        0,  -11914372,          0
 26864,   117,   26000000,   14398827,        0,  -11601173,          0
 26864,   118,   26000000,   14050431,        0,  -11949569,          0
 26864,   119,   26000000,   14058753,        0,  -11941247,          0
 26864,   120,   26000000,   14142837,        0,  -11857163,          0
 26864,   121,   26000000,   14357727,        0,  -11642273,          0
 26864,   122,   26000000,   14050340,        0,  -11949660,          0
 26864,   123,   26000000,   14112109,        0,  -11887891,          0
 26864,   124,   26000000,   14034116,        0,  -11965884,          0
 26864,   125,   26000000,   14118689,        0,  -11881311,          0
 26864,   126,   26000000,   14328810,        0,  -11671190,          0
 26864,   127,   26000000,   16311213,        0,   -9688787,          0
 26864,   128,   26000000,   14056924,        0,  -11943076,          0
 26864,   129,   26000000,   15551413,        0,  -10448587,          0
 26864,   130,   26000000,   14087613,        0,  -11912387,          0
 26864,   131,   26000000,   14145276,        0,  -11854724,          0
 26864,   132,   26000000,   14066899,        0,  -11933101,          0
 26864,   133,   26000000,   14111984,        0,  -11888016,          0
 26864,   134,   26000000,   14100246,        0,  -11899754,          0
 26864,   135,   26000000,   14268985,        0,  -11731015,          0
 26864,   136,   26000000,   14194675,        0,  -11805325,          0
 26864,   137,   26000000,   14081393,        0,  -11918607,          0
 26864,   138,   26000000,   14059946,        0,  -11940054,          0
 26864,   139,   26000000,   14136269,        0,  -11863731,          0
 26864,   140,   26000000,   14092225,        0,  -11907775,          0
 26864,   141,   26000000,   14266218,        0,  -11733782,          0
 26864,   142,   26000000,   14114990,        0,  -11885010,          0
 26864,   143,   26000000,   14156107,        0,  -11843893,          0
 26864,   144,   26000000,   14049960,        0,  -11950040,          0
 26864,   145,   26000000,   16163061,        0,   -9836939,          0
 26864,   146,   26000000,   14108084,        0,  -11891916,          0
 26864,   147,   26000000,   14050402,        0,  -11949598,          0
 26864,   148,   26000000,   14096445,        0,  -11903555,          0
 26864,   149,   26000000,   14077639,        0,  -11922361,          0
 26864,   150,   26000000,   14342913,        0,  -11657087,          0
 26864,   151,   26000000,   16141666,        0,   -9858334,          0
 26864,   152,   26000000,   14046071,        0,  -11953929,          0
 26864,   153,   26000000,   14058501,        0,  -11941499,          0
 26864,   154,   26000000,   14092061,        0,  -11907939,          0
 26864,   155,   26000000,   14348423,        0,  -11651577,          0
 26864,   156,   26000000,   14123356,        0,  -11876644,          0
 26864,   157,   26000000,   14275994,        0,  -11724006,          0
 26864,   158,   26000000,   14053485,        0,  -11946515,          0
 26864,   159,   26000000,   14114325,        0,  -11885675,          0
 26864,   160,   26000000,   14124786,        0,  -11875214,          0
 26864,   161,   26000000,   14069955,        0,  -11930045,          0
 26864,   162,   26000000,   14141330,        0,  -11858670,          0
 26864,   163,   26000000,   14085260,        0,  -11914740,          0
 26864,   164,   26000000,   14048364,        0,  -11951636,          0
 26864,   165,   26000000,   14118487,        0,  -11881513,          0
 26864,   166,   26000000,   14055157,        0,  -11944843,          0
 26864,   167,   26000000,   14169799,        0,  -11830201,          0
 26864,   168,   26000000,   14072667,        0,  -11927333,          0
 26864,   169,   26000000,   14339769,        0,  -11660231,          0
 26864,   170,   26000000,   14122318,        0,  -11877682,          0
 26864,   171,   26000000,   14071397,        0,  -11928603,          0
 26864,   172,   26000000,   14039035,        0,  -11960965,          0
 26864,   173,   26000000,   14186725,        0,  -11813275,          0
 26864,   174,   26000000,   14406866,        0,  -11593134,          0
 26864,   175,   26000000,   14115812,        0,  -11884188,          0
 26864,   176,   26000000,   14106221,        0,  -11893779,          0
 26864,   177,   26000000,   15685286,        0,  -10314714,          0
 26864,   178,   26000000,   14041071,        0,  -11958929,          0
 26864,   179,   26000000,   14372374,        0,  -11627626,          0
 26864,   180,   26000000,   14048479,        0,  -11951521,          0
 26864,   181,   26000000,   14054743,        0,  -11945257,          0
 26864,   182,   26000000,   14074516,        0,  -11925484,          0
 26864,   183,   26000000,   14045692,        0,  -11954308,          0
 26864,   184,   26000000,   14047226,        0,  -11952774,          0
 26864,   185,   26000000,   14134212,        0,  -11865788,          0
 26864,   186,   26000000,   14604763,        0,  -11395237,          0
 26864,   187,   26000000,   14104127,        0,  -11895873,          0
 26864,   188,   26000000,   14037059,        0,  -11962941,          0
 26864,   189,   26000000,   14066208,        0,  -11933792,          0
 26864,   190,   26000000,   14065348,        0,  -11934652,          0
 26864,   191,   26000000,   14082116,        0,  -11917884,          0
 26864,   192,   26000000,   14082446,        0,  -11917554,          0
 26864,   193,   26000000,   14540148,        0,  -11459852,          0
 26864,   194,   26000000,   14099416,        0,  -11900584,          0
 26864,   195,   26000000,   14519421,        0,  -11480579,          0
 26864,   196,   26000000,   14110435,        0,  -11889565,          0
 26864,   197,   26000000,   14154472,        0,  -11845528,          0
 26864,   198,   26000000,   14399630,        0,  -11600370,          0
 26864,   199,   26000000,   14179360,        0,  -11820640,          0
 26864,   200,   26000000,   14048084,        0,  -11951916,          0
 26864,   201,   26000000,   14087879,        0,  -11912121,          0
 26864,   202,   26000000,   14059735,        0,  -11940265,          0
 26864,   203,   26000000,   14383114,        0,  -11616886,          0
 26864,   204,   26000000,   14049675,        0,  -11950325,          0
 26864,   205,   26000000,   14056642,        0,  -11943358,          0
 26864,   206,   26000000,   14088270,        0,  -11911730,          0
 26864,   207,   26000000,   14079164,        0,  -11920836,          0
 26864,   208,   26000000,   14068487,        0,  -11931513,          0
 26864,   209,   26000000,   14051038,        0,  -11948962,          0
 26864,   210,   26000000,   14052342,        0,  -11947658,          0
 26864,   211,   26000000,   14043278,        0,  -11956722,          0
 26864,   212,   26000000,   14069645,        0,  -11930355,          0
 26864,   213,   26000000,   14056547,        0,  -11943453,          0
 26864,   214,   26000000,   14042026,        0,  -11957974,          0
 26864,   215,   26000000,   14284087,        0,  -11715913,          0
 26864,   216,   26000000,   14063919,        0,  -11936081,          0
 26864,   217,   26000000,   14399285,        0,  -11600715,          0
 26864,   218,   26000000,   14953953,        0,  -11046047,          0
 26864,   219,   26000000,   14991709,        0,  -11008291,          0
 26864,   220,   26000000,   14163485,        0,  -11836515,          0
 26864,   221,   26000000,   14080034,        0,  -11919966,          0
 26864,   222,   26000000,   14382145,        0,  -11617855,          0
 26864,   223,   26000000,   14089398,        0,  -11910602,          0
 26864,   224,   26000000,   14065554,        0,  -11934446,          0
 26864,   225,   26000000,   14095337,        0,  -11904663,          0
 26864,   226,   26000000,   14101913,        0,  -11898087,          0
 26864,   227,   26000000,   14747587,        0,  -11252413,          0
 26864,   228,   26000000,   14113487,        0,  -11886513,          0
 26864,   229,   26000000,   14172756,        0,  -11827244,          0
 26864,   230,   26000000,   14087097,        0,  -11912903,          0
 26864,   231,   26000000,   14059550,        0,  -11940450,          0
 26864,   232,   26000000,   14043180,        0,  -11956820,          0
 26864,   233,   26000000,   14238375,        0,  -11761625,          0
 26864,   234,   26000000,   14086433,        0,  -11913567,          0
 26864,   235,   26000000,   14098646,        0,  -11901354,          0
 26864,   236,   26000000,   14081002,        0,  -11918998,          0
 26864,   237,   26000000,   14144584,        0,  -11855416,          0
 26864,   238,   26000000,   14055549,        0,  -11944451,          0
 26864,   239,   26000000,   14045826,        0,  -11954174,          0
 26864,   240,   26000000,   14037336,        0,  -11962664,          0
 26864,   241,   26000000,   14126444,        0,  -11873556,          0
 26864,   242,   26000000,   14047986,        0,  -11952014,          0
 26864,   243,   26000000,   14082869,        0,  -11917131,          0
 26864,   244,   26000000,   14043919,        0,  -11956081,          0
 26864,   245,   26000000,   14056611,        0,  -11943389,          0
 26864,   246,   26000000,   14344661,        0,  -11655339,          0
 26864,   247,   26000000,   14056496,        0,  -11943504,          0
 26864,   248,   26000000,   14065385,        0,  -11934615,          0
 26864,   249,   26000000,   14100617,        0,  -11899383,          0
 26864,   250,   26000000,   14058959,        0,  -11941041,          0
 26864,   251,   26000000,   14354592,        0,  -11645408,          0
 26864,   252,   26000000,   14238333,        0,  -11761667,          0
 26864,   253,   26000000,   15080280,        0,  -10919720,          0
 26864,   254,   26000000,   14088438,        0,  -11911562,          0
 26864,   255,   26000000,   14063986,        0,  -11936014,          0
 26864,   256,   26000000,   14343999,        0,  -11656001,          0
 26864,   257,   26000000,   14061922,        0,  -11938078,          0
 26864,   258,   26000000,   14045549,        0,  -11954451,          0
 26864,   259,   26000000,   14096750,        0,  -11903250,          0
 26864,   260,   26000000,   14039122,        0,  -11960878,          0
 26864,   261,   26000000,   14082214,        0,  -11917786,          0
 26864,   262,   26000000,   14046961,        0,  -11953039,          0
 26864,   263,   26000000,   14078163,        0,  -11921837,          0
 26864,   264,   26000000,   14031689,        0,  -11968311,          0
 26864,   265,   26000000,   14764223,        0,  -11235777,          0
 26864,   266,   26000000,   14138483,        0,  -11861517,          0
 26864,   267,   26000000,   14114302,        0,  -11885698,          0
 26864,   268,   26000000,   14033074,        0,  -11966926,          0
 26864,   269,   26000000,   14660519,        0,  -11339481,          0
 26864,   270,   26000000,   14318848,        0,  -11681152,          0
 26864,   271,   26000000,   14185462,        0,  -11814538,          0
 26864,   272,   26000000,   14091730,        0,  -11908270,          0
 26864,   273,   26000000,   14075107,        0,  -11924893,          0
 26864,   274,   26000000,   14048153,        0,  -11951847,          0
 26864,   275,   26000000,   17920035,        0,   -8079965,          0
 26864,   276,   26000000,   14103702,        0,  -11896298,          0
 26864,   277,   26000000,   14089484,        0,  -11910516,          0
 26864,   278,   26000000,   14059321,        0,  -11940679,          0
 26864,   279,   26000000,   14043690,        0,  -11956310,          0
 26864,   280,   26000000,   14311019,        0,  -11688981,          0
 26864,   281,   26000000,   14065699,        0,  -11934301,          0
 26864,   282,   26000000,   14141000,        0,  -11859000,          0
 26864,   283,   26000000,   14076495,        0,  -11923505,          0
 26864,   284,   26000000,   14057765,        0,  -11942235,          0
 26864,   285,   26000000,   14075923,        0,  -11924077,          0
 26864,   286,   26000000,   14080476,        0,  -11919524,          0
 26864,   287,   26000000,   15123083,        0,  -10876917,          0
 26864,   288,   26000000,   14119050,        0,  -11880950,          0
 26864,   289,   26000000,   14144879,        0,  -11855121,          0
 26864,   290,   26000000,   14097686,        0,  -11902314,          0
 26864,   291,   26000000,   15126320,        0,  -10873680,          0
 26864,   292,   26000000,   14047706,        0,  -11952294,          0
 26864,   293,   26000000,   14180229,        0,  -11819771,          0
 26864,   294,   26000000,   14378126,        0,  -11621874,          0
 26864,   295,   26000000,   14058538,        0,  -11941462,          0
 26864,   296,   26000000,   14054690,        0,  -11945310,          0
 26864,   297,   26000000,   17275417,        0,   -8724583,          0
 26864,   298,   26000000,   14104491,        0,  -11895509,          0
 26864,   299,   26000000,   14337520,        0,  -11662480,          0
 26864,   300,   26000000,   14056861,        0,  -11943139,          0
 26864,   301,   26000000,   14201502,        0,  -11798498,          0
 26864,   302,   26000000,   14037381,        0,  -11962619,          0
 26864,   303,   26000000,   14074576,        0,  -11925424,          0
 26864,   304,   26000000,   14329449,        0,  -11670551,          0
 26864,   305,   26000000,   14595897,        0,  -11404103,          0
 26864,   306,   26000000,   14047747,        0,  -11952253,          0
 26864,   307,   26000000,   16038873,        0,   -9961127,          0
 26864,   308,   26000000,   14070752,        0,  -11929248,          0
 26864,   309,   26000000,   14073988,        0,  -11926012,          0
 26864,   310,   26000000,   14059903,        0,  -11940097,          0
 26864,   311,   26000000,   14047438,        0,  -11952562,          0
 26864,   312,   26000000,   14102421,        0,  -11897579,          0
 26864,   313,   26000000,   14107968,        0,  -11892032,          0
 26864,   314,   26000000,   14109921,        0,  -11890079,          0
 26864,   315,   26000000,   14107748,        0,  -11892252,          0
 26864,   316,   26000000,   14052710,        0,  -11947290,          0
 26864,   317,   26000000,   14320451,        0,  -11679549,          0
 26864,   318,   26000000,   14333140,        0,  -11666860,          0
 26864,   319,   26000000,   14427165,        0,  -11572835,          0
 26864,   320,   26000000,   14111495,        0,  -11888505,          0
 26864,   321,   26000000,   14063419,        0,  -11936581,          0
 26864,   322,   26000000,   14123281,        0,  -11876719,          0
 26864,   323,   26000000,   15379909,        0,  -10620091,          0
 26864,   324,   26000000,   14118069,        0,  -11881931,          0
 26864,   325,   26000000,   14105879,        0,  -11894121,          0
 26864,   326,   26000000,   14075561,        0,  -11924439,          0
 26864,   327,   26000000,   14049893,        0,  -11950107,          0
 26864,   328,   26000000,   14357382,        0,  -11642618,          0
 26864,   329,   26000000,   15149877,        0,  -10850123,          0
 26864,   330,   26000000,   14066707,        0,  -11933293,          0
 26864,   331,   26000000,   14122249,        0,  -11877751,          0
 26864,   332,   26000000,   14059080,        0,  -11940920,          0
 26864,   333,   26000000,   14076131,        0,  -11923869,          0
 26864,   334,   26000000,   14055005,        0,  -11944995,          0
 26864,   335,   26000000,   14430111,        0,  -11569889,          0
 26864,   336,   26000000,   14082302,        0,  -11917698,          0
 26864,   337,   26000000,   14099473,        0,  -11900527,          0
 26864,   338,   26000000,   14094251,        0,  -11905749,          0
 26864,   339,   26000000,   14244089,        0,  -11755911,          0
 26864,   340,   26000000,   14082349,        0,  -11917651,          0
 26864,   341,   26000000,   14231668,        0,  -11768332,          0
 26864,   342,   26000000,   14341118,        0,  -11658882,          0
 26864,   343,   26000000,   14117921,        0,  -11882079,          0
 26864,   344,   26000000,   14034064,        0,  -11965936,          0
 26864,   345,   26000000,   15981811,        0,  -10018189,          0
 26864,   346,   26000000,   14066405,        0,  -11933595,          0
 26864,   347,   26000000,   17373319,        0,   -8626681,          0
 26864,   348,   26000000,   14114145,        0,  -11885855,          0
 26864,   349,   26000000,   14215418,        0,  -11784582,          0
 26864,   350,   26000000,   14054304,        0,  -11945696,          0
 26864,   351,   26000000,   14201349,        0,  -11798651,          0
 26864,   352,   26000000,   14333312,        0,  -11666688,          0
 26864,   353,   26000000,   14183734,        0,  -11816266,          0
 26864,   354,   26000000,   14137661,        0,  -11862339,          0
 26864,   355,   26000000,   14155285,        0,  -11844715,          0
 26864,   356,   26000000,   14033605,        0,  -11966395,          0
 26864,   357,   26000000,   15933761,        0,  -10066239,          0
 26864,   358,   26000000,   14050858,        0,  -11949142,          0
 26864,   359,   26000000,   14071115,        0,  -11928885,          0
 26864,   360,   26000000,   14170924,        0,  -11829076,          0
 26864,   361,   26000000,   14046310,        0,  -11953690,          0
 26864,   362,   26000000,   14043546,        0,  -11956454,          0
 26864,   363,   26000000,   14055693,        0,  -11944307,          0
 26864,   364,   26000000,   14180712,        0,  -11819288,          0
 26864,   365,   26000000,   14059687,        0,  -11940313,          0
 26864,   366,   26000000,   14033006,        0,  -11966994,          0
 26864,   367,   26000000,   15245323,        0,  -10754677,          0
 26864,   368,   26000000,   14072817,        0,  -11927183,          0
 26864,   369,   26000000,   14114009,        0,  -11885991,          0
 26864,   370,   26000000,   14130166,        0,  -11869834,          0
 26864,   371,   26000000,   14357724,        0,  -11642276,          0
 26864,   372,   26000000,   14046863,        0,  -11953137,          0
 26864,   373,   26000000,   14201226,        0,  -11798774,          0
 26864,   374,   26000000,   14173659,        0,  -11826341,          0
 26864,   375,   26000000,   14051063,        0,  -11948937,          0
 26864,   376,   26000000,   14356912,        0,  -11643088,          0
 26864,   377,   26000000,   14066255,        0,  -11933745,          0
 26864,   378,   26000000,   14078711,        0,  -11921289,          0
 26864,   379,   26000000,   16113727,        0,   -9886273,          0
 26864,   380,   26000000,   14130845,        0,  -11869155,          0
 26864,   381,   26000000,   14317599,        0,  -11682401,          0
 26864,   382,   26000000,   14043010,        0,  -11956990,          0
 26864,   383,   26000000,   15280143,        0,  -10719857,          0
 26864,   384,   26000000,   14062551,        0,  -11937449,          0
 26864,   385,   26000000,   14082807,        0,  -11917193,          0
 26864,   386,   26000000,   14063948,        0,  -11936052,          0
 26864,   387,   26000000,   14099635,        0,  -11900365,          0
 26864,   388,   26000000,   14045551,        0,  -11954449,          0
# task NAME=myapp PID=26869 COST=18414000 PERIOD=38000000 CPU=0
 26869,     2,   38000000,      18484,        0,  -37981516,          0
 26869,     3,   38000000,      33115,        0,  -37966885,          0
 26869,     4,   38000000,   19111996,        0,  -18888004,          0
 26869,     5,   38000000,   18383728,        0,  -19616272,          0
 26869,     6,   38000000,   18267671,        0,  -19732329,          0
 26869,     7,   38000000,   18078162,        0,  -19921838,          0
 26869,     8,   38000000,   18486232,        0,  -19513768,          0
 26869,     9,   38000000,   18068309,        0,  -19931691,          0
 26869,    10,   38000000,   19839256,        0,  -18160744,          0
 26869,    11,   38000000,   18052524,        0,  -19947476,          0
 26869,    12,   38000000,   18049166,        0,  -19950834,          0
 26869,    13,   38000000,   18047546,        0,  -19952454,          0
 26869,    14,   38000000,   18046399,        0,  -19953601,          0
 26869,    15,   38000000,   18061034,        0,  -19938966,          0
 26869,    16,   38000000,   18591996,        0,  -19408004,          0
 26869,    17,   38000000,   18055449,        0,  -19944551,          0
 26869,    18,   38000000,   18330608,        0,  -19669392,          0
 26869,    19,   38000000,   18035508,        0,  -19964492,          0
 26869,    20,   38000000,   18134333,        0,  -19865667,          0
 26869,    21,   38000000,   19324352,        0,  -18675648,          0
 26869,    22,   38000000,   18069218,        0,  -19930782,          0
 26869,    23,   38000000,   18180956,        0,  -19819044,          0
 26869,    24,   38000000,   18221977,        0,  -19778023,          0
 26869,    25,   38000000,   18104208,        0,  -19895792,          0
 26869,    26,   38000000,   18057401,        0,  -19942599,          0
 26869,    27,   38000000,   18046277,        0,  -19953723,          0
 26869,    28,   38000000,   18542809,        0,  -19457191,          0
 26869,    29,   38000000,   18319551,        0,  -19680449,          0
 26869,    30,   38000000,   18039607,        0,  -19960393,          0
 26869,    31,   38000000,   18342747,        0,  -19657253,          0
 26869,    32,   38000000,   20129104,        0,  -17870896,          0
 26869,    33,   38000000,   18093906,        0,  -19906094,          0
 26869,    34,   38000000,   18046019,        0,  -19953981,          0
 26869,    35,   38000000,   18139784,        0,  -19860216,          0
 26869,    36,   38000000,   18228472,        0,  -19771528,          0
 26869,    37,   38000000,   18048752,        0,  -19951248,          0
 26869,    38,   38000000,   18068086,        0,  -19931914,          0
 26869,    39,   38000000,   18062920,        0,  -19937080,          0
 26869,    40,   38000000,   18942186,        0,  -19057814,          0
 26869,    41,   38000000,   18356148,        0,  -19643852,          0
 26869,    42,   38000000,   18101596,        0,  -19898404,          0
 26869,    43,   38000000,   18049643,        0,  -19950357,          0
 26869,    44,   38000000,   18042636,        0,  -19957364,          0
 26869,    45,   38000000,   18142060,        0,  -19857940,          0
 26869,    46,   38000000,   18464332,        0,  -19535668,          0
 26869,    47,   38000000,   18221715,        0,  -19778285,          0
 26869,    48,   38000000,   18055956,        0,  -19944044,          0
 26869,    49,   38000000,   18101602,        0,  -19898398,          0
 26869,    50,   38000000,   18054170,        0,  -19945830,          0
 26869,    51,   38000000,   18674716,        0,  -19325284,          0
 26869,    52,   38000000,   18157425,        0,  -19842575,          0
 26869,    53,   38000000,   18084652,        0,  -19915348,          0
 26869,    54,   38000000,   18323245,        0,  -19676755,          0
 26869,    55,   38000000,   18189215,        0,  -19810785,          0
 26869,    56,   38000000,   18064541,        0,  -19935459,          0
 26869,    57,   38000000,   18075547,        0,  -19924453,          0
 26869,    58,   38000000,   18567224,        0,  -19432776,          0
 26869,    59,   38000000,   18057615,        0,  -19942385,          0
 26869,    60,   38000000,   18091698,        0,  -19908302,          0
 26869,    61,   38000000,   18106513,        0,  -19893487,          0
 26869,    62,   38000000,   18154261,        0,  -19845739,          0
 26869,    63,   38000000,   18065845,        0,  -19934155,          0
 26869,    64,   38000000,   18440550,        0,  -19559450,          0
 26869,    65,   38000000,   18096290,        0,  -19903710,          0
 26869,    66,   38000000,   18249736,        0,  -19750264,          0
 26869,    67,   38000000,   18150348,        0,  -19849652,          0
 26869,    68,   38000000,   18109796,        0,  -19890204,          0
 26869,    69,   38000000,   18210389,        0,  -19789611,          0
 26869,    70,   38000000,   18125281,        0,  -19874719,          0
 26869,    71,   38000000,   18039450,        0,  -19960550,          0
 26869,    72,   38000000,   18100621,        0,  -19899379,          0
 26869,    73,   38000000,   18112564,        0,  -19887436,          0
 26869,    74,   38000000,   18314875,        0,  -19685125,          0
 26869,    75,   38000000,   18107314,        0,  -19892686,          0
 26869,    76,   38000000,   18056532,        0,  -19943468,          0
 26869,    77,   38000000,   18355918,        0,  -19644082,          0
 26869,    78,   38000000,   18061678,        0,  -19938322,          0
 26869,    79,   38000000,   18047639,        0,  -19952361,          0
 26869,    80,   38000000,   18119732,        0,  -19880268,          0
 26869,    81,   38000000,   18083801,        0,  -19916199,          0
 26869,    82,   38000000,   18125595,        0,  -19874405,          0
 26869,    83,   38000000,   18032163,        0,  -19967837,          0
 26869,    84,   38000000,   18186961,        0,  -19813039,          0
 26869,    85,   38000000,   18035295,        0,  -19964705,          0
 26869,    86,   38000000,   18116935,        0,  -19883065,          0
 26869,    87,   38000000,   18412881,        0,  -19587119,          0
 26869,    88,   38000000,   18185860,        0,  -19814140,          0
 26869,    89,   38000000,   18044233,        0,  -19955767,          0
 26869,    90,   38000000,   18135343,        0,  -19864657,          0
 26869,    91,   38000000,   18068717,        0,  -19931283,          0
 26869,    92,   38000000,   21036812,        0,  -16963188,          0
 26869,    93,   38000000,   18089954,        0,  -19910046,          0
 26869,    94,   38000000,   18072777,        0,  -19927223,          0
 26869,    95,   38000000,   18757945,        0,  -19242055,          0
 26869,    96,   38000000,   18047678,        0,  -19952322,          0
 26869,    97,   38000000,   18320299,        0,  -19679701,          0
 26869,    98,   38000000,   18050992,        0,  -19949008,          0
 26869,    99,   38000000,   19088347,        0,  -18911653,          0
 26869,   100,   38000000,   18364051,        0,  -19635949,          0
 26869,   101,   38000000,   18058672,        0,  -19941328,          0
 26869,   102,   38000000,   18128971,        0,  -19871029,          0
 26869,   103,   38000000,   18055447,        0,  -19944553,          0
 26869,   104,   38000000,   18131824,        0,  -19868176,          0
 26869,   105,   38000000,   18187589,        0,  -19812411,          0
 26869,   106,   38000000,   18134174,        0,  -19865826,          0
 26869,   107,   38000000,   18397347,        0,  -19602653,          0
 26869,   108,   38000000,   18091040,        0,  -19908960,          0
 26869,   109,   38000000,   18055412,        0,  -19944588,          0
 26869,   110,   38000000,   18581574,        0,  -19418426,          0
 26869,   111,   38000000,   18162723,        0,  -19837277,          0
 26869,   112,   38000000,   19110734,        0,  -18889266,          0
 26869,   113,   38000000,   18117873,        0,  -19882127,          0
 26869,   114,   38000000,   18246518,        0,  -19753482,          0
 26869,   115,   38000000,   18048498,        0,  -19951502,          0
 26869,   116,   38000000,   18103533,        0,  -19896467,          0
 26869,   117,   38000000,   18050646,        0,  -19949354,          0
 26869,   118,   38000000,   19445910,        0,  -18554090,          0
 26869,   119,   38000000,   18045021,        0,  -19954979,          0
 26869,   120,   38000000,   18597199,        0,  -19402801,          0
 26869,   121,   38000000,   18102706,        0,  -19897294,          0
 26869,   122,   38000000,   18118355,        0,  -19881645,          0
 26869,   123,   38000000,   18411300,        0,  -19588700,          0
 26869,   124,   38000000,   18122976,        0,  -19877024,          0
 26869,   125,   38000000,   18360403,        0,  -19639597,          0
 26869,   126,   38000000,   18109723,        0,  -19890277,          0
 26869,   127,   38000000,   18067383,        0,  -19932617,          0
 26869,   128,   38000000,   18071420,        0,  -19928580,          0
 26869,   129,   38000000,   18113621,        0,  -19886379,          0
 26869,   130,   38000000,   18327037,        0,  -19672963,          0
 26869,   131,   38000000,   18961246,        0,  -19038754,          0
 26869,   132,   38000000,   18032765,        0,  -19967235,          0
 26869,   133,   38000000,   18565431,        0,  -19434569,          0
 26869,   134,   38000000,   18203867,        0,  -19796133,          0
 26869,   135,   38000000,   18159516,        0,  -19840484,          0
 26869,   136,   38000000,   18561346,        0,  -19438654,          0
 26869,   137,   38000000,   18112046,        0,  -19887954,          0
 26869,   138,   38000000,   18191062,        0,  -19808938,          0
 26869,   139,   38000000,   18054724,        0,  -19945276,          0
 26869,   140,   38000000,   19170822,        0,  -18829178,          0
 26869,   141,   38000000,   18070436,        0,  -19929564,          0
 26869,   142,   38000000,   18119655,        0,  -19880345,          0
 26869,   143,   38000000,   18346369,        0,  -19653631,          0
 26869,   144,   38000000,   19177639,        0,  -18822361,          0
 26869,   145,   38000000,   18047129,        0,  -19952871,          0
 26869,   146,   38000000,   18111221,        0,  -19888779,          0
 26869,   147,   38000000,   18099391,        0,  -19900609,          0
 26869,   148,   38000000,   18064982,        0,  -19935018,          0
 26869,   149,   38000000,   18081371,        0,  -19918629,          0
 26869,   150,   38000000,   18956824,        0,  -19043176,          0
 26869,   151,   38000000,   18191629,        0,  -19808371,          0
 26869,   152,   38000000,   18138887,        0,  -19861113,          0
 26869,   153,   38000000,   18344651,        0,  -19655349,          0
 26869,   154,   38000000,   18109495,        0,  -19890505,          0
 26869,   155,   38000000,   18492544,        0,  -19507456,          0
 26869,   156,   38000000,   18411544,        0,  -19588456,          0
 26869,   157,   38000000,   18088909,        0,  -19911091,          0
 26869,   158,   38000000,   18192278,        0,  -19807722,          0
 26869,   159,   38000000,   18158476,        0,  -19841524,          0
 26869,   160,   38000000,   18065616,        0,  -19934384,          0
 26869,   161,   38000000,   18163723,        0,  -19836277,          0
 26869,   162,   38000000,   18412912,        0,  -19587088,          0
 26869,   163,   38000000,   18095086,        0,  -19904914,          0
 26869,   164,   38000000,   18071101,        0,  -19928899,          0
 26869,   165,   38000000,   18121810,        0,  -19878190,          0
 26869,   166,   38000000,   19734055,        0,  -18265945,          0
 26869,   167,   38000000,   18056008,        0,  -19943992,          0
 26869,   168,   38000000,   18079536,        0,  -19920464,          0
 26869,   169,   38000000,   18045957,        0,  -19954043,          0
 26869,   170,   38000000,   18104746,        0,  -19895254,          0
 26869,   171,   38000000,   18038563,        0,  -19961437,          0
 26869,   172,   38000000,   18069743,        0,  -19930257,          0
 26869,   173,   38000000,   18358787,        0,  -19641213,          0
 26869,   174,   38000000,   18096146,        0,  -19903854,          0
 26869,   175,   38000000,   18184735,        0,  -19815265,          0
 26869,   176,   38000000,   18388486,        0,  -19611514,          0
 26869,   177,   38000000,   19152040,        0,  -18847960,          0
 26869,   178,   38000000,   18184931,        0,  -19815069,          0
 26869,   179,   38000000,   18463217,        0,  -19536783,          0
 26869,   180,   38000000,   18116390,        0,  -19883610,          0
 26869,   181,   38000000,   18457399,        0,  -19542601,          0
 26869,   182,   38000000,   18047834,        0,  -19952166,          0
 26869,   183,   38000000,   18089820,        0,  -19910180,          0
 26869,   184,   38000000,   18079828,        0,  -19920172,          0
 26869,   185,   38000000,   18128367,        0,  -19871633,          0
 26869,   186,   38000000,   18144634,        0,  -19855366,          0
 26869,   187,   38000000,   18140899,        0,  -19859101,          0
 26869,   188,   38000000,   18224827,        0,  -19775173,          0
 26869,   189,   38000000,   18337320,        0,  -19662680,          0
 26869,   190,   38000000,   18057283,        0,  -19942717,          0
 26869,   191,   38000000,   18301130,        0,  -19698870,          0
 26869,   192,   38000000,   18597878,        0,  -19402122,          0
 26869,   193,   38000000,   18083137,        0,  -19916863,          0
 26869,   194,   38000000,   18094252,        0,  -19905748,          0
 26869,   195,   38000000,   18253159,        0,  -19746841,          0
 26869,   196,   38000000,   19866615,        0,  -18133385,          0
 26869,   197,   38000000,   18038857,        0,  -19961143,          0
 26869,   198,   38000000,   18223858,        0,  -19776142,          0
 26869,   199,   38000000,   18337295,        0,  -19662705,          0
 26869,   200,   38000000,   18071861,        0,  -19928139,          0
 26869,   201,   38000000,   18218437,        0,  -19781563,          0
 26869,   202,   38000000,   18367808,        0,  -19632192,          0
 26869,   203,   38000000,   20147041,        0,  -17852959,          0
 26869,   204,   38000000,   18180669,        0,  -19819331,          0
 26869,   205,   38000000,   18163895,        0,  -19836105,          0
 26869,   206,   38000000,   18185431,        0,  -19814569,          0
 26869,   207,   38000000,   18192311,        0,  -19807689,          0
 26869,   208,   38000000,   18058867,        0,  -19941133,          0
 26869,   209,   38000000,   18366537,        0,  -19633463,          0
 26869,   210,   38000000,   18067249,        0,  -19932751,          0
 26869,   211,   38000000,   18133207,        0,  -19866793,          0
 26869,   212,   38000000,   18326113,        0,  -19673887,          0
 26869,   213,   38000000,   18996157,        0,  -19003843,          0
 26869,   214,   38000000,   18057348,        0,  -19942652,          0
 26869,   215,   38000000,   18144539,        0,  -19855461,          0
 26869,   216,   38000000,   18049431,        0,  -19950569,          0
 26869,   217,   38000000,   18059319,        0,  -19940681,          0
 26869,   218,   38000000,   18778062,        0,  -19221938,          0
 26869,   219,   38000000,   18093396,        0,  -19906604,          0
 26869,   220,   38000000,   18083210,        0,  -19916790,          0
 26869,   221,   38000000,   18049015,        0,  -19950985,          0
 26869,   222,   38000000,   18914182,        0,  -19085818,          0
 26869,   223,   38000000,   18053869,        0,  -19946131,          0
 26869,   224,   38000000,   18829166,        0,  -19170834,          0
 26869,   225,   38000000,   18349336,        0,  -19650664,          0
 26869,   226,   38000000,   18061461,        0,  -19938539,          0
 26869,   227,   38000000,   18056025,        0,  -19943975,          0
 26869,   228,   38000000,   18111751,        0,  -19888249,          0
 26869,   229,   38000000,   18154727,        0,  -19845273,          0
 26869,   230,   38000000,   18140144,        0,  -19859856,          0
 26869,   231,   38000000,   18084484,        0,  -19915516,          0
 26869,   232,   38000000,   18396936,        0,  -19603064,          0
 26869,   233,   38000000,   18842884,        0,  -19157116,          0
 26869,   234,   38000000,   18040693,        0,  -19959307,          0
 26869,   235,   38000000,   18465308,        0,  -19534692,          0
 26869,   236,   38000000,   18084317,        0,  -19915683,          0
 26869,   237,   38000000,   20921664,        0,  -17078336,          0
 26869,   238,   38000000,   20126716,        0,  -17873284,          0
 26869,   239,   38000000,   18074049,        0,  -19925951,          0
 26869,   240,   38000000,   18050419,        0,  -19949581,          0
 26869,   241,   38000000,   18058258,        0,  -19941742,          0
 26869,   242,   38000000,   18105787,        0,  -19894213,          0
 26869,   243,   38000000,   18062931,        0,  -19937069,          0
 26869,   244,   38000000,   18111988,        0,  -19888012,          0
 26869,   245,   38000000,   18404107,        0,  -19595893,          0
 26869,   246,   38000000,   18091587,        0,  -19908413,          0
 26869,   247,   38000000,   18139982,        0,  -19860018,          0
 26869,   248,   38000000,   19730041,        0,  -18269959,          0
 26869,   249,   38000000,   18098839,        0,  -19901161,          0
 26869,   250,   38000000,   18181285,        0,  -19818715,          0
 26869,   251,   38000000,   18132180,        0,  -19867820,          0
 26869,   252,   38000000,   18066601,        0,  -19933399,          0
 26869,   253,   38000000,   18045283,        0,  -19954717,          0
 26869,   254,   38000000,   18069101,        0,  -19930899,          0
 26869,   255,   38000000,   18344003,        0,  -19655997,          0
 26869,   256,   38000000,   18072379,        0,  -19927621,          0
 26869,   257,   38000000,   18062932,        0,  -19937068,          0
 26869,   258,   38000000,   18332201,        0,  -19667799,          0
 26869,   259,   38000000,   18056573,        0,  -19943427,          0
 26869,   260,   38000000,   18033538,        0,  -19966462,          0
 26869,   261,   38000000,   18056786,        0,  -19943214,          0
 26869,   262,   38000000,   18081629,        0,  -19918371,          0
 26869,   263,   38000000,   19140964,        0,  -18859036,          0
 26869,   264,   38000000,   18112566,        0,  -19887434,          0
 26869,   265,   38000000,   18072149,        0,  -19927851,          0
 26869,   266,   38000000,   18052262,        0,  -19947738,          0
 26869,   267,   38000000,   18053765,        0,  -19946235,          0
