# Task,   Job,     Period,   Response, DL Miss?,   Lateness,  Tardiness
# task NAME=myapp PID=23623 COST=54520000 PERIOD=71000000 CPU=0
 23623,     2,   71000000,       9316,        0,  -70990684,          0
 23623,     3,   71000000,      42833,        0,  -70957167,          0
 23623,     4,   71000000,   55806008,        0,  -15193992,          0
 23623,     5,   71000000,   53399353,        0,  -17600647,          0
 23623,     6,   71000000,   53646576,        0,  -17353424,          0
 23623,     7,   71000000,   53552121,        0,  -17447879,          0
 23623,     8,   71000000,   53358721,        0,  -17641279,          0
 23623,     9,   71000000,   53640396,        0,  -17359604,          0
 23623,    10,   71000000,   53375346,        0,  -17624654,          0
 23623,    11,   71000000,   53621819,        0,  -17378181,          0
 23623,    12,   71000000,   53363942,        0,  -17636058,          0
 23623,    13,   71000000,   53613258,        0,  -17386742,          0
 23623,    14,   71000000,   53346680,        0,  -17653320,          0
 23623,    15,   71000000,   53371741,        0,  -17628259,          0
 23623,    16,   71000000,   53703809,        0,  -17296191,          0
 23623,    17,   71000000,   54034348,        0,  -16965652,          0
 23623,    18,   71000000,   53716029,        0,  -17283971,          0
 23623,    19,   71000000,   53373310,        0,  -17626690,          0
 23623,    20,   71000000,   53640843,        0,  -17359157,          0
 23623,    21,   71000000,   53352688,        0,  -17647312,          0
 23623,    22,   71000000,   53342402,        0,  -17657598,          0
 23623,    23,   71000000,   53617524,        0,  -17382476,          0
 23623,    24,   71000000,   53353632,        0,  -17646368,          0
 23623,    25,   71000000,   53895902,        0,  -17104098,          0
 23623,    26,   71000000,   53447017,        0,  -17552983,          0
 23623,    27,   71000000,   53620504,        0,  -17379496,          0
 23623,    28,   71000000,   53378490,        0,  -17621510,          0
 23623,    29,   71000000,   53357212,        0,  -17642788,          0
 23623,    30,   71000000,   53621033,        0,  -17378967,          0
 23623,    31,   71000000,   53563820,        0,  -17436180,          0
 23623,    32,   71000000,   53842921,        0,  -17157079,          0
 23623,    33,   71000000,   53555983,        0,  -17444017,          0
 23623,    34,   71000000,   53652714,        0,  -17347286,          0
 23623,    35,   71000000,   53593223,        0,  -17406777,          0
 23623,    36,   71000000,   53572791,        0,  -17427209,          0
 23623,    37,   71000000,   53860374,        0,  -17139626,          0
 23623,    38,   71000000,   53342352,        0,  -17657648,          0
 23623,    39,   71000000,   53634301,        0,  -17365699,          0
 23623,    40,   71000000,   53340998,        0,  -17659002,          0
 23623,    41,   71000000,   53642755,        0,  -17357245,          0
 23623,    42,   71000000,   53429506,        0,  -17570494,          0
 23623,    43,   71000000,   53411540,        0,  -17588460,          0
 23623,    44,   71000000,   53362340,        0,  -17637660,          0
 23623,    45,   71000000,   53346082,        0,  -17653918,          0
 23623,    46,   71000000,   53638566,        0,  -17361434,          0
 23623,    47,   71000000,   53520148,        0,  -17479852,          0
 23623,    48,   71000000,   53639133,        0,  -17360867,          0
 23623,    49,   71000000,   53400651,        0,  -17599349,          0
 23623,    50,   71000000,   53666114,        0,  -17333886,          0
 23623,    51,   71000000,   53593250,        0,  -17406750,          0
 23623,    52,   71000000,   53360414,        0,  -17639586,          0
 23623,    53,   71000000,   53657818,        0,  -17342182,          0
 23623,    54,   71000000,   53373879,        0,  -17626121,          0
 23623,    55,   71000000,   53660596,        0,  -17339404,          0
 23623,    56,   71000000,   53601362,        0,  -17398638,          0
 23623,    57,   71000000,   53632154,        0,  -17367846,          0
 23623,    58,   71000000,   53368963,        0,  -17631037,          0
 23623,    59,   71000000,   53389047,        0,  -17610953,          0
 23623,    60,   71000000,   53638870,        0,  -17361130,          0
 23623,    61,   71000000,   53441881,        0,  -17558119,          0
 23623,    62,   71000000,   53619497,        0,  -17380503,          0
 23623,    63,   71000000,   53372115,        0,  -17627885,          0
 23623,    64,   71000000,   53615483,        0,  -17384517,          0
 23623,    65,   71000000,   53472223,        0,  -17527777,          0
 23623,    66,   71000000,   53351570,        0,  -17648430,          0
 23623,    67,   71000000,   53640045,        0,  -17359955,          0
 23623,    68,   71000000,   53558490,        0,  -17441510,          0
 23623,    69,   71000000,   53650156,        0,  -17349844,          0
 23623,    70,   71000000,   53339602,        0,  -17660398,          0
 23623,    71,   71000000,   53667543,        0,  -17332457,          0
 23623,    72,   71000000,   53343457,        0,  -17656543,          0
 23623,    73,   71000000,   53400779,        0,  -17599221,          0
 23623,    74,   71000000,   53638482,        0,  -17361518,          0
 23623,    75,   71000000,   53467679,        0,  -17532321,          0
 23623,    76,   71000000,   53630589,        0,  -17369411,          0
 23623,    77,   71000000,   53367409,        0,  -17632591,          0
 23623,    78,   71000000,   53636909,        0,  -17363091,          0
 23623,    79,   71000000,   53345767,        0,  -17654233,          0
 23623,    80,   71000000,   53397414,        0,  -17602586,          0
 23623,    81,   71000000,   53621773,        0,  -17378227,          0
 23623,    82,   71000000,   53396570,        0,  -17603430,          0
 23623,    83,   71000000,   53628468,        0,  -17371532,          0
 23623,    84,   71000000,   53403993,        0,  -17596007,          0
 23623,    85,   71000000,   53675489,        0,  -17324511,          0
 23623,    86,   71000000,   53666120,        0,  -17333880,          0
 23623,    87,   71000000,   53672842,        0,  -17327158,          0
 23623,    88,   71000000,   53365622,        0,  -17634378,          0
 23623,    89,   71000000,   53501441,        0,  -17498559,          0
 23623,    90,   71000000,   53704840,        0,  -17295160,          0
 23623,    91,   71000000,   53368503,        0,  -17631497,          0
 23623,    92,   71000000,   53936944,        0,  -17063056,          0
 23623,    93,   71000000,   53389626,        0,  -17610374,          0
 23623,    94,   71000000,   53697500,        0,  -17302500,          0
 23623,    95,   71000000,   53364645,        0,  -17635355,          0
 23623,    96,   71000000,   53374258,        0,  -17625742,          0
 23623,    97,   71000000,   53650713,        0,  -17349287,          0
 23623,    98,   71000000,   53391314,        0,  -17608686,          0
 23623,    99,   71000000,   53671880,        0,  -17328120,          0
 23623,   100,   71000000,   53433305,        0,  -17566695,          0
 23623,   101,   71000000,   53667249,        0,  -17332751,          0
 23623,   102,   71000000,   53681840,        0,  -17318160,          0
 23623,   103,   71000000,   53450653,        0,  -17549347,          0
 23623,   104,   71000000,   53660317,        0,  -17339683,          0
 23623,   105,   71000000,   53385656,        0,  -17614344,          0
 23623,   106,   71000000,   53728566,        0,  -17271434,          0
 23623,   107,   71000000,   53398959,        0,  -17601041,          0
 23623,   108,   71000000,   53692520,        0,  -17307480,          0
 23623,   109,   71000000,   53371744,        0,  -17628256,          0
 23623,   110,   71000000,   53364979,        0,  -17635021,          0
 23623,   111,   71000000,   53654356,        0,  -17345644,          0
 23623,   112,   71000000,   53363226,        0,  -17636774,          0
 23623,   113,   71000000,   53688797,        0,  -17311203,          0
 23623,   114,   71000000,   53374662,        0,  -17625338,          0
 23623,   115,   71000000,   53849766,        0,  -17150234,          0
 23623,   116,   71000000,   53477093,        0,  -17522907,          0
 23623,   117,   71000000,   53460230,        0,  -17539770,          0
 23623,   118,   71000000,   53647896,        0,  -17352104,          0
 23623,   119,   71000000,   53361947,        0,  -17638053,          0
 23623,   120,   71000000,   53659076,        0,  -17340924,          0
 23623,   121,   71000000,   53382978,        0,  -17617022,          0
 23623,   122,   71000000,   53673486,        0,  -17326514,          0
 23623,   123,   71000000,   53449493,        0,  -17550507,          0
 23623,   124,   71000000,   53383092,        0,  -17616908,          0
 23623,   125,   71000000,   53693267,        0,  -17306733,          0
 23623,   126,   71000000,   53361374,        0,  -17638626,          0
 23623,   127,   71000000,   53676771,        0,  -17323229,          0
 23623,   128,   71000000,   53381249,        0,  -17618751,          0
 23623,   129,   71000000,   53683232,        0,  -17316768,          0
 23623,   130,   71000000,   53386543,        0,  -17613457,          0
 23623,   131,   71000000,   53745608,        0,  -17254392,          0
 23623,   132,   71000000,   53619953,        0,  -17380047,          0
 23623,   133,   71000000,   53400555,        0,  -17599445,          0
 23623,   134,   71000000,   53897597,        0,  -17102403,          0
 23623,   135,   71000000,   54210518,        0,  -16789482,          0
 23623,   136,   71000000,   53643381,        0,  -17356619,          0
 23623,   137,   71000000,   53410550,        0,  -17589450,          0
 23623,   138,   71000000,   53755775,        0,  -17244225,          0
 23623,   139,   71000000,   53396277,        0,  -17603723,          0
 23623,   140,   71000000,   53600988,        0,  -17399012,          0
 23623,   141,   71000000,   53687455,        0,  -17312545,          0
 23623,   142,   71000000,   53437184,        0,  -17562816,          0
 23623,   143,   71000000,   53867418,        0,  -17132582,          0
 23623,   144,   71000000,   53383709,        0,  -17616291,          0
# task NAME=myapp PID=23626 COST=51201000 PERIOD=81000000 CPU=0
 23626,     2,   81000000,      13383,        0,  -80986617,          0
 23626,     3,   81000000,      59351,        0,  -80940649,          0
 23626,     4,   81000000,   52600517,        0,  -28399483,          0
 23626,     5,   81000000,   50188444,        0,  -30811556,          0
 23626,     6,   81000000,   50119601,        0,  -30880399,          0
 23626,     7,   81000000,   50421924,        0,  -30578076,          0
 23626,     8,   81000000,   50135368,        0,  -30864632,          0
 23626,     9,   81000000,   50155460,        0,  -30844540,          0
 23626,    10,   81000000,   50436027,        0,  -30563973,          0
 23626,    11,   81000000,   50151857,        0,  -30848143,          0
 23626,    12,   81000000,   50336817,        0,  -30663183,          0
 23626,    13,   81000000,   50408535,        0,  -30591465,          0
 23626,    14,   81000000,   50760997,        0,  -30239003,          0
 23626,    15,   81000000,   50137408,        0,  -30862592,          0
 23626,    16,   81000000,   50432927,        0,  -30567073,          0
 23626,    17,   81000000,   50147685,        0,  -30852315,          0
 23626,    18,   81000000,   50149216,        0,  -30850784,          0
 23626,    19,   81000000,   50444621,        0,  -30555379,          0
 23626,    20,   81000000,   50160371,        0,  -30839629,          0
 23626,    21,   81000000,   50421241,        0,  -30578759,          0
 23626,    22,   81000000,   50209363,        0,  -30790637,          0
 23626,    23,   81000000,   50146150,        0,  -30853850,          0
 23626,    24,   81000000,   50428851,        0,  -30571149,          0
 23626,    25,   81000000,   50149101,        0,  -30850899,          0
 23626,    26,   81000000,   50137937,        0,  -30862063,          0
 23626,    27,   81000000,   50489877,        0,  -30510123,          0
 23626,    28,   81000000,   50189202,        0,  -30810798,          0
 23626,    29,   81000000,   50349493,        0,  -30650507,          0
 23626,    30,   81000000,   50408372,        0,  -30591628,          0
 23626,    31,   81000000,   50159548,        0,  -30840452,          0
 23626,    32,   81000000,   51026138,        0,  -29973862,          0
 23626,    33,   81000000,   50435861,        0,  -30564139,          0
 23626,    34,   81000000,   50183172,        0,  -30816828,          0
 23626,    35,   81000000,   50147479,        0,  -30852521,          0
 23626,    36,   81000000,   50417006,        0,  -30582994,          0
 23626,    37,   81000000,   50233413,        0,  -30766587,          0
 23626,    38,   81000000,   50436895,        0,  -30563105,          0
 23626,    39,   81000000,   50428782,        0,  -30571218,          0
 23626,    40,   81000000,   50386221,        0,  -30613779,          0
 23626,    41,   81000000,   50532383,        0,  -30467617,          0
 23626,    42,   81000000,   50123076,        0,  -30876924,          0
 23626,    43,   81000000,   50164885,        0,  -30835115,          0
 23626,    44,   81000000,   50431886,        0,  -30568114,          0
 23626,    45,   81000000,   50133352,        0,  -30866648,          0
 23626,    46,   81000000,   50156398,        0,  -30843602,          0
 23626,    47,   81000000,   50414356,        0,  -30585644,          0
 23626,    48,   81000000,   50167629,        0,  -30832371,          0
 23626,    49,   81000000,   50160720,        0,  -30839280,          0
 23626,    50,   81000000,   50526502,        0,  -30473498,          0
 23626,    51,   81000000,   50139821,        0,  -30860179,          0
 23626,    52,   81000000,   50314236,        0,  -30685764,          0
 23626,    53,   81000000,   50435265,        0,  -30564735,          0
 23626,    54,   81000000,   50149290,        0,  -30850710,          0
 23626,    55,   81000000,   50638466,        0,  -30361534,          0
 23626,    56,   81000000,   50419342,        0,  -30580658,          0
 23626,    57,   81000000,   50168527,        0,  -30831473,          0
 23626,    58,   81000000,   50621193,        0,  -30378807,          0
 23626,    59,   81000000,   50168070,        0,  -30831930,          0
 23626,    60,   81000000,   50137778,        0,  -30862222,          0
 23626,    61,   81000000,   50437306,        0,  -30562694,          0
 23626,    62,   81000000,   50194093,        0,  -30805907,          0
 23626,    63,   81000000,   50164326,        0,  -30835674,          0
 23626,    64,   81000000,   50448356,        0,  -30551644,          0
 23626,    65,   81000000,   50122747,        0,  -30877253,          0
 23626,    66,   81000000,   50225661,        0,  -30774339,          0
 23626,    67,   81000000,   50509793,        0,  -30490207,          0
 23626,    68,   81000000,   50149581,        0,  -30850419,          0
 23626,    69,   81000000,   50136909,        0,  -30863091,          0
 23626,    70,   81000000,   50444715,        0,  -30555285,          0
 23626,    71,   81000000,   50156338,        0,  -30843662,          0
 23626,    72,   81000000,   50444023,        0,  -30555977,          0
 23626,    73,   81000000,   50433626,        0,  -30566374,          0
 23626,    74,   81000000,   52213170,        0,  -28786830,          0
 23626,    75,   81000000,   50422149,        0,  -30577851,          0
 23626,    76,   81000000,   50226065,        0,  -30773935,          0
 23626,    77,   81000000,   50110914,        0,  -30889086,          0
 23626,    78,   81000000,   50390180,        0,  -30609820,          0
 23626,    79,   81000000,   50102293,        0,  -30897707,          0
 23626,    80,   81000000,   50129305,        0,  -30870695,          0
 23626,    81,   81000000,   50393399,        0,  -30606601,          0
 23626,    82,   81000000,   50124465,        0,  -30875535,          0
 23626,    83,   81000000,   50378043,        0,  -30621957,          0
 23626,    84,   81000000,   50576133,        0,  -30423867,          0
 23626,    85,   81000000,   50156820,        0,  -30843180,          0
 23626,    86,   81000000,   50125828,        0,  -30874172,          0
 23626,    87,   81000000,   50412286,        0,  -30587714,          0
 23626,    88,   81000000,   50116524,        0,  -30883476,          0
 23626,    89,   81000000,   50133727,        0,  -30866273,          0
 23626,    90,   81000000,   50677921,        0,  -30322079,          0
 23626,    91,   81000000,   50328118,        0,  -30671882,          0
 23626,    92,   81000000,   50630730,        0,  -30369270,          0
 23626,    93,   81000000,   50419128,        0,  -30580872,          0
 23626,    94,   81000000,   50142417,        0,  -30857583,          0
 23626,    95,   81000000,   50414441,        0,  -30585559,          0
 23626,    96,   81000000,   50223307,        0,  -30776693,          0
 23626,    97,   81000000,   50109539,        0,  -30890461,          0
 23626,    98,   81000000,   50402219,        0,  -30597781,          0
 23626,    99,   81000000,   50150091,        0,  -30849909,          0
 23626,   100,   81000000,   50123157,        0,  -30876843,          0
 23626,   101,   81000000,   50429440,        0,  -30570560,          0
 23626,   102,   81000000,   50199171,        0,  -30800829,          0
 23626,   103,   81000000,   50234219,        0,  -30765781,          0
 23626,   104,   81000000,   50438434,        0,  -30561566,          0
 23626,   105,   81000000,   50105808,        0,  -30894192,          0
 23626,   106,   81000000,   50122766,        0,  -30877234,          0
 23626,   107,   81000000,   50408805,        0,  -30591195,          0
 23626,   108,   81000000,   50117634,        0,  -30882366,          0
 23626,   109,   81000000,   50650452,        0,  -30349548,          0
 23626,   110,   81000000,   50398947,        0,  -30601053,          0
 23626,   111,   81000000,   50162883,        0,  -30837117,          0
 23626,   112,   81000000,   50683941,        0,  -30316059,          0
 23626,   113,   81000000,   50374399,        0,  -30625601,          0
 23626,   114,   81000000,   50320757,        0,  -30679243,          0
 23626,   115,   81000000,   50429166,        0,  -30570834,          0
 23626,   116,   81000000,   50111159,        0,  -30888841,          0
 23626,   117,   81000000,   50112127,        0,  -30887873,          0
 23626,   118,   81000000,   50411123,        0,  -30588877,          0
 23626,   119,   81000000,   50154039,        0,  -30845961,          0
 23626,   120,   81000000,   50107911,        0,  -30892089,          0
 23626,   121,   81000000,   50368690,        0,  -30631310,          0
 23626,   122,   81000000,   50100868,        0,  -30899132,          0
 23626,   123,   81000000,   50117576,        0,  -30882424,          0
 23626,   124,   81000000,   50596526,        0,  -30403474,          0
 23626,   125,   81000000,   50338544,        0,  -30661456,          0
 23626,   126,   81000000,   50397377,        0,  -30602623,          0
 23626,   127,   81000000,   50402876,        0,  -30597124,          0
