# Task,   Job,     Period,   Response, DL Miss?,   Lateness,  Tardiness
# task NAME=myapp PID=21955 COST=20367000 PERIOD=40000000 CPU=0
 21955,     2,   40000000,       7175,        0,  -39992825,          0
 21955,     3,   40000000,     102782,        0,  -39897218,          0
 21955,     4,   40000000,   19991838,        0,  -20008162,          0
 21955,     5,   40000000,   20003717,        0,  -19996283,          0
 21955,     6,   40000000,   20869367,        0,  -19130633,          0
 21955,     7,   40000000,   22924251,        0,  -17075749,          0
 21955,     8,   40000000,   27580761,        0,  -12419239,          0
 21955,     9,   40000000,   22638384,        0,  -17361616,          0
 21955,    10,   40000000,   26272112,        0,  -13727888,          0
 21955,    11,   40000000,   19951353,        0,  -20048647,          0
 21955,    12,   40000000,   22259237,        0,  -17740763,          0
 21955,    13,   40000000,   21702114,        0,  -18297886,          0
 21955,    14,   40000000,   20026268,        0,  -19973732,          0
 21955,    15,   40000000,   28841353,        0,  -11158647,          0
 21955,    16,   40000000,   21324175,        0,  -18675825,          0
 21955,    17,   40000000,   21117391,        0,  -18882609,          0
 21955,    18,   40000000,   24441702,        0,  -15558298,          0
 21955,    19,   40000000,   20988395,        0,  -19011605,          0
 21955,    20,   40000000,   29131263,        0,  -10868737,          0
 21955,    21,   40000000,   19973775,        0,  -20026225,          0
 21955,    22,   40000000,   23053903,        0,  -16946097,          0
 21955,    23,   40000000,   20715452,        0,  -19284548,          0
 21955,    24,   40000000,   24537799,        0,  -15462201,          0
 21955,    25,   40000000,   22001856,        0,  -17998144,          0
 21955,    26,   40000000,   22180629,        0,  -17819371,          0
 21955,    27,   40000000,   22132597,        0,  -17867403,          0
 21955,    28,   40000000,   19987547,        0,  -20012453,          0
 21955,    29,   40000000,   20019969,        0,  -19980031,          0
 21955,    30,   40000000,   22100516,        0,  -17899484,          0
 21955,    31,   40000000,   19957841,        0,  -20042159,          0
 21955,    32,   40000000,   24184503,        0,  -15815497,          0
 21955,    33,   40000000,   23061444,        0,  -16938556,          0
 21955,    34,   40000000,   20400662,        0,  -19599338,          0
 21955,    35,   40000000,   23159919,        0,  -16840081,          0
 21955,    36,   40000000,   20101135,        0,  -19898865,          0
 21955,    37,   40000000,   26945347,        0,  -13054653,          0
 21955,    38,   40000000,   20041094,        0,  -19958906,          0
 21955,    39,   40000000,   26145877,        0,  -13854123,          0
 21955,    40,   40000000,   20373211,        0,  -19626789,          0
 21955,    41,   40000000,   19966878,        0,  -20033122,          0
 21955,    42,   40000000,   26202875,        0,  -13797125,          0
 21955,    43,   40000000,   20268251,        0,  -19731749,          0
 21955,    44,   40000000,   25922874,        0,  -14077126,          0
 21955,    45,   40000000,   20003432,        0,  -19996568,          0
 21955,    46,   40000000,   21314379,        0,  -18685621,          0
 21955,    47,   40000000,   21964243,        0,  -18035757,          0
 21955,    48,   40000000,   19976332,        0,  -20023668,          0
 21955,    49,   40000000,   26868874,        0,  -13131126,          0
 21955,    50,   40000000,   20852769,        0,  -19147231,          0
 21955,    51,   40000000,   23587038,        0,  -16412962,          0
 21955,    52,   40000000,   24077873,        0,  -15922127,          0
 21955,    53,   40000000,   19984690,        0,  -20015310,          0
 21955,    54,   40000000,   26109925,        0,  -13890075,          0
 21955,    55,   40000000,   19960255,        0,  -20039745,          0
 21955,    56,   40000000,   31172413,        0,   -8827587,          0
 21955,    57,   40000000,   20129570,        0,  -19870430,          0
 21955,    58,   40000000,   27551378,        0,  -12448622,          0
 21955,    59,   40000000,   21284887,        0,  -18715113,          0
 21955,    60,   40000000,   20310558,        0,  -19689442,          0
 21955,    61,   40000000,   22137467,        0,  -17862533,          0
 21955,    62,   40000000,   20281649,        0,  -19718351,          0
 21955,    63,   40000000,   23046260,        0,  -16953740,          0
 21955,    64,   40000000,   25911899,        0,  -14088101,          0
 21955,    65,   40000000,   20392143,        0,  -19607857,          0
 21955,    66,   40000000,   25078174,        0,  -14921826,          0
 21955,    67,   40000000,   20984291,        0,  -19015709,          0
 21955,    68,   40000000,   26062670,        0,  -13937330,          0
 21955,    69,   40000000,   21933011,        0,  -18066989,          0
 21955,    70,   40000000,   22002353,        0,  -17997647,          0
 21955,    71,   40000000,   24806913,        0,  -15193087,          0
 21955,    72,   40000000,   20963386,        0,  -19036614,          0
 21955,    73,   40000000,   25970910,        0,  -14029090,          0
 21955,    74,   40000000,   23729551,        0,  -16270449,          0
 21955,    75,   40000000,   22269753,        0,  -17730247,          0
 21955,    76,   40000000,   19980517,        0,  -20019483,          0
 21955,    77,   40000000,   20438879,        0,  -19561121,          0
 21955,    78,   40000000,   21020420,        0,  -18979580,          0
 21955,    79,   40000000,   25146894,        0,  -14853106,          0
 21955,    80,   40000000,   20183345,        0,  -19816655,          0
 21955,    81,   40000000,   26520913,        0,  -13479087,          0
 21955,    82,   40000000,   19960602,        0,  -20039398,          0
 21955,    83,   40000000,   27633640,        0,  -12366360,          0
 21955,    84,   40000000,   20268282,        0,  -19731718,          0
 21955,    85,   40000000,   32108981,        0,   -7891019,          0
 21955,    86,   40000000,   20024006,        0,  -19975994,          0
 21955,    87,   40000000,   28113650,        0,  -11886350,          0
 21955,    88,   40000000,   22495010,        0,  -17504990,          0
 21955,    89,   40000000,   23622799,        0,  -16377201,          0
 21955,    90,   40000000,   24147232,        0,  -15852768,          0
 21955,    91,   40000000,   23097713,        0,  -16902287,          0
 21955,    92,   40000000,   22058489,        0,  -17941511,          0
 21955,    93,   40000000,   20624481,        0,  -19375519,          0
 21955,    94,   40000000,   21087467,        0,  -18912533,          0
 21955,    95,   40000000,   22399891,        0,  -17600109,          0
 21955,    96,   40000000,   22061363,        0,  -17938637,          0
 21955,    97,   40000000,   24054401,        0,  -15945599,          0
 21955,    98,   40000000,   20988337,        0,  -19011663,          0
 21955,    99,   40000000,   21091953,        0,  -18908047,          0
 21955,   100,   40000000,   23095391,        0,  -16904609,          0
 21955,   101,   40000000,   20063810,        0,  -19936190,          0
 21955,   102,   40000000,   21982211,        0,  -18017789,          0
 21955,   103,   40000000,   20011130,        0,  -19988870,          0
 21955,   104,   40000000,   27996808,        0,  -12003192,          0
 21955,   105,   40000000,   19959640,        0,  -20040360,          0
 21955,   106,   40000000,   26837130,        0,  -13162870,          0
 21955,   107,   40000000,   20040377,        0,  -19959623,          0
 21955,   108,   40000000,   20505116,        0,  -19494884,          0
 21955,   109,   40000000,   20473171,        0,  -19526829,          0
 21955,   110,   40000000,   20051937,        0,  -19948063,          0
 21955,   111,   40000000,   22948820,        0,  -17051180,          0
 21955,   112,   40000000,   24048992,        0,  -15951008,          0
 21955,   113,   40000000,   19983234,        0,  -20016766,          0
 21955,   114,   40000000,   20992216,        0,  -19007784,          0
 21955,   115,   40000000,   20381586,        0,  -19618414,          0
 21955,   116,   40000000,   22328859,        0,  -17671141,          0
 21955,   117,   40000000,   23641028,        0,  -16358972,          0
 21955,   118,   40000000,   22539482,        0,  -17460518,          0
 21955,   119,   40000000,   22828442,        0,  -17171558,          0
 21955,   120,   40000000,   21407540,        0,  -18592460,          0
 21955,   121,   40000000,   26123675,        0,  -13876325,          0
 21955,   122,   40000000,   24042348,        0,  -15957652,          0
 21955,   123,   40000000,   28222568,        0,  -11777432,          0
 21955,   124,   40000000,   20092269,        0,  -19907731,          0
 21955,   125,   40000000,   20583914,        0,  -19416086,          0
 21955,   126,   40000000,   22041108,        0,  -17958892,          0
 21955,   127,   40000000,   23183603,        0,  -16816397,          0
 21955,   128,   40000000,   24816957,        0,  -15183043,          0
 21955,   129,   40000000,   23942617,        0,  -16057383,          0
 21955,   130,   40000000,   22961705,        0,  -17038295,          0
 21955,   131,   40000000,   22049674,        0,  -17950326,          0
 21955,   132,   40000000,   20011341,        0,  -19988659,          0
 21955,   133,   40000000,   24137088,        0,  -15862912,          0
 21955,   134,   40000000,   21307752,        0,  -18692248,          0
 21955,   135,   40000000,   25059898,        0,  -14940102,          0
 21955,   136,   40000000,   23338987,        0,  -16661013,          0
 21955,   137,   40000000,   20308173,        0,  -19691827,          0
 21955,   138,   40000000,   26635681,        0,  -13364319,          0
 21955,   139,   40000000,   19951684,        0,  -20048316,          0
 21955,   140,   40000000,   27118070,        0,  -12881930,          0
 21955,   141,   40000000,   20051998,        0,  -19948002,          0
 21955,   142,   40000000,   23441289,        0,  -16558711,          0
 21955,   143,   40000000,   20886427,        0,  -19113573,          0
 21955,   144,   40000000,   20036842,        0,  -19963158,          0
 21955,   145,   40000000,   23093480,        0,  -16906520,          0
 21955,   146,   40000000,   22298152,        0,  -17701848,          0
 21955,   147,   40000000,   23732093,        0,  -16267907,          0
 21955,   148,   40000000,   20090980,        0,  -19909020,          0
 21955,   149,   40000000,   19997940,        0,  -20002060,          0
 21955,   150,   40000000,   25622903,        0,  -14377097,          0
 21955,   151,   40000000,   20019188,        0,  -19980812,          0
 21955,   152,   40000000,   27375668,        0,  -12624332,          0
 21955,   153,   40000000,   20998881,        0,  -19001119,          0
 21955,   154,   40000000,   22984691,        0,  -17015309,          0
 21955,   155,   40000000,   23618584,        0,  -16381416,          0
 21955,   156,   40000000,   19949791,        0,  -20050209,          0
 21955,   157,   40000000,   28027669,        0,  -11972331,          0
 21955,   158,   40000000,   20043381,        0,  -19956619,          0
 21955,   159,   40000000,   27142172,        0,  -12857828,          0
 21955,   160,   40000000,   19969367,        0,  -20030633,          0
 21955,   161,   40000000,   22580909,        0,  -17419091,          0
 21955,   162,   40000000,   21678086,        0,  -18321914,          0
 21955,   163,   40000000,   25498265,        0,  -14501735,          0
 21955,   164,   40000000,   20043046,        0,  -19956954,          0
 21955,   165,   40000000,   25248710,        0,  -14751290,          0
 21955,   166,   40000000,   20050018,        0,  -19949982,          0
 21955,   167,   40000000,   25102617,        0,  -14897383,          0
 21955,   168,   40000000,   22808925,        0,  -17191075,          0
 21955,   169,   40000000,   26021471,        0,  -13978529,          0
 21955,   170,   40000000,   20148537,        0,  -19851463,          0
 21955,   171,   40000000,   28530629,        0,  -11469371,          0
 21955,   172,   40000000,   22928616,        0,  -17071384,          0
 21955,   173,   40000000,   25247506,        0,  -14752494,          0
 21955,   174,   40000000,   23039592,        0,  -16960408,          0
 21955,   175,   40000000,   26643419,        0,  -13356581,          0
 21955,   176,   40000000,   22729420,        0,  -17270580,          0
 21955,   177,   40000000,   22501719,        0,  -17498281,          0
 21955,   178,   40000000,   19972046,        0,  -20027954,          0
 21955,   179,   40000000,   20596250,        0,  -19403750,          0
 21955,   180,   40000000,   22515237,        0,  -17484763,          0
 21955,   181,   40000000,   21804883,        0,  -18195117,          0
 21955,   182,   40000000,   20676202,        0,  -19323798,          0
 21955,   183,   40000000,   19966806,        0,  -20033194,          0
 21955,   184,   40000000,   25327051,        0,  -14672949,          0
 21955,   185,   40000000,   20151093,        0,  -19848907,          0
 21955,   186,   40000000,   22558060,        0,  -17441940,          0
 21955,   187,   40000000,   20232606,        0,  -19767394,          0
 21955,   188,   40000000,   25038449,        0,  -14961551,          0
 21955,   189,   40000000,   20075017,        0,  -19924983,          0
 21955,   190,   40000000,   22372993,        0,  -17627007,          0
 21955,   191,   40000000,   21037201,        0,  -18962799,          0
 21955,   192,   40000000,   22612379,        0,  -17387621,          0
 21955,   193,   40000000,   22789975,        0,  -17210025,          0
 21955,   194,   40000000,   22128442,        0,  -17871558,          0
 21955,   195,   40000000,   20014251,        0,  -19985749,          0
 21955,   196,   40000000,   19971306,        0,  -20028694,          0
 21955,   197,   40000000,   20150165,        0,  -19849835,          0
 21955,   198,   40000000,   20392543,        0,  -19607457,          0
 21955,   199,   40000000,   23128809,        0,  -16871191,          0
 21955,   200,   40000000,   26256083,        0,  -13743917,          0
 21955,   201,   40000000,   20044572,        0,  -19955428,          0
 21955,   202,   40000000,   23103834,        0,  -16896166,          0
 21955,   203,   40000000,   21950098,        0,  -18049902,          0
 21955,   204,   40000000,   22892982,        0,  -17107018,          0
 21955,   205,   40000000,   29209359,        0,  -10790641,          0
 21955,   206,   40000000,   19949959,        0,  -20050041,          0
 21955,   207,   40000000,   28582495,        0,  -11417505,          0
 21955,   208,   40000000,   20070427,        0,  -19929573,          0
 21955,   209,   40000000,   24478555,        0,  -15521445,          0
 21955,   210,   40000000,   23041819,        0,  -16958181,          0
 21955,   211,   40000000,   22069411,        0,  -17930589,          0
 21955,   212,   40000000,   25858816,        0,  -14141184,          0
 21955,   213,   40000000,   20483735,        0,  -19516265,          0
 21955,   214,   40000000,   25213507,        0,  -14786493,          0
 21955,   215,   40000000,   21464925,        0,  -18535075,          0
 21955,   216,   40000000,   25360317,        0,  -14639683,          0
 21955,   217,   40000000,   19959271,        0,  -20040729,          0
 21955,   218,   40000000,   20334334,        0,  -19665666,          0
 21955,   219,   40000000,   24033741,        0,  -15966259,          0
 21955,   220,   40000000,   19954696,        0,  -20045304,          0
 21955,   221,   40000000,   24301922,        0,  -15698078,          0
 21955,   222,   40000000,   23098023,        0,  -16901977,          0
 21955,   223,   40000000,   19940648,        0,  -20059352,          0
 21955,   224,   40000000,   26462494,        0,  -13537506,          0
 21955,   225,   40000000,   20270367,        0,  -19729633,          0
 21955,   226,   40000000,   30219577,        0,   -9780423,          0
 21955,   227,   40000000,   20268771,        0,  -19731229,          0
 21955,   228,   40000000,   21651642,        0,  -18348358,          0
 21955,   229,   40000000,   20556575,        0,  -19443425,          0
 21955,   230,   40000000,   21427430,        0,  -18572570,          0
 21955,   231,   40000000,   24307349,        0,  -15692651,          0
 21955,   232,   40000000,   23305942,        0,  -16694058,          0
 21955,   233,   40000000,   20048634,        0,  -19951366,          0
 21955,   234,   40000000,   23982256,        0,  -16017744,          0
 21955,   235,   40000000,   19967440,        0,  -20032560,          0
 21955,   236,   40000000,   24807247,        0,  -15192753,          0
 21955,   237,   40000000,   20240883,        0,  -19759117,          0
 21955,   238,   40000000,   24999178,        0,  -15000822,          0
 21955,   239,   40000000,   27011738,        0,  -12988262,          0
 21955,   240,   40000000,   20360817,        0,  -19639183,          0
 21955,   241,   40000000,   26463840,        0,  -13536160,          0
 21955,   242,   40000000,   20113331,        0,  -19886669,          0
 21955,   243,   40000000,   29436195,        0,  -10563805,          0
 21955,   244,   40000000,   20084468,        0,  -19915532,          0
 21955,   245,   40000000,   25956726,        0,  -14043274,          0
 21955,   246,   40000000,   22243510,        0,  -17756490,          0
 21955,   247,   40000000,   23190543,        0,  -16809457,          0
 21955,   248,   40000000,   26933243,        0,  -13066757,          0
 21955,   249,   40000000,   23111556,        0,  -16888444,          0
 21955,   250,   40000000,   20034809,        0,  -19965191,          0
 21955,   251,   40000000,   28710020,        0,  -11289980,          0
 21955,   252,   40000000,   19976849,        0,  -20023151,          0
 21955,   253,   40000000,   34078786,        0,   -5921214,          0
 21955,   254,   40000000,   21767665,        0,  -18232335,          0
# task NAME=myapp PID=21959 COST=8888000 PERIOD=97000000 CPU=0
 21959,     2,   97000000,       8866,        0,  -96991134,          0
 21959,     3,   97000000,     159262,        0,  -96840738,          0
 21959,     4,   97000000,   13936706,        0,  -83063294,          0
 21959,     5,   97000000,   14517887,        0,  -82482113,          0
 21959,     6,   97000000,   14449402,        0,  -82550598,          0
 21959,     7,   97000000,    8741754,        0,  -88258246,          0
 21959,     8,   97000000,   12855185,        0,  -84144815,          0
 21959,     9,   97000000,   10874206,        0,  -86125794,          0
 21959,    10,   97000000,   13391629,        0,  -83608371,          0
 21959,    11,   97000000,   15670356,        0,  -81329644,          0
 21959,    12,   97000000,   13219996,        0,  -83780004,          0
 21959,    13,   97000000,   10763696,        0,  -86236304,          0
 21959,    14,   97000000,   12716720,        0,  -84283280,          0
 21959,    15,   97000000,   10770328,        0,  -86229672,          0
 21959,    16,   97000000,   12894586,        0,  -84105414,          0
 21959,    17,   97000000,   14056433,        0,  -82943567,          0
 21959,    18,   97000000,   13344340,        0,  -83655660,          0
 21959,    19,   97000000,    8819170,        0,  -88180830,          0
 21959,    20,   97000000,   13043824,        0,  -83956176,          0
 21959,    21,   97000000,   12765619,        0,  -84234381,          0
 21959,    22,   97000000,   12623691,        0,  -84376309,          0
 21959,    23,   97000000,   12163292,        0,  -84836708,          0
 21959,    24,   97000000,   12831265,        0,  -84168735,          0
 21959,    25,   97000000,   16867056,        0,  -80132944,          0
 21959,    26,   97000000,    9982549,        0,  -87017451,          0
 21959,    27,   97000000,   13857409,        0,  -83142591,          0
 21959,    28,   97000000,    8872297,        0,  -88127703,          0
 21959,    29,   97000000,   13743016,        0,  -83256984,          0
 21959,    30,   97000000,   13246774,        0,  -83753226,          0
 21959,    31,   97000000,   13186107,        0,  -83813893,          0
 21959,    32,   97000000,   11248440,        0,  -85751560,          0
 21959,    33,   97000000,   11625046,        0,  -85374954,          0
 21959,    34,   97000000,   11805425,        0,  -85194575,          0
 21959,    35,   97000000,    9063858,        0,  -87936142,          0
 21959,    36,   97000000,   14846507,        0,  -82153493,          0
 21959,    37,   97000000,   12853306,        0,  -84146694,          0
 21959,    38,   97000000,   15392384,        0,  -81607616,          0
 21959,    39,   97000000,   10822991,        0,  -86177009,          0
 21959,    40,   97000000,    8733573,        0,  -88266427,          0
 21959,    41,   97000000,   11165900,        0,  -85834100,          0
 21959,    42,   97000000,   10848550,        0,  -86151450,          0
 21959,    43,   97000000,   10616960,        0,  -86383040,          0
 21959,    44,   97000000,   11025879,        0,  -85974121,          0
 21959,    45,   97000000,    8769130,        0,  -88230870,          0
 21959,    46,   97000000,    8810022,        0,  -88189978,          0
 21959,    47,   97000000,    8899566,        0,  -88100434,          0
 21959,    48,   97000000,    9048400,        0,  -87951600,          0
 21959,    49,   97000000,    8865260,        0,  -88134740,          0
 21959,    50,   97000000,   10986253,        0,  -86013747,          0
 21959,    51,   97000000,    9333549,        0,  -87666451,          0
 21959,    52,   97000000,    8761898,        0,  -88238102,          0
 21959,    53,   97000000,    8728203,        0,  -88271797,          0
 21959,    54,   97000000,    8723068,        0,  -88276932,          0
 21959,    55,   97000000,   10824488,        0,  -86175512,          0
 21959,    56,   97000000,    8779035,        0,  -88220965,          0
 21959,    57,   97000000,    9029532,        0,  -87970468,          0
 21959,    58,   97000000,   11507501,        0,  -85492499,          0
 21959,    59,   97000000,    8839799,        0,  -88160201,          0
 21959,    60,   97000000,    8938426,        0,  -88061574,          0
 21959,    61,   97000000,    8728238,        0,  -88271762,          0
 21959,    62,   97000000,   11671395,        0,  -85328605,          0
 21959,    63,   97000000,   11054557,        0,  -85945443,          0
 21959,    64,   97000000,    8724354,        0,  -88275646,          0
 21959,    65,   97000000,    8770562,        0,  -88229438,          0
 21959,    66,   97000000,    9129515,        0,  -87870485,          0
 21959,    67,   97000000,    8729974,        0,  -88270026,          0
 21959,    68,   97000000,    8930032,        0,  -88069968,          0
 21959,    69,   97000000,   14453149,        0,  -82546851,          0
 21959,    70,   97000000,    9903416,        0,  -87096584,          0
 21959,    71,   97000000,    8720407,        0,  -88279593,          0
 21959,    72,   97000000,    8754198,        0,  -88245802,          0
 21959,    73,   97000000,    9369016,        0,  -87630984,          0
 21959,    74,   97000000,   13680944,        0,  -83319056,          0
 21959,    75,   97000000,    9955575,        0,  -87044425,          0
 21959,    76,   97000000,   12891343,        0,  -84108657,          0
 21959,    77,   97000000,    9413862,        0,  -87586138,          0
 21959,    78,   97000000,    8760216,        0,  -88239784,          0
 21959,    79,   97000000,    8904680,        0,  -88095320,          0
 21959,    80,   97000000,    8822403,        0,  -88177597,          0
 21959,    81,   97000000,   11976824,        0,  -85023176,          0
 21959,    82,   97000000,    9576520,        0,  -87423480,          0
 21959,    83,   97000000,    8916341,        0,  -88083659,          0
 21959,    84,   97000000,    9544578,        0,  -87455422,          0
 21959,    85,   97000000,   13893410,        0,  -83106590,          0
 21959,    86,   97000000,    8852495,        0,  -88147505,          0
 21959,    87,   97000000,    8775475,        0,  -88224525,          0
 21959,    88,   97000000,   10969182,        0,  -86030818,          0
 21959,    89,   97000000,    8717972,        0,  -88282028,          0
 21959,    90,   97000000,    8749212,        0,  -88250788,          0
 21959,    91,   97000000,   12793398,        0,  -84206602,          0
 21959,    92,   97000000,    8758164,        0,  -88241836,          0
 21959,    93,   97000000,   10741199,        0,  -86258801,          0
 21959,    94,   97000000,    8719358,        0,  -88280642,          0
 21959,    95,   97000000,   13558721,        0,  -83441279,          0
 21959,    96,   97000000,   11016876,        0,  -85983124,          0
 21959,    97,   97000000,   12407614,        0,  -84592386,          0
 21959,    98,   97000000,    9745676,        0,  -87254324,          0
 21959,    99,   97000000,   10142663,        0,  -86857337,          0
 21959,   100,   97000000,   17746956,        0,  -79253044,          0
 21959,   101,   97000000,   12864095,        0,  -84135905,          0
 21959,   102,   97000000,   15347044,        0,  -81652956,          0
 21959,   103,   97000000,   11637605,        0,  -85362395,          0
 21959,   104,   97000000,   11877836,        0,  -85122164,          0
 21959,   105,   97000000,   13149730,        0,  -83850270,          0
 21959,   106,   97000000,    8873789,        0,  -88126211,          0
 21959,   107,   97000000,   12333309,        0,  -84666691,          0
# task NAME=myapp PID=21962 COST=53807000 PERIOD=64000000 CPU=0
 21962,     2,   64000000,       9074,        0,  -63990926,          0
 21962,     3,   64000000,      98835,        0,  -63901165,          0
 21962,     4,   64000000,   59228905,        0,   -4771095,          0
 21962,     5,   64000000,   55402263,        0,   -8597737,          0
 21962,     6,   64000000,   60968468,        0,   -3031532,          0
 21962,     7,   64000000,   59541552,        0,   -4458448,          0
 21962,     8,   64000000,   55183968,        0,   -8816032,          0
 21962,     9,   64000000,   57314233,        0,   -6685767,          0
 21962,    10,   64000000,   59792982,        0,   -4207018,          0
 21962,    11,   64000000,   53543713,        0,  -10456287,          0
 21962,    12,   64000000,   65303115,        1,    1303115,    1303115
 21962,    13,   64000000,   60034845,        0,   -3965155,          0
 21962,    14,   64000000,   55240785,        0,   -8759215,          0
 21962,    15,   64000000,   64288181,        1,     288181,     288181
 21962,    16,   64000000,   59303762,        0,   -4696238,          0
 21962,    17,   64000000,   55377785,        0,   -8622215,          0
 21962,    18,   64000000,   57806788,        0,   -6193212,          0
 21962,    19,   64000000,   56441734,        0,   -7558266,          0
 21962,    20,   64000000,   53124082,        0,  -10875918,          0
 21962,    21,   64000000,   58626909,        0,   -5373091,          0
 21962,    22,   64000000,   53196647,        0,  -10803353,          0
 21962,    23,   64000000,   55661984,        0,   -8338016,          0
 21962,    24,   64000000,   63694833,        0,    -305167,          0
 21962,    25,   64000000,   58468891,        0,   -5531109,          0
 21962,    26,   64000000,   53377084,        0,  -10622916,          0
 21962,    27,   64000000,   61067082,        0,   -2932918,          0
 21962,    28,   64000000,   56998172,        0,   -7001828,          0
 21962,    29,   64000000,   52899206,        0,  -11100794,          0
 21962,    30,   64000000,   56939072,        0,   -7060928,          0
 21962,    31,   64000000,   52799984,        0,  -11200016,          0
 21962,    32,   64000000,   55704300,        0,   -8295700,          0
 21962,    33,   64000000,   64869726,        1,     869726,     869726
 21962,    34,   64000000,   55842180,        0,   -8157820,          0
 21962,    35,   64000000,   57962041,        0,   -6037959,          0
 21962,    36,   64000000,   65425295,        1,    1425295,    1425295
 21962,    37,   64000000,   63284178,        0,    -715822,          0
 21962,    38,   64000000,   53597348,        0,  -10402652,          0
 21962,    39,   64000000,   54913607,        0,   -9086393,          0
 21962,    40,   64000000,   54699339,        0,   -9300661,          0
 21962,    41,   64000000,   56708161,        0,   -7291839,          0
 21962,    42,   64000000,   59901401,        0,   -4098599,          0
 21962,    43,   64000000,   53994081,        0,  -10005919,          0
 21962,    44,   64000000,   60163834,        0,   -3836166,          0
 21962,    45,   64000000,   67678117,        1,    3678117,    3678117
 21962,    46,   64000000,   64707610,        1,     707610,     707610
 21962,    47,   64000000,   55930984,        0,   -8069016,          0
 21962,    48,   64000000,   57225818,        0,   -6774182,          0
 21962,    49,   64000000,   53004151,        0,  -10995849,          0
 21962,    50,   64000000,   58143967,        0,   -5856033,          0
 21962,    51,   64000000,   52980328,        0,  -11019672,          0
 21962,    52,   64000000,   54420400,        0,   -9579600,          0
 21962,    53,   64000000,   63253398,        0,    -746602,          0
 21962,    54,   64000000,   63008130,        0,    -991870,          0
 21962,    55,   64000000,   59677167,        0,   -4322833,          0
 21962,    56,   64000000,   56127872,        0,   -7872128,          0
 21962,    57,   64000000,   59596640,        0,   -4403360,          0
 21962,    58,   64000000,   62077891,        0,   -1922109,          0
 21962,    59,   64000000,   56473205,        0,   -7526795,          0
 21962,    60,   64000000,   54968117,        0,   -9031883,          0
 21962,    61,   64000000,   55104713,        0,   -8895287,          0
 21962,    62,   64000000,   55946411,        0,   -8053589,          0
 21962,    63,   64000000,   58550114,        0,   -5449886,          0
 21962,    64,   64000000,   53745055,        0,  -10254945,          0
 21962,    65,   64000000,   62250642,        0,   -1749358,          0
 21962,    66,   64000000,   58609039,        0,   -5390961,          0
 21962,    67,   64000000,   60532821,        0,   -3467179,          0
 21962,    68,   64000000,   52709372,        0,  -11290628,          0
 21962,    69,   64000000,   53836037,        0,  -10163963,          0
 21962,    70,   64000000,   54148852,        0,   -9851148,          0
 21962,    71,   64000000,   54358981,        0,   -9641019,          0
 21962,    72,   64000000,   53321073,        0,  -10678927,          0
 21962,    73,   64000000,   55151854,        0,   -8848146,          0
 21962,    74,   64000000,   55254663,        0,   -8745337,          0
 21962,    75,   64000000,   61772981,        0,   -2227019,          0
 21962,    76,   64000000,   57606916,        0,   -6393084,          0
 21962,    77,   64000000,   57015459,        0,   -6984541,          0
 21962,    78,   64000000,   60782392,        0,   -3217608,          0
 21962,    79,   64000000,   57471063,        0,   -6528937,          0
 21962,    80,   64000000,   56047669,        0,   -7952331,          0
 21962,    81,   64000000,   58742953,        0,   -5257047,          0
 21962,    82,   64000000,   56782565,        0,   -7217435,          0
 21962,    83,   64000000,   55470465,        0,   -8529535,          0
 21962,    84,   64000000,   57175883,        0,   -6824117,          0
 21962,    85,   64000000,   56678570,        0,   -7321430,          0
 21962,    86,   64000000,   56888222,        0,   -7111778,          0
 21962,    87,   64000000,   63387297,        0,    -612703,          0
 21962,    88,   64000000,   59379977,        0,   -4620023,          0
 21962,    89,   64000000,   55624514,        0,   -8375486,          0
 21962,    90,   64000000,   58897800,        0,   -5102200,          0
 21962,    91,   64000000,   55308389,        0,   -8691611,          0
 21962,    92,   64000000,   57450315,        0,   -6549685,          0
 21962,    93,   64000000,   54852496,        0,   -9147504,          0
 21962,    94,   64000000,   55296915,        0,   -8703085,          0
 21962,    95,   64000000,   58829009,        0,   -5170991,          0
 21962,    96,   64000000,   63783308,        0,    -216692,          0
 21962,    97,   64000000,   56252788,        0,   -7747212,          0
 21962,    98,   64000000,   57392300,        0,   -6607700,          0
 21962,    99,   64000000,   61381929,        0,   -2618071,          0
 21962,   100,   64000000,   59118181,        0,   -4881819,          0
 21962,   101,   64000000,   55729939,        0,   -8270061,          0
 21962,   102,   64000000,   53140866,        0,  -10859134,          0
 21962,   103,   64000000,   57013260,        0,   -6986740,          0
 21962,   104,   64000000,   59944713,        0,   -4055287,          0
 21962,   105,   64000000,   59921128,        0,   -4078872,          0
 21962,   106,   64000000,   54938840,        0,   -9061160,          0
 21962,   107,   64000000,   55527692,        0,   -8472308,          0
 21962,   108,   64000000,   63811111,        0,    -188889,          0
 21962,   109,   64000000,   62281657,        0,   -1718343,          0
 21962,   110,   64000000,   59976437,        0,   -4023563,          0
 21962,   111,   64000000,   55035390,        0,   -8964610,          0
 21962,   112,   64000000,   54163702,        0,   -9836298,          0
 21962,   113,   64000000,   57628777,        0,   -6371223,          0
 21962,   114,   64000000,   54677739,        0,   -9322261,          0
 21962,   115,   64000000,   54872800,        0,   -9127200,          0
 21962,   116,   64000000,   57186892,        0,   -6813108,          0
 21962,   117,   64000000,   61398588,        0,   -2601412,          0
 21962,   118,   64000000,   58089478,        0,   -5910522,          0
 21962,   119,   64000000,   53750547,        0,  -10249453,          0
 21962,   120,   64000000,   57931323,        0,   -6068677,          0
 21962,   121,   64000000,   57363471,        0,   -6636529,          0
 21962,   122,   64000000,   54545953,        0,   -9454047,          0
 21962,   123,   64000000,   53014873,        0,  -10985127,          0
 21962,   124,   64000000,   53721217,        0,  -10278783,          0
 21962,   125,   64000000,   53673609,        0,  -10326391,          0
 21962,   126,   64000000,   59037476,        0,   -4962524,          0
 21962,   127,   64000000,   59258597,        0,   -4741403,          0
 21962,   128,   64000000,   53952476,        0,  -10047524,          0
 21962,   129,   64000000,   59241309,        0,   -4758691,          0
 21962,   130,   64000000,   61790842,        0,   -2209158,          0
 21962,   131,   64000000,   57285238,        0,   -6714762,          0
 21962,   132,   64000000,   57825953,        0,   -6174047,          0
 21962,   133,   64000000,   57612328,        0,   -6387672,          0
 21962,   134,   64000000,   52762029,        0,  -11237971,          0
 21962,   135,   64000000,   58955374,        0,   -5044626,          0
 21962,   136,   64000000,   56099520,        0,   -7900480,          0
 21962,   137,   64000000,   53663668,        0,  -10336332,          0
 21962,   138,   64000000,   59632663,        0,   -4367337,          0
 21962,   139,   64000000,   57086028,        0,   -6913972,          0
 21962,   140,   64000000,   54651049,        0,   -9348951,          0
 21962,   141,   64000000,   60840786,        0,   -3159214,          0
 21962,   142,   64000000,   62911445,        0,   -1088555,          0
 21962,   143,   64000000,   55260663,        0,   -8739337,          0
 21962,   144,   64000000,   56207668,        0,   -7792332,          0
 21962,   145,   64000000,   58657861,        0,   -5342139,          0
 21962,   146,   64000000,   55545999,        0,   -8454001,          0
 21962,   147,   64000000,   60014524,        0,   -3985476,          0
 21962,   148,   64000000,   57817511,        0,   -6182489,          0
 21962,   149,   64000000,   54851297,        0,   -9148703,          0
 21962,   150,   64000000,   70173425,        1,    6173425,    6173425
 21962,   151,   64000000,   72912317,        1,    8912317,    8912317
 21962,   152,   64000000,   62059207,        0,   -1940793,          0
 21962,   153,   64000000,   62706392,        0,   -1293608,          0
 21962,   154,   64000000,   58742694,        0,   -5257306,          0
 21962,   155,   64000000,   58974622,        0,   -5025378,          0
 21962,   156,   64000000,   60271022,        0,   -3728978,          0
 21962,   157,   64000000,   55494375,        0,   -8505625,          0
 21962,   158,   64000000,   61842660,        0,   -2157340,          0
 21962,   159,   64000000,   67256463,        1,    3256463,    3256463
 21962,   160,   64000000,   61757232,        0,   -2242768,          0
# task NAME=myapp PID=21967 COST=33690000 PERIOD=96000000 CPU=0
 21967,     2,   96000000,       7309,        0,  -95992691,          0
 21967,     3,   96000000,     143647,        0,  -95856353,          0
 21967,     4,   96000000,   40474002,        0,  -55525998,          0
 21967,     5,   96000000,   40607299,        0,  -55392701,          0
 21967,     6,   96000000,   38028185,        0,  -57971815,          0
 21967,     7,   96000000,   36590241,        0,  -59409759,          0
 21967,     8,   96000000,   41419501,        0,  -54580499,          0
 21967,     9,   96000000,   44088659,        0,  -51911341,          0
 21967,    10,   96000000,   41256493,        0,  -54743507,          0
 21967,    11,   96000000,   45291795,        0,  -50708205,          0
 21967,    12,   96000000,   35787783,        0,  -60212217,          0
 21967,    13,   96000000,   37043461,        0,  -58956539,          0
 21967,    14,   96000000,   38047393,        0,  -57952607,          0
 21967,    15,   96000000,   40868847,        0,  -55131153,          0
 21967,    16,   96000000,   38296834,        0,  -57703166,          0
 21967,    17,   96000000,   46346373,        0,  -49653627,          0
 21967,    18,   96000000,   40376641,        0,  -55623359,          0
 21967,    19,   96000000,   42073776,        0,  -53926224,          0
 21967,    20,   96000000,   38273066,        0,  -57726934,          0
 21967,    21,   96000000,   36031816,        0,  -59968184,          0
 21967,    22,   96000000,   41083873,        0,  -54916127,          0
 21967,    23,   96000000,   41679295,        0,  -54320705,          0
 21967,    24,   96000000,   38249126,        0,  -57750874,          0
 21967,    25,   96000000,   44142191,        0,  -51857809,          0
 21967,    26,   96000000,   42508281,        0,  -53491719,          0
 21967,    27,   96000000,   35192226,        0,  -60807774,          0
 21967,    28,   96000000,   35696009,        0,  -60303991,          0
 21967,    29,   96000000,   36113304,        0,  -59886696,          0
 21967,    30,   96000000,   38475829,        0,  -57524171,          0
 21967,    31,   96000000,   47078311,        0,  -48921689,          0
 21967,    32,   96000000,   42549775,        0,  -53450225,          0
 21967,    33,   96000000,   35640437,        0,  -60359563,          0
 21967,    34,   96000000,   34213027,        0,  -61786973,          0
 21967,    35,   96000000,   33050458,        0,  -62949542,          0
 21967,    36,   96000000,   33195428,        0,  -62804572,          0
 21967,    37,   96000000,   41217620,        0,  -54782380,          0
 21967,    38,   96000000,   41626182,        0,  -54373818,          0
 21967,    39,   96000000,   38693639,        0,  -57306361,          0
 21967,    40,   96000000,   39467931,        0,  -56532069,          0
 21967,    41,   96000000,   35087989,        0,  -60912011,          0
 21967,    42,   96000000,   35038205,        0,  -60961795,          0
 21967,    43,   96000000,   35876196,        0,  -60123804,          0
 21967,    44,   96000000,   35166563,        0,  -60833437,          0
 21967,    45,   96000000,   42798357,        0,  -53201643,          0
 21967,    46,   96000000,   38482621,        0,  -57517379,          0
 21967,    47,   96000000,   35046625,        0,  -60953375,          0
 21967,    48,   96000000,   35173150,        0,  -60826850,          0
 21967,    49,   96000000,   34390546,        0,  -61609454,          0
 21967,    50,   96000000,   35173869,        0,  -60826131,          0
 21967,    51,   96000000,   41910910,        0,  -54089090,          0
 21967,    52,   96000000,   41108126,        0,  -54891874,          0
 21967,    53,   96000000,   40038188,        0,  -55961812,          0
 21967,    54,   96000000,   39267122,        0,  -56732878,          0
 21967,    55,   96000000,   37110490,        0,  -58889510,          0
 21967,    56,   96000000,   38351635,        0,  -57648365,          0
 21967,    57,   96000000,   37131491,        0,  -58868509,          0
 21967,    58,   96000000,   36249554,        0,  -59750446,          0
 21967,    59,   96000000,   42423258,        0,  -53576742,          0
 21967,    60,   96000000,   44535990,        0,  -51464010,          0
 21967,    61,   96000000,   40174257,        0,  -55825743,          0
 21967,    62,   96000000,   35822969,        0,  -60177031,          0
 21967,    63,   96000000,   35226391,        0,  -60773609,          0
 21967,    64,   96000000,   34669649,        0,  -61330351,          0
 21967,    65,   96000000,   42453195,        0,  -53546805,          0
 21967,    66,   96000000,   41889482,        0,  -54110518,          0
 21967,    67,   96000000,   45138312,        0,  -50861688,          0
 21967,    68,   96000000,   38767647,        0,  -57232353,          0
 21967,    69,   96000000,   33776313,        0,  -62223687,          0
 21967,    70,   96000000,   33034451,        0,  -62965549,          0
 21967,    71,   96000000,   36372529,        0,  -59627471,          0
 21967,    72,   96000000,   37860832,        0,  -58139168,          0
 21967,    73,   96000000,   42705143,        0,  -53294857,          0
 21967,    74,   96000000,   40629849,        0,  -55370151,          0
 21967,    75,   96000000,   37706869,        0,  -58293131,          0
 21967,    76,   96000000,   35067025,        0,  -60932975,          0
 21967,    77,   96000000,   33818490,        0,  -62181510,          0
 21967,    78,   96000000,   33015393,        0,  -62984607,          0
 21967,    79,   96000000,   39665258,        0,  -56334742,          0
 21967,    80,   96000000,   38337562,        0,  -57662438,          0
 21967,    81,   96000000,   36617366,        0,  -59382634,          0
 21967,    82,   96000000,   35313487,        0,  -60686513,          0
 21967,    83,   96000000,   33173638,        0,  -62826362,          0
 21967,    84,   96000000,   33783734,        0,  -62216266,          0
 21967,    85,   96000000,   38475525,        0,  -57524475,          0
 21967,    86,   96000000,   34332344,        0,  -61667656,          0
 21967,    87,   96000000,   37315384,        0,  -58684616,          0
 21967,    88,   96000000,   41602772,        0,  -54397228,          0
 21967,    89,   96000000,   38321428,        0,  -57678572,          0
 21967,    90,   96000000,   37952253,        0,  -58047747,          0
 21967,    91,   96000000,   37341115,        0,  -58658885,          0
 21967,    92,   96000000,   33110729,        0,  -62889271,          0
 21967,    93,   96000000,   39740161,        0,  -56259839,          0
 21967,    94,   96000000,   41336288,        0,  -54663712,          0
 21967,    95,   96000000,   43579334,        0,  -52420666,          0
 21967,    96,   96000000,   42178688,        0,  -53821312,          0
 21967,    97,   96000000,   37700784,        0,  -58299216,          0
 21967,    98,   96000000,   38142210,        0,  -57857790,          0
 21967,    99,   96000000,   40541647,        0,  -55458353,          0
 21967,   100,   96000000,   40399388,        0,  -55600612,          0
 21967,   101,   96000000,   51093223,        0,  -44906777,          0
 21967,   102,   96000000,   45433405,        0,  -50566595,          0
 21967,   103,   96000000,   42568086,        0,  -53431914,          0
 21967,   104,   96000000,   38319572,        0,  -57680428,          0
 21967,   105,   96000000,   37598219,        0,  -58401781,          0
 21967,   106,   96000000,   36340065,        0,  -59659935,          0
 21967,   107,   96000000,   45342571,        0,  -50657429,          0
 21967,   108,   96000000,   43989975,        0,  -52010025,          0
# task NAME=myapp PID=21971 COST=9041000 PERIOD=71000000 CPU=0
 21971,     2,   71000000,       8492,        0,  -70991508,          0
 21971,     3,   71000000,     110434,        0,  -70889566,          0
 21971,     4,   71000000,   10947454,        0,  -60052546,          0
 21971,     5,   71000000,    8937478,        0,  -62062522,          0
 21971,     6,   71000000,    9952737,        0,  -61047263,          0
 21971,     7,   71000000,   11240168,        0,  -59759832,          0
 21971,     8,   71000000,    9833344,        0,  -61166656,          0
 21971,     9,   71000000,    9079537,        0,  -61920463,          0
 21971,    10,   71000000,   12984475,        0,  -58015525,          0
 21971,    11,   71000000,    8907450,        0,  -62092550,          0
 21971,    12,   71000000,    8877419,        0,  -62122581,          0
 21971,    13,   71000000,    9903197,        0,  -61096803,          0
 21971,    14,   71000000,   15819175,        0,  -55180825,          0
 21971,    15,   71000000,   10967814,        0,  -60032186,          0
 21971,    16,   71000000,   10590682,        0,  -60409318,          0
 21971,    17,   71000000,    9299697,        0,  -61700303,          0
 21971,    18,   71000000,   15956291,        0,  -55043709,          0
 21971,    19,   71000000,    9132998,        0,  -61867002,          0
 21971,    20,   71000000,    9387114,        0,  -61612886,          0
 21971,    21,   71000000,   10771593,        0,  -60228407,          0
 21971,    22,   71000000,   10916965,        0,  -60083035,          0
 21971,    23,   71000000,    9014147,        0,  -61985853,          0
 21971,    24,   71000000,    9939731,        0,  -61060269,          0
 21971,    25,   71000000,   15050803,        0,  -55949197,          0
 21971,    26,   71000000,   11130211,        0,  -59869789,          0
 21971,    27,   71000000,    8902857,        0,  -62097143,          0
 21971,    28,   71000000,    9790654,        0,  -61209346,          0
 21971,    29,   71000000,   11185039,        0,  -59814961,          0
 21971,    30,   71000000,    8907869,        0,  -62092131,          0
 21971,    31,   71000000,    9208980,        0,  -61791020,          0
 21971,    32,   71000000,   10888782,        0,  -60111218,          0
 21971,    33,   71000000,   15970133,        0,  -55029867,          0
 21971,    34,   71000000,   11455901,        0,  -59544099,          0
 21971,    35,   71000000,    8996683,        0,  -62003317,          0
 21971,    36,   71000000,    8944689,        0,  -62055311,          0
 21971,    37,   71000000,   10943888,        0,  -60056112,          0
 21971,    38,   71000000,    9242787,        0,  -61757213,          0
 21971,    39,   71000000,    8966923,        0,  -62033077,          0
 21971,    40,   71000000,   14355930,        0,  -56644070,          0
 21971,    41,   71000000,   13536605,        0,  -57463395,          0
 21971,    42,   71000000,   10854120,        0,  -60145880,          0
 21971,    43,   71000000,   11372877,        0,  -59627123,          0
 21971,    44,   71000000,   10406327,        0,  -60593673,          0
 21971,    45,   71000000,    9613894,        0,  -61386106,          0
 21971,    46,   71000000,    9583470,        0,  -61416530,          0
 21971,    47,   71000000,   11980652,        0,  -59019348,          0
 21971,    48,   71000000,   13310301,        0,  -57689699,          0
 21971,    49,   71000000,    8891838,        0,  -62108162,          0
 21971,    50,   71000000,   10712542,        0,  -60287458,          0
 21971,    51,   71000000,    8893056,        0,  -62106944,          0
 21971,    52,   71000000,   12327782,        0,  -58672218,          0
 21971,    53,   71000000,    9063774,        0,  -61936226,          0
 21971,    54,   71000000,   12077983,        0,  -58922017,          0
 21971,    55,   71000000,   13529072,        0,  -57470928,          0
 21971,    56,   71000000,   10008535,        0,  -60991465,          0
 21971,    57,   71000000,    8873415,        0,  -62126585,          0
 21971,    58,   71000000,    8927332,        0,  -62072668,          0
 21971,    59,   71000000,   12163445,        0,  -58836555,          0
 21971,    60,   71000000,   11899823,        0,  -59100177,          0
 21971,    61,   71000000,   13677705,        0,  -57322295,          0
 21971,    62,   71000000,    8937897,        0,  -62062103,          0
 21971,    63,   71000000,    8914448,        0,  -62085552,          0
 21971,    64,   71000000,   10938561,        0,  -60061439,          0
 21971,    65,   71000000,    9050352,        0,  -61949648,          0
 21971,    66,   71000000,    8879213,        0,  -62120787,          0
 21971,    67,   71000000,    9082269,        0,  -61917731,          0
 21971,    68,   71000000,   11643063,        0,  -59356937,          0
 21971,    69,   71000000,    8874610,        0,  -62125390,          0
 21971,    70,   71000000,   11982722,        0,  -59017278,          0
 21971,    71,   71000000,    8909025,        0,  -62090975,          0
 21971,    72,   71000000,   15019937,        0,  -55980063,          0
 21971,    73,   71000000,   11258271,        0,  -59741729,          0
 21971,    74,   71000000,   12763808,        0,  -58236192,          0
 21971,    75,   71000000,    9182551,        0,  -61817449,          0
 21971,    76,   71000000,    8876204,        0,  -62123796,          0
 21971,    77,   71000000,   12012213,        0,  -58987787,          0
 21971,    78,   71000000,   13939596,        0,  -57060404,          0
 21971,    79,   71000000,   14489337,        0,  -56510663,          0
 21971,    80,   71000000,   11103564,        0,  -59896436,          0
 21971,    81,   71000000,    8912900,        0,  -62087100,          0
 21971,    82,   71000000,    9749022,        0,  -61250978,          0
 21971,    83,   71000000,   14398182,        0,  -56601818,          0
 21971,    84,   71000000,    9018503,        0,  -61981497,          0
 21971,    85,   71000000,   11740954,        0,  -59259046,          0
 21971,    86,   71000000,   11989829,        0,  -59010171,          0
 21971,    87,   71000000,   15988183,        0,  -55011817,          0
 21971,    88,   71000000,    8971199,        0,  -62028801,          0
 21971,    89,   71000000,    8920265,        0,  -62079735,          0
 21971,    90,   71000000,   11048733,        0,  -59951267,          0
 21971,    91,   71000000,   11048954,        0,  -59951046,          0
 21971,    92,   71000000,   11678994,        0,  -59321006,          0
 21971,    93,   71000000,    8864910,        0,  -62135090,          0
 21971,    94,   71000000,    8882867,        0,  -62117133,          0
 21971,    95,   71000000,    9929192,        0,  -61070808,          0
 21971,    96,   71000000,    8995830,        0,  -62004170,          0
 21971,    97,   71000000,    8979597,        0,  -62020403,          0
 21971,    98,   71000000,   10997769,        0,  -60002231,          0
 21971,    99,   71000000,   12982586,        0,  -58017414,          0
 21971,   100,   71000000,   15558991,        0,  -55441009,          0
 21971,   101,   71000000,   14011619,        0,  -56988381,          0
 21971,   102,   71000000,    8915275,        0,  -62084725,          0
 21971,   103,   71000000,    8894505,        0,  -62105495,          0
 21971,   104,   71000000,   11609627,        0,  -59390373,          0
 21971,   105,   71000000,   11060811,        0,  -59939189,          0
 21971,   106,   71000000,   11354575,        0,  -59645425,          0
 21971,   107,   71000000,    9921047,        0,  -61078953,          0
 21971,   108,   71000000,    9613006,        0,  -61386994,          0
 21971,   109,   71000000,    9012454,        0,  -61987546,          0
 21971,   110,   71000000,   13084533,        0,  -57915467,          0
 21971,   111,   71000000,   10756670,        0,  -60243330,          0
 21971,   112,   71000000,   11101462,        0,  -59898538,          0
 21971,   113,   71000000,    8903448,        0,  -62096552,          0
 21971,   114,   71000000,   13898305,        0,  -57101695,          0
 21971,   115,   71000000,   11993079,        0,  -59006921,          0
 21971,   116,   71000000,    9050822,        0,  -61949178,          0
 21971,   117,   71000000,   11852096,        0,  -59147904,          0
 21971,   118,   71000000,   12420255,        0,  -58579745,          0
 21971,   119,   71000000,   13288323,        0,  -57711677,          0
 21971,   120,   71000000,    8865597,        0,  -62134403,          0
 21971,   121,   71000000,   10897523,        0,  -60102477,          0
 21971,   122,   71000000,   12061020,        0,  -58938980,          0
 21971,   123,   71000000,    9994996,        0,  -61005004,          0
 21971,   124,   71000000,    8899816,        0,  -62100184,          0
 21971,   125,   71000000,   10986862,        0,  -60013138,          0
 21971,   126,   71000000,   13278171,        0,  -57721829,          0
 21971,   127,   71000000,    8982761,        0,  -62017239,          0
 21971,   128,   71000000,    9890279,        0,  -61109721,          0
 21971,   129,   71000000,   11003428,        0,  -59996572,          0
 21971,   130,   71000000,   14298813,        0,  -56701187,          0
 21971,   131,   71000000,   11145753,        0,  -59854247,          0
 21971,   132,   71000000,   12989005,        0,  -58010995,          0
 21971,   133,   71000000,    8923382,        0,  -62076618,          0
 21971,   134,   71000000,    8921986,        0,  -62078014,          0
 21971,   135,   71000000,    9027252,        0,  -61972748,          0
 21971,   136,   71000000,   14884311,        0,  -56115689,          0
 21971,   137,   71000000,   18027178,        0,  -52972822,          0
 21971,   138,   71000000,   10974156,        0,  -60025844,          0
 21971,   139,   71000000,   10995852,        0,  -60004148,          0
 21971,   140,   71000000,   10055073,        0,  -60944927,          0
 21971,   141,   71000000,   13914209,        0,  -57085791,          0
 21971,   142,   71000000,    8905353,        0,  -62094647,          0
 21971,   143,   71000000,   11850352,        0,  -59149648,          0
 21971,   144,   71000000,   13229970,        0,  -57770030,          0
# task NAME=myapp PID=21974 COST=33057000 PERIOD=84000000 CPU=0
 21974,     2,   84000000,       8352,        0,  -83991648,          0
 21974,     3,   84000000,     139900,        0,  -83860100,          0
 21974,     4,   84000000,   41862589,        0,  -42137411,          0
 21974,     5,   84000000,   42599534,        0,  -41400466,          0
 21974,     6,   84000000,   34747341,        0,  -49252659,          0
 21974,     7,   84000000,   36582158,        0,  -47417842,          0
 21974,     8,   84000000,   33766809,        0,  -50233191,          0
 21974,     9,   84000000,   38170607,        0,  -45829393,          0
 21974,    10,   84000000,   42166574,        0,  -41833426,          0
 21974,    11,   84000000,   42788428,        0,  -41211572,          0
 21974,    12,   84000000,   44620082,        0,  -39379918,          0
 21974,    13,   84000000,   38137562,        0,  -45862438,          0
 21974,    14,   84000000,   34981522,        0,  -49018478,          0
 21974,    15,   84000000,   32389706,        0,  -51610294,          0
 21974,    16,   84000000,   34029034,        0,  -49970966,          0
 21974,    17,   84000000,   35080806,        0,  -48919194,          0
 21974,    18,   84000000,   38736848,        0,  -45263152,          0
 21974,    19,   84000000,   43416442,        0,  -40583558,          0
 21974,    20,   84000000,   38981762,        0,  -45018238,          0
 21974,    21,   84000000,   33466256,        0,  -50533744,          0
 21974,    22,   84000000,   32773692,        0,  -51226308,          0
 21974,    23,   84000000,   32474810,        0,  -51525190,          0
 21974,    24,   84000000,   35003580,        0,  -48996420,          0
 21974,    25,   84000000,   39157846,        0,  -44842154,          0
 21974,    26,   84000000,   40434922,        0,  -43565078,          0
 21974,    27,   84000000,   37688009,        0,  -46311991,          0
 21974,    28,   84000000,   37027493,        0,  -46972507,          0
 21974,    29,   84000000,   37214016,        0,  -46785984,          0
 21974,    30,   84000000,   33597062,        0,  -50402938,          0
 21974,    31,   84000000,   34037750,        0,  -49962250,          0
 21974,    32,   84000000,   36454526,        0,  -47545474,          0
 21974,    33,   84000000,   41807426,        0,  -42192574,          0
 21974,    34,   84000000,   43095436,        0,  -40904564,          0
 21974,    35,   84000000,   45779065,        0,  -38220935,          0
 21974,    36,   84000000,   40730465,        0,  -43269535,          0
 21974,    37,   84000000,   34813615,        0,  -49186385,          0
 21974,    38,   84000000,   32392041,        0,  -51607959,          0
 21974,    39,   84000000,   37649304,        0,  -46350696,          0
 21974,    40,   84000000,   37855651,        0,  -46144349,          0
 21974,    41,   84000000,   39176982,        0,  -44823018,          0
 21974,    42,   84000000,   42468804,        0,  -41531196,          0
 21974,    43,   84000000,   44064907,        0,  -39935093,          0
 21974,    44,   84000000,   35172322,        0,  -48827678,          0
 21974,    45,   84000000,   43026555,        0,  -40973445,          0
 21974,    46,   84000000,   37525891,        0,  -46474109,          0
 21974,    47,   84000000,   36494796,        0,  -47505204,          0
 21974,    48,   84000000,   35360818,        0,  -48639182,          0
 21974,    49,   84000000,   36558909,        0,  -47441091,          0
 21974,    50,   84000000,   39620132,        0,  -44379868,          0
 21974,    51,   84000000,   39214924,        0,  -44785076,          0
 21974,    52,   84000000,   40140978,        0,  -43859022,          0
 21974,    53,   84000000,   32449454,        0,  -51550546,          0
 21974,    54,   84000000,   32398275,        0,  -51601725,          0
 21974,    55,   84000000,   34627386,        0,  -49372614,          0
 21974,    56,   84000000,   33284377,        0,  -50715623,          0
 21974,    57,   84000000,   34387491,        0,  -49612509,          0
 21974,    58,   84000000,   36603466,        0,  -47396534,          0
 21974,    59,   84000000,   37947674,        0,  -46052326,          0
 21974,    60,   84000000,   39646263,        0,  -44353737,          0
 21974,    61,   84000000,   34860957,        0,  -49139043,          0
 21974,    62,   84000000,   36400961,        0,  -47599039,          0
 21974,    63,   84000000,   34892592,        0,  -49107408,          0
 21974,    64,   84000000,   34288023,        0,  -49711977,          0
 21974,    65,   84000000,   36719223,        0,  -47280777,          0
 21974,    66,   84000000,   39506751,        0,  -44493249,          0
 21974,    67,   84000000,   41549919,        0,  -42450081,          0
 21974,    68,   84000000,   40046255,        0,  -43953745,          0
 21974,    69,   84000000,   35288519,        0,  -48711481,          0
 21974,    70,   84000000,   32383350,        0,  -51616650,          0
 21974,    71,   84000000,   34782731,        0,  -49217269,          0
 21974,    72,   84000000,   34564314,        0,  -49435686,          0
 21974,    73,   84000000,   39398948,        0,  -44601052,          0
 21974,    74,   84000000,   43921768,        0,  -40078232,          0
 21974,    75,   84000000,   40634038,        0,  -43365962,          0
 21974,    76,   84000000,   37853288,        0,  -46146712,          0
 21974,    77,   84000000,   37166770,        0,  -46833230,          0
 21974,    78,   84000000,   36414871,        0,  -47585129,          0
 21974,    79,   84000000,   37450414,        0,  -46549586,          0
 21974,    80,   84000000,   38625603,        0,  -45374397,          0
 21974,    81,   84000000,   40930566,        0,  -43069434,          0
 21974,    82,   84000000,   40706188,        0,  -43293812,          0
 21974,    83,   84000000,   42918602,        0,  -41081398,          0
 21974,    84,   84000000,   42583423,        0,  -41416577,          0
 21974,    85,   84000000,   42076042,        0,  -41923958,          0
 21974,    86,   84000000,   34536744,        0,  -49463256,          0
 21974,    87,   84000000,   40905535,        0,  -43094465,          0
 21974,    88,   84000000,   33627370,        0,  -50372630,          0
 21974,    89,   84000000,   35708644,        0,  -48291356,          0
 21974,    90,   84000000,   37971539,        0,  -46028461,          0
 21974,    91,   84000000,   39255929,        0,  -44744071,          0
 21974,    92,   84000000,   37698278,        0,  -46301722,          0
 21974,    93,   84000000,   37157161,        0,  -46842839,          0
 21974,    94,   84000000,   34508431,        0,  -49491569,          0
 21974,    95,   84000000,   33750746,        0,  -50249254,          0
 21974,    96,   84000000,   33046741,        0,  -50953259,          0
 21974,    97,   84000000,   35621259,        0,  -48378741,          0
 21974,    98,   84000000,   34312443,        0,  -49687557,          0
 21974,    99,   84000000,   35854061,        0,  -48145939,          0
 21974,   100,   84000000,   39649989,        0,  -44350011,          0
 21974,   101,   84000000,   42973524,        0,  -41026476,          0
 21974,   102,   84000000,   34594123,        0,  -49405877,          0
 21974,   103,   84000000,   34431286,        0,  -49568714,          0
 21974,   104,   84000000,   33655990,        0,  -50344010,          0
 21974,   105,   84000000,   33589352,        0,  -50410648,          0
 21974,   106,   84000000,   38198977,        0,  -45801023,          0
 21974,   107,   84000000,   38721419,        0,  -45278581,          0
 21974,   108,   84000000,   36538132,        0,  -47461868,          0
 21974,   109,   84000000,   39263176,        0,  -44736824,          0
 21974,   110,   84000000,   32677461,        0,  -51322539,          0
 21974,   111,   84000000,   34974955,        0,  -49025045,          0
 21974,   112,   84000000,   35671536,        0,  -48328464,          0
 21974,   113,   84000000,   36168658,        0,  -47831342,          0
 21974,   114,   84000000,   38480924,        0,  -45519076,          0
 21974,   115,   84000000,   48781593,        0,  -35218407,          0
 21974,   116,   84000000,   44681124,        0,  -39318876,          0
 21974,   117,   84000000,   41739420,        0,  -42260580,          0
 21974,   118,   84000000,   36412967,        0,  -47587033,          0
 21974,   119,   84000000,   35419182,        0,  -48580818,          0
 21974,   120,   84000000,   35307553,        0,  -48692447,          0
 21974,   121,   84000000,   36687515,        0,  -47312485,          0
 21974,   122,   84000000,   49212499,        0,  -34787501,          0
 21974,   123,   84000000,   41327430,        0,  -42672570,          0
# task NAME=myapp PID=21979 COST=11915000 PERIOD=82000000 CPU=0
 21979,     2,   82000000,       8668,        0,  -81991332,          0
 21979,     3,   82000000,     136825,        0,  -81863175,          0
 21979,     4,   82000000,   12711933,        0,  -69288067,          0
 21979,     5,   82000000,   13269308,        0,  -68730692,          0
 21979,     6,   82000000,   13858818,        0,  -68141182,          0
 21979,     7,   82000000,   11887584,        0,  -70112416,          0
 21979,     8,   82000000,   14624798,        0,  -67375202,          0
 21979,     9,   82000000,   18886740,        0,  -63113260,          0
 21979,    10,   82000000,   13748326,        0,  -68251674,          0
 21979,    11,   82000000,   11800339,        0,  -70199661,          0
 21979,    12,   82000000,   12372041,        0,  -69627959,          0
 21979,    13,   82000000,   11690884,        0,  -70309116,          0
 21979,    14,   82000000,   11692458,        0,  -70307542,          0
 21979,    15,   82000000,   12102138,        0,  -69897862,          0
 21979,    16,   82000000,   16744713,        0,  -65255287,          0
 21979,    17,   82000000,   11682753,        0,  -70317247,          0
 21979,    18,   82000000,   12017213,        0,  -69982787,          0
 21979,    19,   82000000,   11685803,        0,  -70314197,          0
 21979,    20,   82000000,   11720144,        0,  -70279856,          0
 21979,    21,   82000000,   11791674,        0,  -70208326,          0
 21979,    22,   82000000,   19867338,        0,  -62132662,          0
 21979,    23,   82000000,   18099284,        0,  -63900716,          0
 21979,    24,   82000000,   11706282,        0,  -70293718,          0
 21979,    25,   82000000,   12024178,        0,  -69975822,          0
 21979,    26,   82000000,   11856180,        0,  -70143820,          0
 21979,    27,   82000000,   13327994,        0,  -68672006,          0
 21979,    28,   82000000,   17037753,        0,  -64962247,          0
 21979,    29,   82000000,   21215959,        0,  -60784041,          0
 21979,    30,   82000000,   16936651,        0,  -65063349,          0
 21979,    31,   82000000,   11824949,        0,  -70175051,          0
 21979,    32,   82000000,   13468933,        0,  -68531067,          0
 21979,    33,   82000000,   14759837,        0,  -67240163,          0
 21979,    34,   82000000,   14894695,        0,  -67105305,          0
 21979,    35,   82000000,   17269002,        0,  -64730998,          0
 21979,    36,   82000000,   16309764,        0,  -65690236,          0
 21979,    37,   82000000,   13684595,        0,  -68315405,          0
 21979,    38,   82000000,   11691068,        0,  -70308932,          0
 21979,    39,   82000000,   11699049,        0,  -70300951,          0
 21979,    40,   82000000,   13928502,        0,  -68071498,          0
 21979,    41,   82000000,   14933563,        0,  -67066437,          0
 21979,    42,   82000000,   17974026,        0,  -64025974,          0
 21979,    43,   82000000,   16729756,        0,  -65270244,          0
 21979,    44,   82000000,   16420807,        0,  -65579193,          0
 21979,    45,   82000000,   12749865,        0,  -69250135,          0
 21979,    46,   82000000,   17950851,        0,  -64049149,          0
 21979,    47,   82000000,   14053327,        0,  -67946673,          0
 21979,    48,   82000000,   18284315,        0,  -63715685,          0
 21979,    49,   82000000,   15948890,        0,  -66051110,          0
 21979,    50,   82000000,   14613485,        0,  -67386515,          0
 21979,    51,   82000000,   14283422,        0,  -67716578,          0
 21979,    52,   82000000,   11783427,        0,  -70216573,          0
 21979,    53,   82000000,   11705807,        0,  -70294193,          0
 21979,    54,   82000000,   11720268,        0,  -70279732,          0
 21979,    55,   82000000,   11811753,        0,  -70188247,          0
 21979,    56,   82000000,   11751879,        0,  -70248121,          0
 21979,    57,   82000000,   12279445,        0,  -69720555,          0
 21979,    58,   82000000,   13775564,        0,  -68224436,          0
 21979,    59,   82000000,   11713160,        0,  -70286840,          0
 21979,    60,   82000000,   11731548,        0,  -70268452,          0
 21979,    61,   82000000,   14978021,        0,  -67021979,          0
 21979,    62,   82000000,   11774937,        0,  -70225063,          0
 21979,    63,   82000000,   14384779,        0,  -67615221,          0
 21979,    64,   82000000,   16719487,        0,  -65280513,          0
 21979,    65,   82000000,   13761182,        0,  -68238818,          0
 21979,    66,   82000000,   11704042,        0,  -70295958,          0
 21979,    67,   82000000,   11779926,        0,  -70220074,          0
 21979,    68,   82000000,   14542315,        0,  -67457685,          0
 21979,    69,   82000000,   14712331,        0,  -67287669,          0
 21979,    70,   82000000,   16793824,        0,  -65206176,          0
 21979,    71,   82000000,   15344476,        0,  -66655524,          0
 21979,    72,   82000000,   13261501,        0,  -68738499,          0
 21979,    73,   82000000,   12233444,        0,  -69766556,          0
 21979,    74,   82000000,   14513158,        0,  -67486842,          0
 21979,    75,   82000000,   12557397,        0,  -69442603,          0
 21979,    76,   82000000,   17130141,        0,  -64869859,          0
 21979,    77,   82000000,   13245891,        0,  -68754109,          0
 21979,    78,   82000000,   15836172,        0,  -66163828,          0
 21979,    79,   82000000,   13946411,        0,  -68053589,          0
 21979,    80,   82000000,   13829746,        0,  -68170254,          0
 21979,    81,   82000000,   16247518,        0,  -65752482,          0
 21979,    82,   82000000,   14254331,        0,  -67745669,          0
 21979,    83,   82000000,   15149704,        0,  -66850296,          0
 21979,    84,   82000000,   16534279,        0,  -65465721,          0
 21979,    85,   82000000,   15881903,        0,  -66118097,          0
 21979,    86,   82000000,   16114708,        0,  -65885292,          0
 21979,    87,   82000000,   17894879,        0,  -64105121,          0
 21979,    88,   82000000,   12776172,        0,  -69223828,          0
 21979,    89,   82000000,   16161547,        0,  -65838453,          0
 21979,    90,   82000000,   13152150,        0,  -68847850,          0
 21979,    91,   82000000,   11808727,        0,  -70191273,          0
 21979,    92,   82000000,   15844329,        0,  -66155671,          0
 21979,    93,   82000000,   13396140,        0,  -68603860,          0
 21979,    94,   82000000,   11803267,        0,  -70196733,          0
 21979,    95,   82000000,   11704348,        0,  -70295652,          0
 21979,    96,   82000000,   11719883,        0,  -70280117,          0
 21979,    97,   82000000,   11680837,        0,  -70319163,          0
 21979,    98,   82000000,   11877425,        0,  -70122575,          0
 21979,    99,   82000000,   15320915,        0,  -66679085,          0
 21979,   100,   82000000,   14260718,        0,  -67739282,          0
 21979,   101,   82000000,   11938228,        0,  -70061772,          0
 21979,   102,   82000000,   11839624,        0,  -70160376,          0
 21979,   103,   82000000,   11703580,        0,  -70296420,          0
 21979,   104,   82000000,   13923683,        0,  -68076317,          0
 21979,   105,   82000000,   15656923,        0,  -66343077,          0
 21979,   106,   82000000,   15866974,        0,  -66133026,          0
 21979,   107,   82000000,   13972598,        0,  -68027402,          0
 21979,   108,   82000000,   11985896,        0,  -70014104,          0
 21979,   109,   82000000,   12989874,        0,  -69010126,          0
 21979,   110,   82000000,   13938917,        0,  -68061083,          0
 21979,   111,   82000000,   14657616,        0,  -67342384,          0
 21979,   112,   82000000,   15096221,        0,  -66903779,          0
 21979,   113,   82000000,   16916429,        0,  -65083571,          0
 21979,   114,   82000000,   11712312,        0,  -70287688,          0
 21979,   115,   82000000,   11687096,        0,  -70312904,          0
 21979,   116,   82000000,   11693770,        0,  -70306230,          0
 21979,   117,   82000000,   12725568,        0,  -69274432,          0
 21979,   118,   82000000,   13597476,        0,  -68402524,          0
 21979,   119,   82000000,   19884708,        0,  -62115292,          0
 21979,   120,   82000000,   17321497,        0,  -64678503,          0
 21979,   121,   82000000,   13777548,        0,  -68222452,          0
 21979,   122,   82000000,   15107898,        0,  -66892102,          0
 21979,   123,   82000000,   14281269,        0,  -67718731,          0
 21979,   124,   82000000,   15130266,        0,  -66869734,          0
 21979,   125,   82000000,   17968954,        0,  -64031046,          0
# task NAME=myapp PID=21983 COST=86469000 PERIOD=99000000 CPU=0
 21983,     2,   99000000,       8751,        0,  -98991249,          0
 21983,     3,   99000000,     118004,        0,  -98881996,          0
 21983,     4,   99000000,   93440262,        0,   -5559738,          0
 21983,     5,   99000000,   94129054,        0,   -4870946,          0
 21983,     6,   99000000,   88339392,        0,  -10660608,          0
 21983,     7,   99000000,   88966136,        0,  -10033864,          0
 21983,     8,   99000000,   96330081,        0,   -2669919,          0
 21983,     9,   99000000,   91529057,        0,   -7470943,          0
 21983,    10,   99000000,   94420332,        0,   -4579668,          0
 21983,    11,   99000000,   92317162,        0,   -6682838,          0
 21983,    12,   99000000,   88320420,        0,  -10679580,          0
 21983,    13,   99000000,   89497879,        0,   -9502121,          0
 21983,    14,   99000000,   87449607,        0,  -11550393,          0
 21983,    15,   99000000,   88487600,        0,  -10512400,          0
 21983,    16,   99000000,   91837608,        0,   -7162392,          0
 21983,    17,   99000000,   92292944,        0,   -6707056,          0
 21983,    18,   99000000,   93039865,        0,   -5960135,          0
 21983,    19,   99000000,   90797205,        0,   -8202795,          0
 21983,    20,   99000000,   86149085,        0,  -12850915,          0
 21983,    21,   99000000,   90126453,        0,   -8873547,          0
 21983,    22,   99000000,   97590082,        0,   -1409918,          0
 21983,    23,   99000000,   95373794,        0,   -3626206,          0
 21983,    24,   99000000,   95498131,        0,   -3501869,          0
 21983,    25,   99000000,   93457682,        0,   -5542318,          0
 21983,    26,   99000000,   87697549,        0,  -11302451,          0
 21983,    27,   99000000,   91691543,        0,   -7308457,          0
 21983,    28,   99000000,   92398319,        0,   -6601681,          0
 21983,    29,   99000000,   95590068,        0,   -3409932,          0
 21983,    30,   99000000,  100745555,        1,    1745555,    1745555
 21983,    31,   99000000,   96841043,        0,   -2158957,          0
 21983,    32,   99000000,   89059475,        0,   -9940525,          0
 21983,    33,   99000000,   90302313,        0,   -8697687,          0
 21983,    34,   99000000,   89400080,        0,   -9599920,          0
 21983,    35,   99000000,   94330045,        0,   -4669955,          0
 21983,    36,   99000000,   94171960,        0,   -4828040,          0
 21983,    37,   99000000,   94398165,        0,   -4601835,          0
 21983,    38,   99000000,   95834946,        0,   -3165054,          0
 21983,    39,   99000000,   90254639,        0,   -8745361,          0
 21983,    40,   99000000,   91465383,        0,   -7534617,          0
 21983,    41,   99000000,   90839989,        0,   -8160011,          0
 21983,    42,   99000000,   91474001,        0,   -7525999,          0
 21983,    43,   99000000,   88874335,        0,  -10125665,          0
 21983,    44,   99000000,   95973328,        0,   -3026672,          0
 21983,    45,   99000000,   84929496,        0,  -14070504,          0
 21983,    46,   99000000,   88525023,        0,  -10474977,          0
 21983,    47,   99000000,   86373282,        0,  -12626718,          0
 21983,    48,   99000000,   89595552,        0,   -9404448,          0
 21983,    49,   99000000,   93810599,        0,   -5189401,          0
 21983,    50,   99000000,   92020847,        0,   -6979153,          0
 21983,    51,   99000000,   94600105,        0,   -4399895,          0
 21983,    52,   99000000,   92074880,        0,   -6925120,          0
 21983,    53,   99000000,   91882854,        0,   -7117146,          0
 21983,    54,   99000000,   90164231,        0,   -8835769,          0
 21983,    55,   99000000,   86636243,        0,  -12363757,          0
 21983,    56,   99000000,   91136182,        0,   -7863818,          0
 21983,    57,   99000000,   96214185,        0,   -2785815,          0
 21983,    58,   99000000,   93790070,        0,   -5209930,          0
 21983,    59,   99000000,   92255094,        0,   -6744906,          0
 21983,    60,   99000000,   89696079,        0,   -9303921,          0
 21983,    61,   99000000,   88963402,        0,  -10036598,          0
 21983,    62,   99000000,   91498618,        0,   -7501382,          0
 21983,    63,   99000000,   97709975,        0,   -1290025,          0
 21983,    64,   99000000,   96197724,        0,   -2802276,          0
 21983,    65,   99000000,   93838470,        0,   -5161530,          0
 21983,    66,   99000000,   93981676,        0,   -5018324,          0
 21983,    67,   99000000,   91324125,        0,   -7675875,          0
 21983,    68,   99000000,   92829655,        0,   -6170345,          0
 21983,    69,   99000000,   91496605,        0,   -7503395,          0
 21983,    70,   99000000,   92192301,        0,   -6807699,          0
 21983,    71,   99000000,  101594417,        1,    2594417,    2594417
 21983,    72,   99000000,   97510152,        0,   -1489848,          0
 21983,    73,   99000000,   89854373,        0,   -9145627,          0
 21983,    74,   99000000,   90491937,        0,   -8508063,          0
 21983,    75,   99000000,   87425152,        0,  -11574848,          0
 21983,    76,   99000000,   89978156,        0,   -9021844,          0
 21983,    77,   99000000,   92528353,        0,   -6471647,          0
 21983,    78,   99000000,   87499845,        0,  -11500155,          0
 21983,    79,   99000000,   90275860,        0,   -8724140,          0
 21983,    80,   99000000,   86769572,        0,  -12230428,          0
 21983,    81,   99000000,   86949015,        0,  -12050985,          0
 21983,    82,   99000000,   92975249,        0,   -6024751,          0
 21983,    83,   99000000,   91584608,        0,   -7415392,          0
 21983,    84,   99000000,   89417153,        0,   -9582847,          0
 21983,    85,   99000000,   92828191,        0,   -6171809,          0
 21983,    86,   99000000,   96039882,        0,   -2960118,          0
 21983,    87,   99000000,   93037018,        0,   -5962982,          0
 21983,    88,   99000000,   92264472,        0,   -6735528,          0
 21983,    89,   99000000,   90628306,        0,   -8371694,          0
 21983,    90,   99000000,   90143165,        0,   -8856835,          0
 21983,    91,   99000000,   94069467,        0,   -4930533,          0
 21983,    92,   99000000,   95028828,        0,   -3971172,          0
 21983,    93,   99000000,   95450713,        0,   -3549287,          0
 21983,    94,   99000000,   93284754,        0,   -5715246,          0
 21983,    95,   99000000,   90732517,        0,   -8267483,          0
 21983,    96,   99000000,   91943457,        0,   -7056543,          0
 21983,    97,   99000000,   92562030,        0,   -6437970,          0
 21983,    98,   99000000,  100466519,        1,    1466519,    1466519
 21983,    99,   99000000,   97984134,        0,   -1015866,          0
 21983,   100,   99000000,   95371694,        0,   -3628306,          0
 21983,   101,   99000000,   90372041,        0,   -8627959,          0
 21983,   102,   99000000,   93787718,        0,   -5212282,          0
 21983,   103,   99000000,   91863829,        0,   -7136171,          0
 21983,   104,   99000000,  100901960,        1,    1901960,    1901960
 21983,   105,   99000000,   92514975,        0,   -6485025,          0
# task NAME=myapp PID=21987 COST=6656000 PERIOD=98000000 CPU=0
 21987,     2,   98000000,      14520,        0,  -97985480,          0
 21987,     3,   98000000,     166918,        0,  -97833082,          0
 21987,     4,   98000000,   11606474,        0,  -86393526,          0
 21987,     5,   98000000,   12688460,        0,  -85311540,          0
 21987,     6,   98000000,    9644492,        0,  -88355508,          0
 21987,     7,   98000000,    8168442,        0,  -89831558,          0
 21987,     8,   98000000,   12180223,        0,  -85819777,          0
 21987,     9,   98000000,    8608010,        0,  -89391990,          0
 21987,    10,   98000000,    9086063,        0,  -88913937,          0
 21987,    11,   98000000,   12466095,        0,  -85533905,          0
 21987,    12,   98000000,    7625952,        0,  -90374048,          0
 21987,    13,   98000000,    7699883,        0,  -90300117,          0
 21987,    14,   98000000,    8634493,        0,  -89365507,          0
 21987,    15,   98000000,    8565353,        0,  -89434647,          0
 21987,    16,   98000000,    6631011,        0,  -91368989,          0
 21987,    17,   98000000,    9029556,        0,  -88970444,          0
 21987,    18,   98000000,    6566019,        0,  -91433981,          0
 21987,    19,   98000000,    9633100,        0,  -88366900,          0
 21987,    20,   98000000,    6630601,        0,  -91369399,          0
 21987,    21,   98000000,    7609765,        0,  -90390235,          0
 21987,    22,   98000000,    8828473,        0,  -89171527,          0
 21987,    23,   98000000,    9713214,        0,  -88286786,          0
 21987,    24,   98000000,    7649888,        0,  -90350112,          0
 21987,    25,   98000000,    6565994,        0,  -91434006,          0
 21987,    26,   98000000,    6779470,        0,  -91220530,          0
 21987,    27,   98000000,    6594999,        0,  -91405001,          0
 21987,    28,   98000000,    8693244,        0,  -89306756,          0
 21987,    29,   98000000,    7530677,        0,  -90469323,          0
 21987,    30,   98000000,    6582940,        0,  -91417060,          0
 21987,    31,   98000000,    6679771,        0,  -91320229,          0
 21987,    32,   98000000,    7448757,        0,  -90551243,          0
 21987,    33,   98000000,    6543272,        0,  -91456728,          0
 21987,    34,   98000000,    8646651,        0,  -89353349,          0
 21987,    35,   98000000,    7630053,        0,  -90369947,          0
 21987,    36,   98000000,    6869446,        0,  -91130554,          0
 21987,    37,   98000000,    6553995,        0,  -91446005,          0
 21987,    38,   98000000,    6559641,        0,  -91440359,          0
 21987,    39,   98000000,   11638629,        0,  -86361371,          0
 21987,    40,   98000000,    7964145,        0,  -90035855,          0
 21987,    41,   98000000,    9739893,        0,  -88260107,          0
 21987,    42,   98000000,    6543394,        0,  -91456606,          0
 21987,    43,   98000000,    8615994,        0,  -89384006,          0
 21987,    44,   98000000,    8728035,        0,  -89271965,          0
 21987,    45,   98000000,   10709651,        0,  -87290349,          0
 21987,    46,   98000000,    7625739,        0,  -90374261,          0
 21987,    47,   98000000,    6574175,        0,  -91425825,          0
 21987,    48,   98000000,    6598552,        0,  -91401448,          0
 21987,    49,   98000000,    6547400,        0,  -91452600,          0
 21987,    50,   98000000,    7927427,        0,  -90072573,          0
 21987,    51,   98000000,    9318685,        0,  -88681315,          0
 21987,    52,   98000000,   10540114,        0,  -87459886,          0
 21987,    53,   98000000,   12663597,        0,  -85336403,          0
 21987,    54,   98000000,    8780544,        0,  -89219456,          0
 21987,    55,   98000000,    9588438,        0,  -88411562,          0
 21987,    56,   98000000,    8736366,        0,  -89263634,          0
 21987,    57,   98000000,   10805362,        0,  -87194638,          0
 21987,    58,   98000000,    7549610,        0,  -90450390,          0
 21987,    59,   98000000,    9703056,        0,  -88296944,          0
 21987,    60,   98000000,    8288033,        0,  -89711967,          0
 21987,    61,   98000000,    7562701,        0,  -90437299,          0
 21987,    62,   98000000,    7423180,        0,  -90576820,          0
 21987,    63,   98000000,    8734215,        0,  -89265785,          0
 21987,    64,   98000000,   10605007,        0,  -87394993,          0
 21987,    65,   98000000,   10204225,        0,  -87795775,          0
 21987,    66,   98000000,    7568738,        0,  -90431262,          0
 21987,    67,   98000000,    7606425,        0,  -90393575,          0
 21987,    68,   98000000,    6592902,        0,  -91407098,          0
 21987,    69,   98000000,    7571438,        0,  -90428562,          0
 21987,    70,   98000000,    9664296,        0,  -88335704,          0
 21987,    71,   98000000,    6927112,        0,  -91072888,          0
 21987,    72,   98000000,    8581178,        0,  -89418822,          0
 21987,    73,   98000000,    6930707,        0,  -91069293,          0
 21987,    74,   98000000,    8373241,        0,  -89626759,          0
 21987,    75,   98000000,    9974214,        0,  -88025786,          0
 21987,    76,   98000000,    6717780,        0,  -91282220,          0
 21987,    77,   98000000,    8657914,        0,  -89342086,          0
 21987,    78,   98000000,    6592794,        0,  -91407206,          0
 21987,    79,   98000000,    6616000,        0,  -91384000,          0
 21987,    80,   98000000,    6557797,        0,  -91442203,          0
 21987,    81,   98000000,    8662311,        0,  -89337689,          0
 21987,    82,   98000000,    7674241,        0,  -90325759,          0
 21987,    83,   98000000,    8020826,        0,  -89979174,          0
 21987,    84,   98000000,    6568424,        0,  -91431576,          0
 21987,    85,   98000000,   10909069,        0,  -87090931,          0
 21987,    86,   98000000,    6549361,        0,  -91450639,          0
 21987,    87,   98000000,    6552071,        0,  -91447929,          0
 21987,    88,   98000000,    8725075,        0,  -89274925,          0
 21987,    89,   98000000,    7473916,        0,  -90526084,          0
 21987,    90,   98000000,    9292527,        0,  -88707473,          0
 21987,    91,   98000000,    6607194,        0,  -91392806,          0
 21987,    92,   98000000,    7497279,        0,  -90502721,          0
 21987,    93,   98000000,    6543744,        0,  -91456256,          0
 21987,    94,   98000000,    8545446,        0,  -89454554,          0
 21987,    95,   98000000,    9506852,        0,  -88493148,          0
 21987,    96,   98000000,    6910907,        0,  -91089093,          0
 21987,    97,   98000000,    7621649,        0,  -90378351,          0
 21987,    98,   98000000,    6562906,        0,  -91437094,          0
 21987,    99,   98000000,   12603873,        0,  -85396127,          0
 21987,   100,   98000000,   10606308,        0,  -87393692,          0
 21987,   101,   98000000,   13642773,        0,  -84357227,          0
 21987,   102,   98000000,    8521786,        0,  -89478214,          0
 21987,   103,   98000000,   12985126,        0,  -85014874,          0
 21987,   104,   98000000,    7728410,        0,  -90271590,          0
 21987,   105,   98000000,   10838347,        0,  -87161653,          0
 21987,   106,   98000000,   11132749,        0,  -86867251,          0
