508 508 0
199 199 0
153 153 0
141 141 0
137 137 0
144 144 0
633 633 0
129 129 0
116 116 0
314 314 0
124 124 0
326 326 0
148 148 0
187 187 0
225 225 0
166 166 0
118 118 0
670 670 0
720 720 0
222 222 0
155 155 0
262 262 0
233 233 0
142 142 0
674 674 0
127 127 0
299 299 0
440 440 0
531 531 0
839 839 0
254 254 0
363 363 0
202 202 0
300 300 0
126 126 0
482 482 0
106 106 0
118 118 0
157 157 0
114 114 0
222 222 0
107 107 0
405 405 0
119 119 0
479 479 0
349 349 0
121 121 0
110 110 0
284 284 0
256 256 0
671 671 0
220 220 0
718 718 0
774 774 0
840 840 0
325 325 0
280 280 0
162 162 0
254 254 0
139 139 0
301 301 0
232 232 0
221 221 0
107 107 0
376 376 0
136 136 0
149 149 0
146 146 0
109 109 0
337 337 0
112 112 0
837 837 0
363 363 0
185 185 0
117 117 0
120 120 0
205 205 0
112 112 0
113 113 0
158 158 0
195 195 0
339 339 0
147 147 0
152 152 0
225 225 0
191 191 0
107 107 0
913 913 0
840 840 0
107 107 0
191 191 0
151 151 0
914 914 0
718 718 0
232 232 0
131 131 0
208 208 0
175 175 0
592 592 0
124 124 0
160 160 0
109 109 0
108 108 0
185 185 0
531 531 0
197 197 0
212 212 0
173 173 0
110 110 0
113 113 0
146 146 0
532 532 0
166 166 0
148 148 0
191 191 0
133 133 0
459 459 0
256 256 0
172 172 0
226 226 0
