# Task,   Job,     Period,   Response, DL Miss?,   Lateness,  Tardiness
# task NAME=myapp PID=6679 COST=59260000 PERIOD=95000000 CPU=0
  6679,     2,   95000000,      10380,        0,  -94989620,          0
  6679,     3,   95000000,      51635,        0,  -94948365,          0
  6679,     4,   95000000,   59482122,        0,  -35517878,          0
  6679,     5,   95000000,   58115710,        0,  -36884290,          0
  6679,     6,   95000000,   58129267,        0,  -36870733,          0
  6679,     7,   95000000,   58096915,        0,  -36903085,          0
  6679,     8,   95000000,   58426154,        0,  -36573846,          0
  6679,     9,   95000000,   58372009,        0,  -36627991,          0
  6679,    10,   95000000,   58097164,        0,  -36902836,          0
  6679,    11,   95000000,   58096663,        0,  -36903337,          0
  6679,    12,   95000000,   58391967,        0,  -36608033,          0
  6679,    13,   95000000,   58368834,        0,  -36631166,          0
  6679,    14,   95000000,   58135359,        0,  -36864641,          0
  6679,    15,   95000000,   58091763,        0,  -36908237,          0
  6679,    16,   95000000,   58360552,        0,  -36639448,          0
  6679,    17,   95000000,   58360085,        0,  -36639915,          0
  6679,    18,   95000000,   58096364,        0,  -36903636,          0
  6679,    19,   95000000,   58145117,        0,  -36854883,          0
  6679,    20,   95000000,   58405686,        0,  -36594314,          0
  6679,    21,   95000000,   58370496,        0,  -36629504,          0
  6679,    22,   95000000,   58141322,        0,  -36858678,          0
  6679,    23,   95000000,   58086704,        0,  -36913296,          0
  6679,    24,   95000000,   58384647,        0,  -36615353,          0
  6679,    25,   95000000,   58409326,        0,  -36590674,          0
  6679,    26,   95000000,   58104283,        0,  -36895717,          0
  6679,    27,   95000000,   58145385,        0,  -36854615,          0
  6679,    28,   95000000,   58128132,        0,  -36871868,          0
  6679,    29,   95000000,   58396433,        0,  -36603567,          0
  6679,    30,   95000000,   58213522,        0,  -36786478,          0
  6679,    31,   95000000,   58218562,        0,  -36781438,          0
  6679,    32,   95000000,   58185513,        0,  -36814487,          0
  6679,    33,   95000000,   58462776,        0,  -36537224,          0
  6679,    34,   95000000,   58446236,        0,  -36553764,          0
  6679,    35,   95000000,   58196513,        0,  -36803487,          0
  6679,    36,   95000000,   58169882,        0,  -36830118,          0
  6679,    37,   95000000,   58487432,        0,  -36512568,          0
  6679,    38,   95000000,   58442832,        0,  -36557168,          0
  6679,    39,   95000000,   58183606,        0,  -36816394,          0
  6679,    40,   95000000,   58234592,        0,  -36765408,          0
  6679,    41,   95000000,   58473423,        0,  -36526577,          0
  6679,    42,   95000000,   58436225,        0,  -36563775,          0
  6679,    43,   95000000,   58189597,        0,  -36810403,          0
  6679,    44,   95000000,   58239590,        0,  -36760410,          0
  6679,    45,   95000000,   58469506,        0,  -36530494,          0
  6679,    46,   95000000,   58447692,        0,  -36552308,          0
  6679,    47,   95000000,   58219382,        0,  -36780618,          0
  6679,    48,   95000000,   58177109,        0,  -36822891,          0
  6679,    49,   95000000,   58762147,        0,  -36237853,          0
  6679,    50,   95000000,   58442191,        0,  -36557809,          0
  6679,    51,   95000000,   58199330,        0,  -36800670,          0
  6679,    52,   95000000,   58195876,        0,  -36804124,          0
  6679,    53,   95000000,   58194503,        0,  -36805497,          0
  6679,    54,   95000000,   58467868,        0,  -36532132,          0
  6679,    55,   95000000,   58192472,        0,  -36807528,          0
  6679,    56,   95000000,   58261715,        0,  -36738285,          0
  6679,    57,   95000000,   58130963,        0,  -36869037,          0
  6679,    58,   95000000,   58420346,        0,  -36579654,          0
  6679,    59,   95000000,   58368034,        0,  -36631966,          0
  6679,    60,   95000000,   58123543,        0,  -36876457,          0
  6679,    61,   95000000,   58168880,        0,  -36831120,          0
  6679,    62,   95000000,   58393736,        0,  -36606264,          0
  6679,    63,   95000000,   58364623,        0,  -36635377,          0
  6679,    64,   95000000,   58126724,        0,  -36873276,          0
  6679,    65,   95000000,   58193152,        0,  -36806848,          0
  6679,    66,   95000000,   58416234,        0,  -36583766,          0
  6679,    67,   95000000,   58363109,        0,  -36636891,          0
  6679,    68,   95000000,   58106670,        0,  -36893330,          0
  6679,    69,   95000000,   58114809,        0,  -36885191,          0
  6679,    70,   95000000,   58407631,        0,  -36592369,          0
  6679,    71,   95000000,   58383982,        0,  -36616018,          0
  6679,    72,   95000000,   58129730,        0,  -36870270,          0
  6679,    73,   95000000,   58104930,        0,  -36895070,          0
  6679,    74,   95000000,   58403412,        0,  -36596588,          0
  6679,    75,   95000000,   58386962,        0,  -36613038,          0
  6679,    76,   95000000,   58141377,        0,  -36858623,          0
  6679,    77,   95000000,   58095107,        0,  -36904893,          0
  6679,    78,   95000000,   58101741,        0,  -36898259,          0
  6679,    79,   95000000,   58401862,        0,  -36598138,          0
  6679,    80,   95000000,   58133310,        0,  -36866690,          0
  6679,    81,   95000000,   58140333,        0,  -36859667,          0
  6679,    82,   95000000,   58220589,        0,  -36779411,          0
  6679,    83,   95000000,   58410586,        0,  -36589414,          0
  6679,    84,   95000000,   58474229,        0,  -36525771,          0
  6679,    85,   95000000,   58202073,        0,  -36797927,          0
  6679,    86,   95000000,   58158870,        0,  -36841130,          0
  6679,    87,   95000000,   58481162,        0,  -36518838,          0
  6679,    88,   95000000,   58449059,        0,  -36550941,          0
  6679,    89,   95000000,   58186002,        0,  -36813998,          0
  6679,    90,   95000000,   58160181,        0,  -36839819,          0
  6679,    91,   95000000,   58492561,        0,  -36507439,          0
  6679,    92,   95000000,   58449901,        0,  -36550099,          0
  6679,    93,   95000000,   58262976,        0,  -36737024,          0
  6679,    94,   95000000,   58169984,        0,  -36830016,          0
  6679,    95,   95000000,   58480516,        0,  -36519484,          0
  6679,    96,   95000000,   58448763,        0,  -36551237,          0
  6679,    97,   95000000,   58201774,        0,  -36798226,          0
  6679,    98,   95000000,   58156456,        0,  -36843544,          0
  6679,    99,   95000000,   58464656,        0,  -36535344,          0
  6679,   100,   95000000,   58465522,        0,  -36534478,          0
  6679,   101,   95000000,   58203753,        0,  -36796247,          0
  6679,   102,   95000000,   58164850,        0,  -36835150,          0
  6679,   103,   95000000,   58261453,        0,  -36738547,          0
  6679,   104,   95000000,   58415400,        0,  -36584600,          0
  6679,   105,   95000000,   58199722,        0,  -36800278,          0
  6679,   106,   95000000,   58178044,        0,  -36821956,          0
  6679,   107,   95000000,   58224737,        0,  -36775263,          0
  6679,   108,   95000000,   58436337,        0,  -36563663,          0
  6679,   109,   95000000,   58482291,        0,  -36517709,          0
# task NAME=myapp PID=6682 COST=10157000 PERIOD=27000000 CPU=0
  6682,     2,   27000000,      11319,        0,  -26988681,          0
  6682,     3,   27000000,      55313,        0,  -26944687,          0
  6682,     4,   27000000,   11049693,        0,  -15950307,          0
  6682,     5,   27000000,   10022539,        0,  -16977461,          0
  6682,     6,   27000000,   10024346,        0,  -16975654,          0
  6682,     7,   27000000,    9986499,        0,  -17013501,          0
  6682,     8,   27000000,    9996577,        0,  -17003423,          0
  6682,     9,   27000000,   10002703,        0,  -16997297,          0
  6682,    10,   27000000,   10026418,        0,  -16973582,          0
  6682,    11,   27000000,    9988152,        0,  -17011848,          0
  6682,    12,   27000000,   10281467,        0,  -16718533,          0
  6682,    13,   27000000,   10002576,        0,  -16997424,          0
  6682,    14,   27000000,    9993074,        0,  -17006926,          0
  6682,    15,   27000000,    9991298,        0,  -17008702,          0
  6682,    16,   27000000,   10018239,        0,  -16981761,          0
  6682,    17,   27000000,   10029852,        0,  -16970148,          0
  6682,    18,   27000000,    9991527,        0,  -17008473,          0
  6682,    19,   27000000,    9986526,        0,  -17013474,          0
  6682,    20,   27000000,   10026488,        0,  -16973512,          0
  6682,    21,   27000000,    9985990,        0,  -17014010,          0
  6682,    22,   27000000,    9992575,        0,  -17007425,          0
  6682,    23,   27000000,   10015655,        0,  -16984345,          0
  6682,    24,   27000000,   10029648,        0,  -16970352,          0
  6682,    25,   27000000,    9992100,        0,  -17007900,          0
  6682,    26,   27000000,   10275367,        0,  -16724633,          0
  6682,    27,   27000000,   10026132,        0,  -16973868,          0
  6682,    28,   27000000,    9982680,        0,  -17017320,          0
  6682,    29,   27000000,    9983703,        0,  -17016297,          0
  6682,    30,   27000000,   10025828,        0,  -16974172,          0
  6682,    31,   27000000,   10026077,        0,  -16973923,          0
  6682,    32,   27000000,    9987065,        0,  -17012935,          0
  6682,    33,   27000000,    9985727,        0,  -17014273,          0
  6682,    34,   27000000,   10026380,        0,  -16973620,          0
  6682,    35,   27000000,   10277311,        0,  -16722689,          0
  6682,    36,   27000000,    9987912,        0,  -17012088,          0
  6682,    37,   27000000,   10000563,        0,  -16999437,          0
  6682,    38,   27000000,   10002334,        0,  -16997666,          0
  6682,    39,   27000000,    9985278,        0,  -17014722,          0
  6682,    40,   27000000,    9993401,        0,  -17006599,          0
  6682,    41,   27000000,   10025791,        0,  -16974209,          0
  6682,    42,   27000000,    9987053,        0,  -17012947,          0
  6682,    43,   27000000,    9983112,        0,  -17016888,          0
  6682,    44,   27000000,    9998243,        0,  -17001757,          0
  6682,    45,   27000000,   10017865,        0,  -16982135,          0
  6682,    46,   27000000,    9984885,        0,  -17015115,          0
  6682,    47,   27000000,    9985602,        0,  -17014398,          0
  6682,    48,   27000000,   10018396,        0,  -16981604,          0
  6682,    49,   27000000,   10267170,        0,  -16732830,          0
  6682,    50,   27000000,    9990506,        0,  -17009494,          0
  6682,    51,   27000000,   10012276,        0,  -16987724,          0
  6682,    52,   27000000,   10025998,        0,  -16974002,          0
  6682,    53,   27000000,    9994894,        0,  -17005106,          0
  6682,    54,   27000000,    9992515,        0,  -17007485,          0
  6682,    55,   27000000,   10023783,        0,  -16976217,          0
  6682,    56,   27000000,    9984169,        0,  -17015831,          0
  6682,    57,   27000000,    9986564,        0,  -17013436,          0
  6682,    58,   27000000,   10016762,        0,  -16983238,          0
  6682,    59,   27000000,   10018976,        0,  -16981024,          0
  6682,    60,   27000000,    9988042,        0,  -17011958,          0
  6682,    61,   27000000,    9992098,        0,  -17007902,          0
  6682,    62,   27000000,   10017725,        0,  -16982275,          0
  6682,    63,   27000000,   10275550,        0,  -16724450,          0
  6682,    64,   27000000,   10021939,        0,  -16978061,          0
  6682,    65,   27000000,   10020494,        0,  -16979506,          0
  6682,    66,   27000000,   10028544,        0,  -16971456,          0
  6682,    67,   27000000,    9988794,        0,  -17011206,          0
  6682,    68,   27000000,    9986291,        0,  -17013709,          0
  6682,    69,   27000000,   10018332,        0,  -16981668,          0
  6682,    70,   27000000,    9986561,        0,  -17013439,          0
  6682,    71,   27000000,    9995233,        0,  -17004767,          0
  6682,    72,   27000000,    9991260,        0,  -17008740,          0
  6682,    73,   27000000,   10018688,        0,  -16981312,          0
  6682,    74,   27000000,    9985324,        0,  -17014676,          0
  6682,    75,   27000000,    9991006,        0,  -17008994,          0
  6682,    76,   27000000,   10015200,        0,  -16984800,          0
  6682,    77,   27000000,   10278047,        0,  -16721953,          0
  6682,    78,   27000000,    9990082,        0,  -17009918,          0
  6682,    79,   27000000,    9984413,        0,  -17015587,          0
  6682,    80,   27000000,   10023946,        0,  -16976054,          0
  6682,    81,   27000000,    9992905,        0,  -17007095,          0
  6682,    82,   27000000,    9992631,        0,  -17007369,          0
  6682,    83,   27000000,   10019340,        0,  -16980660,          0
  6682,    84,   27000000,    9990309,        0,  -17009691,          0
  6682,    85,   27000000,    9993686,        0,  -17006314,          0
  6682,    86,   27000000,   10276645,        0,  -16723355,          0
  6682,    87,   27000000,   10016602,        0,  -16983398,          0
  6682,    88,   27000000,    9993975,        0,  -17006025,          0
  6682,    89,   27000000,    9987236,        0,  -17012764,          0
  6682,    90,   27000000,   10017587,        0,  -16982413,          0
  6682,    91,   27000000,    9984014,        0,  -17015986,          0
  6682,    92,   27000000,    9985334,        0,  -17014666,          0
  6682,    93,   27000000,    9984563,        0,  -17015437,          0
  6682,    94,   27000000,   10025902,        0,  -16974098,          0
  6682,    95,   27000000,    9989079,        0,  -17010921,          0
  6682,    96,   27000000,    9986985,        0,  -17013015,          0
  6682,    97,   27000000,   10027071,        0,  -16972929,          0
  6682,    98,   27000000,   10017035,        0,  -16982965,          0
  6682,    99,   27000000,    9980753,        0,  -17019247,          0
  6682,   100,   27000000,   10259712,        0,  -16740288,          0
  6682,   101,   27000000,   10010648,        0,  -16989352,          0
  6682,   102,   27000000,    9986202,        0,  -17013798,          0
  6682,   103,   27000000,    9979960,        0,  -17020040,          0
  6682,   104,   27000000,    9988201,        0,  -17011799,          0
  6682,   105,   27000000,   10027002,        0,  -16972998,          0
  6682,   106,   27000000,    9984710,        0,  -17015290,          0
  6682,   107,   27000000,    9977065,        0,  -17022935,          0
  6682,   108,   27000000,   10018384,        0,  -16981616,          0
  6682,   109,   27000000,    9981850,        0,  -17018150,          0
  6682,   110,   27000000,    9982763,        0,  -17017237,          0
  6682,   111,   27000000,   10041559,        0,  -16958441,          0
  6682,   112,   27000000,   10001783,        0,  -16998217,          0
  6682,   113,   27000000,    9976911,        0,  -17023089,          0
  6682,   114,   27000000,   10269555,        0,  -16730445,          0
  6682,   115,   27000000,    9991964,        0,  -17008036,          0
  6682,   116,   27000000,    9981476,        0,  -17018524,          0
  6682,   117,   27000000,    9980425,        0,  -17019575,          0
  6682,   118,   27000000,    9998488,        0,  -17001512,          0
  6682,   119,   27000000,   10023122,        0,  -16976878,          0
  6682,   120,   27000000,    9980202,        0,  -17019798,          0
  6682,   121,   27000000,    9980097,        0,  -17019903,          0
  6682,   122,   27000000,    9986070,        0,  -17013930,          0
  6682,   123,   27000000,   10274923,        0,  -16725077,          0
  6682,   124,   27000000,    9980697,        0,  -17019303,          0
  6682,   125,   27000000,   10002221,        0,  -16997779,          0
  6682,   126,   27000000,   10018641,        0,  -16981359,          0
  6682,   127,   27000000,    9984873,        0,  -17015127,          0
  6682,   128,   27000000,    9981999,        0,  -17018001,          0
  6682,   129,   27000000,    9996236,        0,  -17003764,          0
  6682,   130,   27000000,    9979761,        0,  -17020239,          0
  6682,   131,   27000000,    9977986,        0,  -17022014,          0
  6682,   132,   27000000,    9997110,        0,  -17002890,          0
  6682,   133,   27000000,   10015022,        0,  -16984978,          0
  6682,   134,   27000000,    9978650,        0,  -17021350,          0
  6682,   135,   27000000,    9984389,        0,  -17015611,          0
  6682,   136,   27000000,   10004124,        0,  -16995876,          0
  6682,   137,   27000000,   10266845,        0,  -16733155,          0
  6682,   138,   27000000,    9986634,        0,  -17013366,          0
  6682,   139,   27000000,    9991459,        0,  -17008541,          0
  6682,   140,   27000000,    9987173,        0,  -17012827,          0
  6682,   141,   27000000,    9978952,        0,  -17021048,          0
  6682,   142,   27000000,    9980066,        0,  -17019934,          0
  6682,   143,   27000000,   10012157,        0,  -16987843,          0
  6682,   144,   27000000,    9984753,        0,  -17015247,          0
  6682,   145,   27000000,    9989028,        0,  -17010972,          0
  6682,   146,   27000000,    9990139,        0,  -17009861,          0
  6682,   147,   27000000,   10015063,        0,  -16984937,          0
  6682,   148,   27000000,    9979227,        0,  -17020773,          0
  6682,   149,   27000000,    9994187,        0,  -17005813,          0
  6682,   150,   27000000,    9997255,        0,  -17002745,          0
  6682,   151,   27000000,   10254449,        0,  -16745551,          0
  6682,   152,   27000000,    9982032,        0,  -17017968,          0
  6682,   153,   27000000,    9992560,        0,  -17007440,          0
  6682,   154,   27000000,    9986088,        0,  -17013912,          0
  6682,   155,   27000000,    9982532,        0,  -17017468,          0
  6682,   156,   27000000,    9973042,        0,  -17026958,          0
  6682,   157,   27000000,    9989276,        0,  -17010724,          0
  6682,   158,   27000000,    9978952,        0,  -17021048,          0
  6682,   159,   27000000,    9983576,        0,  -17016424,          0
  6682,   160,   27000000,   10265296,        0,  -16734704,          0
  6682,   161,   27000000,   10002859,        0,  -16997141,          0
  6682,   162,   27000000,    9985843,        0,  -17014157,          0
  6682,   163,   27000000,    9982272,        0,  -17017728,          0
  6682,   164,   27000000,   10017248,        0,  -16982752,          0
  6682,   165,   27000000,    9981672,        0,  -17018328,          0
  6682,   166,   27000000,    9985931,        0,  -17014069,          0
  6682,   167,   27000000,    9968556,        0,  -17031444,          0
  6682,   168,   27000000,   10012690,        0,  -16987310,          0
  6682,   169,   27000000,    9981765,        0,  -17018235,          0
  6682,   170,   27000000,    9987951,        0,  -17012049,          0
  6682,   171,   27000000,    9998158,        0,  -17001842,          0
  6682,   172,   27000000,    9989641,        0,  -17010359,          0
  6682,   173,   27000000,    9983671,        0,  -17016329,          0
  6682,   174,   27000000,   10264952,        0,  -16735048,          0
  6682,   175,   27000000,    9990974,        0,  -17009026,          0
  6682,   176,   27000000,    9984670,        0,  -17015330,          0
  6682,   177,   27000000,    9982469,        0,  -17017531,          0
  6682,   178,   27000000,   10016830,        0,  -16983170,          0
  6682,   179,   27000000,    9981415,        0,  -17018585,          0
  6682,   180,   27000000,    9981664,        0,  -17018336,          0
  6682,   181,   27000000,    9976803,        0,  -17023197,          0
  6682,   182,   27000000,    9999001,        0,  -17000999,          0
  6682,   183,   27000000,    9977959,        0,  -17022041,          0
  6682,   184,   27000000,    9982667,        0,  -17017333,          0
  6682,   185,   27000000,    9996748,        0,  -17003252,          0
  6682,   186,   27000000,    9979692,        0,  -17020308,          0
  6682,   187,   27000000,    9986419,        0,  -17013581,          0
  6682,   188,   27000000,   10260934,        0,  -16739066,          0
  6682,   189,   27000000,   10009545,        0,  -16990455,          0
  6682,   190,   27000000,    9982221,        0,  -17017779,          0
  6682,   191,   27000000,    9974898,        0,  -17025102,          0
  6682,   192,   27000000,    9994684,        0,  -17005316,          0
  6682,   193,   27000000,   10028133,        0,  -16971867,          0
  6682,   194,   27000000,    9986362,        0,  -17013638,          0
  6682,   195,   27000000,    9987490,        0,  -17012510,          0
  6682,   196,   27000000,   10019328,        0,  -16980672,          0
  6682,   197,   27000000,    9991936,        0,  -17008064,          0
  6682,   198,   27000000,    9985892,        0,  -17014108,          0
  6682,   199,   27000000,   10024593,        0,  -16975407,          0
  6682,   200,   27000000,   10031440,        0,  -16968560,          0
  6682,   201,   27000000,    9986610,        0,  -17013390,          0
  6682,   202,   27000000,   10278811,        0,  -16721189,          0
  6682,   203,   27000000,   10025587,        0,  -16974413,          0
  6682,   204,   27000000,    9989225,        0,  -17010775,          0
  6682,   205,   27000000,    9987798,        0,  -17012202,          0
  6682,   206,   27000000,   10023386,        0,  -16976614,          0
  6682,   207,   27000000,   10024694,        0,  -16975306,          0
  6682,   208,   27000000,    9986786,        0,  -17013214,          0
  6682,   209,   27000000,    9985575,        0,  -17014425,          0
  6682,   210,   27000000,   10018438,        0,  -16981562,          0
  6682,   211,   27000000,   10268060,        0,  -16731940,          0
  6682,   212,   27000000,    9987206,        0,  -17012794,          0
  6682,   213,   27000000,   10017140,        0,  -16982860,          0
  6682,   214,   27000000,   10031521,        0,  -16968479,          0
  6682,   215,   27000000,    9991592,        0,  -17008408,          0
  6682,   216,   27000000,    9987429,        0,  -17012571,          0
  6682,   217,   27000000,   10021393,        0,  -16978607,          0
  6682,   218,   27000000,    9989494,        0,  -17010506,          0
  6682,   219,   27000000,    9987412,        0,  -17012588,          0
  6682,   220,   27000000,   10020457,        0,  -16979543,          0
  6682,   221,   27000000,   10033577,        0,  -16966423,          0
  6682,   222,   27000000,    9996093,        0,  -17003907,          0
  6682,   223,   27000000,    9996123,        0,  -17003877,          0
  6682,   224,   27000000,   10022848,        0,  -16977152,          0
  6682,   225,   27000000,   10277098,        0,  -16722902,          0
  6682,   226,   27000000,    9992178,        0,  -17007822,          0
  6682,   227,   27000000,   10021505,        0,  -16978495,          0
  6682,   228,   27000000,   10025401,        0,  -16974599,          0
  6682,   229,   27000000,    9991180,        0,  -17008820,          0
  6682,   230,   27000000,    9986895,        0,  -17013105,          0
  6682,   231,   27000000,   10021566,        0,  -16978434,          0
  6682,   232,   27000000,    9985435,        0,  -17014565,          0
  6682,   233,   27000000,    9991727,        0,  -17008273,          0
  6682,   234,   27000000,   10022814,        0,  -16977186,          0
  6682,   235,   27000000,   10023344,        0,  -16976656,          0
  6682,   236,   27000000,    9995208,        0,  -17004792,          0
  6682,   237,   27000000,    9984741,        0,  -17015259,          0
  6682,   238,   27000000,   10025978,        0,  -16974022,          0
  6682,   239,   27000000,   10278525,        0,  -16721475,          0
  6682,   240,   27000000,    9993559,        0,  -17006441,          0
  6682,   241,   27000000,   10012298,        0,  -16987702,          0
  6682,   242,   27000000,   10025763,        0,  -16974237,          0
  6682,   243,   27000000,    9991508,        0,  -17008492,          0
  6682,   244,   27000000,    9990591,        0,  -17009409,          0
  6682,   245,   27000000,   10025950,        0,  -16974050,          0
  6682,   246,   27000000,    9994711,        0,  -17005289,          0
  6682,   247,   27000000,    9987008,        0,  -17012992,          0
  6682,   248,   27000000,   10290957,        0,  -16709043,          0
  6682,   249,   27000000,   10024930,        0,  -16975070,          0
  6682,   250,   27000000,   10051564,        0,  -16948436,          0
  6682,   251,   27000000,    9998069,        0,  -17001931,          0
  6682,   252,   27000000,   10024449,        0,  -16975551,          0
  6682,   253,   27000000,    9978614,        0,  -17021386,          0
  6682,   254,   27000000,    9987083,        0,  -17012917,          0
  6682,   255,   27000000,   10017170,        0,  -16982830,          0
  6682,   256,   27000000,   10023407,        0,  -16976593,          0
  6682,   257,   27000000,    9983710,        0,  -17016290,          0
  6682,   258,   27000000,    9987467,        0,  -17012533,          0
  6682,   259,   27000000,   10024132,        0,  -16975868,          0
  6682,   260,   27000000,    9991318,        0,  -17008682,          0
  6682,   261,   27000000,    9986872,        0,  -17013128,          0
  6682,   262,   27000000,   10270170,        0,  -16729830,          0
  6682,   263,   27000000,   10016498,        0,  -16983502,          0
  6682,   264,   27000000,    9982574,        0,  -17017426,          0
  6682,   265,   27000000,    9988090,        0,  -17011910,          0
  6682,   266,   27000000,   10022692,        0,  -16977308,          0
  6682,   267,   27000000,    9984846,        0,  -17015154,          0
  6682,   268,   27000000,    9992445,        0,  -17007555,          0
  6682,   269,   27000000,    9985289,        0,  -17014711,          0
  6682,   270,   27000000,   10025858,        0,  -16974142,          0
  6682,   271,   27000000,    9989428,        0,  -17010572,          0
  6682,   272,   27000000,    9986498,        0,  -17013502,          0
  6682,   273,   27000000,   10017741,        0,  -16982259,          0
  6682,   274,   27000000,    9990150,        0,  -17009850,          0
  6682,   275,   27000000,    9986958,        0,  -17013042,          0
  6682,   276,   27000000,   10273234,        0,  -16726766,          0
  6682,   277,   27000000,   10030347,        0,  -16969653,          0
  6682,   278,   27000000,    9989881,        0,  -17010119,          0
  6682,   279,   27000000,    9987757,        0,  -17012243,          0
  6682,   280,   27000000,   10019321,        0,  -16980679,          0
  6682,   281,   27000000,    9991078,        0,  -17008922,          0
  6682,   282,   27000000,    9985927,        0,  -17014073,          0
  6682,   283,   27000000,    9985432,        0,  -17014568,          0
  6682,   284,   27000000,   10022491,        0,  -16977509,          0
  6682,   285,   27000000,   10273265,        0,  -16726735,          0
  6682,   286,   27000000,    9990769,        0,  -17009231,          0
  6682,   287,   27000000,   10022972,        0,  -16977028,          0
  6682,   288,   27000000,   10026676,        0,  -16973324,          0
  6682,   289,   27000000,    9979741,        0,  -17020259,          0
  6682,   290,   27000000,    9984254,        0,  -17015746,          0
  6682,   291,   27000000,    9986438,        0,  -17013562,          0
  6682,   292,   27000000,    9984118,        0,  -17015882,          0
  6682,   293,   27000000,    9979774,        0,  -17020226,          0
  6682,   294,   27000000,   10010636,        0,  -16989364,          0
  6682,   295,   27000000,   10019364,        0,  -16980636,          0
  6682,   296,   27000000,    9984251,        0,  -17015749,          0
  6682,   297,   27000000,    9982840,        0,  -17017160,          0
  6682,   298,   27000000,   10003567,        0,  -16996433,          0
  6682,   299,   27000000,   10268916,        0,  -16731084,          0
  6682,   300,   27000000,    9982402,        0,  -17017598,          0
  6682,   301,   27000000,    9996420,        0,  -17003580,          0
  6682,   302,   27000000,   10022116,        0,  -16977884,          0
  6682,   303,   27000000,    9979994,        0,  -17020006,          0
  6682,   304,   27000000,    9980847,        0,  -17019153,          0
  6682,   305,   27000000,    9998614,        0,  -17001386,          0
  6682,   306,   27000000,    9978064,        0,  -17021936,          0
  6682,   307,   27000000,    9981084,        0,  -17018916,          0
  6682,   308,   27000000,    9998376,        0,  -17001624,          0
  6682,   309,   27000000,   10017033,        0,  -16982967,          0
  6682,   310,   27000000,    9985459,        0,  -17014541,          0
  6682,   311,   27000000,    9985734,        0,  -17014266,          0
  6682,   312,   27000000,    9999296,        0,  -17000704,          0
  6682,   313,   27000000,   10272281,        0,  -16727719,          0
  6682,   314,   27000000,    9983249,        0,  -17016751,          0
  6682,   315,   27000000,    9999565,        0,  -17000435,          0
  6682,   316,   27000000,   10016760,        0,  -16983240,          0
  6682,   317,   27000000,    9972301,        0,  -17027699,          0
  6682,   318,   27000000,    9979230,        0,  -17020770,          0
  6682,   319,   27000000,    9999844,        0,  -17000156,          0
  6682,   320,   27000000,    9974906,        0,  -17025094,          0
  6682,   321,   27000000,    9985843,        0,  -17014157,          0
  6682,   322,   27000000,    9999430,        0,  -17000570,          0
  6682,   323,   27000000,   10024789,        0,  -16975211,          0
  6682,   324,   27000000,    9979675,        0,  -17020325,          0
  6682,   325,   27000000,    9981632,        0,  -17018368,          0
  6682,   326,   27000000,   10000532,        0,  -16999468,          0
  6682,   327,   27000000,   10264528,        0,  -16735472,          0
  6682,   328,   27000000,    9981504,        0,  -17018496,          0
  6682,   329,   27000000,    9991846,        0,  -17008154,          0
  6682,   330,   27000000,   10017429,        0,  -16982571,          0
  6682,   331,   27000000,    9979037,        0,  -17020963,          0
  6682,   332,   27000000,    9985134,        0,  -17014866,          0
  6682,   333,   27000000,   10003348,        0,  -16996652,          0
  6682,   334,   27000000,    9976848,        0,  -17023152,          0
  6682,   335,   27000000,    9986492,        0,  -17013508,          0
  6682,   336,   27000000,   10284394,        0,  -16715606,          0
  6682,   337,   27000000,   10012407,        0,  -16987593,          0
  6682,   338,   27000000,    9977116,        0,  -17022884,          0
  6682,   339,   27000000,    9989468,        0,  -17010532,          0
  6682,   340,   27000000,   10018365,        0,  -16981635,          0
  6682,   341,   27000000,    9973132,        0,  -17026868,          0
  6682,   342,   27000000,    9989655,        0,  -17010345,          0
  6682,   343,   27000000,    9991544,        0,  -17008456,          0
  6682,   344,   27000000,   10003808,        0,  -16996192,          0
  6682,   345,   27000000,    9984709,        0,  -17015291,          0
  6682,   346,   27000000,    9984900,        0,  -17015100,          0
  6682,   347,   27000000,   10011033,        0,  -16988967,          0
  6682,   348,   27000000,    9980975,        0,  -17019025,          0
  6682,   349,   27000000,    9979915,        0,  -17020085,          0
  6682,   350,   27000000,   10278042,        0,  -16721958,          0
  6682,   351,   27000000,   10012871,        0,  -16987129,          0
  6682,   352,   27000000,    9981551,        0,  -17018449,          0
  6682,   353,   27000000,    9985345,        0,  -17014655,          0
  6682,   354,   27000000,   10003024,        0,  -16996976,          0
  6682,   355,   27000000,    9983370,        0,  -17016630,          0
  6682,   356,   27000000,    9979507,        0,  -17020493,          0
  6682,   357,   27000000,    9967892,        0,  -17032108,          0
  6682,   358,   27000000,    9985350,        0,  -17014650,          0
  6682,   359,   27000000,    9981736,        0,  -17018264,          0
  6682,   360,   27000000,    9972701,        0,  -17027299,          0
  6682,   361,   27000000,   10003458,        0,  -16996542,          0
  6682,   362,   27000000,    9984896,        0,  -17015104,          0
  6682,   363,   27000000,    9984047,        0,  -17015953,          0
  6682,   364,   27000000,   10257525,        0,  -16742475,          0
  6682,   365,   27000000,   10010596,        0,  -16989404,          0
  6682,   366,   27000000,    9978546,        0,  -17021454,          0
  6682,   367,   27000000,    9980105,        0,  -17019895,          0
  6682,   368,   27000000,    9997984,        0,  -17002016,          0
  6682,   369,   27000000,    9980972,        0,  -17019028,          0
  6682,   370,   27000000,    9990414,        0,  -17009586,          0
  6682,   371,   27000000,    9966193,        0,  -17033807,          0
  6682,   372,   27000000,    9997205,        0,  -17002795,          0
  6682,   373,   27000000,   10274617,        0,  -16725383,          0
  6682,   374,   27000000,    9959363,        0,  -17040637,          0
