# Task,   Job,     Period,   Response, DL Miss?,   Lateness,  Tardiness
# task NAME=myapp PID=27304 COST=27344000 PERIOD=50000000 CPU=0
 27304,     2,   50000000,       5966,        0,  -49994034,          0
 27304,     3,   50000000,      39670,        0,  -49960330,          0
 27304,     4,   50000000,   28856670,        0,  -21143330,          0
 27304,     5,   50000000,   27974848,        0,  -22025152,          0
 27304,     6,   50000000,   26859923,        0,  -23140077,          0
 27304,     7,   50000000,   26913871,        0,  -23086129,          0
 27304,     8,   50000000,   27096289,        0,  -22903711,          0
 27304,     9,   50000000,   26958990,        0,  -23041010,          0
 27304,    10,   50000000,   26793198,        0,  -23206802,          0
 27304,    11,   50000000,   26795307,        0,  -23204693,          0
 27304,    12,   50000000,   27145574,        0,  -22854426,          0
 27304,    13,   50000000,   27167289,        0,  -22832711,          0
 27304,    14,   50000000,   26838834,        0,  -23161166,          0
 27304,    15,   50000000,   27715059,        0,  -22284941,          0
 27304,    16,   50000000,   26794024,        0,  -23205976,          0
 27304,    17,   50000000,   26778633,        0,  -23221367,          0
 27304,    18,   50000000,   27204606,        0,  -22795394,          0
 27304,    19,   50000000,   26797033,        0,  -23202967,          0
 27304,    20,   50000000,   27758979,        0,  -22241021,          0
 27304,    21,   50000000,   27688163,        0,  -22311837,          0
 27304,    22,   50000000,   26850048,        0,  -23149952,          0
 27304,    23,   50000000,   27073745,        0,  -22926255,          0
 27304,    24,   50000000,   26816469,        0,  -23183531,          0
 27304,    25,   50000000,   26784238,        0,  -23215762,          0
 27304,    26,   50000000,   26911907,        0,  -23088093,          0
 27304,    27,   50000000,   26782925,        0,  -23217075,          0
 27304,    28,   50000000,   27108890,        0,  -22891110,          0
 27304,    29,   50000000,   26822002,        0,  -23177998,          0
 27304,    30,   50000000,   26829406,        0,  -23170594,          0
 27304,    31,   50000000,   27045445,        0,  -22954555,          0
 27304,    32,   50000000,   26871386,        0,  -23128614,          0
 27304,    33,   50000000,   27220029,        0,  -22779971,          0
 27304,    34,   50000000,   26922816,        0,  -23077184,          0
 27304,    35,   50000000,   26941779,        0,  -23058221,          0
 27304,    36,   50000000,   26791687,        0,  -23208313,          0
 27304,    37,   50000000,   26802266,        0,  -23197734,          0
 27304,    38,   50000000,   28112652,        0,  -21887348,          0
 27304,    39,   50000000,   27656614,        0,  -22343386,          0
 27304,    40,   50000000,   26780694,        0,  -23219306,          0
 27304,    41,   50000000,   26824388,        0,  -23175612,          0
 27304,    42,   50000000,   26907030,        0,  -23092970,          0
 27304,    43,   50000000,   27092255,        0,  -22907745,          0
 27304,    44,   50000000,   26808807,        0,  -23191193,          0
 27304,    45,   50000000,   26826681,        0,  -23173319,          0
 27304,    46,   50000000,   26797659,        0,  -23202341,          0
 27304,    47,   50000000,   26781749,        0,  -23218251,          0
 27304,    48,   50000000,   27151199,        0,  -22848801,          0
 27304,    49,   50000000,   26887935,        0,  -23112065,          0
 27304,    50,   50000000,   26793470,        0,  -23206530,          0
 27304,    51,   50000000,   26817791,        0,  -23182209,          0
 27304,    52,   50000000,   27721886,        0,  -22278114,          0
 27304,    53,   50000000,   27063871,        0,  -22936129,          0
 27304,    54,   50000000,   26804664,        0,  -23195336,          0
 27304,    55,   50000000,   26778097,        0,  -23221903,          0
 27304,    56,   50000000,   26814902,        0,  -23185098,          0
 27304,    57,   50000000,   26973523,        0,  -23026477,          0
 27304,    58,   50000000,   27086400,        0,  -22913600,          0
 27304,    59,   50000000,   26793445,        0,  -23206555,          0
 27304,    60,   50000000,   27334605,        0,  -22665395,          0
 27304,    61,   50000000,   26816889,        0,  -23183111,          0
 27304,    62,   50000000,   26823958,        0,  -23176042,          0
 27304,    63,   50000000,   27122101,        0,  -22877899,          0
 27304,    64,   50000000,   26811604,        0,  -23188396,          0
 27304,    65,   50000000,   26893378,        0,  -23106622,          0
 27304,    66,   50000000,   26852062,        0,  -23147938,          0
 27304,    67,   50000000,   27147643,        0,  -22852357,          0
 27304,    68,   50000000,   27224718,        0,  -22775282,          0
 27304,    69,   50000000,   26914111,        0,  -23085889,          0
 27304,    70,   50000000,   26909597,        0,  -23090403,          0
 27304,    71,   50000000,   26846123,        0,  -23153877,          0
 27304,    72,   50000000,   26901474,        0,  -23098526,          0
 27304,    73,   50000000,   27068542,        0,  -22931458,          0
 27304,    74,   50000000,   26776401,        0,  -23223599,          0
 27304,    75,   50000000,   28026928,        0,  -21973072,          0
 27304,    76,   50000000,   26796717,        0,  -23203283,          0
 27304,    77,   50000000,   26822483,        0,  -23177517,          0
 27304,    78,   50000000,   27367433,        0,  -22632567,          0
 27304,    79,   50000000,   26777047,        0,  -23222953,          0
 27304,    80,   50000000,   26791321,        0,  -23208679,          0
 27304,    81,   50000000,   26832434,        0,  -23167566,          0
 27304,    82,   50000000,   26778458,        0,  -23221542,          0
 27304,    83,   50000000,   27114830,        0,  -22885170,          0
 27304,    84,   50000000,   26831887,        0,  -23168113,          0
 27304,    85,   50000000,   26792080,        0,  -23207920,          0
 27304,    86,   50000000,   26927812,        0,  -23072188,          0
 27304,    87,   50000000,   26810692,        0,  -23189308,          0
 27304,    88,   50000000,   27197863,        0,  -22802137,          0
 27304,    89,   50000000,   26793365,        0,  -23206635,          0
 27304,    90,   50000000,   26814967,        0,  -23185033,          0
 27304,    91,   50000000,   26785070,        0,  -23214930,          0
 27304,    92,   50000000,   26797894,        0,  -23202106,          0
 27304,    93,   50000000,   27097066,        0,  -22902934,          0
 27304,    94,   50000000,   26808896,        0,  -23191104,          0
 27304,    95,   50000000,   26795220,        0,  -23204780,          0
 27304,    96,   50000000,   27055197,        0,  -22944803,          0
 27304,    97,   50000000,   27768308,        0,  -22231692,          0
 27304,    98,   50000000,   27075583,        0,  -22924417,          0
 27304,    99,   50000000,   26779284,        0,  -23220716,          0
 27304,   100,   50000000,   26796388,        0,  -23203612,          0
 27304,   101,   50000000,   26887783,        0,  -23112217,          0
 27304,   102,   50000000,   26831634,        0,  -23168366,          0
 27304,   103,   50000000,   27071317,        0,  -22928683,          0
 27304,   104,   50000000,   27629294,        0,  -22370706,          0
 27304,   105,   50000000,   26804451,        0,  -23195549,          0
 27304,   106,   50000000,   26904274,        0,  -23095726,          0
 27304,   107,   50000000,   26935755,        0,  -23064245,          0
 27304,   108,   50000000,   27076058,        0,  -22923942,          0
 27304,   109,   50000000,   26786170,        0,  -23213830,          0
 27304,   110,   50000000,   26793956,        0,  -23206044,          0
 27304,   111,   50000000,   31879667,        0,  -18120333,          0
 27304,   112,   50000000,   26921986,        0,  -23078014,          0
 27304,   113,   50000000,   28134039,        0,  -21865961,          0
 27304,   114,   50000000,   27041738,        0,  -22958262,          0
 27304,   115,   50000000,   26796634,        0,  -23203366,          0
 27304,   116,   50000000,   26780524,        0,  -23219476,          0
 27304,   117,   50000000,   26779594,        0,  -23220406,          0
 27304,   118,   50000000,   27070825,        0,  -22929175,          0
 27304,   119,   50000000,   26864828,        0,  -23135172,          0
 27304,   120,   50000000,   27450846,        0,  -22549154,          0
 27304,   121,   50000000,   28676129,        0,  -21323871,          0
 27304,   122,   50000000,   26854143,        0,  -23145857,          0
 27304,   123,   50000000,   27077204,        0,  -22922796,          0
 27304,   124,   50000000,   27016179,        0,  -22983821,          0
 27304,   125,   50000000,   26818791,        0,  -23181209,          0
 27304,   126,   50000000,   26852252,        0,  -23147748,          0
 27304,   127,   50000000,   26810393,        0,  -23189607,          0
 27304,   128,   50000000,   27186188,        0,  -22813812,          0
 27304,   129,   50000000,   26901501,        0,  -23098499,          0
 27304,   130,   50000000,   27278360,        0,  -22721640,          0
 27304,   131,   50000000,   26937946,        0,  -23062054,          0
 27304,   132,   50000000,   26827685,        0,  -23172315,          0
 27304,   133,   50000000,   27188904,        0,  -22811096,          0
 27304,   134,   50000000,   26806202,        0,  -23193798,          0
 27304,   135,   50000000,   26800979,        0,  -23199021,          0
 27304,   136,   50000000,   26792251,        0,  -23207749,          0
 27304,   137,   50000000,   27024058,        0,  -22975942,          0
 27304,   138,   50000000,   27126688,        0,  -22873312,          0
 27304,   139,   50000000,   26781812,        0,  -23218188,          0
 27304,   140,   50000000,   26991712,        0,  -23008288,          0
 27304,   141,   50000000,   26829814,        0,  -23170186,          0
 27304,   142,   50000000,   26929805,        0,  -23070195,          0
 27304,   143,   50000000,   27105638,        0,  -22894362,          0
 27304,   144,   50000000,   26801681,        0,  -23198319,          0
 27304,   145,   50000000,   26775547,        0,  -23224453,          0
 27304,   146,   50000000,   26802531,        0,  -23197469,          0
 27304,   147,   50000000,   29078378,        0,  -20921622,          0
 27304,   148,   50000000,   27105297,        0,  -22894703,          0
 27304,   149,   50000000,   26929843,        0,  -23070157,          0
 27304,   150,   50000000,   26943247,        0,  -23056753,          0
 27304,   151,   50000000,   26798568,        0,  -23201432,          0
 27304,   152,   50000000,   26802824,        0,  -23197176,          0
 27304,   153,   50000000,   27112795,        0,  -22887205,          0
 27304,   154,   50000000,   26881047,        0,  -23118953,          0
 27304,   155,   50000000,   26783149,        0,  -23216851,          0
 27304,   156,   50000000,   27776255,        0,  -22223745,          0
 27304,   157,   50000000,   26869696,        0,  -23130304,          0
 27304,   158,   50000000,   27073789,        0,  -22926211,          0
 27304,   159,   50000000,   26968801,        0,  -23031199,          0
 27304,   160,   50000000,   26790859,        0,  -23209141,          0
 27304,   161,   50000000,   26891871,        0,  -23108129,          0
 27304,   162,   50000000,   26770395,        0,  -23229605,          0
 27304,   163,   50000000,   27121393,        0,  -22878607,          0
 27304,   164,   50000000,   26895325,        0,  -23104675,          0
 27304,   165,   50000000,   26949764,        0,  -23050236,          0
 27304,   166,   50000000,   28983824,        0,  -21016176,          0
 27304,   167,   50000000,   26803265,        0,  -23196735,          0
 27304,   168,   50000000,   27197630,        0,  -22802370,          0
 27304,   169,   50000000,   26881001,        0,  -23118999,          0
 27304,   170,   50000000,   26786105,        0,  -23213895,          0
 27304,   171,   50000000,   26773349,        0,  -23226651,          0
 27304,   172,   50000000,   26862130,        0,  -23137870,          0
 27304,   173,   50000000,   27187510,        0,  -22812490,          0
 27304,   174,   50000000,   26800612,        0,  -23199388,          0
 27304,   175,   50000000,   26844686,        0,  -23155314,          0
 27304,   176,   50000000,   28786144,        0,  -21213856,          0
 27304,   177,   50000000,   26808673,        0,  -23191327,          0
 27304,   178,   50000000,   27092580,        0,  -22907420,          0
 27304,   179,   50000000,   26923186,        0,  -23076814,          0
 27304,   180,   50000000,   26908890,        0,  -23091110,          0
 27304,   181,   50000000,   26803581,        0,  -23196419,          0
 27304,   182,   50000000,   26826393,        0,  -23173607,          0
 27304,   183,   50000000,   27922864,        0,  -22077136,          0
 27304,   184,   50000000,   26802023,        0,  -23197977,          0
 27304,   185,   50000000,   26964398,        0,  -23035602,          0
 27304,   186,   50000000,   26862855,        0,  -23137145,          0
 27304,   187,   50000000,   26785740,        0,  -23214260,          0
 27304,   188,   50000000,   27083206,        0,  -22916794,          0
 27304,   189,   50000000,   26826579,        0,  -23173421,          0
 27304,   190,   50000000,   26877833,        0,  -23122167,          0
 27304,   191,   50000000,   26941704,        0,  -23058296,          0
 27304,   192,   50000000,   26783738,        0,  -23216262,          0
 27304,   193,   50000000,   27061118,        0,  -22938882,          0
 27304,   194,   50000000,   26785552,        0,  -23214448,          0
 27304,   195,   50000000,   27683113,        0,  -22316887,          0
 27304,   196,   50000000,   26846954,        0,  -23153046,          0
 27304,   197,   50000000,   26876556,        0,  -23123444,          0
 27304,   198,   50000000,   27071522,        0,  -22928478,          0
 27304,   199,   50000000,   26827445,        0,  -23172555,          0
 27304,   200,   50000000,   26805194,        0,  -23194806,          0
 27304,   201,   50000000,   26767944,        0,  -23232056,          0
 27304,   202,   50000000,   26874667,        0,  -23125333,          0
 27304,   203,   50000000,   27067934,        0,  -22932066,          0
 27304,   204,   50000000,   26877893,        0,  -23122107,          0
# task NAME=myapp PID=27307 COST=43882000 PERIOD=72000000 CPU=0
 27307,     2,   72000000,       8366,        0,  -71991634,          0
 27307,     3,   72000000,      35871,        0,  -71964129,          0
 27307,     4,   72000000,   45250863,        0,  -26749137,          0
 27307,     5,   72000000,   42976486,        0,  -29023514,          0
 27307,     6,   72000000,   42961750,        0,  -29038250,          0
 27307,     7,   72000000,   42967828,        0,  -29032172,          0
 27307,     8,   72000000,   44215807,        0,  -27784193,          0
 27307,     9,   72000000,   42991520,        0,  -29008480,          0
 27307,    10,   72000000,   44347892,        0,  -27652108,          0
 27307,    11,   72000000,   43011385,        0,  -28988615,          0
 27307,    12,   72000000,   42976724,        0,  -29023276,          0
 27307,    13,   72000000,   43089025,        0,  -28910975,          0
 27307,    14,   72000000,   42968013,        0,  -29031987,          0
 27307,    15,   72000000,   43265279,        0,  -28734721,          0
 27307,    16,   72000000,   43148042,        0,  -28851958,          0
 27307,    17,   72000000,   43268501,        0,  -28731499,          0
 27307,    18,   72000000,   43039543,        0,  -28960457,          0
 27307,    19,   72000000,   43042070,        0,  -28957930,          0
 27307,    20,   72000000,   43277776,        0,  -28722224,          0
 27307,    21,   72000000,   42991746,        0,  -29008254,          0
 27307,    22,   72000000,   43470426,        0,  -28529574,          0
 27307,    23,   72000000,   42993501,        0,  -29006499,          0
 27307,    24,   72000000,   43303353,        0,  -28696647,          0
 27307,    25,   72000000,   43178947,        0,  -28821053,          0
 27307,    26,   72000000,   43151650,        0,  -28848350,          0
 27307,    27,   72000000,   43234142,        0,  -28765858,          0
 27307,    28,   72000000,   43234765,        0,  -28765235,          0
 27307,    29,   72000000,   43273923,        0,  -28726077,          0
 27307,    30,   72000000,   42985016,        0,  -29014984,          0
 27307,    31,   72000000,   44089449,        0,  -27910551,          0
 27307,    32,   72000000,   42986626,        0,  -29013374,          0
 27307,    33,   72000000,   43128081,        0,  -28871919,          0
 27307,    34,   72000000,   43262789,        0,  -28737211,          0
 27307,    35,   72000000,   43448404,        0,  -28551596,          0
 27307,    36,   72000000,   43446017,        0,  -28553983,          0
 27307,    37,   72000000,   42958389,        0,  -29041611,          0
 27307,    38,   72000000,   43170375,        0,  -28829625,          0
 27307,    39,   72000000,   43138809,        0,  -28861191,          0
 27307,    40,   72000000,   43019199,        0,  -28980801,          0
 27307,    41,   72000000,   43272212,        0,  -28727788,          0
 27307,    42,   72000000,   42986942,        0,  -29013058,          0
 27307,    43,   72000000,   43277506,        0,  -28722494,          0
 27307,    44,   72000000,   42986256,        0,  -29013744,          0
 27307,    45,   72000000,   43142975,        0,  -28857025,          0
 27307,    46,   72000000,   42976102,        0,  -29023898,          0
 27307,    47,   72000000,   42967790,        0,  -29032210,          0
 27307,    48,   72000000,   43521653,        0,  -28478347,          0
 27307,    49,   72000000,   43137154,        0,  -28862846,          0
 27307,    50,   72000000,   43298843,        0,  -28701157,          0
 27307,    51,   72000000,   42980597,        0,  -29019403,          0
 27307,    52,   72000000,   43000291,        0,  -28999709,          0
 27307,    53,   72000000,   44862243,        0,  -27137757,          0
 27307,    54,   72000000,   43154258,        0,  -28845742,          0
 27307,    55,   72000000,   43455973,        0,  -28544027,          0
 27307,    56,   72000000,   42972374,        0,  -29027626,          0
 27307,    57,   72000000,   43429073,        0,  -28570927,          0
 27307,    58,   72000000,   43171908,        0,  -28828092,          0
 27307,    59,   72000000,   43170169,        0,  -28829831,          0
 27307,    60,   72000000,   43239089,        0,  -28760911,          0
 27307,    61,   72000000,   42979677,        0,  -29020323,          0
 27307,    62,   72000000,   43271670,        0,  -28728330,          0
 27307,    63,   72000000,   43077930,        0,  -28922070,          0
 27307,    64,   72000000,   42996169,        0,  -29003831,          0
 27307,    65,   72000000,   43178322,        0,  -28821678,          0
 27307,    66,   72000000,   43286378,        0,  -28713622,          0
 27307,    67,   72000000,   43265483,        0,  -28734517,          0
 27307,    68,   72000000,   43013025,        0,  -28986975,          0
 27307,    69,   72000000,   43318505,        0,  -28681495,          0
 27307,    70,   72000000,   42987184,        0,  -29012816,          0
 27307,    71,   72000000,   42981914,        0,  -29018086,          0
 27307,    72,   72000000,   43835949,        0,  -28164051,          0
 27307,    73,   72000000,   43346369,        0,  -28653631,          0
 27307,    74,   72000000,   43294413,        0,  -28705587,          0
 27307,    75,   72000000,   42965916,        0,  -29034084,          0
 27307,    76,   72000000,   43262818,        0,  -28737182,          0
 27307,    77,   72000000,   43043468,        0,  -28956532,          0
 27307,    78,   72000000,   43829127,        0,  -28170873,          0
 27307,    79,   72000000,   43044442,        0,  -28955558,          0
 27307,    80,   72000000,   42971749,        0,  -29028251,          0
 27307,    81,   72000000,   43237903,        0,  -28762097,          0
 27307,    82,   72000000,   42977182,        0,  -29022818,          0
 27307,    83,   72000000,   43576585,        0,  -28423415,          0
 27307,    84,   72000000,   42989726,        0,  -29010274,          0
 27307,    85,   72000000,   44253414,        0,  -27746586,          0
 27307,    86,   72000000,   43289054,        0,  -28710946,          0
 27307,    87,   72000000,   42965764,        0,  -29034236,          0
 27307,    88,   72000000,   43292746,        0,  -28707254,          0
 27307,    89,   72000000,   42972430,        0,  -29027570,          0
 27307,    90,   72000000,   43805553,        0,  -28194447,          0
 27307,    91,   72000000,   43234268,        0,  -28765732,          0
 27307,    92,   72000000,   43161398,        0,  -28838602,          0
 27307,    93,   72000000,   43366363,        0,  -28633637,          0
 27307,    94,   72000000,   42991720,        0,  -29008280,          0
 27307,    95,   72000000,   43590194,        0,  -28409806,          0
 27307,    96,   72000000,   43015538,        0,  -28984462,          0
 27307,    97,   72000000,   42989862,        0,  -29010138,          0
 27307,    98,   72000000,   42984182,        0,  -29015818,          0
 27307,    99,   72000000,   43052148,        0,  -28947852,          0
 27307,   100,   72000000,   43255433,        0,  -28744567,          0
 27307,   101,   72000000,   42968333,        0,  -29031667,          0
 27307,   102,   72000000,   43236667,        0,  -28763333,          0
 27307,   103,   72000000,   43208986,        0,  -28791014,          0
 27307,   104,   72000000,   43009035,        0,  -28990965,          0
 27307,   105,   72000000,   43328649,        0,  -28671351,          0
 27307,   106,   72000000,   43015258,        0,  -28984742,          0
 27307,   107,   72000000,   43262253,        0,  -28737747,          0
 27307,   108,   72000000,   43026916,        0,  -28973084,          0
 27307,   109,   72000000,   43304587,        0,  -28695413,          0
 27307,   110,   72000000,   43182280,        0,  -28817720,          0
 27307,   111,   72000000,   42998263,        0,  -29001737,          0
 27307,   112,   72000000,   43152191,        0,  -28847809,          0
 27307,   113,   72000000,   42992018,        0,  -29007982,          0
 27307,   114,   72000000,   43272204,        0,  -28727796,          0
 27307,   115,   72000000,   44032426,        0,  -27967574,          0
 27307,   116,   72000000,   43288160,        0,  -28711840,          0
 27307,   117,   72000000,   43000069,        0,  -28999931,          0
 27307,   118,   72000000,   42985421,        0,  -29014579,          0
 27307,   119,   72000000,   44107582,        0,  -27892418,          0
 27307,   120,   72000000,   42997620,        0,  -29002380,          0
 27307,   121,   72000000,   43308933,        0,  -28691067,          0
 27307,   122,   72000000,   43019482,        0,  -28980518,          0
 27307,   123,   72000000,   43292486,        0,  -28707514,          0
 27307,   124,   72000000,   43002975,        0,  -28997025,          0
 27307,   125,   72000000,   42968612,        0,  -29031388,          0
 27307,   126,   72000000,   43319868,        0,  -28680132,          0
 27307,   127,   72000000,   42966124,        0,  -29033876,          0
 27307,   128,   72000000,   43487514,        0,  -28512486,          0
 27307,   129,   72000000,   42974386,        0,  -29025614,          0
 27307,   130,   72000000,   43047825,        0,  -28952175,          0
 27307,   131,   72000000,   42980707,        0,  -29019293,          0
 27307,   132,   72000000,   42977001,        0,  -29022999,          0
 27307,   133,   72000000,   43280571,        0,  -28719429,          0
 27307,   134,   72000000,   43193756,        0,  -28806244,          0
 27307,   135,   72000000,   43270086,        0,  -28729914,          0
 27307,   136,   72000000,   43197286,        0,  -28802714,          0
 27307,   137,   72000000,   43074991,        0,  -28925009,          0
 27307,   138,   72000000,   43370170,        0,  -28629830,          0
 27307,   139,   72000000,   43163994,        0,  -28836006,          0
 27307,   140,   72000000,   43396006,        0,  -28603994,          0
 27307,   141,   72000000,   42979372,        0,  -29020628,          0
 27307,   142,   72000000,   43497426,        0,  -28502574,          0
# task NAME=myapp PID=27311 COST=24245000 PERIOD=29000000 CPU=0
 27311,     2,   29000000,      14789,        0,  -28985211,          0
 27311,     3,   29000000,      32361,        0,  -28967639,          0
 27311,     4,   29000000,   25799450,        0,   -3200550,          0
 27311,     5,   29000000,   23760522,        0,   -5239478,          0
 27311,     6,   29000000,   23767861,        0,   -5232139,          0
 27311,     7,   29000000,   23771966,        0,   -5228034,          0
 27311,     8,   29000000,   23912771,        0,   -5087229,          0
 27311,     9,   29000000,   23789073,        0,   -5210927,          0
 27311,    10,   29000000,   23770960,        0,   -5229040,          0
 27311,    11,   29000000,   23895412,        0,   -5104588,          0
 27311,    12,   29000000,   24025159,        0,   -4974841,          0
 27311,    13,   29000000,   23745427,        0,   -5254573,          0
 27311,    14,   29000000,   23796032,        0,   -5203968,          0
 27311,    15,   29000000,   23809461,        0,   -5190539,          0
 27311,    16,   29000000,   24036513,        0,   -4963487,          0
 27311,    17,   29000000,   23744519,        0,   -5255481,          0
 27311,    18,   29000000,   23737117,        0,   -5262883,          0
 27311,    19,   29000000,   23899469,        0,   -5100531,          0
 27311,    20,   29000000,   24128386,        0,   -4871614,          0
 27311,    21,   29000000,   23784118,        0,   -5215882,          0
 27311,    22,   29000000,   23756486,        0,   -5243514,          0
 27311,    23,   29000000,   23761511,        0,   -5238489,          0
 27311,    24,   29000000,   23752349,        0,   -5247651,          0
 27311,    25,   29000000,   24048627,        0,   -4951373,          0
 27311,    26,   29000000,   23761738,        0,   -5238262,          0
 27311,    27,   29000000,   23755318,        0,   -5244682,          0
 27311,    28,   29000000,   24149398,        0,   -4850602,          0
 27311,    29,   29000000,   24078579,        0,   -4921421,          0
 27311,    30,   29000000,   23749040,        0,   -5250960,          0
 27311,    31,   29000000,   26171505,        0,   -2828495,          0
 27311,    32,   29000000,   23818656,        0,   -5181344,          0
 27311,    33,   29000000,   24127498,        0,   -4872502,          0
 27311,    34,   29000000,   23853724,        0,   -5146276,          0
 27311,    35,   29000000,   23780742,        0,   -5219258,          0
 27311,    36,   29000000,   23783430,        0,   -5216570,          0
 27311,    37,   29000000,   23861650,        0,   -5138350,          0
 27311,    38,   29000000,   24045422,        0,   -4954578,          0
 27311,    39,   29000000,   23771503,        0,   -5228497,          0
 27311,    40,   29000000,   23756709,        0,   -5243291,          0
 27311,    41,   29000000,   23869057,        0,   -5130943,          0
 27311,    42,   29000000,   24019066,        0,   -4980934,          0
 27311,    43,   29000000,   23747311,        0,   -5252689,          0
 27311,    44,   29000000,   23762298,        0,   -5237702,          0
 27311,    45,   29000000,   23772060,        0,   -5227940,          0
 27311,    46,   29000000,   24703305,        0,   -4296695,          0
 27311,    47,   29000000,   23764962,        0,   -5235038,          0
 27311,    48,   29000000,   23759109,        0,   -5240891,          0
 27311,    49,   29000000,   23835821,        0,   -5164179,          0
 27311,    50,   29000000,   23757721,        0,   -5242279,          0
 27311,    51,   29000000,   23747887,        0,   -5252113,          0
 27311,    52,   29000000,   23739603,        0,   -5260397,          0
 27311,    53,   29000000,   26638519,        0,   -2361481,          0
 27311,    54,   29000000,   23749521,        0,   -5250479,          0
 27311,    55,   29000000,   24103283,        0,   -4896717,          0
 27311,    56,   29000000,   23741982,        0,   -5258018,          0
 27311,    57,   29000000,   23818037,        0,   -5181963,          0
 27311,    58,   29000000,   23746952,        0,   -5253048,          0
 27311,    59,   29000000,   25528734,        0,   -3471266,          0
 27311,    60,   29000000,   23764909,        0,   -5235091,          0
 27311,    61,   29000000,   23732758,        0,   -5267242,          0
 27311,    62,   29000000,   23867144,        0,   -5132856,          0
 27311,    63,   29000000,   23748853,        0,   -5251147,          0
 27311,    64,   29000000,   23770750,        0,   -5229250,          0
 27311,    65,   29000000,   23756423,        0,   -5243577,          0
 27311,    66,   29000000,   23863312,        0,   -5136688,          0
 27311,    67,   29000000,   23763841,        0,   -5236159,          0
 27311,    68,   29000000,   24048576,        0,   -4951424,          0
 27311,    69,   29000000,   23744005,        0,   -5255995,          0
 27311,    70,   29000000,   23746695,        0,   -5253305,          0
 27311,    71,   29000000,   24671422,        0,   -4328578,          0
 27311,    72,   29000000,   24054144,        0,   -4945856,          0
 27311,    73,   29000000,   23760194,        0,   -5239806,          0
 27311,    74,   29000000,   23750286,        0,   -5249714,          0
 27311,    75,   29000000,   23765568,        0,   -5234432,          0
 27311,    76,   29000000,   25186121,        0,   -3813879,          0
 27311,    77,   29000000,   23743093,        0,   -5256907,          0
 27311,    78,   29000000,   23804622,        0,   -5195378,          0
 27311,    79,   29000000,   23757612,        0,   -5242388,          0
 27311,    80,   29000000,   23760943,        0,   -5239057,          0
 27311,    81,   29000000,   24063781,        0,   -4936219,          0
 27311,    82,   29000000,   23751854,        0,   -5248146,          0
 27311,    83,   29000000,   23752745,        0,   -5247255,          0
 27311,    84,   29000000,   23795726,        0,   -5204274,          0
 27311,    85,   29000000,   24040899,        0,   -4959101,          0
 27311,    86,   29000000,   23766581,        0,   -5233419,          0
 27311,    87,   29000000,   23746408,        0,   -5253592,          0
 27311,    88,   29000000,   23776976,        0,   -5223024,          0
 27311,    89,   29000000,   24065047,        0,   -4934953,          0
 27311,    90,   29000000,   23788264,        0,   -5211736,          0
 27311,    91,   29000000,   23747011,        0,   -5252989,          0
 27311,    92,   29000000,   23772521,        0,   -5227479,          0
 27311,    93,   29000000,   25058511,        0,   -3941489,          0
 27311,    94,   29000000,   24048913,        0,   -4951087,          0
 27311,    95,   29000000,   23744416,        0,   -5255584,          0
 27311,    96,   29000000,   23768065,        0,   -5231935,          0
 27311,    97,   29000000,   23752638,        0,   -5247362,          0
 27311,    98,   29000000,   25110980,        0,   -3889020,          0
 27311,    99,   29000000,   23750197,        0,   -5249803,          0
 27311,   100,   29000000,   23773561,        0,   -5226439,          0
 27311,   101,   29000000,   23751188,        0,   -5248812,          0
 27311,   102,   29000000,   24081837,        0,   -4918163,          0
 27311,   103,   29000000,   23878777,        0,   -5121223,          0
 27311,   104,   29000000,   23892142,        0,   -5107858,          0
 27311,   105,   29000000,   23856256,        0,   -5143744,          0
 27311,   106,   29000000,   23850343,        0,   -5149657,          0
 27311,   107,   29000000,   24045311,        0,   -4954689,          0
 27311,   108,   29000000,   23751862,        0,   -5248138,          0
 27311,   109,   29000000,   23729200,        0,   -5270800,          0
 27311,   110,   29000000,   23769781,        0,   -5230219,          0
 27311,   111,   29000000,   24029909,        0,   -4970091,          0
 27311,   112,   29000000,   23867922,        0,   -5132078,          0
 27311,   113,   29000000,   23772255,        0,   -5227745,          0
 27311,   114,   29000000,   23773844,        0,   -5226156,          0
 27311,   115,   29000000,   24052151,        0,   -4947849,          0
 27311,   116,   29000000,   23782533,        0,   -5217467,          0
 27311,   117,   29000000,   23771614,        0,   -5228386,          0
 27311,   118,   29000000,   23876124,        0,   -5123876,          0
 27311,   119,   29000000,   23749315,        0,   -5250685,          0
 27311,   120,   29000000,   23889507,        0,   -5110493,          0
 27311,   121,   29000000,   23746932,        0,   -5253068,          0
 27311,   122,   29000000,   23752510,        0,   -5247490,          0
 27311,   123,   29000000,   23809426,        0,   -5190574,          0
 27311,   124,   29000000,   24031877,        0,   -4968123,          0
 27311,   125,   29000000,   23768257,        0,   -5231743,          0
 27311,   126,   29000000,   24338541,        0,   -4661459,          0
 27311,   127,   29000000,   23790334,        0,   -5209666,          0
 27311,   128,   29000000,   24093801,        0,   -4906199,          0
 27311,   129,   29000000,   23737445,        0,   -5262555,          0
 27311,   130,   29000000,   23816039,        0,   -5183961,          0
 27311,   131,   29000000,   24742229,        0,   -4257771,          0
 27311,   132,   29000000,   23746992,        0,   -5253008,          0
 27311,   133,   29000000,   23747861,        0,   -5252139,          0
 27311,   134,   29000000,   23763365,        0,   -5236635,          0
 27311,   135,   29000000,   23762867,        0,   -5237133,          0
 27311,   136,   29000000,   23765938,        0,   -5234062,          0
 27311,   137,   29000000,   24052733,        0,   -4947267,          0
 27311,   138,   29000000,   24863967,        0,   -4136033,          0
 27311,   139,   29000000,   23821834,        0,   -5178166,          0
 27311,   140,   29000000,   23763581,        0,   -5236419,          0
 27311,   141,   29000000,   24206471,        0,   -4793529,          0
 27311,   142,   29000000,   23810611,        0,   -5189389,          0
 27311,   143,   29000000,   23780952,        0,   -5219048,          0
 27311,   144,   29000000,   23770142,        0,   -5229858,          0
 27311,   145,   29000000,   24703489,        0,   -4296511,          0
 27311,   146,   29000000,   23749600,        0,   -5250400,          0
 27311,   147,   29000000,   23755673,        0,   -5244327,          0
 27311,   148,   29000000,   23879989,        0,   -5120011,          0
 27311,   149,   29000000,   23740574,        0,   -5259426,          0
 27311,   150,   29000000,   24076149,        0,   -4923851,          0
 27311,   151,   29000000,   23745218,        0,   -5254782,          0
 27311,   152,   29000000,   23869051,        0,   -5130949,          0
 27311,   153,   29000000,   23751457,        0,   -5248543,          0
 27311,   154,   29000000,   24021661,        0,   -4978339,          0
 27311,   155,   29000000,   23791693,        0,   -5208307,          0
 27311,   156,   29000000,   23726660,        0,   -5273340,          0
 27311,   157,   29000000,   23760103,        0,   -5239897,          0
 27311,   158,   29000000,   24054172,        0,   -4945828,          0
 27311,   159,   29000000,   24014920,        0,   -4985080,          0
 27311,   160,   29000000,   23766385,        0,   -5233615,          0
 27311,   161,   29000000,   23756333,        0,   -5243667,          0
 27311,   162,   29000000,   23933969,        0,   -5066031,          0
 27311,   163,   29000000,   24099207,        0,   -4900793,          0
 27311,   164,   29000000,   23744775,        0,   -5255225,          0
 27311,   165,   29000000,   23739899,        0,   -5260101,          0
 27311,   166,   29000000,   23750573,        0,   -5249427,          0
 27311,   167,   29000000,   24038522,        0,   -4961478,          0
 27311,   168,   29000000,   23851558,        0,   -5148442,          0
 27311,   169,   29000000,   24287373,        0,   -4712627,          0
 27311,   170,   29000000,   23775472,        0,   -5224528,          0
 27311,   171,   29000000,   24034229,        0,   -4965771,          0
 27311,   172,   29000000,   23860953,        0,   -5139047,          0
 27311,   173,   29000000,   23828638,        0,   -5171362,          0
 27311,   174,   29000000,   24828547,        0,   -4171453,          0
 27311,   175,   29000000,   23782310,        0,   -5217690,          0
 27311,   176,   29000000,   23733251,        0,   -5266749,          0
 27311,   177,   29000000,   23810121,        0,   -5189879,          0
 27311,   178,   29000000,   23822068,        0,   -5177932,          0
 27311,   179,   29000000,   23768011,        0,   -5231989,          0
 27311,   180,   29000000,   24764446,        0,   -4235554,          0
 27311,   181,   29000000,   23757467,        0,   -5242533,          0
 27311,   182,   29000000,   23852538,        0,   -5147462,          0
 27311,   183,   29000000,   23920420,        0,   -5079580,          0
 27311,   184,   29000000,   24043321,        0,   -4956679,          0
 27311,   185,   29000000,   23766838,        0,   -5233162,          0
 27311,   186,   29000000,   23765707,        0,   -5234293,          0
 27311,   187,   29000000,   23895973,        0,   -5104027,          0
 27311,   188,   29000000,   23766477,        0,   -5233523,          0
 27311,   189,   29000000,   23804298,        0,   -5195702,          0
 27311,   190,   29000000,   23758639,        0,   -5241361,          0
 27311,   191,   29000000,   24740658,        0,   -4259342,          0
 27311,   192,   29000000,   23842604,        0,   -5157396,          0
 27311,   193,   29000000,   24051351,        0,   -4948649,          0
 27311,   194,   29000000,   23755753,        0,   -5244247,          0
 27311,   195,   29000000,   23778233,        0,   -5221767,          0
 27311,   196,   29000000,   23749485,        0,   -5250515,          0
 27311,   197,   29000000,   24038129,        0,   -4961871,          0
 27311,   198,   29000000,   23837095,        0,   -5162905,          0
 27311,   199,   29000000,   23763317,        0,   -5236683,          0
 27311,   200,   29000000,   26841425,        0,   -2158575,          0
 27311,   201,   29000000,   23870205,        0,   -5129795,          0
 27311,   202,   29000000,   23937217,        0,   -5062783,          0
 27311,   203,   29000000,   23829158,        0,   -5170842,          0
 27311,   204,   29000000,   23756355,        0,   -5243645,          0
 27311,   205,   29000000,   23751398,        0,   -5248602,          0
 27311,   206,   29000000,   24095713,        0,   -4904287,          0
 27311,   207,   29000000,   23760831,        0,   -5239169,          0
 27311,   208,   29000000,   23866265,        0,   -5133735,          0
 27311,   209,   29000000,   23759515,        0,   -5240485,          0
 27311,   210,   29000000,   24056282,        0,   -4943718,          0
 27311,   211,   29000000,   23750205,        0,   -5249795,          0
 27311,   212,   29000000,   23763729,        0,   -5236271,          0
 27311,   213,   29000000,   23779746,        0,   -5220254,          0
 27311,   214,   29000000,   24127803,        0,   -4872197,          0
 27311,   215,   29000000,   23761172,        0,   -5238828,          0
 27311,   216,   29000000,   23752393,        0,   -5247607,          0
 27311,   217,   29000000,   23755966,        0,   -5244034,          0
 27311,   218,   29000000,   23737476,        0,   -5262524,          0
 27311,   219,   29000000,   24049610,        0,   -4950390,          0
 27311,   220,   29000000,   23796693,        0,   -5203307,          0
 27311,   221,   29000000,   23822753,        0,   -5177247,          0
 27311,   222,   29000000,   23815734,        0,   -5184266,          0
 27311,   223,   29000000,   24212617,        0,   -4787383,          0
 27311,   224,   29000000,   23767482,        0,   -5232518,          0
 27311,   225,   29000000,   23770256,        0,   -5229744,          0
 27311,   226,   29000000,   23759556,        0,   -5240444,          0
 27311,   227,   29000000,   24269573,        0,   -4730427,          0
 27311,   228,   29000000,   23736090,        0,   -5263910,          0
 27311,   229,   29000000,   23834527,        0,   -5165473,          0
 27311,   230,   29000000,   23785498,        0,   -5214502,          0
 27311,   231,   29000000,   23751244,        0,   -5248756,          0
 27311,   232,   29000000,   24254130,        0,   -4745870,          0
 27311,   233,   29000000,   23733581,        0,   -5266419,          0
 27311,   234,   29000000,   23781558,        0,   -5218442,          0
 27311,   235,   29000000,   23765587,        0,   -5234413,          0
 27311,   236,   29000000,   24052469,        0,   -4947531,          0
 27311,   237,   29000000,   23753132,        0,   -5246868,          0
 27311,   238,   29000000,   23864053,        0,   -5135947,          0
 27311,   239,   29000000,   23888093,        0,   -5111907,          0
 27311,   240,   29000000,   24141415,        0,   -4858585,          0
 27311,   241,   29000000,   23752355,        0,   -5247645,          0
 27311,   242,   29000000,   23743837,        0,   -5256163,          0
 27311,   243,   29000000,   23752043,        0,   -5247957,          0
 27311,   244,   29000000,   23808781,        0,   -5191219,          0
 27311,   245,   29000000,   24121019,        0,   -4878981,          0
 27311,   246,   29000000,   23758733,        0,   -5241267,          0
 27311,   247,   29000000,   23737382,        0,   -5262618,          0
 27311,   248,   29000000,   23797818,        0,   -5202182,          0
 27311,   249,   29000000,   24135324,        0,   -4864676,          0
 27311,   250,   29000000,   24095788,        0,   -4904212,          0
 27311,   251,   29000000,   23792429,        0,   -5207571,          0
 27311,   252,   29000000,   23737763,        0,   -5262237,          0
 27311,   253,   29000000,   24141849,        0,   -4858151,          0
 27311,   254,   29000000,   23780711,        0,   -5219289,          0
 27311,   255,   29000000,   23745798,        0,   -5254202,          0
 27311,   256,   29000000,   23820599,        0,   -5179401,          0
 27311,   257,   29000000,   23861445,        0,   -5138555,          0
 27311,   258,   29000000,   23749547,        0,   -5250453,          0
 27311,   259,   29000000,   24771300,        0,   -4228700,          0
 27311,   260,   29000000,   23743676,        0,   -5256324,          0
 27311,   261,   29000000,   23773620,        0,   -5226380,          0
 27311,   262,   29000000,   24034638,        0,   -4965362,          0
 27311,   263,   29000000,   23721194,        0,   -5278806,          0
 27311,   264,   29000000,   24959725,        0,   -4040275,          0
 27311,   265,   29000000,   23891324,        0,   -5108676,          0
 27311,   266,   29000000,   24020175,        0,   -4979825,          0
 27311,   267,   29000000,   24978790,        0,   -4021210,          0
 27311,   268,   29000000,   23732585,        0,   -5267415,          0
 27311,   269,   29000000,   23755244,        0,   -5244756,          0
 27311,   270,   29000000,   24045859,        0,   -4954141,          0
 27311,   271,   29000000,   23766083,        0,   -5233917,          0
 27311,   272,   29000000,   23877584,        0,   -5122416,          0
 27311,   273,   29000000,   23763798,        0,   -5236202,          0
 27311,   274,   29000000,   25728883,        0,   -3271117,          0
 27311,   275,   29000000,   24013052,        0,   -4986948,          0
 27311,   276,   29000000,   23761482,        0,   -5238518,          0
 27311,   277,   29000000,   23849400,        0,   -5150600,          0
 27311,   278,   29000000,   23827311,        0,   -5172689,          0
 27311,   279,   29000000,   24084929,        0,   -4915071,          0
 27311,   280,   29000000,   23723541,        0,   -5276459,          0
 27311,   281,   29000000,   23766811,        0,   -5233189,          0
 27311,   282,   29000000,   23890353,        0,   -5109647,          0
 27311,   283,   29000000,   24037800,        0,   -4962200,          0
 27311,   284,   29000000,   24794812,        0,   -4205188,          0
 27311,   285,   29000000,   23854759,        0,   -5145241,          0
 27311,   286,   29000000,   23838032,        0,   -5161968,          0
 27311,   287,   29000000,   23751248,        0,   -5248752,          0
 27311,   288,   29000000,   24036263,        0,   -4963737,          0
 27311,   289,   29000000,   23794737,        0,   -5205263,          0
 27311,   290,   29000000,   23814844,        0,   -5185156,          0
 27311,   291,   29000000,   23771494,        0,   -5228506,          0
 27311,   292,   29000000,   24042956,        0,   -4957044,          0
 27311,   293,   29000000,   23840218,        0,   -5159782,          0
 27311,   294,   29000000,   23901334,        0,   -5098666,          0
 27311,   295,   29000000,   23845481,        0,   -5154519,          0
 27311,   296,   29000000,   24134297,        0,   -4865703,          0
 27311,   297,   29000000,   23744430,        0,   -5255570,          0
 27311,   298,   29000000,   23769382,        0,   -5230618,          0
 27311,   299,   29000000,   23740278,        0,   -5259722,          0
 27311,   300,   29000000,   23755867,        0,   -5244133,          0
 27311,   301,   29000000,   23833191,        0,   -5166809,          0
 27311,   302,   29000000,   23837487,        0,   -5162513,          0
 27311,   303,   29000000,   23771508,        0,   -5228492,          0
 27311,   304,   29000000,   23820842,        0,   -5179158,          0
 27311,   305,   29000000,   24154996,        0,   -4845004,          0
 27311,   306,   29000000,   23743940,        0,   -5256060,          0
 27311,   307,   29000000,   23736566,        0,   -5263434,          0
 27311,   308,   29000000,   23741240,        0,   -5258760,          0
 27311,   309,   29000000,   24143704,        0,   -4856296,          0
 27311,   310,   29000000,   23774708,        0,   -5225292,          0
 27311,   311,   29000000,   23768539,        0,   -5231461,          0
 27311,   312,   29000000,   23880247,        0,   -5119753,          0
 27311,   313,   29000000,   23775237,        0,   -5224763,          0
 27311,   314,   29000000,   23761245,        0,   -5238755,          0
 27311,   315,   29000000,   23748167,        0,   -5251833,          0
 27311,   316,   29000000,   23770849,        0,   -5229151,          0
 27311,   317,   29000000,   23753627,        0,   -5246373,          0
 27311,   318,   29000000,   24021073,        0,   -4978927,          0
 27311,   319,   29000000,   23758238,        0,   -5241762,          0
 27311,   320,   29000000,   23768197,        0,   -5231803,          0
 27311,   321,   29000000,   23754747,        0,   -5245253,          0
 27311,   322,   29000000,   24126889,        0,   -4873111,          0
 27311,   323,   29000000,   23766643,        0,   -5233357,          0
 27311,   324,   29000000,   23741038,        0,   -5258962,          0
 27311,   325,   29000000,   23809332,        0,   -5190668,          0
 27311,   326,   29000000,   25222026,        0,   -3777974,          0
 27311,   327,   29000000,   23753869,        0,   -5246131,          0
 27311,   328,   29000000,   23762875,        0,   -5237125,          0
 27311,   329,   29000000,   23805355,        0,   -5194645,          0
 27311,   330,   29000000,   23779485,        0,   -5220515,          0
 27311,   331,   29000000,   24180706,        0,   -4819294,          0
 27311,   332,   29000000,   23780500,        0,   -5219500,          0
 27311,   333,   29000000,   23810304,        0,   -5189696,          0
 27311,   334,   29000000,   24748142,        0,   -4251858,          0
 27311,   335,   29000000,   24115731,        0,   -4884269,          0
 27311,   336,   29000000,   23864242,        0,   -5135758,          0
 27311,   337,   29000000,   23856330,        0,   -5143670,          0
 27311,   338,   29000000,   23867767,        0,   -5132233,          0
 27311,   339,   29000000,   24026841,        0,   -4973159,          0
 27311,   340,   29000000,   23793730,        0,   -5206270,          0
 27311,   341,   29000000,   23753935,        0,   -5246065,          0
 27311,   342,   29000000,   23755750,        0,   -5244250,          0
 27311,   343,   29000000,   24661137,        0,   -4338863,          0
 27311,   344,   29000000,   24074467,        0,   -4925533,          0
 27311,   345,   29000000,   23756923,        0,   -5243077,          0
 27311,   346,   29000000,   23785343,        0,   -5214657,          0
 27311,   347,   29000000,   23756949,        0,   -5243051,          0
 27311,   348,   29000000,   24092994,        0,   -4907006,          0
# task NAME=myapp PID=27315 COST=18342000 PERIOD=45000000 CPU=0
 27315,     2,   45000000,       8781,        0,  -44991219,          0
 27315,     3,   45000000,      28257,        0,  -44971743,          0
 27315,     4,   45000000,   20020470,        0,  -24979530,          0
 27315,     5,   45000000,   18044286,        0,  -26955714,          0
 27315,     6,   45000000,   18302611,        0,  -26697389,          0
 27315,     7,   45000000,   18131536,        0,  -26868464,          0
 27315,     8,   45000000,   17979377,        0,  -27020623,          0
 27315,     9,   45000000,   18081738,        0,  -26918262,          0
 27315,    10,   45000000,   17990544,        0,  -27009456,          0
 27315,    11,   45000000,   18079441,        0,  -26920559,          0
 27315,    12,   45000000,   17990360,        0,  -27009640,          0
 27315,    13,   45000000,   17992989,        0,  -27007011,          0
 27315,    14,   45000000,   17980606,        0,  -27019394,          0
 27315,    15,   45000000,   17990133,        0,  -27009867,          0
 27315,    16,   45000000,   18017807,        0,  -26982193,          0
 27315,    17,   45000000,   18246963,        0,  -26753037,          0
 27315,    18,   45000000,   18079929,        0,  -26920071,          0
 27315,    19,   45000000,   18094041,        0,  -26905959,          0
 27315,    20,   45000000,   18291199,        0,  -26708801,          0
 27315,    21,   45000000,   17999860,        0,  -27000140,          0
 27315,    22,   45000000,   17980521,        0,  -27019479,          0
 27315,    23,   45000000,   18138540,        0,  -26861460,          0
 27315,    24,   45000000,   18019744,        0,  -26980256,          0
 27315,    25,   45000000,   17979147,        0,  -27020853,          0
 27315,    26,   45000000,   17996685,        0,  -27003315,          0
 27315,    27,   45000000,   17979665,        0,  -27020335,          0
 27315,    28,   45000000,   18248306,        0,  -26751694,          0
 27315,    29,   45000000,   18124296,        0,  -26875704,          0
 27315,    30,   45000000,   17986299,        0,  -27013701,          0
 27315,    31,   45000000,   18342174,        0,  -26657826,          0
 27315,    32,   45000000,   20622538,        0,  -24377462,          0
 27315,    33,   45000000,   18078749,        0,  -26921251,          0
 27315,    34,   45000000,   18004110,        0,  -26995890,          0
 27315,    35,   45000000,   17987239,        0,  -27012761,          0
 27315,    36,   45000000,   17970605,        0,  -27029395,          0
 27315,    37,   45000000,   18118266,        0,  -26881734,          0
 27315,    38,   45000000,   17981454,        0,  -27018546,          0
 27315,    39,   45000000,   17984087,        0,  -27015913,          0
 27315,    40,   45000000,   18380433,        0,  -26619567,          0
 27315,    41,   45000000,   18881921,        0,  -26118079,          0
 27315,    42,   45000000,   19239117,        0,  -25760883,          0
 27315,    43,   45000000,   17986231,        0,  -27013769,          0
 27315,    44,   45000000,   17987072,        0,  -27012928,          0
 27315,    45,   45000000,   18263456,        0,  -26736544,          0
 27315,    46,   45000000,   17998952,        0,  -27001048,          0
 27315,    47,   45000000,   18113745,        0,  -26886255,          0
 27315,    48,   45000000,   18065680,        0,  -26934320,          0
 27315,    49,   45000000,   18069663,        0,  -26930337,          0
 27315,    50,   45000000,   18159419,        0,  -26840581,          0
 27315,    51,   45000000,   18055920,        0,  -26944080,          0
 27315,    52,   45000000,   17982708,        0,  -27017292,          0
 27315,    53,   45000000,   20318945,        0,  -24681055,          0
 27315,    54,   45000000,   17968086,        0,  -27031914,          0
 27315,    55,   45000000,   18206890,        0,  -26793110,          0
 27315,    56,   45000000,   18289374,        0,  -26710626,          0
 27315,    57,   45000000,   18055867,        0,  -26944133,          0
 27315,    58,   45000000,   19047441,        0,  -25952559,          0
 27315,    59,   45000000,   17981818,        0,  -27018182,          0
 27315,    60,   45000000,   18049483,        0,  -26950517,          0
 27315,    61,   45000000,   19015226,        0,  -25984774,          0
 27315,    62,   45000000,   18107910,        0,  -26892090,          0
 27315,    63,   45000000,   19117756,        0,  -25882244,          0
 27315,    64,   45000000,   18074991,        0,  -26925009,          0
 27315,    65,   45000000,   17965233,        0,  -27034767,          0
 27315,    66,   45000000,   17988963,        0,  -27011037,          0
 27315,    67,   45000000,   18289194,        0,  -26710806,          0
 27315,    68,   45000000,   17960831,        0,  -27039169,          0
 27315,    69,   45000000,   17974859,        0,  -27025141,          0
 27315,    70,   45000000,   18285232,        0,  -26714768,          0
 27315,    71,   45000000,   18781018,        0,  -26218982,          0
 27315,    72,   45000000,   19122898,        0,  -25877102,          0
 27315,    73,   45000000,   17969847,        0,  -27030153,          0
 27315,    74,   45000000,   18080271,        0,  -26919729,          0
 27315,    75,   45000000,   18022110,        0,  -26977890,          0
 27315,    76,   45000000,   17960584,        0,  -27039416,          0
 27315,    77,   45000000,   18135061,        0,  -26864939,          0
 27315,    78,   45000000,   18307344,        0,  -26692656,          0
 27315,    79,   45000000,   18066493,        0,  -26933507,          0
 27315,    80,   45000000,   18205361,        0,  -26794639,          0
 27315,    81,   45000000,   18265039,        0,  -26734961,          0
 27315,    82,   45000000,   18069906,        0,  -26930094,          0
 27315,    83,   45000000,   19532747,        0,  -25467253,          0
 27315,    84,   45000000,   18074973,        0,  -26925027,          0
 27315,    85,   45000000,   18112581,        0,  -26887419,          0
 27315,    86,   45000000,   17987152,        0,  -27012848,          0
 27315,    87,   45000000,   18052946,        0,  -26947054,          0
 27315,    88,   45000000,   17979929,        0,  -27020071,          0
 27315,    89,   45000000,   18111013,        0,  -26888987,          0
 27315,    90,   45000000,   19257268,        0,  -25742732,          0
 27315,    91,   45000000,   18183634,        0,  -26816366,          0
 27315,    92,   45000000,   18273577,        0,  -26726423,          0
 27315,    93,   45000000,   17996711,        0,  -27003289,          0
 27315,    94,   45000000,   18063764,        0,  -26936236,          0
 27315,    95,   45000000,   18261087,        0,  -26738913,          0
 27315,    96,   45000000,   19075445,        0,  -25924555,          0
 27315,    97,   45000000,   17984125,        0,  -27015875,          0
 27315,    98,   45000000,   18016113,        0,  -26983887,          0
 27315,    99,   45000000,   18523838,        0,  -26476162,          0
 27315,   100,   45000000,   18011503,        0,  -26988497,          0
 27315,   101,   45000000,   18384069,        0,  -26615931,          0
 27315,   102,   45000000,   18120027,        0,  -26879973,          0
 27315,   103,   45000000,   18281422,        0,  -26718578,          0
 27315,   104,   45000000,   18079516,        0,  -26920484,          0
 27315,   105,   45000000,   18060349,        0,  -26939651,          0
 27315,   106,   45000000,   18360451,        0,  -26639549,          0
 27315,   107,   45000000,   18086910,        0,  -26913090,          0
 27315,   108,   45000000,   17994173,        0,  -27005827,          0
 27315,   109,   45000000,   18303523,        0,  -26696477,          0
 27315,   110,   45000000,   18052039,        0,  -26947961,          0
 27315,   111,   45000000,   18415058,        0,  -26584942,          0
 27315,   112,   45000000,   19206984,        0,  -25793016,          0
 27315,   113,   45000000,   18074177,        0,  -26925823,          0
 27315,   114,   45000000,   17986298,        0,  -27013702,          0
 27315,   115,   45000000,   17988518,        0,  -27011482,          0
 27315,   116,   45000000,   17969618,        0,  -27030382,          0
 27315,   117,   45000000,   18267743,        0,  -26732257,          0
 27315,   118,   45000000,   17981292,        0,  -27018708,          0
 27315,   119,   45000000,   18078022,        0,  -26921978,          0
 27315,   120,   45000000,   18346866,        0,  -26653134,          0
 27315,   121,   45000000,   18059703,        0,  -26940297,          0
 27315,   122,   45000000,   18145252,        0,  -26854748,          0
 27315,   123,   45000000,   17982759,        0,  -27017241,          0
 27315,   124,   45000000,   17982224,        0,  -27017776,          0
 27315,   125,   45000000,   17976804,        0,  -27023196,          0
 27315,   126,   45000000,   18081857,        0,  -26918143,          0
 27315,   127,   45000000,   17965419,        0,  -27034581,          0
 27315,   128,   45000000,   18255724,        0,  -26744276,          0
 27315,   129,   45000000,   17961998,        0,  -27038002,          0
 27315,   130,   45000000,   18195362,        0,  -26804638,          0
 27315,   131,   45000000,   18381819,        0,  -26618181,          0
 27315,   132,   45000000,   17971937,        0,  -27028063,          0
 27315,   133,   45000000,   18037597,        0,  -26962403,          0
 27315,   134,   45000000,   18175444,        0,  -26824556,          0
 27315,   135,   45000000,   17981707,        0,  -27018293,          0
 27315,   136,   45000000,   18022793,        0,  -26977207,          0
 27315,   137,   45000000,   17992955,        0,  -27007045,          0
 27315,   138,   45000000,   18028403,        0,  -26971597,          0
 27315,   139,   45000000,   18012444,        0,  -26987556,          0
 27315,   140,   45000000,   18849442,        0,  -26150558,          0
 27315,   141,   45000000,   18066903,        0,  -26933097,          0
 27315,   142,   45000000,   18253276,        0,  -26746724,          0
 27315,   143,   45000000,   19185720,        0,  -25814280,          0
 27315,   144,   45000000,   17994356,        0,  -27005644,          0
 27315,   145,   45000000,   18271185,        0,  -26728815,          0
 27315,   146,   45000000,   17987504,        0,  -27012496,          0
 27315,   147,   45000000,   17980051,        0,  -27019949,          0
 27315,   148,   45000000,   18052824,        0,  -26947176,          0
 27315,   149,   45000000,   17977674,        0,  -27022326,          0
 27315,   150,   45000000,   18039499,        0,  -26960501,          0
 27315,   151,   45000000,   18133136,        0,  -26866864,          0
 27315,   152,   45000000,   18019781,        0,  -26980219,          0
 27315,   153,   45000000,   18814970,        0,  -26185030,          0
 27315,   154,   45000000,   18058335,        0,  -26941665,          0
 27315,   155,   45000000,   17995607,        0,  -27004393,          0
 27315,   156,   45000000,   18258828,        0,  -26741172,          0
 27315,   157,   45000000,   18141768,        0,  -26858232,          0
 27315,   158,   45000000,   17972265,        0,  -27027735,          0
 27315,   159,   45000000,   19406700,        0,  -25593300,          0
 27315,   160,   45000000,   18100728,        0,  -26899272,          0
 27315,   161,   45000000,   18077535,        0,  -26922465,          0
 27315,   162,   45000000,   18118000,        0,  -26882000,          0
 27315,   163,   45000000,   18833712,        0,  -26166288,          0
 27315,   164,   45000000,   17956714,        0,  -27043286,          0
 27315,   165,   45000000,   17993604,        0,  -27006396,          0
 27315,   166,   45000000,   18145511,        0,  -26854489,          0
 27315,   167,   45000000,   18358346,        0,  -26641654,          0
 27315,   168,   45000000,   18097721,        0,  -26902279,          0
 27315,   169,   45000000,   18011218,        0,  -26988782,          0
 27315,   170,   45000000,   18267556,        0,  -26732444,          0
 27315,   171,   45000000,   18023237,        0,  -26976763,          0
 27315,   172,   45000000,   18032916,        0,  -26967084,          0
 27315,   173,   45000000,   18952590,        0,  -26047410,          0
 27315,   174,   45000000,   18045046,        0,  -26954954,          0
 27315,   175,   45000000,   18014047,        0,  -26985953,          0
 27315,   176,   45000000,   18060034,        0,  -26939966,          0
 27315,   177,   45000000,   18013560,        0,  -26986440,          0
 27315,   178,   45000000,   18324757,        0,  -26675243,          0
 27315,   179,   45000000,   17991567,        0,  -27008433,          0
 27315,   180,   45000000,   18039010,        0,  -26960990,          0
 27315,   181,   45000000,   18281239,        0,  -26718761,          0
 27315,   182,   45000000,   17996997,        0,  -27003003,          0
 27315,   183,   45000000,   18277799,        0,  -26722201,          0
 27315,   184,   45000000,   18020802,        0,  -26979198,          0
 27315,   185,   45000000,   18751053,        0,  -26248947,          0
 27315,   186,   45000000,   18310839,        0,  -26689161,          0
 27315,   187,   45000000,   18049205,        0,  -26950795,          0
 27315,   188,   45000000,   18012346,        0,  -26987654,          0
 27315,   189,   45000000,   18314170,        0,  -26685830,          0
 27315,   190,   45000000,   17985943,        0,  -27014057,          0
 27315,   191,   45000000,   17987670,        0,  -27012330,          0
 27315,   192,   45000000,   18297349,        0,  -26702651,          0
 27315,   193,   45000000,   17979130,        0,  -27020870,          0
 27315,   194,   45000000,   18188036,        0,  -26811964,          0
 27315,   195,   45000000,   18276312,        0,  -26723688,          0
 27315,   196,   45000000,   17990142,        0,  -27009858,          0
 27315,   197,   45000000,   17977211,        0,  -27022789,          0
 27315,   198,   45000000,   18053569,        0,  -26946431,          0
 27315,   199,   45000000,   20063652,        0,  -24936348,          0
 27315,   200,   45000000,   19090229,        0,  -25909771,          0
 27315,   201,   45000000,   17989011,        0,  -27010989,          0
 27315,   202,   45000000,   17986603,        0,  -27013397,          0
 27315,   203,   45000000,   18260738,        0,  -26739262,          0
 27315,   204,   45000000,   17973221,        0,  -27026779,          0
 27315,   205,   45000000,   17984079,        0,  -27015921,          0
 27315,   206,   45000000,   18363798,        0,  -26636202,          0
 27315,   207,   45000000,   17992114,        0,  -27007886,          0
 27315,   208,   45000000,   18852436,        0,  -26147564,          0
 27315,   209,   45000000,   18022399,        0,  -26977601,          0
 27315,   210,   45000000,   18065099,        0,  -26934901,          0
 27315,   211,   45000000,   18118196,        0,  -26881804,          0
 27315,   212,   45000000,   17977055,        0,  -27022945,          0
 27315,   213,   45000000,   17968810,        0,  -27031190,          0
 27315,   214,   45000000,   18112082,        0,  -26887918,          0
 27315,   215,   45000000,   17959132,        0,  -27040868,          0
 27315,   216,   45000000,   19012922,        0,  -25987078,          0
 27315,   217,   45000000,   18249712,        0,  -26750288,          0
 27315,   218,   45000000,   18023858,        0,  -26976142,          0
 27315,   219,   45000000,   17996604,        0,  -27003396,          0
 27315,   220,   45000000,   18406505,        0,  -26593495,          0
 27315,   221,   45000000,   17995161,        0,  -27004839,          0
 27315,   222,   45000000,   17990948,        0,  -27009052,          0
 27315,   223,   45000000,   17980495,        0,  -27019505,          0
 27315,   224,   45000000,   18024893,        0,  -26975107,          0
 27315,   225,   45000000,   18056452,        0,  -26943548,          0
 27315,   226,   45000000,   17995157,        0,  -27004843,          0
