# Task,   Job,     Period,   Response, DL Miss?,   Lateness,  Tardiness
# task NAME=myapp PID=20685 COST=6297000 PERIOD=35000000 CPU=0
 20685,     2,   35000000,       5916,        0,  -34994084,          0
 20685,     3,   35000000,      28170,        0,  -34971830,          0
 20685,     4,   35000000,    7256571,        0,  -27743429,          0
 20685,     5,   35000000,    7033906,        0,  -27966094,          0
 20685,     6,   35000000,    6468542,        0,  -28531458,          0
 20685,     7,   35000000,    6237397,        0,  -28762603,          0
 20685,     8,   35000000,    6251646,        0,  -28748354,          0
 20685,     9,   35000000,    6197170,        0,  -28802830,          0
 20685,    10,   35000000,    6206794,        0,  -28793206,          0
 20685,    11,   35000000,    6304277,        0,  -28695723,          0
 20685,    12,   35000000,    6190636,        0,  -28809364,          0
 20685,    13,   35000000,    6466935,        0,  -28533065,          0
 20685,    14,   35000000,    6199038,        0,  -28800962,          0
 20685,    15,   35000000,    6253409,        0,  -28746591,          0
 20685,    16,   35000000,    6187455,        0,  -28812545,          0
 20685,    17,   35000000,    6196833,        0,  -28803167,          0
 20685,    18,   35000000,    6181542,        0,  -28818458,          0
 20685,    19,   35000000,    6221905,        0,  -28778095,          0
 20685,    20,   35000000,    6193555,        0,  -28806445,          0
 20685,    21,   35000000,    6188881,        0,  -28811119,          0
 20685,    22,   35000000,    6230340,        0,  -28769660,          0
 20685,    23,   35000000,    6234333,        0,  -28765667,          0
 20685,    24,   35000000,    6255340,        0,  -28744660,          0
 20685,    25,   35000000,    6202395,        0,  -28797605,          0
 20685,    26,   35000000,    6186288,        0,  -28813712,          0
 20685,    27,   35000000,    6199320,        0,  -28800680,          0
 20685,    28,   35000000,    6177472,        0,  -28822528,          0
 20685,    29,   35000000,    6179636,        0,  -28820364,          0
 20685,    30,   35000000,    6183114,        0,  -28816886,          0
 20685,    31,   35000000,    6461880,        0,  -28538120,          0
 20685,    32,   35000000,    6187955,        0,  -28812045,          0
 20685,    33,   35000000,    6190372,        0,  -28809628,          0
 20685,    34,   35000000,    6183748,        0,  -28816252,          0
 20685,    35,   35000000,    6189966,        0,  -28810034,          0
 20685,    36,   35000000,    6237191,        0,  -28762809,          0
 20685,    37,   35000000,    6178341,        0,  -28821659,          0
 20685,    38,   35000000,    6475202,        0,  -28524798,          0
 20685,    39,   35000000,    6220655,        0,  -28779345,          0
 20685,    40,   35000000,    6211182,        0,  -28788818,          0
 20685,    41,   35000000,    6243390,        0,  -28756610,          0
 20685,    42,   35000000,    6176926,        0,  -28823074,          0
 20685,    43,   35000000,    6183571,        0,  -28816429,          0
 20685,    44,   35000000,    6177842,        0,  -28822158,          0
 20685,    45,   35000000,    6186097,        0,  -28813903,          0
 20685,    46,   35000000,    6225804,        0,  -28774196,          0
 20685,    47,   35000000,    6207191,        0,  -28792809,          0
 20685,    48,   35000000,    6222224,        0,  -28777776,          0
 20685,    49,   35000000,    6187629,        0,  -28812371,          0
 20685,    50,   35000000,    6234578,        0,  -28765422,          0
 20685,    51,   35000000,    6203952,        0,  -28796048,          0
 20685,    52,   35000000,    6178321,        0,  -28821679,          0
 20685,    53,   35000000,    6218321,        0,  -28781679,          0
 20685,    54,   35000000,    6189193,        0,  -28810807,          0
 20685,    55,   35000000,    6226511,        0,  -28773489,          0
 20685,    56,   35000000,    6459106,        0,  -28540894,          0
 20685,    57,   35000000,    6180173,        0,  -28819827,          0
 20685,    58,   35000000,    6178192,        0,  -28821808,          0
 20685,    59,   35000000,    6198573,        0,  -28801427,          0
 20685,    60,   35000000,    6203777,        0,  -28796223,          0
 20685,    61,   35000000,    6203269,        0,  -28796731,          0
 20685,    62,   35000000,    6184692,        0,  -28815308,          0
 20685,    63,   35000000,    6464517,        0,  -28535483,          0
 20685,    64,   35000000,    6184895,        0,  -28815105,          0
 20685,    65,   35000000,    6190102,        0,  -28809898,          0
 20685,    66,   35000000,    6248776,        0,  -28751224,          0
 20685,    67,   35000000,    6236495,        0,  -28763505,          0
 20685,    68,   35000000,    6178695,        0,  -28821305,          0
 20685,    69,   35000000,    6214055,        0,  -28785945,          0
 20685,    70,   35000000,    6176699,        0,  -28823301,          0
 20685,    71,   35000000,    6236168,        0,  -28763832,          0
 20685,    72,   35000000,    6199596,        0,  -28800404,          0
 20685,    73,   35000000,    6209521,        0,  -28790479,          0
 20685,    74,   35000000,    6189821,        0,  -28810179,          0
 20685,    75,   35000000,    6223875,        0,  -28776125,          0
 20685,    76,   35000000,    6230043,        0,  -28769957,          0
 20685,    77,   35000000,    6294856,        0,  -28705144,          0
 20685,    78,   35000000,    6186733,        0,  -28813267,          0
 20685,    79,   35000000,    6218523,        0,  -28781477,          0
 20685,    80,   35000000,    6196955,        0,  -28803045,          0
 20685,    81,   35000000,    6462667,        0,  -28537333,          0
 20685,    82,   35000000,    6242089,        0,  -28757911,          0
 20685,    83,   35000000,    6226417,        0,  -28773583,          0
 20685,    84,   35000000,    6196116,        0,  -28803884,          0
 20685,    85,   35000000,    6232383,        0,  -28767617,          0
 20685,    86,   35000000,    6195844,        0,  -28804156,          0
 20685,    87,   35000000,    6196368,        0,  -28803632,          0
 20685,    88,   35000000,    6509334,        0,  -28490666,          0
 20685,    89,   35000000,    6208183,        0,  -28791817,          0
 20685,    90,   35000000,    6230968,        0,  -28769032,          0
 20685,    91,   35000000,    6234634,        0,  -28765366,          0
 20685,    92,   35000000,    6232394,        0,  -28767606,          0
 20685,    93,   35000000,    6191618,        0,  -28808382,          0
 20685,    94,   35000000,    6187914,        0,  -28812086,          0
 20685,    95,   35000000,    6193292,        0,  -28806708,          0
 20685,    96,   35000000,    6195435,        0,  -28804565,          0
 20685,    97,   35000000,    6199483,        0,  -28800517,          0
 20685,    98,   35000000,    6190990,        0,  -28809010,          0
 20685,    99,   35000000,    6203956,        0,  -28796044,          0
 20685,   100,   35000000,    6196333,        0,  -28803667,          0
 20685,   101,   35000000,    6207533,        0,  -28792467,          0
 20685,   102,   35000000,    6282548,        0,  -28717452,          0
 20685,   103,   35000000,    6311841,        0,  -28688159,          0
 20685,   104,   35000000,    6204225,        0,  -28795775,          0
 20685,   105,   35000000,    6211407,        0,  -28788593,          0
 20685,   106,   35000000,    6536397,        0,  -28463603,          0
 20685,   107,   35000000,    6194238,        0,  -28805762,          0
 20685,   108,   35000000,    6191008,        0,  -28808992,          0
 20685,   109,   35000000,    6192757,        0,  -28807243,          0
 20685,   110,   35000000,    6212872,        0,  -28787128,          0
 20685,   111,   35000000,    6238999,        0,  -28761001,          0
 20685,   112,   35000000,    6217125,        0,  -28782875,          0
 20685,   113,   35000000,    6486288,        0,  -28513712,          0
 20685,   114,   35000000,    6202520,        0,  -28797480,          0
 20685,   115,   35000000,    6217004,        0,  -28782996,          0
 20685,   116,   35000000,    6192505,        0,  -28807495,          0
 20685,   117,   35000000,    6212010,        0,  -28787990,          0
 20685,   118,   35000000,    6207671,        0,  -28792329,          0
 20685,   119,   35000000,    6234779,        0,  -28765221,          0
 20685,   120,   35000000,    6231121,        0,  -28768879,          0
 20685,   121,   35000000,    6234551,        0,  -28765449,          0
 20685,   122,   35000000,    6270808,        0,  -28729192,          0
 20685,   123,   35000000,    6223122,        0,  -28776878,          0
 20685,   124,   35000000,    6221942,        0,  -28778058,          0
 20685,   125,   35000000,    6206629,        0,  -28793371,          0
 20685,   126,   35000000,    6219540,        0,  -28780460,          0
 20685,   127,   35000000,    6218822,        0,  -28781178,          0
 20685,   128,   35000000,    6202206,        0,  -28797794,          0
 20685,   129,   35000000,    6249503,        0,  -28750497,          0
 20685,   130,   35000000,    6211664,        0,  -28788336,          0
 20685,   131,   35000000,    6544704,        0,  -28455296,          0
 20685,   132,   35000000,    6217805,        0,  -28782195,          0
 20685,   133,   35000000,    6207657,        0,  -28792343,          0
 20685,   134,   35000000,    6219273,        0,  -28780727,          0
 20685,   135,   35000000,    6183913,        0,  -28816087,          0
 20685,   136,   35000000,    6252719,        0,  -28747281,          0
 20685,   137,   35000000,    6191186,        0,  -28808814,          0
 20685,   138,   35000000,    6464015,        0,  -28535985,          0
 20685,   139,   35000000,    6201425,        0,  -28798575,          0
 20685,   140,   35000000,    6191450,        0,  -28808550,          0
 20685,   141,   35000000,    6203560,        0,  -28796440,          0
 20685,   142,   35000000,    6197768,        0,  -28802232,          0
 20685,   143,   35000000,    6196241,        0,  -28803759,          0
 20685,   144,   35000000,    6192197,        0,  -28807803,          0
 20685,   145,   35000000,    6202238,        0,  -28797762,          0
 20685,   146,   35000000,    6217509,        0,  -28782491,          0
 20685,   147,   35000000,    6221823,        0,  -28778177,          0
 20685,   148,   35000000,    6237641,        0,  -28762359,          0
 20685,   149,   35000000,    6192951,        0,  -28807049,          0
 20685,   150,   35000000,    6196326,        0,  -28803674,          0
 20685,   151,   35000000,    6210009,        0,  -28789991,          0
 20685,   152,   35000000,    6227372,        0,  -28772628,          0
 20685,   153,   35000000,    6204675,        0,  -28795325,          0
 20685,   154,   35000000,    6200188,        0,  -28799812,          0
 20685,   155,   35000000,    6271184,        0,  -28728816,          0
 20685,   156,   35000000,    6502518,        0,  -28497482,          0
 20685,   157,   35000000,    6211023,        0,  -28788977,          0
 20685,   158,   35000000,    6186300,        0,  -28813700,          0
 20685,   159,   35000000,    6191285,        0,  -28808715,          0
 20685,   160,   35000000,    6205141,        0,  -28794859,          0
 20685,   161,   35000000,    6191616,        0,  -28808384,          0
 20685,   162,   35000000,    6187588,        0,  -28812412,          0
 20685,   163,   35000000,    6525957,        0,  -28474043,          0
 20685,   164,   35000000,    6260537,        0,  -28739463,          0
 20685,   165,   35000000,    6193844,        0,  -28806156,          0
 20685,   166,   35000000,    6192582,        0,  -28807418,          0
 20685,   167,   35000000,    6302582,        0,  -28697418,          0
 20685,   168,   35000000,    6252196,        0,  -28747804,          0
 20685,   169,   35000000,    6208443,        0,  -28791557,          0
 20685,   170,   35000000,    6195744,        0,  -28804256,          0
 20685,   171,   35000000,    6216320,        0,  -28783680,          0
 20685,   172,   35000000,    6187469,        0,  -28812531,          0
 20685,   173,   35000000,    6184812,        0,  -28815188,          0
 20685,   174,   35000000,    6190695,        0,  -28809305,          0
 20685,   175,   35000000,    6189997,        0,  -28810003,          0
 20685,   176,   35000000,    6180816,        0,  -28819184,          0
 20685,   177,   35000000,    6239081,        0,  -28760919,          0
 20685,   178,   35000000,    6239576,        0,  -28760424,          0
 20685,   179,   35000000,    6188047,        0,  -28811953,          0
 20685,   180,   35000000,    6196278,        0,  -28803722,          0
 20685,   181,   35000000,    6548512,        0,  -28451488,          0
 20685,   182,   35000000,    6202278,        0,  -28797722,          0
 20685,   183,   35000000,    6291558,        0,  -28708442,          0
 20685,   184,   35000000,    6202436,        0,  -28797564,          0
 20685,   185,   35000000,    6191936,        0,  -28808064,          0
 20685,   186,   35000000,    6250184,        0,  -28749816,          0
 20685,   187,   35000000,    6216732,        0,  -28783268,          0
 20685,   188,   35000000,    6498990,        0,  -28501010,          0
 20685,   189,   35000000,    6453933,        0,  -28546067,          0
 20685,   190,   35000000,    6194653,        0,  -28805347,          0
 20685,   191,   35000000,    6196663,        0,  -28803337,          0
 20685,   192,   35000000,    6177136,        0,  -28822864,          0
 20685,   193,   35000000,    6231023,        0,  -28768977,          0
 20685,   194,   35000000,    6187689,        0,  -28812311,          0
 20685,   195,   35000000,    6202864,        0,  -28797136,          0
 20685,   196,   35000000,    6226594,        0,  -28773406,          0
 20685,   197,   35000000,    6192995,        0,  -28807005,          0
 20685,   198,   35000000,    6194803,        0,  -28805197,          0
 20685,   199,   35000000,    6212430,        0,  -28787570,          0
 20685,   200,   35000000,    6188588,        0,  -28811412,          0
 20685,   201,   35000000,    6197124,        0,  -28802876,          0
 20685,   202,   35000000,    6249651,        0,  -28750349,          0
 20685,   203,   35000000,    6222761,        0,  -28777239,          0
 20685,   204,   35000000,    6205690,        0,  -28794310,          0
 20685,   205,   35000000,    6187139,        0,  -28812861,          0
 20685,   206,   35000000,    6524374,        0,  -28475626,          0
 20685,   207,   35000000,    6218169,        0,  -28781831,          0
 20685,   208,   35000000,    6205089,        0,  -28794911,          0
 20685,   209,   35000000,    6192392,        0,  -28807608,          0
 20685,   210,   35000000,    6225768,        0,  -28774232,          0
 20685,   211,   35000000,    6266383,        0,  -28733617,          0
 20685,   212,   35000000,    6196300,        0,  -28803700,          0
 20685,   213,   35000000,    6491031,        0,  -28508969,          0
 20685,   214,   35000000,    6205422,        0,  -28794578,          0
 20685,   215,   35000000,    6205744,        0,  -28794256,          0
 20685,   216,   35000000,    6203596,        0,  -28796404,          0
 20685,   217,   35000000,    6210119,        0,  -28789881,          0
 20685,   218,   35000000,    6203498,        0,  -28796502,          0
 20685,   219,   35000000,    6237961,        0,  -28762039,          0
 20685,   220,   35000000,    6279535,        0,  -28720465,          0
 20685,   221,   35000000,    6198392,        0,  -28801608,          0
 20685,   222,   35000000,    6194281,        0,  -28805719,          0
 20685,   223,   35000000,    6227140,        0,  -28772860,          0
 20685,   224,   35000000,    6286643,        0,  -28713357,          0
 20685,   225,   35000000,    6195730,        0,  -28804270,          0
 20685,   226,   35000000,    6200517,        0,  -28799483,          0
 20685,   227,   35000000,    6201007,        0,  -28798993,          0
 20685,   228,   35000000,    6188561,        0,  -28811439,          0
 20685,   229,   35000000,    6187576,        0,  -28812424,          0
 20685,   230,   35000000,    6184510,        0,  -28815490,          0
 20685,   231,   35000000,    6483953,        0,  -28516047,          0
 20685,   232,   35000000,    6218150,        0,  -28781850,          0
 20685,   233,   35000000,    6188030,        0,  -28811970,          0
 20685,   234,   35000000,    6193251,        0,  -28806749,          0
 20685,   235,   35000000,    6194607,        0,  -28805393,          0
 20685,   236,   35000000,    6189671,        0,  -28810329,          0
 20685,   237,   35000000,    6198511,        0,  -28801489,          0
 20685,   238,   35000000,    6466867,        0,  -28533133,          0
 20685,   239,   35000000,    6187084,        0,  -28812916,          0
 20685,   240,   35000000,    6180431,        0,  -28819569,          0
 20685,   241,   35000000,    6186497,        0,  -28813503,          0
 20685,   242,   35000000,    6233764,        0,  -28766236,          0
 20685,   243,   35000000,    6219245,        0,  -28780755,          0
 20685,   244,   35000000,    6187130,        0,  -28812870,          0
 20685,   245,   35000000,    6238308,        0,  -28761692,          0
 20685,   246,   35000000,    6213130,        0,  -28786870,          0
 20685,   247,   35000000,    6188968,        0,  -28811032,          0
 20685,   248,   35000000,    6204536,        0,  -28795464,          0
 20685,   249,   35000000,    6226798,        0,  -28773202,          0
 20685,   250,   35000000,    6245108,        0,  -28754892,          0
 20685,   251,   35000000,    6186697,        0,  -28813303,          0
 20685,   252,   35000000,    6229740,        0,  -28770260,          0
 20685,   253,   35000000,    6266366,        0,  -28733634,          0
 20685,   254,   35000000,    6207075,        0,  -28792925,          0
 20685,   255,   35000000,    6216887,        0,  -28783113,          0
 20685,   256,   35000000,    6469726,        0,  -28530274,          0
 20685,   257,   35000000,    6209943,        0,  -28790057,          0
 20685,   258,   35000000,    6212803,        0,  -28787197,          0
 20685,   259,   35000000,    6217032,        0,  -28782968,          0
 20685,   260,   35000000,    6213630,        0,  -28786370,          0
 20685,   261,   35000000,    6190023,        0,  -28809977,          0
 20685,   262,   35000000,    6185858,        0,  -28814142,          0
 20685,   263,   35000000,    6482485,        0,  -28517515,          0
 20685,   264,   35000000,    6200289,        0,  -28799711,          0
 20685,   265,   35000000,    6182987,        0,  -28817013,          0
 20685,   266,   35000000,    6188627,        0,  -28811373,          0
 20685,   267,   35000000,    6208309,        0,  -28791691,          0
 20685,   268,   35000000,    6200095,        0,  -28799905,          0
 20685,   269,   35000000,    6206357,        0,  -28793643,          0
 20685,   270,   35000000,    6209014,        0,  -28790986,          0
 20685,   271,   35000000,    6194243,        0,  -28805757,          0
 20685,   272,   35000000,    6182955,        0,  -28817045,          0
 20685,   273,   35000000,    6213753,        0,  -28786247,          0
 20685,   274,   35000000,    6207949,        0,  -28792051,          0
 20685,   275,   35000000,    6208555,        0,  -28791445,          0
 20685,   276,   35000000,    6228089,        0,  -28771911,          0
 20685,   277,   35000000,    6235957,        0,  -28764043,          0
 20685,   278,   35000000,    6207659,        0,  -28792341,          0
 20685,   279,   35000000,    6203326,        0,  -28796674,          0
 20685,   280,   35000000,    6192166,        0,  -28807834,          0
 20685,   281,   35000000,    6481323,        0,  -28518677,          0
 20685,   282,   35000000,    6243296,        0,  -28756704,          0
 20685,   283,   35000000,    6188257,        0,  -28811743,          0
 20685,   284,   35000000,    6219131,        0,  -28780869,          0
 20685,   285,   35000000,    6221648,        0,  -28778352,          0
 20685,   286,   35000000,    6182613,        0,  -28817387,          0
 20685,   287,   35000000,    6213611,        0,  -28786389,          0
 20685,   288,   35000000,    6486528,        0,  -28513472,          0
 20685,   289,   35000000,    6229457,        0,  -28770543,          0
# task NAME=myapp PID=20688 COST=18267000 PERIOD=83000000 CPU=0
 20688,     2,   83000000,      11233,        0,  -82988767,          0
 20688,     3,   83000000,      59755,        0,  -82940245,          0
 20688,     4,   83000000,   19966866,        0,  -63033134,          0
 20688,     5,   83000000,   17930515,        0,  -65069485,          0
 20688,     6,   83000000,   17981707,        0,  -65018293,          0
 20688,     7,   83000000,   17971490,        0,  -65028510,          0
 20688,     8,   83000000,   17915762,        0,  -65084238,          0
 20688,     9,   83000000,   17886058,        0,  -65113942,          0
 20688,    10,   83000000,   18109559,        0,  -64890441,          0
 20688,    11,   83000000,   17909777,        0,  -65090223,          0
 20688,    12,   83000000,   17899447,        0,  -65100553,          0
 20688,    13,   83000000,   17903752,        0,  -65096248,          0
 20688,    14,   83000000,   17905272,        0,  -65094728,          0
 20688,    15,   83000000,   17903707,        0,  -65096293,          0
 20688,    16,   83000000,   17895137,        0,  -65104863,          0
 20688,    17,   83000000,   17910688,        0,  -65089312,          0
 20688,    18,   83000000,   17891538,        0,  -65108462,          0
 20688,    19,   83000000,   17976695,        0,  -65023305,          0
 20688,    20,   83000000,   17899033,        0,  -65100967,          0
 20688,    21,   83000000,   17955251,        0,  -65044749,          0
 20688,    22,   83000000,   17900997,        0,  -65099003,          0
 20688,    23,   83000000,   17907781,        0,  -65092219,          0
 20688,    24,   83000000,   17888801,        0,  -65111199,          0
 20688,    25,   83000000,   17888055,        0,  -65111945,          0
 20688,    26,   83000000,   17916644,        0,  -65083356,          0
 20688,    27,   83000000,   17909780,        0,  -65090220,          0
 20688,    28,   83000000,   17889444,        0,  -65110556,          0
 20688,    29,   83000000,   17943337,        0,  -65056663,          0
 20688,    30,   83000000,   18681645,        0,  -64318355,          0
 20688,    31,   83000000,   17919589,        0,  -65080411,          0
 20688,    32,   83000000,   17935282,        0,  -65064718,          0
 20688,    33,   83000000,   17913435,        0,  -65086565,          0
 20688,    34,   83000000,   17903292,        0,  -65096708,          0
 20688,    35,   83000000,   17909613,        0,  -65090387,          0
 20688,    36,   83000000,   17965149,        0,  -65034851,          0
 20688,    37,   83000000,   17980516,        0,  -65019484,          0
 20688,    38,   83000000,   18963579,        0,  -64036421,          0
 20688,    39,   83000000,   17907193,        0,  -65092807,          0
 20688,    40,   83000000,   17931241,        0,  -65068759,          0
 20688,    41,   83000000,   17914205,        0,  -65085795,          0
 20688,    42,   83000000,   17955373,        0,  -65044627,          0
 20688,    43,   83000000,   17879461,        0,  -65120539,          0
 20688,    44,   83000000,   17882671,        0,  -65117329,          0
 20688,    45,   83000000,   17893931,        0,  -65106069,          0
 20688,    46,   83000000,   18039663,        0,  -64960337,          0
 20688,    47,   83000000,   17884313,        0,  -65115687,          0
 20688,    48,   83000000,   17887806,        0,  -65112194,          0
 20688,    49,   83000000,   17890827,        0,  -65109173,          0
 20688,    50,   83000000,   17877695,        0,  -65122305,          0
 20688,    51,   83000000,   18066860,        0,  -64933140,          0
 20688,    52,   83000000,   17877351,        0,  -65122649,          0
 20688,    53,   83000000,   17893313,        0,  -65106687,          0
 20688,    54,   83000000,   17959936,        0,  -65040064,          0
 20688,    55,   83000000,   17938497,        0,  -65061503,          0
 20688,    56,   83000000,   17883068,        0,  -65116932,          0
 20688,    57,   83000000,   17930361,        0,  -65069639,          0
 20688,    58,   83000000,   17887189,        0,  -65112811,          0
 20688,    59,   83000000,   17962719,        0,  -65037281,          0
 20688,    60,   83000000,   18111851,        0,  -64888149,          0
 20688,    61,   83000000,   17888379,        0,  -65111621,          0
 20688,    62,   83000000,   17910795,        0,  -65089205,          0
 20688,    63,   83000000,   18280206,        0,  -64719794,          0
 20688,    64,   83000000,   17880552,        0,  -65119448,          0
 20688,    65,   83000000,   18028668,        0,  -64971332,          0
 20688,    66,   83000000,   18183554,        0,  -64816446,          0
 20688,    67,   83000000,   17959694,        0,  -65040306,          0
 20688,    68,   83000000,   17898946,        0,  -65101054,          0
 20688,    69,   83000000,   18165184,        0,  -64834816,          0
 20688,    70,   83000000,   17905046,        0,  -65094954,          0
 20688,    71,   83000000,   17912917,        0,  -65087083,          0
 20688,    72,   83000000,   18183279,        0,  -64816721,          0
 20688,    73,   83000000,   17926406,        0,  -65073594,          0
 20688,    74,   83000000,   17961227,        0,  -65038773,          0
 20688,    75,   83000000,   18191410,        0,  -64808590,          0
 20688,    76,   83000000,   17895180,        0,  -65104820,          0
 20688,    77,   83000000,   17957073,        0,  -65042927,          0
 20688,    78,   83000000,   18180638,        0,  -64819362,          0
 20688,    79,   83000000,   17902404,        0,  -65097596,          0
 20688,    80,   83000000,   17900195,        0,  -65099805,          0
 20688,    81,   83000000,   18277027,        0,  -64722973,          0
 20688,    82,   83000000,   17896188,        0,  -65103812,          0
 20688,    83,   83000000,   17906846,        0,  -65093154,          0
 20688,    84,   83000000,   18180376,        0,  -64819624,          0
 20688,    85,   83000000,   17902266,        0,  -65097734,          0
 20688,    86,   83000000,   17889501,        0,  -65110499,          0
 20688,    87,   83000000,   18198733,        0,  -64801267,          0
 20688,    88,   83000000,   17894987,        0,  -65105013,          0
 20688,    89,   83000000,   17968941,        0,  -65031059,          0
 20688,    90,   83000000,   18187734,        0,  -64812266,          0
 20688,    91,   83000000,   17922902,        0,  -65077098,          0
 20688,    92,   83000000,   17890393,        0,  -65109607,          0
 20688,    93,   83000000,   18183417,        0,  -64816583,          0
 20688,    94,   83000000,   17974919,        0,  -65025081,          0
 20688,    95,   83000000,   17900591,        0,  -65099409,          0
 20688,    96,   83000000,   18178918,        0,  -64821082,          0
 20688,    97,   83000000,   17909991,        0,  -65090009,          0
 20688,    98,   83000000,   17902477,        0,  -65097523,          0
 20688,    99,   83000000,   18195290,        0,  -64804710,          0
 20688,   100,   83000000,   17904834,        0,  -65095166,          0
 20688,   101,   83000000,   17908808,        0,  -65091192,          0
 20688,   102,   83000000,   18180226,        0,  -64819774,          0
 20688,   103,   83000000,   17982717,        0,  -65017283,          0
 20688,   104,   83000000,   17900327,        0,  -65099673,          0
 20688,   105,   83000000,   18191167,        0,  -64808833,          0
 20688,   106,   83000000,   17909503,        0,  -65090497,          0
 20688,   107,   83000000,   17910306,        0,  -65089694,          0
 20688,   108,   83000000,   18180890,        0,  -64819110,          0
 20688,   109,   83000000,   17969726,        0,  -65030274,          0
 20688,   110,   83000000,   17907577,        0,  -65092423,          0
 20688,   111,   83000000,   18194538,        0,  -64805462,          0
 20688,   112,   83000000,   17962923,        0,  -65037077,          0
 20688,   113,   83000000,   17954239,        0,  -65045761,          0
 20688,   114,   83000000,   17880641,        0,  -65119359,          0
 20688,   115,   83000000,   17880383,        0,  -65119617,          0
 20688,   116,   83000000,   17884838,        0,  -65115162,          0
 20688,   117,   83000000,   17897679,        0,  -65102321,          0
 20688,   118,   83000000,   17880541,        0,  -65119459,          0
 20688,   119,   83000000,   17894587,        0,  -65105413,          0
 20688,   120,   83000000,   17879293,        0,  -65120707,          0
 20688,   121,   83000000,   17886386,        0,  -65113614,          0
 20688,   122,   83000000,   17884268,        0,  -65115732,          0
 20688,   123,   83000000,   17887237,        0,  -65112763,          0
 20688,   124,   83000000,   17909100,        0,  -65090900,          0
