25642 25736 0
23486 23604 0
24023 24341 0
20974 21150 0
21451 21495 0
19179 19251 0
21227 21328 0
19015 19173 0
22736 22859 0
21782 21908 0
17865 17913 0
25481 25853 0
22670 23026 0
21402 21537 0
19261 19294 0
21261 21340 0
20980 21044 0
21636 21941 0
21628 21683 0
21150 21205 0
18705 18726 0
24024 24117 0
17084 17143 0
19828 19875 0
35574 35670 0
 
22283 24179 0
22745 23934 0
20296 22059 0
22990 24369 0
25353 28748 0
20393 20931 0
20534 21873 0
23930 26899 0
21932 25619 0
18703 22469 0
21040 21424 0
18395 20362 0
22513 23802 0
22570 25288 0
20551 20958 0
20860 21748 0
22433 23341 0
22911 26543 0
17929 18068 0
22193 22503 0
19478 22493 0
22048 23793 0
21679 22055 0
18171 21372 0
22535 24443 0
 
2638 19341 0
2546 20001 0
5404 41637 0
2048 25211 0
3042 29425 0
1930 26864 0
2764 26758 0
2520 27597 0
3292 24081 0
2503 29689 0
2541 20707 0
2139 24506 0
2171 22799 0
3126 25905 0
1703 22517 0
2402 21074 0
2243 20193 0
2463 21729 0
1492 21486 0
2448 27439 0
1880 25330 0
2596 19869 0
1948 21466 0
2065 25190 0
1302 25350 0
 
903 17526 0
1073 17890 0
1420 18497 0
1653 19891 0
2546 28537 0
1555 20941 0
1745 21041 0
1279 20650 0
1334 20979 0
1369 18265 0
1575 22322 0
1411 21211 0
1560 20277 0
1431 19488 0
1264 19498 0
1724 21249 0
1151 19110 0
1401 19543 0
1178 19586 0
1023 18673 0
1512 21021 0
1437 21634 0
991 19644 0
1035 16730 0
1229 19652 0
 
1024 17614 0
1118 16494 0
1185 15994 0
943 17186 0
1077 15229 0
824 15826 0
1042 16844 0
894 17175 0
984 16672 0
1244 16253 0
1272 17167 0
951 16857 0
971 18231 0
1088 17171 0
1013 15136 0
1240 18423 0
919 17081 0
1050 13555 0
1258 17961 0
1192 17697 0
1115 15913 0
951 15049 0
898 15768 0
832 15215 0
1091 15767 0
 
749 12911 0
929 15425 0
877 13616 0
833 13381 0
787 14019 0
931 15044 0
1071 15099 0
919 14087 0
865 15439 0
965 15033 0
858 15031 0
754 13712 0
808 13404 0
863 13271 0
947 13722 0
987 14358 0
895 13913 0
876 15552 0
862 12980 0
814 13463 0
865 14467 0
814 13198 0
875 13633 0
981 13901 0
901 13076 0
 
===
