120 120 0
189 189 0
152 152 0
520 520 0
238 238 0
125 125 0
138 138 0
500 500 0
162 162 0
284 284 0
171 171 0
149 149 0
318 318 0
144 144 0
181 181 0
164 164 0
256 256 0
152 152 0
133 133 0
288 288 0
281 281 0
415 415 0
229 229 0
222 222 0
521 521 0
146 146 0
227 227 0
276 276 0
291 291 0
225 225 0
344 344 0
262 262 0
860 860 0
202 202 0
117 117 0
174 174 0
132 132 0
151 151 0
155 155 0
132 132 0
193 193 0
579 579 0
1018 1018 0
164 164 0
515 515 0
123 123 0
553 553 0
270 270 0
357 357 0
898 898 0
154 154 0
435 435 0
157 157 0
333 333 0
310 310 0
243 243 0
237 237 0
290 290 0
735 735 0
141 141 0
130 130 0
180 180 0
