# Task,   Job,     Period,   Response, DL Miss?,   Lateness,  Tardiness
# task NAME=myapp PID=29984 COST=53225000 PERIOD=60000000 CPU=0
 29984,     2,   60000000,       8371,        0,  -59991629,          0
 29984,     3,   60000000,      50429,        0,  -59949571,          0
 29984,     4,   60000000,   53488252,        0,   -6511748,          0
 29984,     5,   60000000,   52130061,        0,   -7869939,          0
 29984,     6,   60000000,   52503063,        0,   -7496937,          0
 29984,     7,   60000000,   52215665,        0,   -7784335,          0
 29984,     8,   60000000,   52418338,        0,   -7581662,          0
 29984,     9,   60000000,   52154087,        0,   -7845913,          0
 29984,    10,   60000000,   53306169,        0,   -6693831,          0
 29984,    11,   60000000,   52166990,        0,   -7833010,          0
 29984,    12,   60000000,   52315340,        0,   -7684660,          0
 29984,    13,   60000000,   53193922,        0,   -6806078,          0
 29984,    14,   60000000,   52140043,        0,   -7859957,          0
 29984,    15,   60000000,   53132442,        0,   -6867558,          0
 29984,    16,   60000000,   52145767,        0,   -7854233,          0
 29984,    17,   60000000,   52567795,        0,   -7432205,          0
 29984,    18,   60000000,   52161669,        0,   -7838331,          0
 29984,    19,   60000000,   52462203,        0,   -7537797,          0
 29984,    20,   60000000,   52139529,        0,   -7860471,          0
 29984,    21,   60000000,   52648557,        0,   -7351443,          0
 29984,    22,   60000000,   52195233,        0,   -7804767,          0
 29984,    23,   60000000,   52385812,        0,   -7614188,          0
 29984,    24,   60000000,   52157045,        0,   -7842955,          0
 29984,    25,   60000000,   52403162,        0,   -7596838,          0
 29984,    26,   60000000,   52290454,        0,   -7709546,          0
 29984,    27,   60000000,   52536665,        0,   -7463335,          0
 29984,    28,   60000000,   52155444,        0,   -7844556,          0
 29984,    29,   60000000,   53294894,        0,   -6705106,          0
 29984,    30,   60000000,   52126806,        0,   -7873194,          0
 29984,    31,   60000000,   52700326,        0,   -7299674,          0
 29984,    32,   60000000,   52149763,        0,   -7850237,          0
 29984,    33,   60000000,   52606883,        0,   -7393117,          0
 29984,    34,   60000000,   52553427,        0,   -7446573,          0
 29984,    35,   60000000,   52399379,        0,   -7600621,          0
 29984,    36,   60000000,   52128790,        0,   -7871210,          0
 29984,    37,   60000000,   52321571,        0,   -7678429,          0
 29984,    38,   60000000,   53851010,        0,   -6148990,          0
 29984,    39,   60000000,   53041567,        0,   -6958433,          0
 29984,    40,   60000000,   52118338,        0,   -7881662,          0
 29984,    41,   60000000,   52152374,        0,   -7847626,          0
 29984,    42,   60000000,   52497299,        0,   -7502701,          0
 29984,    43,   60000000,   53530277,        0,   -6469723,          0
 29984,    44,   60000000,   52398261,        0,   -7601739,          0
 29984,    45,   60000000,   52286467,        0,   -7713533,          0
 29984,    46,   60000000,   52456308,        0,   -7543692,          0
 29984,    47,   60000000,   52222045,        0,   -7777955,          0
 29984,    48,   60000000,   52437217,        0,   -7562783,          0
 29984,    49,   60000000,   52163541,        0,   -7836459,          0
 29984,    50,   60000000,   52456118,        0,   -7543882,          0
 29984,    51,   60000000,   52209330,        0,   -7790670,          0
 29984,    52,   60000000,   52534123,        0,   -7465877,          0
 29984,    53,   60000000,   52149346,        0,   -7850654,          0
 29984,    54,   60000000,   52462277,        0,   -7537723,          0
 29984,    55,   60000000,   52273695,        0,   -7726305,          0
 29984,    56,   60000000,   52433233,        0,   -7566767,          0
 29984,    57,   60000000,   53341114,        0,   -6658886,          0
 29984,    58,   60000000,   52435090,        0,   -7564910,          0
 29984,    59,   60000000,   53043278,        0,   -6956722,          0
 29984,    60,   60000000,   52434262,        0,   -7565738,          0
 29984,    61,   60000000,   52154943,        0,   -7845057,          0
 29984,    62,   60000000,   52393335,        0,   -7606665,          0
 29984,    63,   60000000,   52140513,        0,   -7859487,          0
 29984,    64,   60000000,   52339951,        0,   -7660049,          0
 29984,    65,   60000000,   52261007,        0,   -7738993,          0
 29984,    66,   60000000,   52144864,        0,   -7855136,          0
 29984,    67,   60000000,   52391876,        0,   -7608124,          0
 29984,    68,   60000000,   52258685,        0,   -7741315,          0
 29984,    69,   60000000,   52624081,        0,   -7375919,          0
 29984,    70,   60000000,   52336391,        0,   -7663609,          0
 29984,    71,   60000000,   52604172,        0,   -7395828,          0
 29984,    72,   60000000,   52155204,        0,   -7844796,          0
 29984,    73,   60000000,   54586597,        0,   -5413403,          0
 29984,    74,   60000000,   52103341,        0,   -7896659,          0
 29984,    75,   60000000,   52396747,        0,   -7603253,          0
 29984,    76,   60000000,   52150754,        0,   -7849246,          0
 29984,    77,   60000000,   52430421,        0,   -7569579,          0
 29984,    78,   60000000,   52150596,        0,   -7849404,          0
 29984,    79,   60000000,   52559754,        0,   -7440246,          0
 29984,    80,   60000000,   52590480,        0,   -7409520,          0
 29984,    81,   60000000,   52504503,        0,   -7495497,          0
 29984,    82,   60000000,   52147236,        0,   -7852764,          0
 29984,    83,   60000000,   52463791,        0,   -7536209,          0
 29984,    84,   60000000,   52097322,        0,   -7902678,          0
 29984,    85,   60000000,   53453056,        0,   -6546944,          0
 29984,    86,   60000000,   52113948,        0,   -7886052,          0
 29984,    87,   60000000,   53044926,        0,   -6955074,          0
 29984,    88,   60000000,   52122757,        0,   -7877243,          0
 29984,    89,   60000000,   52163559,        0,   -7836441,          0
 29984,    90,   60000000,   53032416,        0,   -6967584,          0
 29984,    91,   60000000,   52180492,        0,   -7819508,          0
 29984,    92,   60000000,   52445061,        0,   -7554939,          0
 29984,    93,   60000000,   52419191,        0,   -7580809,          0
 29984,    94,   60000000,   52527978,        0,   -7472022,          0
 29984,    95,   60000000,   52399310,        0,   -7600690,          0
 29984,    96,   60000000,   52521546,        0,   -7478454,          0
 29984,    97,   60000000,   52392751,        0,   -7607249,          0
 29984,    98,   60000000,   52416521,        0,   -7583479,          0
 29984,    99,   60000000,   52366557,        0,   -7633443,          0
 29984,   100,   60000000,   52434554,        0,   -7565446,          0
 29984,   101,   60000000,   52397744,        0,   -7602256,          0
 29984,   102,   60000000,   52451926,        0,   -7548074,          0
 29984,   103,   60000000,   52153745,        0,   -7846255,          0
 29984,   104,   60000000,   52581273,        0,   -7418727,          0
 29984,   105,   60000000,   52969912,        0,   -7030088,          0
 29984,   106,   60000000,   52508422,        0,   -7491578,          0
 29984,   107,   60000000,   52325301,        0,   -7674699,          0
 29984,   108,   60000000,   52584766,        0,   -7415234,          0
 29984,   109,   60000000,   52331009,        0,   -7668991,          0
 29984,   110,   60000000,   52610076,        0,   -7389924,          0
 29984,   111,   60000000,   52916254,        0,   -7083746,          0
 29984,   112,   60000000,   52423281,        0,   -7576719,          0
 29984,   113,   60000000,   52294563,        0,   -7705437,          0
 29984,   114,   60000000,   52098944,        0,   -7901056,          0
 29984,   115,   60000000,   53290061,        0,   -6709939,          0
 29984,   116,   60000000,   52132225,        0,   -7867775,          0
 29984,   117,   60000000,   52416909,        0,   -7583091,          0
 29984,   118,   60000000,   52263908,        0,   -7736092,          0
 29984,   119,   60000000,   52430312,        0,   -7569688,          0
 29984,   120,   60000000,   52170007,        0,   -7829993,          0
 29984,   121,   60000000,   52409507,        0,   -7590493,          0
 29984,   122,   60000000,   52325172,        0,   -7674828,          0
 29984,   123,   60000000,   52415471,        0,   -7584529,          0
 29984,   124,   60000000,   52374609,        0,   -7625391,          0
 29984,   125,   60000000,   52717263,        0,   -7282737,          0
 29984,   126,   60000000,   52321754,        0,   -7678246,          0
 29984,   127,   60000000,   54016227,        0,   -5983773,          0
 29984,   128,   60000000,   52297974,        0,   -7702026,          0
 29984,   129,   60000000,   52496165,        0,   -7503835,          0
 29984,   130,   60000000,   52164206,        0,   -7835794,          0
 29984,   131,   60000000,   52466956,        0,   -7533044,          0
 29984,   132,   60000000,   52205888,        0,   -7794112,          0
 29984,   133,   60000000,   52411116,        0,   -7588884,          0
 29984,   134,   60000000,   52110349,        0,   -7889651,          0
 29984,   135,   60000000,   52389375,        0,   -7610625,          0
 29984,   136,   60000000,   54185324,        0,   -5814676,          0
 29984,   137,   60000000,   52132750,        0,   -7867250,          0
 29984,   138,   60000000,   52317766,        0,   -7682234,          0
 29984,   139,   60000000,   52108419,        0,   -7891581,          0
 29984,   140,   60000000,   52406663,        0,   -7593337,          0
 29984,   141,   60000000,   52345518,        0,   -7654482,          0
 29984,   142,   60000000,   52478853,        0,   -7521147,          0
 29984,   143,   60000000,   55002760,        0,   -4997240,          0
 29984,   144,   60000000,   52437146,        0,   -7562854,          0
 29984,   145,   60000000,   52154014,        0,   -7845986,          0
 29984,   146,   60000000,   52708498,        0,   -7291502,          0
 29984,   147,   60000000,   52133314,        0,   -7866686,          0
 29984,   148,   60000000,   53124840,        0,   -6875160,          0
 29984,   149,   60000000,   52137501,        0,   -7862499,          0
 29984,   150,   60000000,   53115604,        0,   -6884396,          0
 29984,   151,   60000000,   53116203,        0,   -6883797,          0
 29984,   152,   60000000,   52403431,        0,   -7596569,          0
 29984,   153,   60000000,   52169487,        0,   -7830513,          0
 29984,   154,   60000000,   52400350,        0,   -7599650,          0
 29984,   155,   60000000,   52497935,        0,   -7502065,          0
 29984,   156,   60000000,   52393605,        0,   -7606395,          0
 29984,   157,   60000000,   52425866,        0,   -7574134,          0
 29984,   158,   60000000,   52405776,        0,   -7594224,          0
 29984,   159,   60000000,   52269403,        0,   -7730597,          0
 29984,   160,   60000000,   53300084,        0,   -6699916,          0
 29984,   161,   60000000,   52144838,        0,   -7855162,          0
 29984,   162,   60000000,   52607501,        0,   -7392499,          0
 29984,   163,   60000000,   52111074,        0,   -7888926,          0
 29984,   164,   60000000,   52139761,        0,   -7860239,          0
 29984,   165,   60000000,   52441987,        0,   -7558013,          0
 29984,   166,   60000000,   52130221,        0,   -7869779,          0
 29984,   167,   60000000,   52532378,        0,   -7467622,          0
 29984,   168,   60000000,   52167450,        0,   -7832550,          0
 29984,   169,   60000000,   52424505,        0,   -7575495,          0
 29984,   170,   60000000,   52142689,        0,   -7857311,          0
# task NAME=myapp PID=29987 COST=81765000 PERIOD=95000000 CPU=0
 29987,     2,   95000000,       8556,        0,  -94991444,          0
 29987,     3,   95000000,      76545,        0,  -94923455,          0
 29987,     4,   95000000,   82196430,        0,  -12803570,          0
 29987,     5,   95000000,   80571929,        0,  -14428071,          0
 29987,     6,   95000000,   80321551,        0,  -14678449,          0
 29987,     7,   95000000,   80247828,        0,  -14752172,          0
 29987,     8,   95000000,   80054202,        0,  -14945798,          0
 29987,     9,   95000000,   80971678,        0,  -14028322,          0
 29987,    10,   95000000,   80668407,        0,  -14331593,          0
 29987,    11,   95000000,   80104453,        0,  -14895547,          0
 29987,    12,   95000000,   80100613,        0,  -14899387,          0
 29987,    13,   95000000,   80416542,        0,  -14583458,          0
 29987,    14,   95000000,   80327066,        0,  -14672934,          0
 29987,    15,   95000000,   83176667,        0,  -11823333,          0
 29987,    16,   95000000,   80107765,        0,  -14892235,          0
 29987,    17,   95000000,   80363271,        0,  -14636729,          0
 29987,    18,   95000000,   80358274,        0,  -14641726,          0
 29987,    19,   95000000,   80667614,        0,  -14332386,          0
 29987,    20,   95000000,   80072906,        0,  -14927094,          0
 29987,    21,   95000000,   80385762,        0,  -14614238,          0
 29987,    22,   95000000,   80388964,        0,  -14611036,          0
 29987,    23,   95000000,   80699066,        0,  -14300934,          0
 29987,    24,   95000000,   80103937,        0,  -14896063,          0
 29987,    25,   95000000,   80392133,        0,  -14607867,          0
 29987,    26,   95000000,   80628592,        0,  -14371408,          0
 29987,    27,   95000000,   80331271,        0,  -14668729,          0
 29987,    28,   95000000,   80039780,        0,  -14960220,          0
 29987,    29,   95000000,   80075032,        0,  -14924968,          0
 29987,    30,   95000000,   80952353,        0,  -14047647,          0
 29987,    31,   95000000,   80462240,        0,  -14537760,          0
 29987,    32,   95000000,   80371925,        0,  -14628075,          0
 29987,    33,   95000000,   80051777,        0,  -14948223,          0
 29987,    34,   95000000,   80440432,        0,  -14559568,          0
 29987,    35,   95000000,   80343119,        0,  -14656881,          0
 29987,    36,   95000000,   80074717,        0,  -14925283,          0
 29987,    37,   95000000,   80050408,        0,  -14949592,          0
 29987,    38,   95000000,   80341162,        0,  -14658838,          0
 29987,    39,   95000000,   80386874,        0,  -14613126,          0
 29987,    40,   95000000,   80475976,        0,  -14524024,          0
 29987,    41,   95000000,   80113751,        0,  -14886249,          0
 29987,    42,   95000000,   80391310,        0,  -14608690,          0
 29987,    43,   95000000,   80414668,        0,  -14585332,          0
 29987,    44,   95000000,   80461231,        0,  -14538769,          0
 29987,    45,   95000000,   81953411,        0,  -13046589,          0
 29987,    46,   95000000,   80386791,        0,  -14613209,          0
 29987,    47,   95000000,   80395225,        0,  -14604775,          0
 29987,    48,   95000000,   80424335,        0,  -14575665,          0
 29987,    49,   95000000,   80093442,        0,  -14906558,          0
 29987,    50,   95000000,   80971750,        0,  -14028250,          0
 29987,    51,   95000000,   80488953,        0,  -14511047,          0
 29987,    52,   95000000,   80332155,        0,  -14667845,          0
 29987,    53,   95000000,   80852353,        0,  -14147647,          0
 29987,    54,   95000000,   80248553,        0,  -14751447,          0
 29987,    55,   95000000,   80356137,        0,  -14643863,          0
 29987,    56,   95000000,   80341015,        0,  -14658985,          0
 29987,    57,   95000000,   80159110,        0,  -14840890,          0
 29987,    58,   95000000,   80067493,        0,  -14932507,          0
 29987,    59,   95000000,   80344246,        0,  -14655754,          0
 29987,    60,   95000000,   81759462,        0,  -13240538,          0
 29987,    61,   95000000,   80231236,        0,  -14768764,          0
 29987,    62,   95000000,   80448183,        0,  -14551817,          0
 29987,    63,   95000000,   80365507,        0,  -14634493,          0
 29987,    64,   95000000,   80400911,        0,  -14599089,          0
 29987,    65,   95000000,   81659273,        0,  -13340727,          0
 29987,    66,   95000000,   80044917,        0,  -14955083,          0
 29987,    67,   95000000,   80396079,        0,  -14603921,          0
 29987,    68,   95000000,   80424615,        0,  -14575385,          0
 29987,    69,   95000000,   80402763,        0,  -14597237,          0
 29987,    70,   95000000,   80035035,        0,  -14964965,          0
 29987,    71,   95000000,   80369694,        0,  -14630306,          0
 29987,    72,   95000000,   80445906,        0,  -14554094,          0
 29987,    73,   95000000,   81316057,        0,  -13683943,          0
 29987,    74,   95000000,   80067601,        0,  -14932399,          0
 29987,    75,   95000000,   80355250,        0,  -14644750,          0
 29987,    76,   95000000,   80350315,        0,  -14649685,          0
 29987,    77,   95000000,   80341925,        0,  -14658075,          0
 29987,    78,   95000000,   80060027,        0,  -14939973,          0
 29987,    79,   95000000,   80368543,        0,  -14631457,          0
 29987,    80,   95000000,   80358233,        0,  -14641767,          0
 29987,    81,   95000000,   80849765,        0,  -14150235,          0
 29987,    82,   95000000,   80634089,        0,  -14365911,          0
 29987,    83,   95000000,   80403070,        0,  -14596930,          0
 29987,    84,   95000000,   80401514,        0,  -14598486,          0
 29987,    85,   95000000,   80695526,        0,  -14304474,          0
 29987,    86,   95000000,   80152276,        0,  -14847724,          0
 29987,    87,   95000000,   80117466,        0,  -14882534,          0
 29987,    88,   95000000,   81022222,        0,  -13977778,          0
 29987,    89,   95000000,   80756643,        0,  -14243357,          0
 29987,    90,   95000000,   80761043,        0,  -14238957,          0
 29987,    91,   95000000,   80350626,        0,  -14649374,          0
 29987,    92,   95000000,   80402931,        0,  -14597069,          0
 29987,    93,   95000000,   80468766,        0,  -14531234,          0
 29987,    94,   95000000,   80404821,        0,  -14595179,          0
 29987,    95,   95000000,   80644356,        0,  -14355644,          0
 29987,    96,   95000000,   80364236,        0,  -14635764,          0
 29987,    97,   95000000,   80721862,        0,  -14278138,          0
 29987,    98,   95000000,   81850304,        0,  -13149696,          0
 29987,    99,   95000000,   81078046,        0,  -13921954,          0
 29987,   100,   95000000,   80363203,        0,  -14636797,          0
 29987,   101,   95000000,   80344470,        0,  -14655530,          0
 29987,   102,   95000000,   80517878,        0,  -14482122,          0
 29987,   103,   95000000,   80450909,        0,  -14549091,          0
 29987,   104,   95000000,   80299362,        0,  -14700638,          0
 29987,   105,   95000000,   80710410,        0,  -14289590,          0
 29987,   106,   95000000,   80440818,        0,  -14559182,          0
 29987,   107,   95000000,   80081544,        0,  -14918456,          0
 29987,   108,   95000000,   80394305,        0,  -14605695,          0
 29987,   109,   95000000,   80381358,        0,  -14618642,          0
# task NAME=myapp PID=29991 COST=69585000 PERIOD=79000000 CPU=0
 29991,     2,   79000000,       8496,        0,  -78991504,          0
 29991,     3,   79000000,      58402,        0,  -78941598,          0
 29991,     4,   79000000,   69747729,        0,   -9252271,          0
 29991,     5,   79000000,   68714789,        0,  -10285211,          0
 29991,     6,   79000000,   68121790,        0,  -10878210,          0
 29991,     7,   79000000,   68709251,        0,  -10290749,          0
 29991,     8,   79000000,   68147810,        0,  -10852190,          0
 29991,     9,   79000000,   68137832,        0,  -10862168,          0
 29991,    10,   79000000,   68931205,        0,  -10068795,          0
 29991,    11,   79000000,   68341012,        0,  -10658988,          0
 29991,    12,   79000000,   68423535,        0,  -10576465,          0
 29991,    13,   79000000,   68455077,        0,  -10544923,          0
 29991,    14,   79000000,   68641741,        0,  -10358259,          0
 29991,    15,   79000000,   68476661,        0,  -10523339,          0
 29991,    16,   79000000,   68413528,        0,  -10586472,          0
 29991,    17,   79000000,   68139575,        0,  -10860425,          0
 29991,    18,   79000000,   68458736,        0,  -10541264,          0
 29991,    19,   79000000,   68319406,        0,  -10680594,          0
 29991,    20,   79000000,   69009894,        0,   -9990106,          0
 29991,    21,   79000000,   68415098,        0,  -10584902,          0
 29991,    22,   79000000,   68180876,        0,  -10819124,          0
 29991,    23,   79000000,   68737538,        0,  -10262462,          0
 29991,    24,   79000000,   69422640,        0,   -9577360,          0
 29991,    25,   79000000,   68154693,        0,  -10845307,          0
 29991,    26,   79000000,   69499286,        0,   -9500714,          0
 29991,    27,   79000000,   68189853,        0,  -10810147,          0
 29991,    28,   79000000,   68229591,        0,  -10770409,          0
 29991,    29,   79000000,   68405445,        0,  -10594555,          0
 29991,    30,   79000000,   68443417,        0,  -10556583,          0
 29991,    31,   79000000,   68662658,        0,  -10337342,          0
 29991,    32,   79000000,   69215034,        0,   -9784966,          0
 29991,    33,   79000000,   68147053,        0,  -10852947,          0
 29991,    34,   79000000,   68558467,        0,  -10441533,          0
 29991,    35,   79000000,   68497785,        0,  -10502215,          0
 29991,    36,   79000000,   68509989,        0,  -10490011,          0
 29991,    37,   79000000,   69414751,        0,   -9585249,          0
 29991,    38,   79000000,   68111418,        0,  -10888582,          0
 29991,    39,   79000000,   68677103,        0,  -10322897,          0
 29991,    40,   79000000,   68439679,        0,  -10560321,          0
 29991,    41,   79000000,   68113164,        0,  -10886836,          0
 29991,    42,   79000000,   68845899,        0,  -10154101,          0
 29991,    43,   79000000,   68739217,        0,  -10260783,          0
 29991,    44,   79000000,   68304630,        0,  -10695370,          0
 29991,    45,   79000000,   68968400,        0,  -10031600,          0
 29991,    46,   79000000,   68203310,        0,  -10796690,          0
 29991,    47,   79000000,   68104837,        0,  -10895163,          0
 29991,    48,   79000000,   68580633,        0,  -10419367,          0
 29991,    49,   79000000,   68228255,        0,  -10771745,          0
 29991,    50,   79000000,   68425011,        0,  -10574989,          0
 29991,    51,   79000000,   68438466,        0,  -10561534,          0
 29991,    52,   79000000,   68134211,        0,  -10865789,          0
 29991,    53,   79000000,   68471876,        0,  -10528124,          0
 29991,    54,   79000000,   68404820,        0,  -10595180,          0
 29991,    55,   79000000,   68134945,        0,  -10865055,          0
 29991,    56,   79000000,   68443829,        0,  -10556171,          0
 29991,    57,   79000000,   68374089,        0,  -10625911,          0
 29991,    58,   79000000,   68274369,        0,  -10725631,          0
 29991,    59,   79000000,   68455312,        0,  -10544688,          0
 29991,    60,   79000000,   68255665,        0,  -10744335,          0
 29991,    61,   79000000,   68486227,        0,  -10513773,          0
 29991,    62,   79000000,   68406654,        0,  -10593346,          0
 29991,    63,   79000000,   68413802,        0,  -10586198,          0
 29991,    64,   79000000,   68720976,        0,  -10279024,          0
 29991,    65,   79000000,   68191016,        0,  -10808984,          0
 29991,    66,   79000000,   68159294,        0,  -10840706,          0
 29991,    67,   79000000,   68627783,        0,  -10372217,          0
 29991,    68,   79000000,   70038007,        0,   -8961993,          0
 29991,    69,   79000000,   68740765,        0,  -10259235,          0
 29991,    70,   79000000,   69045024,        0,   -9954976,          0
 29991,    71,   79000000,   69242913,        0,   -9757087,          0
 29991,    72,   79000000,   68455512,        0,  -10544488,          0
 29991,    73,   79000000,   68522014,        0,  -10477986,          0
 29991,    74,   79000000,   68237143,        0,  -10762857,          0
 29991,    75,   79000000,   68702883,        0,  -10297117,          0
 29991,    76,   79000000,   68213698,        0,  -10786302,          0
 29991,    77,   79000000,   68441664,        0,  -10558336,          0
 29991,    78,   79000000,   68829921,        0,  -10170079,          0
 29991,    79,   79000000,   68157958,        0,  -10842042,          0
 29991,    80,   79000000,   69652725,        0,   -9347275,          0
 29991,    81,   79000000,   68680241,        0,  -10319759,          0
 29991,    82,   79000000,   68153174,        0,  -10846826,          0
 29991,    83,   79000000,   68458021,        0,  -10541979,          0
 29991,    84,   79000000,   68162190,        0,  -10837810,          0
 29991,    85,   79000000,   68158939,        0,  -10841061,          0
 29991,    86,   79000000,   68669433,        0,  -10330567,          0
 29991,    87,   79000000,   68356943,        0,  -10643057,          0
 29991,    88,   79000000,   68487165,        0,  -10512835,          0
 29991,    89,   79000000,   68695910,        0,  -10304090,          0
 29991,    90,   79000000,   68136223,        0,  -10863777,          0
 29991,    91,   79000000,   68500497,        0,  -10499503,          0
 29991,    92,   79000000,   68438675,        0,  -10561325,          0
 29991,    93,   79000000,   68203230,        0,  -10796770,          0
 29991,    94,   79000000,   68446057,        0,  -10553943,          0
 29991,    95,   79000000,   69400292,        0,   -9599708,          0
 29991,    96,   79000000,   68187292,        0,  -10812708,          0
 29991,    97,   79000000,   68442264,        0,  -10557736,          0
 29991,    98,   79000000,   68128776,        0,  -10871224,          0
 29991,    99,   79000000,   68492210,        0,  -10507790,          0
 29991,   100,   79000000,   68450737,        0,  -10549263,          0
 29991,   101,   79000000,   68140520,        0,  -10859480,          0
 29991,   102,   79000000,   69512833,        0,   -9487167,          0
 29991,   103,   79000000,   68183182,        0,  -10816818,          0
 29991,   104,   79000000,   68111497,        0,  -10888503,          0
 29991,   105,   79000000,   68439904,        0,  -10560096,          0
 29991,   106,   79000000,   69175117,        0,   -9824883,          0
 29991,   107,   79000000,   68445991,        0,  -10554009,          0
 29991,   108,   79000000,   69530641,        0,   -9469359,          0
 29991,   109,   79000000,   68132726,        0,  -10867274,          0
 29991,   110,   79000000,   68752772,        0,  -10247228,          0
 29991,   111,   79000000,   68597408,        0,  -10402592,          0
 29991,   112,   79000000,   68253335,        0,  -10746665,          0
 29991,   113,   79000000,   68430717,        0,  -10569283,          0
 29991,   114,   79000000,   68937593,        0,  -10062407,          0
 29991,   115,   79000000,   68368640,        0,  -10631360,          0
 29991,   116,   79000000,   68455963,        0,  -10544037,          0
 29991,   117,   79000000,   68167846,        0,  -10832154,          0
 29991,   118,   79000000,   68449634,        0,  -10550366,          0
 29991,   119,   79000000,   68890074,        0,  -10109926,          0
 29991,   120,   79000000,   68628697,        0,  -10371303,          0
 29991,   121,   79000000,   68435813,        0,  -10564187,          0
 29991,   122,   79000000,   68157925,        0,  -10842075,          0
 29991,   123,   79000000,   68936558,        0,  -10063442,          0
 29991,   124,   79000000,   68523988,        0,  -10476012,          0
 29991,   125,   79000000,   68312621,        0,  -10687379,          0
 29991,   126,   79000000,   68438018,        0,  -10561982,          0
 29991,   127,   79000000,   68735259,        0,  -10264741,          0
 29991,   128,   79000000,   68166168,        0,  -10833832,          0
 29991,   129,   79000000,   68454714,        0,  -10545286,          0
 29991,   130,   79000000,   68461864,        0,  -10538136,          0
# task NAME=myapp PID=29995 COST=15599000 PERIOD=42000000 CPU=0
 29995,     2,   42000000,      14721,        0,  -41985279,          0
 29995,     3,   42000000,      54268,        0,  -41945732,          0
 29995,     4,   42000000,   16324871,        0,  -25675129,          0
 29995,     5,   42000000,   15617715,        0,  -26382285,          0
 29995,     6,   42000000,   15502459,        0,  -26497541,          0
 29995,     7,   42000000,   16004182,        0,  -25995818,          0
 29995,     8,   42000000,   15885632,        0,  -26114368,          0
 29995,     9,   42000000,   16071218,        0,  -25928782,          0
 29995,    10,   42000000,   15287725,        0,  -26712275,          0
 29995,    11,   42000000,   17221231,        0,  -24778769,          0
 29995,    12,   42000000,   15428782,        0,  -26571218,          0
 29995,    13,   42000000,   15344684,        0,  -26655316,          0
 29995,    14,   42000000,   15645838,        0,  -26354162,          0
 29995,    15,   42000000,   15302293,        0,  -26697707,          0
 29995,    16,   42000000,   15309032,        0,  -26690968,          0
 29995,    17,   42000000,   15603516,        0,  -26396484,          0
 29995,    18,   42000000,   15306759,        0,  -26693241,          0
 29995,    19,   42000000,   18077614,        0,  -23922386,          0
 29995,    20,   42000000,   15559024,        0,  -26440976,          0
 29995,    21,   42000000,   15313644,        0,  -26686356,          0
 29995,    22,   42000000,   15309419,        0,  -26690581,          0
 29995,    23,   42000000,   15590409,        0,  -26409591,          0
 29995,    24,   42000000,   15304582,        0,  -26695418,          0
 29995,    25,   42000000,   16177996,        0,  -25822004,          0
 29995,    26,   42000000,   15601967,        0,  -26398033,          0
 29995,    27,   42000000,   15297570,        0,  -26702430,          0
 29995,    28,   42000000,   15667323,        0,  -26332677,          0
 29995,    29,   42000000,   15619805,        0,  -26380195,          0
 29995,    30,   42000000,   15413192,        0,  -26586808,          0
 29995,    31,   42000000,   15458590,        0,  -26541410,          0
 29995,    32,   42000000,   16640772,        0,  -25359228,          0
 29995,    33,   42000000,   15357072,        0,  -26642928,          0
 29995,    34,   42000000,   15994473,        0,  -26005527,          0
 29995,    35,   42000000,   16593802,        0,  -25406198,          0
 29995,    36,   42000000,   16099890,        0,  -25900110,          0
 29995,    37,   42000000,   16391213,        0,  -25608787,          0
 29995,    38,   42000000,   15265018,        0,  -26734982,          0
 29995,    39,   42000000,   15327346,        0,  -26672654,          0
 29995,    40,   42000000,   15324647,        0,  -26675353,          0
 29995,    41,   42000000,   15590505,        0,  -26409495,          0
 29995,    42,   42000000,   15730697,        0,  -26269303,          0
 29995,    43,   42000000,   15585688,        0,  -26414312,          0
 29995,    44,   42000000,   15373645,        0,  -26626355,          0
 29995,    45,   42000000,   15305555,        0,  -26694445,          0
 29995,    46,   42000000,   15316241,        0,  -26683759,          0
 29995,    47,   42000000,   15409027,        0,  -26590973,          0
 29995,    48,   42000000,   15378857,        0,  -26621143,          0
 29995,    49,   42000000,   17368406,        0,  -24631594,          0
 29995,    50,   42000000,   15308651,        0,  -26691349,          0
 29995,    51,   42000000,   16048159,        0,  -25951841,          0
 29995,    52,   42000000,   17346729,        0,  -24653271,          0
 29995,    53,   42000000,   15351808,        0,  -26648192,          0
 29995,    54,   42000000,   15308909,        0,  -26691091,          0
 29995,    55,   42000000,   15285908,        0,  -26714092,          0
 29995,    56,   42000000,   16236244,        0,  -25763756,          0
 29995,    57,   42000000,   15319653,        0,  -26680347,          0
 29995,    58,   42000000,   15331571,        0,  -26668429,          0
 29995,    59,   42000000,   17432456,        0,  -24567544,          0
 29995,    60,   42000000,   15311897,        0,  -26688103,          0
 29995,    61,   42000000,   15421356,        0,  -26578644,          0
 29995,    62,   42000000,   15704491,        0,  -26295509,          0
 29995,    63,   42000000,   15486463,        0,  -26513537,          0
 29995,    64,   42000000,   15372203,        0,  -26627797,          0
 29995,    65,   42000000,   15311262,        0,  -26688738,          0
 29995,    66,   42000000,   15376309,        0,  -26623691,          0
 29995,    67,   42000000,   15416753,        0,  -26583247,          0
 29995,    68,   42000000,   17166545,        0,  -24833455,          0
 29995,    69,   42000000,   16340794,        0,  -25659206,          0
 29995,    70,   42000000,   15340781,        0,  -26659219,          0
 29995,    71,   42000000,   15296764,        0,  -26703236,          0
 29995,    72,   42000000,   15614944,        0,  -26385056,          0
 29995,    73,   42000000,   15352172,        0,  -26647828,          0
 29995,    74,   42000000,   17566037,        0,  -24433963,          0
 29995,    75,   42000000,   15358843,        0,  -26641157,          0
 29995,    76,   42000000,   15477885,        0,  -26522115,          0
 29995,    77,   42000000,   15298561,        0,  -26701439,          0
 29995,    78,   42000000,   15381721,        0,  -26618279,          0
 29995,    79,   42000000,   15667988,        0,  -26332012,          0
 29995,    80,   42000000,   15308075,        0,  -26691925,          0
 29995,    81,   42000000,   15325227,        0,  -26674773,          0
 29995,    82,   42000000,   15330183,        0,  -26669817,          0
 29995,    83,   42000000,   15510923,        0,  -26489077,          0
 29995,    84,   42000000,   15486751,        0,  -26513249,          0
 29995,    85,   42000000,   15631522,        0,  -26368478,          0
 29995,    86,   42000000,   15358520,        0,  -26641480,          0
 29995,    87,   42000000,   15391225,        0,  -26608775,          0
 29995,    88,   42000000,   15559988,        0,  -26440012,          0
 29995,    89,   42000000,   15459335,        0,  -26540665,          0
 29995,    90,   42000000,   15297833,        0,  -26702167,          0
 29995,    91,   42000000,   15345145,        0,  -26654855,          0
 29995,    92,   42000000,   16133891,        0,  -25866109,          0
 29995,    93,   42000000,   15310173,        0,  -26689827,          0
 29995,    94,   42000000,   15983489,        0,  -26016511,          0
 29995,    95,   42000000,   15355842,        0,  -26644158,          0
 29995,    96,   42000000,   15596320,        0,  -26403680,          0
 29995,    97,   42000000,   15287537,        0,  -26712463,          0
 29995,    98,   42000000,   15342535,        0,  -26657465,          0
 29995,    99,   42000000,   15621281,        0,  -26378719,          0
 29995,   100,   42000000,   15310317,        0,  -26689683,          0
 29995,   101,   42000000,   18167880,        0,  -23832120,          0
 29995,   102,   42000000,   15372415,        0,  -26627585,          0
 29995,   103,   42000000,   15290590,        0,  -26709410,          0
 29995,   104,   42000000,   15359455,        0,  -26640545,          0
 29995,   105,   42000000,   15296012,        0,  -26703988,          0
 29995,   106,   42000000,   15303860,        0,  -26696140,          0
 29995,   107,   42000000,   15335136,        0,  -26664864,          0
 29995,   108,   42000000,   15429239,        0,  -26570761,          0
 29995,   109,   42000000,   15300156,        0,  -26699844,          0
 29995,   110,   42000000,   15306276,        0,  -26693724,          0
 29995,   111,   42000000,   15394978,        0,  -26605022,          0
 29995,   112,   42000000,   15322018,        0,  -26677982,          0
 29995,   113,   42000000,   17146924,        0,  -24853076,          0
 29995,   114,   42000000,   17494745,        0,  -24505255,          0
 29995,   115,   42000000,   15437371,        0,  -26562629,          0
 29995,   116,   42000000,   15309447,        0,  -26690553,          0
 29995,   117,   42000000,   15971291,        0,  -26028709,          0
 29995,   118,   42000000,   15644423,        0,  -26355577,          0
 29995,   119,   42000000,   15373343,        0,  -26626657,          0
 29995,   120,   42000000,   15290492,        0,  -26709508,          0
 29995,   121,   42000000,   15753025,        0,  -26246975,          0
 29995,   122,   42000000,   18033617,        0,  -23966383,          0
 29995,   123,   42000000,   15337600,        0,  -26662400,          0
 29995,   124,   42000000,   15739573,        0,  -26260427,          0
 29995,   125,   42000000,   15376934,        0,  -26623066,          0
 29995,   126,   42000000,   15363634,        0,  -26636366,          0
 29995,   127,   42000000,   15597408,        0,  -26402592,          0
 29995,   128,   42000000,   15517887,        0,  -26482113,          0
 29995,   129,   42000000,   15341596,        0,  -26658404,          0
 29995,   130,   42000000,   15562636,        0,  -26437364,          0
 29995,   131,   42000000,   15493988,        0,  -26506012,          0
 29995,   132,   42000000,   15411759,        0,  -26588241,          0
 29995,   133,   42000000,   16218947,        0,  -25781053,          0
 29995,   134,   42000000,   15379826,        0,  -26620174,          0
 29995,   135,   42000000,   15489233,        0,  -26510767,          0
 29995,   136,   42000000,   15581771,        0,  -26418229,          0
 29995,   137,   42000000,   15293727,        0,  -26706273,          0
 29995,   138,   42000000,   16262569,        0,  -25737431,          0
 29995,   139,   42000000,   15627471,        0,  -26372529,          0
 29995,   140,   42000000,   15312832,        0,  -26687168,          0
 29995,   141,   42000000,   15328984,        0,  -26671016,          0
 29995,   142,   42000000,   15630372,        0,  -26369628,          0
 29995,   143,   42000000,   15329318,        0,  -26670682,          0
 29995,   144,   42000000,   15334596,        0,  -26665404,          0
 29995,   145,   42000000,   15615604,        0,  -26384396,          0
 29995,   146,   42000000,   15863251,        0,  -26136749,          0
 29995,   147,   42000000,   15352466,        0,  -26647534,          0
 29995,   148,   42000000,   16206468,        0,  -25793532,          0
 29995,   149,   42000000,   15856369,        0,  -26143631,          0
 29995,   150,   42000000,   15284964,        0,  -26715036,          0
 29995,   151,   42000000,   16598157,        0,  -25401843,          0
 29995,   152,   42000000,   15296980,        0,  -26703020,          0
 29995,   153,   42000000,   15912580,        0,  -26087420,          0
 29995,   154,   42000000,   15637348,        0,  -26362652,          0
 29995,   155,   42000000,   16407521,        0,  -25592479,          0
 29995,   156,   42000000,   16341024,        0,  -25658976,          0
 29995,   157,   42000000,   15599015,        0,  -26400985,          0
 29995,   158,   42000000,   15297782,        0,  -26702218,          0
 29995,   159,   42000000,   15275858,        0,  -26724142,          0
 29995,   160,   42000000,   15668105,        0,  -26331895,          0
 29995,   161,   42000000,   15360308,        0,  -26639692,          0
 29995,   162,   42000000,   15722930,        0,  -26277070,          0
 29995,   163,   42000000,   15628174,        0,  -26371826,          0
 29995,   164,   42000000,   15579811,        0,  -26420189,          0
 29995,   165,   42000000,   15299413,        0,  -26700587,          0
 29995,   166,   42000000,   15389809,        0,  -26610191,          0
 29995,   167,   42000000,   15394115,        0,  -26605885,          0
 29995,   168,   42000000,   15283749,        0,  -26716251,          0
 29995,   169,   42000000,   15999835,        0,  -26000165,          0
 29995,   170,   42000000,   15297241,        0,  -26702759,          0
 29995,   171,   42000000,   16842767,        0,  -25157233,          0
 29995,   172,   42000000,   16254433,        0,  -25745567,          0
 29995,   173,   42000000,   15437494,        0,  -26562506,          0
 29995,   174,   42000000,   16050209,        0,  -25949791,          0
 29995,   175,   42000000,   15336913,        0,  -26663087,          0
 29995,   176,   42000000,   15322979,        0,  -26677021,          0
 29995,   177,   42000000,   15283298,        0,  -26716702,          0
 29995,   178,   42000000,   15477925,        0,  -26522075,          0
 29995,   179,   42000000,   15380764,        0,  -26619236,          0
 29995,   180,   42000000,   15390651,        0,  -26609349,          0
 29995,   181,   42000000,   19076591,        0,  -22923409,          0
 29995,   182,   42000000,   15316153,        0,  -26683847,          0
 29995,   183,   42000000,   15443544,        0,  -26556456,          0
 29995,   184,   42000000,   15659692,        0,  -26340308,          0
 29995,   185,   42000000,   16379600,        0,  -25620400,          0
 29995,   186,   42000000,   15361490,        0,  -26638510,          0
 29995,   187,   42000000,   15357486,        0,  -26642514,          0
 29995,   188,   42000000,   15355583,        0,  -26644417,          0
 29995,   189,   42000000,   15306077,        0,  -26693923,          0
 29995,   190,   42000000,   15290004,        0,  -26709996,          0
 29995,   191,   42000000,   15372956,        0,  -26627044,          0
 29995,   192,   42000000,   16318280,        0,  -25681720,          0
 29995,   193,   42000000,   15374460,        0,  -26625540,          0
 29995,   194,   42000000,   15707869,        0,  -26292131,          0
 29995,   195,   42000000,   15376041,        0,  -26623959,          0
 29995,   196,   42000000,   15341867,        0,  -26658133,          0
 29995,   197,   42000000,   15358424,        0,  -26641576,          0
 29995,   198,   42000000,   15483113,        0,  -26516887,          0
 29995,   199,   42000000,   15352064,        0,  -26647936,          0
 29995,   200,   42000000,   15397615,        0,  -26602385,          0
 29995,   201,   42000000,   15388341,        0,  -26611659,          0
 29995,   202,   42000000,   15319471,        0,  -26680529,          0
 29995,   203,   42000000,   15534152,        0,  -26465848,          0
 29995,   204,   42000000,   15308594,        0,  -26691406,          0
 29995,   205,   42000000,   15286236,        0,  -26713764,          0
 29995,   206,   42000000,   15368737,        0,  -26631263,          0
 29995,   207,   42000000,   15590192,        0,  -26409808,          0
 29995,   208,   42000000,   15284694,        0,  -26715306,          0
 29995,   209,   42000000,   15575566,        0,  -26424434,          0
 29995,   210,   42000000,   15327144,        0,  -26672856,          0
 29995,   211,   42000000,   15373565,        0,  -26626435,          0
 29995,   212,   42000000,   15417549,        0,  -26582451,          0
 29995,   213,   42000000,   15376250,        0,  -26623750,          0
 29995,   214,   42000000,   15365392,        0,  -26634608,          0
 29995,   215,   42000000,   15296268,        0,  -26703732,          0
 29995,   216,   42000000,   18423211,        0,  -23576789,          0
 29995,   217,   42000000,   16923595,        0,  -25076405,          0
 29995,   218,   42000000,   15325150,        0,  -26674850,          0
 29995,   219,   42000000,   15535623,        0,  -26464377,          0
 29995,   220,   42000000,   15332322,        0,  -26667678,          0
 29995,   221,   42000000,   15320016,        0,  -26679984,          0
 29995,   222,   42000000,   15297657,        0,  -26702343,          0
 29995,   223,   42000000,   15778082,        0,  -26221918,          0
 29995,   224,   42000000,   15300164,        0,  -26699836,          0
 29995,   225,   42000000,   15373992,        0,  -26626008,          0
 29995,   226,   42000000,   16392937,        0,  -25607063,          0
 29995,   227,   42000000,   15348134,        0,  -26651866,          0
 29995,   228,   42000000,   16447339,        0,  -25552661,          0
 29995,   229,   42000000,   15289241,        0,  -26710759,          0
 29995,   230,   42000000,   15302426,        0,  -26697574,          0
 29995,   231,   42000000,   15507242,        0,  -26492758,          0
 29995,   232,   42000000,   15592636,        0,  -26407364,          0
 29995,   233,   42000000,   16388911,        0,  -25611089,          0
 29995,   234,   42000000,   15308864,        0,  -26691136,          0
 29995,   235,   42000000,   15483161,        0,  -26516839,          0
 29995,   236,   42000000,   15352508,        0,  -26647492,          0
 29995,   237,   42000000,   15441621,        0,  -26558379,          0
 29995,   238,   42000000,   15351601,        0,  -26648399,          0
 29995,   239,   42000000,   16908400,        0,  -25091600,          0
 29995,   240,   42000000,   15291445,        0,  -26708555,          0
 29995,   241,   42000000,   17685047,        0,  -24314953,          0
 29995,   242,   42000000,   16345010,        0,  -25654990,          0
