# Task,   Job,     Period,   Response, DL Miss?,   Lateness,  Tardiness
# task NAME=myapp PID=5005 COST=38000000 PERIOD=95000000 CPU=0
  5005,     2,   95000000,      11137,        0,  -94988863,          0
  5005,     3,   95000000,      33046,        0,  -94966954,          0
  5005,     4,   95000000,   38549570,        0,  -56450430,          0
  5005,     5,   95000000,   37497331,        0,  -57502669,          0
  5005,     6,   95000000,   37208468,        0,  -57791532,          0
  5005,     7,   95000000,   37188906,        0,  -57811094,          0
  5005,     8,   95000000,   37187221,        0,  -57812779,          0
  5005,     9,   95000000,   37467338,        0,  -57532662,          0
  5005,    10,   95000000,   37330145,        0,  -57669855,          0
  5005,    11,   95000000,   37203083,        0,  -57796917,          0
  5005,    12,   95000000,   37174799,        0,  -57825201,          0
  5005,    13,   95000000,   37442121,        0,  -57557879,          0
  5005,    14,   95000000,   37183799,        0,  -57816201,          0
  5005,    15,   95000000,   37263515,        0,  -57736485,          0
  5005,    16,   95000000,   37181200,        0,  -57818800,          0
  5005,    17,   95000000,   37471663,        0,  -57528337,          0
  5005,    18,   95000000,   37184677,        0,  -57815323,          0
  5005,    19,   95000000,   37212355,        0,  -57787645,          0
  5005,    20,   95000000,   37195202,        0,  -57804798,          0
  5005,    21,   95000000,   37506233,        0,  -57493767,          0
  5005,    22,   95000000,   37209018,        0,  -57790982,          0
  5005,    23,   95000000,   37171810,        0,  -57828190,          0
  5005,    24,   95000000,   37233218,        0,  -57766782,          0
  5005,    25,   95000000,   37462763,        0,  -57537237,          0
  5005,    26,   95000000,   37480523,        0,  -57519477,          0
  5005,    27,   95000000,   37203298,        0,  -57796702,          0
  5005,    28,   95000000,   37167959,        0,  -57832041,          0
  5005,    29,   95000000,   37505305,        0,  -57494695,          0
  5005,    30,   95000000,   37459246,        0,  -57540754,          0
  5005,    31,   95000000,   37181283,        0,  -57818717,          0
  5005,    32,   95000000,   37176502,        0,  -57823498,          0
  5005,    33,   95000000,   37344577,        0,  -57655423,          0
  5005,    34,   95000000,   37628331,        0,  -57371669,          0
  5005,    35,   95000000,   37460674,        0,  -57539326,          0
  5005,    36,   95000000,   37290631,        0,  -57709369,          0
  5005,    37,   95000000,   37211720,        0,  -57788280,          0
  5005,    38,   95000000,   37477664,        0,  -57522336,          0
  5005,    39,   95000000,   37180669,        0,  -57819331,          0
  5005,    40,   95000000,   37200960,        0,  -57799040,          0
  5005,    41,   95000000,   37186081,        0,  -57813919,          0
  5005,    42,   95000000,   37477047,        0,  -57522953,          0
  5005,    43,   95000000,   37194263,        0,  -57805737,          0
  5005,    44,   95000000,   37189155,        0,  -57810845,          0
  5005,    45,   95000000,   37174928,        0,  -57825072,          0
  5005,    46,   95000000,   37471526,        0,  -57528474,          0
  5005,    47,   95000000,   37186212,        0,  -57813788,          0
  5005,    48,   95000000,   37376175,        0,  -57623825,          0
  5005,    49,   95000000,   37204697,        0,  -57795303,          0
  5005,    50,   95000000,   37519783,        0,  -57480217,          0
  5005,    51,   95000000,   37496428,        0,  -57503572,          0
  5005,    52,   95000000,   37207096,        0,  -57792904,          0
  5005,    53,   95000000,   37318067,        0,  -57681933,          0
  5005,    54,   95000000,   37462103,        0,  -57537897,          0
  5005,    55,   95000000,   37614894,        0,  -57385106,          0
  5005,    56,   95000000,   37185011,        0,  -57814989,          0
  5005,    57,   95000000,   37295590,        0,  -57704410,          0
  5005,    58,   95000000,   37354280,        0,  -57645720,          0
  5005,    59,   95000000,   37485778,        0,  -57514222,          0
  5005,    60,   95000000,   37190392,        0,  -57809608,          0
  5005,    61,   95000000,   37177930,        0,  -57822070,          0
  5005,    62,   95000000,   37204809,        0,  -57795191,          0
  5005,    63,   95000000,   37606333,        0,  -57393667,          0
  5005,    64,   95000000,   37334038,        0,  -57665962,          0
  5005,    65,   95000000,   37187013,        0,  -57812987,          0
  5005,    66,   95000000,   37327766,        0,  -57672234,          0
  5005,    67,   95000000,   37642140,        0,  -57357860,          0
  5005,    68,   95000000,   37236410,        0,  -57763590,          0
  5005,    69,   95000000,   37261109,        0,  -57738891,          0
  5005,    70,   95000000,   37181138,        0,  -57818862,          0
  5005,    71,   95000000,   37479400,        0,  -57520600,          0
  5005,    72,   95000000,   37201409,        0,  -57798591,          0
  5005,    73,   95000000,   37185443,        0,  -57814557,          0
  5005,    74,   95000000,   37335562,        0,  -57664438,          0
  5005,    75,   95000000,   37675292,        0,  -57324708,          0
  5005,    76,   95000000,   37705927,        0,  -57294073,          0
  5005,    77,   95000000,   37319206,        0,  -57680794,          0
  5005,    78,   95000000,   37258358,        0,  -57741642,          0
  5005,    79,   95000000,   37483362,        0,  -57516638,          0
  5005,    80,   95000000,   37476903,        0,  -57523097,          0
  5005,    81,   95000000,   37180807,        0,  -57819193,          0
  5005,    82,   95000000,   37188414,        0,  -57811586,          0
  5005,    83,   95000000,   37195034,        0,  -57804966,          0
  5005,    84,   95000000,   37500040,        0,  -57499960,          0
  5005,    85,   95000000,   37199012,        0,  -57800988,          0
  5005,    86,   95000000,   37183393,        0,  -57816607,          0
  5005,    87,   95000000,   37176182,        0,  -57823818,          0
  5005,    88,   95000000,   37472832,        0,  -57527168,          0
  5005,    89,   95000000,   37196229,        0,  -57803771,          0
  5005,    90,   95000000,   37205902,        0,  -57794098,          0
  5005,    91,   95000000,   37200888,        0,  -57799112,          0
  5005,    92,   95000000,   37463195,        0,  -57536805,          0
  5005,    93,   95000000,   37505069,        0,  -57494931,          0
  5005,    94,   95000000,   37229559,        0,  -57770441,          0
  5005,    95,   95000000,   37338454,        0,  -57661546,          0
  5005,    96,   95000000,   37687807,        0,  -57312193,          0
  5005,    97,   95000000,   37276510,        0,  -57723490,          0
  5005,    98,   95000000,   37193954,        0,  -57806046,          0
  5005,    99,   95000000,   37314365,        0,  -57685635,          0
  5005,   100,   95000000,   37482529,        0,  -57517471,          0
  5005,   101,   95000000,   37485422,        0,  -57514578,          0
  5005,   102,   95000000,   37196553,        0,  -57803447,          0
  5005,   103,   95000000,   37187857,        0,  -57812143,          0
  5005,   104,   95000000,   37494498,        0,  -57505502,          0
  5005,   105,   95000000,   37458728,        0,  -57541272,          0
  5005,   106,   95000000,   37326272,        0,  -57673728,          0
  5005,   107,   95000000,   37175833,        0,  -57824167,          0
  5005,   108,   95000000,   37198576,        0,  -57801424,          0
  5005,   109,   95000000,   37463926,        0,  -57536074,          0
