241 241 0
183 183 0
389 389 0
110 110 0
195 195 0
110 110 0
119 119 0
164 164 0
106 106 0
326 326 0
232 232 0
161 161 0
141 141 0
128 128 0
119 119 0
199 199 0
162 162 0
114 114 0
387 387 0
505 505 0
531 531 0
128 128 0
136 136 0
122 122 0
131 131 0
479 479 0
374 374 0
127 127 0
140 140 0
389 389 0
122 122 0
109 109 0
195 195 0
152 152 0
148 148 0
387 387 0
181 181 0
159 159 0
155 155 0
241 241 0
175 175 0
1005 1005 0
106 106 0
236 236 0
421 421 0
193 193 0
259 259 0
136 136 0
243 243 0
289 289 0
161 161 0
121 121 0
137 137 0
124 124 0
163 163 0
120 120 0
309 309 0
112 112 0
238 238 0
251 251 0
123 123 0
247 247 0
350 350 0
338 338 0
113 113 0
139 139 0
169 169 0
212 212 0
311 311 0
839 839 0
267 267 0
145 145 0
116 116 0
139 139 0
208 208 0
107 107 0
253 253 0
186 186 0
108 108 0
558 558 0
390 390 0
205 205 0
267 267 0
121 121 0
103 103 0
348 348 0
135 135 0
420 420 0
227 227 0
125 125 0
592 592 0
167 167 0
199 199 0
116 116 0
