371 371 0
361 361 0
142 142 0
158 158 0
411 411 0
640 640 0
637 637 0
198 198 0
117 117 0
132 132 0
266 266 0
124 124 0
678 678 0
170 170 0
200 200 0
138 138 0
114 114 0
188 188 0
348 348 0
127 127 0
155 155 0
138 138 0
137 137 0
237 237 0
159 159 0
599 599 0
231 231 0
124 124 0
145 145 0
1592 1592 0
146 146 0
159 159 0
129 129 0
384 384 0
573 573 0
147 147 0
140 140 0
198 198 0
1010 1010 0
264 264 0
312 312 0
206 206 0
230 230 0
152 152 0
171 171 0
371 371 0
309 309 0
261 261 0
1016 1016 0
407 407 0
122 122 0
679 679 0
137 137 0
267 267 0
146 146 0
117 117 0
418 418 0
