# Task,   Job,     Period,   Response, DL Miss?,   Lateness,  Tardiness
# task NAME=myapp PID=23421 COST=61641000 PERIOD=70000000 CPU=0
 23421,     2,   70000000,      10110,        0,  -69989890,          0
 23421,     3,   70000000,      57548,        0,  -69942452,          0
 23421,     4,   70000000,   61736703,        0,   -8263297,          0
 23421,     5,   70000000,   60346746,        0,   -9653254,          0
 23421,     6,   70000000,   60646142,        0,   -9353858,          0
 23421,     7,   70000000,   60423452,        0,   -9576548,          0
 23421,     8,   70000000,   60666811,        0,   -9333189,          0
 23421,     9,   70000000,   60364114,        0,   -9635886,          0
 23421,    10,   70000000,   60605952,        0,   -9394048,          0
 23421,    11,   70000000,   60342992,        0,   -9657008,          0
 23421,    12,   70000000,   60344238,        0,   -9655762,          0
 23421,    13,   70000000,   60686586,        0,   -9313414,          0
 23421,    14,   70000000,   60332450,        0,   -9667550,          0
 23421,    15,   70000000,   60629788,        0,   -9370212,          0
 23421,    16,   70000000,   60371570,        0,   -9628430,          0
 23421,    17,   70000000,   60615098,        0,   -9384902,          0
 23421,    18,   70000000,   60391115,        0,   -9608885,          0
 23421,    19,   70000000,   60633909,        0,   -9366091,          0
 23421,    20,   70000000,   60603265,        0,   -9396735,          0
 23421,    21,   70000000,   61346553,        0,   -8653447,          0
 23421,    22,   70000000,   60626656,        0,   -9373344,          0
 23421,    23,   70000000,   60357813,        0,   -9642187,          0
 23421,    24,   70000000,   60629722,        0,   -9370278,          0
 23421,    25,   70000000,   60346537,        0,   -9653463,          0
 23421,    26,   70000000,   60635015,        0,   -9364985,          0
 23421,    27,   70000000,   60379794,        0,   -9620206,          0
 23421,    28,   70000000,   60638586,        0,   -9361414,          0
 23421,    29,   70000000,   60633084,        0,   -9366916,          0
 23421,    30,   70000000,   60361698,        0,   -9638302,          0
 23421,    31,   70000000,   60630631,        0,   -9369369,          0
 23421,    32,   70000000,   60357188,        0,   -9642812,          0
 23421,    33,   70000000,   60727866,        0,   -9272134,          0
 23421,    34,   70000000,   60341728,        0,   -9658272,          0
 23421,    35,   70000000,   60690292,        0,   -9309708,          0
 23421,    36,   70000000,   60358714,        0,   -9641286,          0
 23421,    37,   70000000,   60347758,        0,   -9652242,          0
 23421,    38,   70000000,   60657578,        0,   -9342422,          0
 23421,    39,   70000000,   60355844,        0,   -9644156,          0
 23421,    40,   70000000,   60610815,        0,   -9389185,          0
 23421,    41,   70000000,   60335228,        0,   -9664772,          0
 23421,    42,   70000000,   60617687,        0,   -9382313,          0
 23421,    43,   70000000,   60349956,        0,   -9650044,          0
 23421,    44,   70000000,   60616693,        0,   -9383307,          0
 23421,    45,   70000000,   60401254,        0,   -9598746,          0
 23421,    46,   70000000,   60360007,        0,   -9639993,          0
 23421,    47,   70000000,   60874931,        0,   -9125069,          0
 23421,    48,   70000000,   60390019,        0,   -9609981,          0
 23421,    49,   70000000,   60612100,        0,   -9387900,          0
 23421,    50,   70000000,   60637925,        0,   -9362075,          0
 23421,    51,   70000000,   60887044,        0,   -9112956,          0
 23421,    52,   70000000,   60585714,        0,   -9414286,          0
 23421,    53,   70000000,   60631098,        0,   -9368902,          0
 23421,    54,   70000000,   60650175,        0,   -9349825,          0
 23421,    55,   70000000,   60357187,        0,   -9642813,          0
 23421,    56,   70000000,   60625305,        0,   -9374695,          0
 23421,    57,   70000000,   60606611,        0,   -9393389,          0
 23421,    58,   70000000,   60629335,        0,   -9370665,          0
 23421,    59,   70000000,   60330515,        0,   -9669485,          0
 23421,    60,   70000000,   60756604,        0,   -9243396,          0
 23421,    61,   70000000,   60389858,        0,   -9610142,          0
 23421,    62,   70000000,   60350046,        0,   -9649954,          0
 23421,    63,   70000000,   61727811,        0,   -8272189,          0
 23421,    64,   70000000,   60475421,        0,   -9524579,          0
 23421,    65,   70000000,   60622492,        0,   -9377508,          0
 23421,    66,   70000000,   60377242,        0,   -9622758,          0
 23421,    67,   70000000,   60635944,        0,   -9364056,          0
 23421,    68,   70000000,   60342858,        0,   -9657142,          0
 23421,    69,   70000000,   60623391,        0,   -9376609,          0
 23421,    70,   70000000,   60357371,        0,   -9642629,          0
 23421,    71,   70000000,   60353119,        0,   -9646881,          0
 23421,    72,   70000000,   60636161,        0,   -9363839,          0
 23421,    73,   70000000,   60336803,        0,   -9663197,          0
 23421,    74,   70000000,   60838036,        0,   -9161964,          0
 23421,    75,   70000000,   60370329,        0,   -9629671,          0
 23421,    76,   70000000,   60633149,        0,   -9366851,          0
 23421,    77,   70000000,   60600584,        0,   -9399416,          0
 23421,    78,   70000000,   60944393,        0,   -9055607,          0
 23421,    79,   70000000,   60640047,        0,   -9359953,          0
 23421,    80,   70000000,   60628448,        0,   -9371552,          0
 23421,    81,   70000000,   60861908,        0,   -9138092,          0
 23421,    82,   70000000,   60342140,        0,   -9657860,          0
 23421,    83,   70000000,   60876484,        0,   -9123516,          0
 23421,    84,   70000000,   60354349,        0,   -9645651,          0
 23421,    85,   70000000,   60609302,        0,   -9390698,          0
 23421,    86,   70000000,   60326512,        0,   -9673488,          0
 23421,    87,   70000000,   60485925,        0,   -9514075,          0
 23421,    88,   70000000,   60643364,        0,   -9356636,          0
 23421,    89,   70000000,   60338403,        0,   -9661597,          0
 23421,    90,   70000000,   60649790,        0,   -9350210,          0
 23421,    91,   70000000,   60614128,        0,   -9385872,          0
 23421,    92,   70000000,   60685145,        0,   -9314855,          0
 23421,    93,   70000000,   60330993,        0,   -9669007,          0
 23421,    94,   70000000,   60613750,        0,   -9386250,          0
 23421,    95,   70000000,   60330439,        0,   -9669561,          0
 23421,    96,   70000000,   60337428,        0,   -9662572,          0
 23421,    97,   70000000,   60883971,        0,   -9116029,          0
 23421,    98,   70000000,   60347274,        0,   -9652726,          0
 23421,    99,   70000000,   60630767,        0,   -9369233,          0
 23421,   100,   70000000,   60623510,        0,   -9376490,          0
 23421,   101,   70000000,   60625274,        0,   -9374726,          0
 23421,   102,   70000000,   60349214,        0,   -9650786,          0
 23421,   103,   70000000,   60606068,        0,   -9393932,          0
 23421,   104,   70000000,   60895583,        0,   -9104417,          0
 23421,   105,   70000000,   60764578,        0,   -9235422,          0
 23421,   106,   70000000,   60627275,        0,   -9372725,          0
 23421,   107,   70000000,   60408381,        0,   -9591619,          0
 23421,   108,   70000000,   60630198,        0,   -9369802,          0
 23421,   109,   70000000,   60357295,        0,   -9642705,          0
 23421,   110,   70000000,   60627456,        0,   -9372544,          0
 23421,   111,   70000000,   60394466,        0,   -9605534,          0
 23421,   112,   70000000,   60584900,        0,   -9415100,          0
 23421,   113,   70000000,   60871260,        0,   -9128740,          0
 23421,   114,   70000000,   60358091,        0,   -9641909,          0
 23421,   115,   70000000,   60632396,        0,   -9367604,          0
 23421,   116,   70000000,   60351279,        0,   -9648721,          0
 23421,   117,   70000000,   61739391,        0,   -8260609,          0
 23421,   118,   70000000,   60369062,        0,   -9630938,          0
 23421,   119,   70000000,   60637640,        0,   -9362360,          0
 23421,   120,   70000000,   60358935,        0,   -9641065,          0
 23421,   121,   70000000,   60454225,        0,   -9545775,          0
 23421,   122,   70000000,   60615031,        0,   -9384969,          0
 23421,   123,   70000000,   60383186,        0,   -9616814,          0
 23421,   124,   70000000,   60612598,        0,   -9387402,          0
 23421,   125,   70000000,   60339677,        0,   -9660323,          0
 23421,   126,   70000000,   60602567,        0,   -9397433,          0
 23421,   127,   70000000,   60336745,        0,   -9663255,          0
 23421,   128,   70000000,   60612750,        0,   -9387250,          0
 23421,   129,   70000000,   60666450,        0,   -9333550,          0
 23421,   130,   70000000,   60351475,        0,   -9648525,          0
 23421,   131,   70000000,   60868652,        0,   -9131348,          0
 23421,   132,   70000000,   60367889,        0,   -9632111,          0
 23421,   133,   70000000,   60617475,        0,   -9382525,          0
 23421,   134,   70000000,   60568658,        0,   -9431342,          0
 23421,   135,   70000000,   62638923,        0,   -7361077,          0
 23421,   136,   70000000,   60352806,        0,   -9647194,          0
 23421,   137,   70000000,   60638724,        0,   -9361276,          0
 23421,   138,   70000000,   60604303,        0,   -9395697,          0
 23421,   139,   70000000,   60318223,        0,   -9681777,          0
 23421,   140,   70000000,   60595753,        0,   -9404247,          0
 23421,   141,   70000000,   60321597,        0,   -9678403,          0
 23421,   142,   70000000,   60608188,        0,   -9391812,          0
 23421,   143,   70000000,   60323681,        0,   -9676319,          0
 23421,   144,   70000000,   61308373,        0,   -8691627,          0
 23421,   145,   70000000,   60326090,        0,   -9673910,          0
 23421,   146,   70000000,   60313083,        0,   -9686917,          0
# task NAME=myapp PID=23424 COST=10907000 PERIOD=21000000 CPU=0
 23424,     2,   21000000,      11490,        0,  -20988510,          0
 23424,     3,   21000000,      49633,        0,  -20950367,          0
 23424,     4,   21000000,   11723482,        0,   -9276518,          0
 23424,     5,   21000000,   10684875,        0,  -10315125,          0
 23424,     6,   21000000,   10679833,        0,  -10320167,          0
 23424,     7,   21000000,   10726026,        0,  -10273974,          0
 23424,     8,   21000000,   10713920,        0,  -10286080,          0
 23424,     9,   21000000,   11510803,        0,   -9489197,          0
 23424,    10,   21000000,   10693035,        0,  -10306965,          0
 23424,    11,   21000000,   10718404,        0,  -10281596,          0
 23424,    12,   21000000,   10744296,        0,  -10255704,          0
 23424,    13,   21000000,   10711265,        0,  -10288735,          0
 23424,    14,   21000000,   10713449,        0,  -10286551,          0
 23424,    15,   21000000,   10981493,        0,  -10018507,          0
 23424,    16,   21000000,   10712775,        0,  -10287225,          0
 23424,    17,   21000000,   10746881,        0,  -10253119,          0
 23424,    18,   21000000,   10761306,        0,  -10238694,          0
 23424,    19,   21000000,   10692207,        0,  -10307793,          0
 23424,    20,   21000000,   10716752,        0,  -10283248,          0
 23424,    21,   21000000,   10747895,        0,  -10252105,          0
 23424,    22,   21000000,   10713353,        0,  -10286647,          0
 23424,    23,   21000000,   10704676,        0,  -10295324,          0
 23424,    24,   21000000,   10702621,        0,  -10297379,          0
 23424,    25,   21000000,   10749165,        0,  -10250835,          0
 23424,    26,   21000000,   10694864,        0,  -10305136,          0
 23424,    27,   21000000,   10696351,        0,  -10303649,          0
 23424,    28,   21000000,   10744882,        0,  -10255118,          0
 23424,    29,   21000000,   10733376,        0,  -10266624,          0
 23424,    30,   21000000,   10691912,        0,  -10308088,          0
 23424,    31,   21000000,   10703705,        0,  -10296295,          0
 23424,    32,   21000000,   10695009,        0,  -10304991,          0
 23424,    33,   21000000,   10751983,        0,  -10248017,          0
 23424,    34,   21000000,   10723320,        0,  -10276680,          0
 23424,    35,   21000000,   10744968,        0,  -10255032,          0
 23424,    36,   21000000,   10698759,        0,  -10301241,          0
 23424,    37,   21000000,   10777340,        0,  -10222660,          0
 23424,    38,   21000000,   10742408,        0,  -10257592,          0
 23424,    39,   21000000,   10729662,        0,  -10270338,          0
 23424,    40,   21000000,   10723853,        0,  -10276147,          0
 23424,    41,   21000000,   10752764,        0,  -10247236,          0
 23424,    42,   21000000,   10730777,        0,  -10269223,          0
 23424,    43,   21000000,   10696470,        0,  -10303530,          0
 23424,    44,   21000000,   10740792,        0,  -10259208,          0
 23424,    45,   21000000,   10714980,        0,  -10285020,          0
 23424,    46,   21000000,   10681318,        0,  -10318682,          0
 23424,    47,   21000000,   10757746,        0,  -10242254,          0
 23424,    48,   21000000,   10724508,        0,  -10275492,          0
 23424,    49,   21000000,   10729786,        0,  -10270214,          0
 23424,    50,   21000000,   10689970,        0,  -10310030,          0
 23424,    51,   21000000,   10687374,        0,  -10312626,          0
 23424,    52,   21000000,   10726171,        0,  -10273829,          0
 23424,    53,   21000000,   10690776,        0,  -10309224,          0
 23424,    54,   21000000,   10718436,        0,  -10281564,          0
 23424,    55,   21000000,   10742267,        0,  -10257733,          0
 23424,    56,   21000000,   10716828,        0,  -10283172,          0
 23424,    57,   21000000,   10799366,        0,  -10200634,          0
 23424,    58,   21000000,   10726272,        0,  -10273728,          0
 23424,    59,   21000000,   10777600,        0,  -10222400,          0
 23424,    60,   21000000,   10697589,        0,  -10302411,          0
 23424,    61,   21000000,   10694831,        0,  -10305169,          0
 23424,    62,   21000000,   10707205,        0,  -10292795,          0
 23424,    63,   21000000,   10752044,        0,  -10247956,          0
 23424,    64,   21000000,   10821651,        0,  -10178349,          0
 23424,    65,   21000000,   10706476,        0,  -10293524,          0
 23424,    66,   21000000,   10735706,        0,  -10264294,          0
 23424,    67,   21000000,   11694903,        0,   -9305097,          0
 23424,    68,   21000000,   10705566,        0,  -10294434,          0
 23424,    69,   21000000,   10732972,        0,  -10267028,          0
 23424,    70,   21000000,   10697797,        0,  -10302203,          0
 23424,    71,   21000000,   10733068,        0,  -10266932,          0
 23424,    72,   21000000,   10739831,        0,  -10260169,          0
 23424,    73,   21000000,   10710532,        0,  -10289468,          0
 23424,    74,   21000000,   10732631,        0,  -10267369,          0
 23424,    75,   21000000,   10737956,        0,  -10262044,          0
 23424,    76,   21000000,   10720820,        0,  -10279180,          0
 23424,    77,   21000000,   10770320,        0,  -10229680,          0
 23424,    78,   21000000,   10813042,        0,  -10186958,          0
 23424,    79,   21000000,   10721731,        0,  -10278269,          0
 23424,    80,   21000000,   11039908,        0,   -9960092,          0
 23424,    81,   21000000,   10685458,        0,  -10314542,          0
 23424,    82,   21000000,   10714588,        0,  -10285412,          0
 23424,    83,   21000000,   10711615,        0,  -10288385,          0
 23424,    84,   21000000,   10704012,        0,  -10295988,          0
 23424,    85,   21000000,   10705155,        0,  -10294845,          0
 23424,    86,   21000000,   10982877,        0,  -10017123,          0
 23424,    87,   21000000,   11441544,        0,   -9558456,          0
 23424,    88,   21000000,   10695615,        0,  -10304385,          0
 23424,    89,   21000000,   10725172,        0,  -10274828,          0
 23424,    90,   21000000,   10786939,        0,  -10213061,          0
 23424,    91,   21000000,   10765134,        0,  -10234866,          0
 23424,    92,   21000000,   10996389,        0,  -10003611,          0
 23424,    93,   21000000,   10702876,        0,  -10297124,          0
 23424,    94,   21000000,   10726671,        0,  -10273329,          0
 23424,    95,   21000000,   10691512,        0,  -10308488,          0
 23424,    96,   21000000,   10691982,        0,  -10308018,          0
 23424,    97,   21000000,   10795809,        0,  -10204191,          0
 23424,    98,   21000000,   10999810,        0,  -10000190,          0
 23424,    99,   21000000,   10737047,        0,  -10262953,          0
 23424,   100,   21000000,   10789121,        0,  -10210879,          0
 23424,   101,   21000000,   10693166,        0,  -10306834,          0
 23424,   102,   21000000,   10730395,        0,  -10269605,          0
 23424,   103,   21000000,   10734877,        0,  -10265123,          0
 23424,   104,   21000000,   10990257,        0,  -10009743,          0
 23424,   105,   21000000,   10700142,        0,  -10299858,          0
 23424,   106,   21000000,   10755123,        0,  -10244877,          0
 23424,   107,   21000000,   10723457,        0,  -10276543,          0
 23424,   108,   21000000,   10740592,        0,  -10259408,          0
 23424,   109,   21000000,   10738021,        0,  -10261979,          0
 23424,   110,   21000000,   10969779,        0,  -10030221,          0
 23424,   111,   21000000,   10718838,        0,  -10281162,          0
 23424,   112,   21000000,   10699221,        0,  -10300779,          0
 23424,   113,   21000000,   10700761,        0,  -10299239,          0
 23424,   114,   21000000,   10687924,        0,  -10312076,          0
 23424,   115,   21000000,   10711049,        0,  -10288951,          0
 23424,   116,   21000000,   10958529,        0,  -10041471,          0
 23424,   117,   21000000,   10692402,        0,  -10307598,          0
 23424,   118,   21000000,   10703151,        0,  -10296849,          0
 23424,   119,   21000000,   10852734,        0,  -10147266,          0
 23424,   120,   21000000,   10722117,        0,  -10277883,          0
 23424,   121,   21000000,   10691561,        0,  -10308439,          0
 23424,   122,   21000000,   11044557,        0,   -9955443,          0
 23424,   123,   21000000,   10695107,        0,  -10304893,          0
 23424,   124,   21000000,   10715410,        0,  -10284590,          0
 23424,   125,   21000000,   10717383,        0,  -10282617,          0
 23424,   126,   21000000,   10697483,        0,  -10302517,          0
 23424,   127,   21000000,   10688983,        0,  -10311017,          0
 23424,   128,   21000000,   11029428,        0,   -9970572,          0
 23424,   129,   21000000,   10720796,        0,  -10279204,          0
 23424,   130,   21000000,   10754499,        0,  -10245501,          0
 23424,   131,   21000000,   10703563,        0,  -10296437,          0
 23424,   132,   21000000,   10740563,        0,  -10259437,          0
 23424,   133,   21000000,   10694637,        0,  -10305363,          0
 23424,   134,   21000000,   11026461,        0,   -9973539,          0
 23424,   135,   21000000,   10729223,        0,  -10270777,          0
 23424,   136,   21000000,   10767225,        0,  -10232775,          0
 23424,   137,   21000000,   10692437,        0,  -10307563,          0
 23424,   138,   21000000,   10691010,        0,  -10308990,          0
 23424,   139,   21000000,   10709304,        0,  -10290696,          0
 23424,   140,   21000000,   10985071,        0,  -10014929,          0
 23424,   141,   21000000,   10752442,        0,  -10247558,          0
 23424,   142,   21000000,   10690913,        0,  -10309087,          0
 23424,   143,   21000000,   10725175,        0,  -10274825,          0
 23424,   144,   21000000,   10693494,        0,  -10306506,          0
 23424,   145,   21000000,   10696261,        0,  -10303739,          0
 23424,   146,   21000000,   10751986,        0,  -10248014,          0
 23424,   147,   21000000,   10741643,        0,  -10258357,          0
 23424,   148,   21000000,   10713972,        0,  -10286028,          0
 23424,   149,   21000000,   10810177,        0,  -10189823,          0
 23424,   150,   21000000,   10704715,        0,  -10295285,          0
 23424,   151,   21000000,   10695771,        0,  -10304229,          0
 23424,   152,   21000000,   10791739,        0,  -10208261,          0
 23424,   153,   21000000,   10751242,        0,  -10248758,          0
 23424,   154,   21000000,   10749252,        0,  -10250748,          0
 23424,   155,   21000000,   10698229,        0,  -10301771,          0
 23424,   156,   21000000,   10678706,        0,  -10321294,          0
 23424,   157,   21000000,   11492713,        0,   -9507287,          0
 23424,   158,   21000000,   10703155,        0,  -10296845,          0
 23424,   159,   21000000,   10819148,        0,  -10180852,          0
 23424,   160,   21000000,   10704038,        0,  -10295962,          0
 23424,   161,   21000000,   10707230,        0,  -10292770,          0
 23424,   162,   21000000,   10723205,        0,  -10276795,          0
 23424,   163,   21000000,   10698351,        0,  -10301649,          0
 23424,   164,   21000000,   10699538,        0,  -10300462,          0
 23424,   165,   21000000,   10716449,        0,  -10283551,          0
 23424,   166,   21000000,   10689121,        0,  -10310879,          0
 23424,   167,   21000000,   10731240,        0,  -10268760,          0
 23424,   168,   21000000,   10705786,        0,  -10294214,          0
 23424,   169,   21000000,   10721614,        0,  -10278386,          0
 23424,   170,   21000000,   10690712,        0,  -10309288,          0
 23424,   171,   21000000,   10754038,        0,  -10245962,          0
 23424,   172,   21000000,   10784403,        0,  -10215597,          0
 23424,   173,   21000000,   10722844,        0,  -10277156,          0
 23424,   174,   21000000,   10712464,        0,  -10287536,          0
 23424,   175,   21000000,   10685100,        0,  -10314900,          0
 23424,   176,   21000000,   10699330,        0,  -10300670,          0
 23424,   177,   21000000,   10694562,        0,  -10305438,          0
 23424,   178,   21000000,   10757113,        0,  -10242887,          0
 23424,   179,   21000000,   10746264,        0,  -10253736,          0
 23424,   180,   21000000,   10694608,        0,  -10305392,          0
 23424,   181,   21000000,   10741460,        0,  -10258540,          0
 23424,   182,   21000000,   10748760,        0,  -10251240,          0
 23424,   183,   21000000,   10713495,        0,  -10286505,          0
 23424,   184,   21000000,   10714498,        0,  -10285502,          0
 23424,   185,   21000000,   10715732,        0,  -10284268,          0
 23424,   186,   21000000,   10729419,        0,  -10270581,          0
 23424,   187,   21000000,   10700820,        0,  -10299180,          0
 23424,   188,   21000000,   10728498,        0,  -10271502,          0
 23424,   189,   21000000,   10992756,        0,  -10007244,          0
 23424,   190,   21000000,   10760219,        0,  -10239781,          0
 23424,   191,   21000000,   10848974,        0,  -10151026,          0
 23424,   192,   21000000,   10756712,        0,  -10243288,          0
 23424,   193,   21000000,   10734935,        0,  -10265065,          0
 23424,   194,   21000000,   10775937,        0,  -10224063,          0
 23424,   195,   21000000,   10701152,        0,  -10298848,          0
 23424,   196,   21000000,   10705038,        0,  -10294962,          0
 23424,   197,   21000000,   10701781,        0,  -10298219,          0
 23424,   198,   21000000,   10764623,        0,  -10235377,          0
 23424,   199,   21000000,   10709048,        0,  -10290952,          0
 23424,   200,   21000000,   10743440,        0,  -10256560,          0
 23424,   201,   21000000,   10708758,        0,  -10291242,          0
 23424,   202,   21000000,   10688100,        0,  -10311900,          0
 23424,   203,   21000000,   11331070,        0,   -9668930,          0
 23424,   204,   21000000,   10769320,        0,  -10230680,          0
 23424,   205,   21000000,   11025627,        0,   -9974373,          0
 23424,   206,   21000000,   10750349,        0,  -10249651,          0
 23424,   207,   21000000,   10791389,        0,  -10208611,          0
 23424,   208,   21000000,   10741092,        0,  -10258908,          0
 23424,   209,   21000000,   10724513,        0,  -10275487,          0
 23424,   210,   21000000,   10713855,        0,  -10286145,          0
 23424,   211,   21000000,   11044329,        0,   -9955671,          0
 23424,   212,   21000000,   10706290,        0,  -10293710,          0
 23424,   213,   21000000,   10751414,        0,  -10248586,          0
 23424,   214,   21000000,   10688924,        0,  -10311076,          0
 23424,   215,   21000000,   10692720,        0,  -10307280,          0
 23424,   216,   21000000,   10696482,        0,  -10303518,          0
 23424,   217,   21000000,   10972714,        0,  -10027286,          0
 23424,   218,   21000000,   10716531,        0,  -10283469,          0
 23424,   219,   21000000,   10734927,        0,  -10265073,          0
 23424,   220,   21000000,   10751267,        0,  -10248733,          0
 23424,   221,   21000000,   10706535,        0,  -10293465,          0
 23424,   222,   21000000,   10704473,        0,  -10295527,          0
 23424,   223,   21000000,   10979099,        0,  -10020901,          0
 23424,   224,   21000000,   10749098,        0,  -10250902,          0
 23424,   225,   21000000,   10708184,        0,  -10291816,          0
 23424,   226,   21000000,   10693508,        0,  -10306492,          0
 23424,   227,   21000000,   10721226,        0,  -10278774,          0
 23424,   228,   21000000,   10758926,        0,  -10241074,          0
 23424,   229,   21000000,   11026237,        0,   -9973763,          0
 23424,   230,   21000000,   10694287,        0,  -10305713,          0
 23424,   231,   21000000,   10700797,        0,  -10299203,          0
 23424,   232,   21000000,   10804291,        0,  -10195709,          0
 23424,   233,   21000000,   10688603,        0,  -10311397,          0
 23424,   234,   21000000,   10694428,        0,  -10305572,          0
 23424,   235,   21000000,   10974579,        0,  -10025421,          0
 23424,   236,   21000000,   10686931,        0,  -10313069,          0
 23424,   237,   21000000,   10730534,        0,  -10269466,          0
 23424,   238,   21000000,   10722413,        0,  -10277587,          0
 23424,   239,   21000000,   10728897,        0,  -10271103,          0
 23424,   240,   21000000,   10721534,        0,  -10278466,          0
 23424,   241,   21000000,   10990154,        0,  -10009846,          0
 23424,   242,   21000000,   10685137,        0,  -10314863,          0
 23424,   243,   21000000,   10726007,        0,  -10273993,          0
 23424,   244,   21000000,   10722453,        0,  -10277547,          0
 23424,   245,   21000000,   10709836,        0,  -10290164,          0
 23424,   246,   21000000,   10703823,        0,  -10296177,          0
 23424,   247,   21000000,   11024386,        0,   -9975614,          0
 23424,   248,   21000000,   10699283,        0,  -10300717,          0
 23424,   249,   21000000,   10740105,        0,  -10259895,          0
 23424,   250,   21000000,   10745081,        0,  -10254919,          0
 23424,   251,   21000000,   10957247,        0,  -10042753,          0
 23424,   252,   21000000,   10696744,        0,  -10303256,          0
 23424,   253,   21000000,   10976216,        0,  -10023784,          0
 23424,   254,   21000000,   10684769,        0,  -10315231,          0
 23424,   255,   21000000,   10685939,        0,  -10314061,          0
 23424,   256,   21000000,   10735971,        0,  -10264029,          0
 23424,   257,   21000000,   10704835,        0,  -10295165,          0
 23424,   258,   21000000,   10687146,        0,  -10312854,          0
 23424,   259,   21000000,   11102835,        0,   -9897165,          0
 23424,   260,   21000000,   10699459,        0,  -10300541,          0
 23424,   261,   21000000,   10696033,        0,  -10303967,          0
 23424,   262,   21000000,   10707315,        0,  -10292685,          0
 23424,   263,   21000000,   10717428,        0,  -10282572,          0
 23424,   264,   21000000,   10716045,        0,  -10283955,          0
 23424,   265,   21000000,   10995787,        0,  -10004213,          0
 23424,   266,   21000000,   10777288,        0,  -10222712,          0
 23424,   267,   21000000,   10767212,        0,  -10232788,          0
 23424,   268,   21000000,   10815327,        0,  -10184673,          0
 23424,   269,   21000000,   10692302,        0,  -10307698,          0
 23424,   270,   21000000,   10727001,        0,  -10272999,          0
 23424,   271,   21000000,   10693815,        0,  -10306185,          0
 23424,   272,   21000000,   10686128,        0,  -10313872,          0
 23424,   273,   21000000,   10704909,        0,  -10295091,          0
 23424,   274,   21000000,   10740037,        0,  -10259963,          0
 23424,   275,   21000000,   10707605,        0,  -10292395,          0
 23424,   276,   21000000,   10703271,        0,  -10296729,          0
 23424,   277,   21000000,   10688112,        0,  -10311888,          0
 23424,   278,   21000000,   10738725,        0,  -10261275,          0
 23424,   279,   21000000,   10695048,        0,  -10304952,          0
 23424,   280,   21000000,   10727445,        0,  -10272555,          0
 23424,   281,   21000000,   10693367,        0,  -10306633,          0
 23424,   282,   21000000,   10693729,        0,  -10306271,          0
 23424,   283,   21000000,   10737872,        0,  -10262128,          0
 23424,   284,   21000000,   10743015,        0,  -10256985,          0
 23424,   285,   21000000,   10721555,        0,  -10278445,          0
 23424,   286,   21000000,   10827096,        0,  -10172904,          0
 23424,   287,   21000000,   10703846,        0,  -10296154,          0
 23424,   288,   21000000,   10739223,        0,  -10260777,          0
 23424,   289,   21000000,   10695332,        0,  -10304668,          0
 23424,   290,   21000000,   10692476,        0,  -10307524,          0
 23424,   291,   21000000,   10690165,        0,  -10309835,          0
 23424,   292,   21000000,   10681156,        0,  -10318844,          0
 23424,   293,   21000000,   10695170,        0,  -10304830,          0
 23424,   294,   21000000,   10697069,        0,  -10302931,          0
 23424,   295,   21000000,   10821245,        0,  -10178755,          0
 23424,   296,   21000000,   10738816,        0,  -10261184,          0
 23424,   297,   21000000,   10691059,        0,  -10308941,          0
 23424,   298,   21000000,   10704746,        0,  -10295254,          0
 23424,   299,   21000000,   10698588,        0,  -10301412,          0
 23424,   300,   21000000,   10761978,        0,  -10238022,          0
 23424,   301,   21000000,   10722258,        0,  -10277742,          0
 23424,   302,   21000000,   10801487,        0,  -10198513,          0
 23424,   303,   21000000,   10737838,        0,  -10262162,          0
 23424,   304,   21000000,   10737045,        0,  -10262955,          0
 23424,   305,   21000000,   10692200,        0,  -10307800,          0
 23424,   306,   21000000,   10707823,        0,  -10292177,          0
 23424,   307,   21000000,   10710378,        0,  -10289622,          0
 23424,   308,   21000000,   10777410,        0,  -10222590,          0
 23424,   309,   21000000,   10691717,        0,  -10308283,          0
 23424,   310,   21000000,   10724378,        0,  -10275622,          0
 23424,   311,   21000000,   10768796,        0,  -10231204,          0
 23424,   312,   21000000,   10729399,        0,  -10270601,          0
 23424,   313,   21000000,   10692688,        0,  -10307312,          0
 23424,   314,   21000000,   10697633,        0,  -10302367,          0
 23424,   315,   21000000,   10696653,        0,  -10303347,          0
 23424,   316,   21000000,   10708298,        0,  -10291702,          0
 23424,   317,   21000000,   10768134,        0,  -10231866,          0
 23424,   318,   21000000,   10688235,        0,  -10311765,          0
 23424,   319,   21000000,   10681173,        0,  -10318827,          0
 23424,   320,   21000000,   10704169,        0,  -10295831,          0
 23424,   321,   21000000,   10862730,        0,  -10137270,          0
 23424,   322,   21000000,   10697729,        0,  -10302271,          0
 23424,   323,   21000000,   10695763,        0,  -10304237,          0
 23424,   324,   21000000,   10698374,        0,  -10301626,          0
 23424,   325,   21000000,   10742419,        0,  -10257581,          0
 23424,   326,   21000000,   10709259,        0,  -10290741,          0
 23424,   327,   21000000,   10688228,        0,  -10311772,          0
 23424,   328,   21000000,   10706325,        0,  -10293675,          0
 23424,   329,   21000000,   10718497,        0,  -10281503,          0
 23424,   330,   21000000,   11028888,        0,   -9971112,          0
 23424,   331,   21000000,   10707380,        0,  -10292620,          0
 23424,   332,   21000000,   10720949,        0,  -10279051,          0
 23424,   333,   21000000,   10698869,        0,  -10301131,          0
 23424,   334,   21000000,   10703457,        0,  -10296543,          0
 23424,   335,   21000000,   10687454,        0,  -10312546,          0
 23424,   336,   21000000,   10966206,        0,  -10033794,          0
 23424,   337,   21000000,   10711827,        0,  -10288173,          0
 23424,   338,   21000000,   10688334,        0,  -10311666,          0
 23424,   339,   21000000,   10768200,        0,  -10231800,          0
 23424,   340,   21000000,   10698912,        0,  -10301088,          0
 23424,   341,   21000000,   10755215,        0,  -10244785,          0
 23424,   342,   21000000,   11035907,        0,   -9964093,          0
 23424,   343,   21000000,   10757459,        0,  -10242541,          0
 23424,   344,   21000000,   10799540,        0,  -10200460,          0
 23424,   345,   21000000,   10708583,        0,  -10291417,          0
 23424,   346,   21000000,   10738867,        0,  -10261133,          0
 23424,   347,   21000000,   10711814,        0,  -10288186,          0
 23424,   348,   21000000,   10988018,        0,  -10011982,          0
 23424,   349,   21000000,   10693109,        0,  -10306891,          0
 23424,   350,   21000000,   10704490,        0,  -10295510,          0
 23424,   351,   21000000,   10757244,        0,  -10242756,          0
 23424,   352,   21000000,   10723214,        0,  -10276786,          0
 23424,   353,   21000000,   10686129,        0,  -10313871,          0
 23424,   354,   21000000,   11030893,        0,   -9969107,          0
 23424,   355,   21000000,   10684825,        0,  -10315175,          0
 23424,   356,   21000000,   10690603,        0,  -10309397,          0
 23424,   357,   21000000,   10696674,        0,  -10303326,          0
 23424,   358,   21000000,   10702371,        0,  -10297629,          0
 23424,   359,   21000000,   10695954,        0,  -10304046,          0
 23424,   360,   21000000,   11055949,        0,   -9944051,          0
 23424,   361,   21000000,   10702619,        0,  -10297381,          0
 23424,   362,   21000000,   10711650,        0,  -10288350,          0
 23424,   363,   21000000,   10700578,        0,  -10299422,          0
 23424,   364,   21000000,   10688394,        0,  -10311606,          0
 23424,   365,   21000000,   10700235,        0,  -10299765,          0
 23424,   366,   21000000,   10994379,        0,  -10005621,          0
 23424,   367,   21000000,   10692552,        0,  -10307448,          0
 23424,   368,   21000000,   10719198,        0,  -10280802,          0
 23424,   369,   21000000,   10716793,        0,  -10283207,          0
 23424,   370,   21000000,   10685698,        0,  -10314302,          0
 23424,   371,   21000000,   10688794,        0,  -10311206,          0
 23424,   372,   21000000,   10961732,        0,  -10038268,          0
 23424,   373,   21000000,   10760920,        0,  -10239080,          0
 23424,   374,   21000000,   10714140,        0,  -10285860,          0
 23424,   375,   21000000,   10707110,        0,  -10292890,          0
 23424,   376,   21000000,   10692059,        0,  -10307941,          0
 23424,   377,   21000000,   10688573,        0,  -10311427,          0
 23424,   378,   21000000,   10983598,        0,  -10016402,          0
 23424,   379,   21000000,   10717929,        0,  -10282071,          0
 23424,   380,   21000000,   10685500,        0,  -10314500,          0
 23424,   381,   21000000,   10696898,        0,  -10303102,          0
 23424,   382,   21000000,   10696736,        0,  -10303264,          0
 23424,   383,   21000000,   10716999,        0,  -10283001,          0
 23424,   384,   21000000,   10999765,        0,  -10000235,          0
 23424,   385,   21000000,   10707809,        0,  -10292191,          0
 23424,   386,   21000000,   10711430,        0,  -10288570,          0
 23424,   387,   21000000,   10703338,        0,  -10296662,          0
 23424,   388,   21000000,   10693441,        0,  -10306559,          0
 23424,   389,   21000000,   10753265,        0,  -10246735,          0
 23424,   390,   21000000,   10981824,        0,  -10018176,          0
 23424,   391,   21000000,   10754013,        0,  -10245987,          0
 23424,   392,   21000000,   10756636,        0,  -10243364,          0
 23424,   393,   21000000,   10712265,        0,  -10287735,          0
 23424,   394,   21000000,   10688413,        0,  -10311587,          0
 23424,   395,   21000000,   10719303,        0,  -10280697,          0
 23424,   396,   21000000,   10684724,        0,  -10315276,          0
 23424,   397,   21000000,   10748235,        0,  -10251765,          0
 23424,   398,   21000000,   10723084,        0,  -10276916,          0
 23424,   399,   21000000,   10804687,        0,  -10195313,          0
 23424,   400,   21000000,   10788804,        0,  -10211196,          0
 23424,   401,   21000000,   10752186,        0,  -10247814,          0
 23424,   402,   21000000,   10721518,        0,  -10278482,          0
 23424,   403,   21000000,   10705815,        0,  -10294185,          0
 23424,   404,   21000000,   10683896,        0,  -10316104,          0
 23424,   405,   21000000,   10714575,        0,  -10285425,          0
 23424,   406,   21000000,   10765485,        0,  -10234515,          0
 23424,   407,   21000000,   10715675,        0,  -10284325,          0
 23424,   408,   21000000,   10676894,        0,  -10323106,          0
 23424,   409,   21000000,   10787912,        0,  -10212088,          0
 23424,   410,   21000000,   10691462,        0,  -10308538,          0
 23424,   411,   21000000,   10717813,        0,  -10282187,          0
 23424,   412,   21000000,   10694543,        0,  -10305457,          0
 23424,   413,   21000000,   10685963,        0,  -10314037,          0
 23424,   414,   21000000,   10758169,        0,  -10241831,          0
 23424,   415,   21000000,   10732363,        0,  -10267637,          0
 23424,   416,   21000000,   10685476,        0,  -10314524,          0
 23424,   417,   21000000,   10684382,        0,  -10315618,          0
 23424,   418,   21000000,   10740576,        0,  -10259424,          0
 23424,   419,   21000000,   10699471,        0,  -10300529,          0
 23424,   420,   21000000,   10703313,        0,  -10296687,          0
 23424,   421,   21000000,   10725306,        0,  -10274694,          0
 23424,   422,   21000000,   10693674,        0,  -10306326,          0
 23424,   423,   21000000,   10709171,        0,  -10290829,          0
 23424,   424,   21000000,   10701400,        0,  -10298600,          0
 23424,   425,   21000000,   10724321,        0,  -10275679,          0
 23424,   426,   21000000,   10715180,        0,  -10284820,          0
 23424,   427,   21000000,   10699928,        0,  -10300072,          0
 23424,   428,   21000000,   10708367,        0,  -10291633,          0
 23424,   429,   21000000,   10753886,        0,  -10246114,          0
 23424,   430,   21000000,   10701793,        0,  -10298207,          0
 23424,   431,   21000000,   10817686,        0,  -10182314,          0
 23424,   432,   21000000,   10737024,        0,  -10262976,          0
 23424,   433,   21000000,   10759466,        0,  -10240534,          0
 23424,   434,   21000000,   10723060,        0,  -10276940,          0
 23424,   435,   21000000,   10735137,        0,  -10264863,          0
 23424,   436,   21000000,   10716628,        0,  -10283372,          0
 23424,   437,   21000000,   10795913,        0,  -10204087,          0
 23424,   438,   21000000,   10739071,        0,  -10260929,          0
 23424,   439,   21000000,   10741399,        0,  -10258601,          0
 23424,   440,   21000000,   10810502,        0,  -10189498,          0
 23424,   441,   21000000,   10762829,        0,  -10237171,          0
 23424,   442,   21000000,   11615920,        0,   -9384080,          0
 23424,   443,   21000000,   10815043,        0,  -10184957,          0
 23424,   444,   21000000,   10731469,        0,  -10268531,          0
 23424,   445,   21000000,   10803754,        0,  -10196246,          0
 23424,   446,   21000000,   10735331,        0,  -10264669,          0
 23424,   447,   21000000,   10707929,        0,  -10292071,          0
 23424,   448,   21000000,   10696570,        0,  -10303430,          0
 23424,   449,   21000000,   10739341,        0,  -10260659,          0
 23424,   450,   21000000,   10724340,        0,  -10275660,          0
 23424,   451,   21000000,   10739759,        0,  -10260241,          0
 23424,   452,   21000000,   10730117,        0,  -10269883,          0
 23424,   453,   21000000,   10708831,        0,  -10291169,          0
 23424,   454,   21000000,   10778848,        0,  -10221152,          0
 23424,   455,   21000000,   11070625,        0,   -9929375,          0
 23424,   456,   21000000,   10708314,        0,  -10291686,          0
 23424,   457,   21000000,   10750561,        0,  -10249439,          0
 23424,   458,   21000000,   10712046,        0,  -10287954,          0
 23424,   459,   21000000,   10733131,        0,  -10266869,          0
 23424,   460,   21000000,   10706202,        0,  -10293798,          0
 23424,   461,   21000000,   11026021,        0,   -9973979,          0
 23424,   462,   21000000,   10725200,        0,  -10274800,          0
 23424,   463,   21000000,   10710326,        0,  -10289674,          0
 23424,   464,   21000000,   10735041,        0,  -10264959,          0
 23424,   465,   21000000,   10821417,        0,  -10178583,          0
 23424,   466,   21000000,   10700198,        0,  -10299802,          0
 23424,   467,   21000000,   10982695,        0,  -10017305,          0
 23424,   468,   21000000,   10769343,        0,  -10230657,          0
 23424,   469,   21000000,   10703275,        0,  -10296725,          0
 23424,   470,   21000000,   10707608,        0,  -10292392,          0
 23424,   471,   21000000,   10700043,        0,  -10299957,          0
 23424,   472,   21000000,   10707730,        0,  -10292270,          0
 23424,   473,   21000000,   10990622,        0,  -10009378,          0
 23424,   474,   21000000,   10703970,        0,  -10296030,          0
 23424,   475,   21000000,   10695525,        0,  -10304475,          0
 23424,   476,   21000000,   10700684,        0,  -10299316,          0
 23424,   477,   21000000,   10695859,        0,  -10304141,          0
 23424,   478,   21000000,   10692843,        0,  -10307157,          0
 23424,   479,   21000000,   10979616,        0,  -10020384,          0
 23424,   480,   21000000,   10713852,        0,  -10286148,          0
