2685 2685 1
1627 1627 1
1977 1977 1
1756 1756 1
2518 2518 1
2912 2912 1
2584 2584 1
3098 3098 1
2270 2270 1
1645 1645 1
2186 2186 1
1776 1776 1
1187 1187 1
1367 1367 1
1081 1081 1
1684 1684 1
1587 1587 1
1781 1781 1
2416 2416 1
1891 1891 1
2292 2292 1
2054 2054 1
3739 3739 1
1712 1712 1
1640 1640 1
 
4564 4564 1
5187 5187 1
4179 4179 1
7322 7322 1
4944 4944 1
4337 4337 1
6047 6047 1
6017 6017 1
4786 4786 1
4266 4266 1
3762 3762 1
4357 4357 1
6864 6864 1
5759 5760 0
5339 5339 1
5551 5551 1
4976 4976 1
5168 5168 1
6253 6253 1
5202 5202 1
3990 3990 1
6059 6059 1
5009 5009 1
4620 4620 1
5078 5078 1
 
6715 6715 1
6175 6175 1
7158 7158 1
6261 6261 1
7419 7419 1
8306 8306 1
6772 6772 1
10618 10618 1
9191 9193 0
9763 9763 1
6826 6827 0
6344 6344 1
6737 6737 1
8412 8412 1
4674 4674 1
7004 7004 1
9189 9189 1
6735 6735 1
7654 7654 1
8188 8188 1
8160 8160 1
8555 8555 1
9562 9562 1
5627 5627 1
7801 7801 1
 
12631 12633 0
11098 11101 0
9225 9225 1
12840 12840 1
9203 9203 1
13254 13255 0
9780 9780 1
10548 10548 1
11519 11520 0
9376 9376 1
12317 12317 1
13057 13057 1
9127 9128 0
12371 12371 1
8996 8996 1
12737 12737 1
9655 9655 1
10712 10712 1
15931 15933 0
10519 10520 0
10009 10009 1
12287 12287 1
10768 10768 1
13310 13310 1
9358 9358 1
 
11674 11674 1
13816 13816 1
14679 14683 0
12926 12926 1
17088 17095 0
13786 13787 0
13774 13776 0
11892 11892 1
11807 11807 1
14688 14688 1
12209 12212 0
11620 11620 1
12405 12405 1
12490 12490 1
10816 10816 1
13267 13268 0
14748 14748 1
13270 13276 0
17338 17341 0
10343 10343 1
11153 11154 0
13358 13360 0
13373 13373 1
11215 11215 1
11753 11754 0
 
15476 15482 0
19363 19364 0
16957 16960 0
14862 14862 1
15987 15992 0
15508 15509 0
13943 13943 1
16576 16576 1
16351 16358 0
14975 14975 1
18113 18119 0
17265 17271 0
16645 16652 0
14289 14292 0
20023 20023 1
14261 14261 1
16546 16553 0
16404 16408 0
16405 16407 0
13405 13406 0
18515 18520 0
15580 15580 1
19087 19087 1
14941 14948 0
13266 13267 0
 
25970 26002 0
18172 18193 0
17911 17920 0
14770 14774 0
17615 17630 0
15232 15239 0
19431 19443 0
16194 16218 0
16135 16140 0
21479 21556 0
16571 16576 0
20758 20764 0
17824 17827 0
19629 19672 0
17257 17263 0
22907 22917 0
17708 17726 0
17150 17182 0
19117 19156 0
21535 21574 0
17254 17254 1
18500 18528 0
18738 18752 0
18951 18966 0
18181 18183 0
 
24079 24254 0
35638 35787 0
27648 27778 0
24679 24818 0
22838 22917 0
20018 20244 0
22942 22995 0
20163 20218 0
24206 24383 0
23001 23175 0
17984 18021 0
25396 25915 0
22663 23064 0
21446 21533 0
19912 19973 0
21126 21377 0
21027 21101 0
21725 21909 0
21646 21715 0
21256 21304 0
18307 18328 0
24100 24180 0
17093 17153 0
19873 19936 0
20614 20644 0
 
===
