537 537 1
349 349 1
247 247 1
382 382 1
732 732 1
1175 1175 1
498 498 1
264 264 1
285 285 1
226 226 1
457 457 1
227 227 1
1445 1445 1
617 617 1
1256 1256 1
411 411 1
559 559 1
645 645 1
1365 1365 1
272 272 1
211 211 1
444 444 1
291 291 1
756 756 1
350 350 1
 
689 689 1
2538 2542 0
1118 1118 1
769 769 1
979 979 1
515 515 1
1826 1826 1
1008 1008 1
1879 1879 1
1307 1307 1
2437 2441 0
1080 1082 0
2046 2052 0
875 875 1
1980 1980 1
1158 1158 1
1476 1476 1
1004 1004 1
716 716 1
864 864 1
1263 1263 1
791 791 1
1103 1103 1
1010 1010 1
1850 1850 1
 
755 755 1
1268 1268 1
1988 1997 0
1744 1745 0
1236 1236 1
1514 1515 0
1970 1975 0
2108 2108 1
1109 1109 1
2004 2004 1
2659 2681 0
833 833 1
1554 1554 1
1750 1750 1
1110 1110 1
3043 3052 0
2107 2122 0
1458 1458 1
2007 2019 0
1944 1953 0
2621 2621 1
1822 1823 0
1137 1137 1
1450 1450 1
1864 1864 1
 
2016 2024 0
2208 2208 1
2807 2808 0
2539 2554 0
2808 2868 0
1733 1733 1
2231 2239 0
2532 2542 0
3162 3172 0
2658 2672 0
1905 1905 1
2737 2762 0
3569 3602 0
2597 2599 0
2612 2612 1
2702 2707 0
1975 2045 0
2785 2789 0
3445 3462 0
2298 2302 0
1772 1772 1
1655 1655 1
1848 1848 1
2356 2381 0
2246 2246 1
 
1789 1789 1
5090 5093 0
3067 3076 0
2030 2030 1
3267 3291 0
2225 2227 0
4488 4514 0
3046 3057 0
3938 4017 0
2128 2128 1
1711 1711 1
2499 2502 0
2574 2575 0
2261 2262 0
2131 2131 1
4357 4365 0
2984 2984 1
2217 2217 1
3617 3656 0
3515 3515 1
2186 2186 1
1784 1785 0
1621 1622 0
1480 1480 1
1877 1877 1
 
2737 2746 0
3078 3083 0
5454 5477 0
1880 1884 0
3005 3015 0
3346 3348 0
3810 3812 0
4519 4759 0
2668 2675 0
4025 4032 0
3260 3261 0
2569 2569 1
2693 2693 1
3742 3750 0
3609 3612 0
2650 2650 1
3400 3402 0
2708 2708 1
2733 2762 0
4109 4110 0
2792 2809 0
3980 4007 0
3002 3002 1
2916 2936 0
3073 3077 0
 
2678 2684 0
3851 3891 0
5904 5972 0
2611 2631 0
2639 2666 0
3648 3810 0
3534 3568 0
3114 3121 0
3486 3486 1
3259 3261 0
3018 3020 0
5171 5230 0
4585 4676 0
3236 3282 0
3670 3674 0
4274 4459 0
3321 3322 0
3073 3076 0
5695 5728 0
3361 3413 0
3452 3470 0
3560 3563 0
3172 3172 1
2830 2830 1
2500 2500 1
 
4100 4376 0
3794 3845 0
3533 3542 0
3375 3410 0
4761 4816 0
4240 4521 0
5644 5854 0
4690 4760 0
2964 2989 0
3881 4107 0
4534 4705 0
3985 4259 0
3730 3802 0
4441 4601 0
3429 3430 0
3771 3841 0
4164 4350 0
4810 4921 0
5189 5213 0
4136 4182 0
5573 5693 0
3974 4141 0
4103 4112 0
4550 4771 0
4847 5129 0
 
===
