# Task,   Job,     Period,   Response, DL Miss?,   Lateness,  Tardiness
# task NAME=myapp PID=4510 COST=23600000 PERIOD=59000000 CPU=0
  4510,     2,   59000000,      11860,        0,  -58988140,          0
  4510,     3,   59000000,      69777,        0,  -58930223,          0
  4510,     4,   59000000,   24216303,        0,  -34783697,          0
  4510,     5,   59000000,   23173656,        0,  -35826344,          0
  4510,     6,   59000000,   23232781,        0,  -35767219,          0
  4510,     7,   59000000,   23106741,        0,  -35893259,          0
  4510,     8,   59000000,   23162410,        0,  -35837590,          0
  4510,     9,   59000000,   23135096,        0,  -35864904,          0
  4510,    10,   59000000,   23136402,        0,  -35863598,          0
  4510,    11,   59000000,   23116991,        0,  -35883009,          0
  4510,    12,   59000000,   23177120,        0,  -35822880,          0
  4510,    13,   59000000,   23410206,        0,  -35589794,          0
  4510,    14,   59000000,   23139675,        0,  -35860325,          0
  4510,    15,   59000000,   23413370,        0,  -35586630,          0
  4510,    16,   59000000,   23122492,        0,  -35877508,          0
  4510,    17,   59000000,   23415490,        0,  -35584510,          0
  4510,    18,   59000000,   23129032,        0,  -35870968,          0
  4510,    19,   59000000,   23111060,        0,  -35888940,          0
  4510,    20,   59000000,   23120164,        0,  -35879836,          0
  4510,    21,   59000000,   23126482,        0,  -35873518,          0
  4510,    22,   59000000,   23119599,        0,  -35880401,          0
  4510,    23,   59000000,   23173958,        0,  -35826042,          0
  4510,    24,   59000000,   23228687,        0,  -35771313,          0
  4510,    25,   59000000,   23120419,        0,  -35879581,          0
  4510,    26,   59000000,   23162925,        0,  -35837075,          0
  4510,    27,   59000000,   23114216,        0,  -35885784,          0
  4510,    28,   59000000,   23135499,        0,  -35864501,          0
  4510,    29,   59000000,   23131507,        0,  -35868493,          0
  4510,    30,   59000000,   23409247,        0,  -35590753,          0
  4510,    31,   59000000,   23103104,        0,  -35896896,          0
  4510,    32,   59000000,   23475563,        0,  -35524437,          0
  4510,    33,   59000000,   23213905,        0,  -35786095,          0
  4510,    34,   59000000,   23397501,        0,  -35602499,          0
  4510,    35,   59000000,   23164076,        0,  -35835924,          0
  4510,    36,   59000000,   23398295,        0,  -35601705,          0
  4510,    37,   59000000,   23154421,        0,  -35845579,          0
  4510,    38,   59000000,   23154789,        0,  -35845211,          0
  4510,    39,   59000000,   23125572,        0,  -35874428,          0
  4510,    40,   59000000,   23111013,        0,  -35888987,          0
  4510,    41,   59000000,   24010036,        0,  -34989964,          0
  4510,    42,   59000000,   23117059,        0,  -35882941,          0
  4510,    43,   59000000,   23316663,        0,  -35683337,          0
  4510,    44,   59000000,   23110328,        0,  -35889672,          0
  4510,    45,   59000000,   23212460,        0,  -35787540,          0
  4510,    46,   59000000,   23227093,        0,  -35772907,          0
  4510,    47,   59000000,   23112364,        0,  -35887636,          0
  4510,    48,   59000000,   23147319,        0,  -35852681,          0
  4510,    49,   59000000,   23439489,        0,  -35560511,          0
  4510,    50,   59000000,   23208839,        0,  -35791161,          0
  4510,    51,   59000000,   23382925,        0,  -35617075,          0
  4510,    52,   59000000,   23130958,        0,  -35869042,          0
  4510,    53,   59000000,   23651231,        0,  -35348769,          0
  4510,    54,   59000000,   23136009,        0,  -35863991,          0
  4510,    55,   59000000,   23138757,        0,  -35861243,          0
  4510,    56,   59000000,   23121236,        0,  -35878764,          0
  4510,    57,   59000000,   23121097,        0,  -35878903,          0
  4510,    58,   59000000,   23175970,        0,  -35824030,          0
  4510,    59,   59000000,   23133071,        0,  -35866929,          0
  4510,    60,   59000000,   23133126,        0,  -35866874,          0
  4510,    61,   59000000,   23156219,        0,  -35843781,          0
  4510,    62,   59000000,   23124377,        0,  -35875623,          0
  4510,    63,   59000000,   23217398,        0,  -35782602,          0
  4510,    64,   59000000,   23127388,        0,  -35872612,          0
  4510,    65,   59000000,   23137416,        0,  -35862584,          0
  4510,    66,   59000000,   23526401,        0,  -35473599,          0
  4510,    67,   59000000,   23214881,        0,  -35785119,          0
  4510,    68,   59000000,   23497639,        0,  -35502361,          0
  4510,    69,   59000000,   23208774,        0,  -35791226,          0
  4510,    70,   59000000,   23525216,        0,  -35474784,          0
  4510,    71,   59000000,   23116349,        0,  -35883651,          0
  4510,    72,   59000000,   23408368,        0,  -35591632,          0
  4510,    73,   59000000,   23120843,        0,  -35879157,          0
  4510,    74,   59000000,   23236051,        0,  -35763949,          0
  4510,    75,   59000000,   23129554,        0,  -35870446,          0
  4510,    76,   59000000,   23118574,        0,  -35881426,          0
  4510,    77,   59000000,   23199092,        0,  -35800908,          0
  4510,    78,   59000000,   23113181,        0,  -35886819,          0
  4510,    79,   59000000,   23227379,        0,  -35772621,          0
  4510,    80,   59000000,   23131392,        0,  -35868608,          0
  4510,    81,   59000000,   23140964,        0,  -35859036,          0
  4510,    82,   59000000,   23127537,        0,  -35872463,          0
  4510,    83,   59000000,   23127075,        0,  -35872925,          0
  4510,    84,   59000000,   23109727,        0,  -35890273,          0
  4510,    85,   59000000,   23395614,        0,  -35604386,          0
  4510,    86,   59000000,   23128256,        0,  -35871744,          0
  4510,    87,   59000000,   23401084,        0,  -35598916,          0
  4510,    88,   59000000,   23217482,        0,  -35782518,          0
  4510,    89,   59000000,   23397510,        0,  -35602490,          0
  4510,    90,   59000000,   23224143,        0,  -35775857,          0
  4510,    91,   59000000,   23153777,        0,  -35846223,          0
  4510,    92,   59000000,   23118727,        0,  -35881273,          0
  4510,    93,   59000000,   23104526,        0,  -35895474,          0
  4510,    94,   59000000,   23207443,        0,  -35792557,          0
  4510,    95,   59000000,   23127203,        0,  -35872797,          0
  4510,    96,   59000000,   23119953,        0,  -35880047,          0
  4510,    97,   59000000,   23185074,        0,  -35814926,          0
  4510,    98,   59000000,   23131588,        0,  -35868412,          0
  4510,    99,   59000000,   23149274,        0,  -35850726,          0
  4510,   100,   59000000,   23130898,        0,  -35869102,          0
  4510,   101,   59000000,   23117523,        0,  -35882477,          0
  4510,   102,   59000000,   23427026,        0,  -35572974,          0
  4510,   103,   59000000,   23202151,        0,  -35797849,          0
  4510,   104,   59000000,   23476066,        0,  -35523934,          0
  4510,   105,   59000000,   23129262,        0,  -35870738,          0
  4510,   106,   59000000,   23393017,        0,  -35606983,          0
  4510,   107,   59000000,   23116040,        0,  -35883960,          0
  4510,   108,   59000000,   23118180,        0,  -35881820,          0
  4510,   109,   59000000,   23226921,        0,  -35773079,          0
  4510,   110,   59000000,   23123432,        0,  -35876568,          0
  4510,   111,   59000000,   23154294,        0,  -35845706,          0
  4510,   112,   59000000,   23120926,        0,  -35879074,          0
  4510,   113,   59000000,   23231189,        0,  -35768811,          0
  4510,   114,   59000000,   23137206,        0,  -35862794,          0
  4510,   115,   59000000,   23123491,        0,  -35876509,          0
  4510,   116,   59000000,   23123127,        0,  -35876873,          0
  4510,   117,   59000000,   23115337,        0,  -35884663,          0
  4510,   118,   59000000,   23139243,        0,  -35860757,          0
  4510,   119,   59000000,   23294837,        0,  -35705163,          0
  4510,   120,   59000000,   23129724,        0,  -35870276,          0
  4510,   121,   59000000,   23407325,        0,  -35592675,          0
  4510,   122,   59000000,   23111266,        0,  -35888734,          0
  4510,   123,   59000000,   23409518,        0,  -35590482,          0
  4510,   124,   59000000,   23129040,        0,  -35870960,          0
  4510,   125,   59000000,   23435999,        0,  -35564001,          0
  4510,   126,   59000000,   23133520,        0,  -35866480,          0
  4510,   127,   59000000,   23119582,        0,  -35880418,          0
  4510,   128,   59000000,   23154708,        0,  -35845292,          0
  4510,   129,   59000000,   23186113,        0,  -35813887,          0
  4510,   130,   59000000,   23127248,        0,  -35872752,          0
  4510,   131,   59000000,   23133009,        0,  -35866991,          0
  4510,   132,   59000000,   23240650,        0,  -35759350,          0
  4510,   133,   59000000,   23118282,        0,  -35881718,          0
  4510,   134,   59000000,   23114388,        0,  -35885612,          0
  4510,   135,   59000000,   23124830,        0,  -35875170,          0
  4510,   136,   59000000,   23223743,        0,  -35776257,          0
  4510,   137,   59000000,   23261054,        0,  -35738946,          0
  4510,   138,   59000000,   23404933,        0,  -35595067,          0
  4510,   139,   59000000,   23109613,        0,  -35890387,          0
  4510,   140,   59000000,   23404603,        0,  -35595397,          0
  4510,   141,   59000000,   23116208,        0,  -35883792,          0
  4510,   142,   59000000,   23399996,        0,  -35600004,          0
  4510,   143,   59000000,   23115177,        0,  -35884823,          0
  4510,   144,   59000000,   23136747,        0,  -35863253,          0
  4510,   145,   59000000,   23207927,        0,  -35792073,          0
  4510,   146,   59000000,   23121878,        0,  -35878122,          0
  4510,   147,   59000000,   23131931,        0,  -35868069,          0
  4510,   148,   59000000,   23152989,        0,  -35847011,          0
  4510,   149,   59000000,   23188562,        0,  -35811438,          0
  4510,   150,   59000000,   23130691,        0,  -35869309,          0
  4510,   151,   59000000,   23224517,        0,  -35775483,          0
  4510,   152,   59000000,   23204205,        0,  -35795795,          0
  4510,   153,   59000000,   23198174,        0,  -35801826,          0
  4510,   154,   59000000,   23300519,        0,  -35699481,          0
  4510,   155,   59000000,   23506555,        0,  -35493445,          0
  4510,   156,   59000000,   23134620,        0,  -35865380,          0
  4510,   157,   59000000,   23403797,        0,  -35596203,          0
  4510,   158,   59000000,   23111767,        0,  -35888233,          0
  4510,   159,   59000000,   23397201,        0,  -35602799,          0
  4510,   160,   59000000,   23114822,        0,  -35885178,          0
  4510,   161,   59000000,   23394986,        0,  -35605014,          0
  4510,   162,   59000000,   23123498,        0,  -35876502,          0
  4510,   163,   59000000,   23110845,        0,  -35889155,          0
  4510,   164,   59000000,   23108156,        0,  -35891844,          0
  4510,   165,   59000000,   23174167,        0,  -35825833,          0
  4510,   166,   59000000,   23226219,        0,  -35773781,          0
  4510,   167,   59000000,   23133787,        0,  -35866213,          0
  4510,   168,   59000000,   23168067,        0,  -35831933,          0
  4510,   169,   59000000,   23129601,        0,  -35870399,          0
  4510,   170,   59000000,   23119157,        0,  -35880843,          0
  4510,   171,   59000000,   23108759,        0,  -35891241,          0
  4510,   172,   59000000,   23128320,        0,  -35871680,          0
  4510,   173,   59000000,   23123724,        0,  -35876276,          0
