# Task,   Job,     Period,   Response, DL Miss?,   Lateness,  Tardiness
# task NAME=myapp PID=22133 COST=45580000 PERIOD=53000000 CPU=0
 22133,     2,   53000000,       8943,        0,  -52991057,          0
 22133,     3,   53000000,     102948,        0,  -52897052,          0
 22133,     4,   53000000,   45949063,        0,   -7050937,          0
 22133,     5,   53000000,   44621019,        0,   -8378981,          0
 22133,     6,   53000000,   44693566,        0,   -8306434,          0
 22133,     7,   53000000,   44668971,        0,   -8331029,          0
 22133,     8,   53000000,   44657420,        0,   -8342580,          0
 22133,     9,   53000000,   45211582,        0,   -7788418,          0
 22133,    10,   53000000,   44605862,        0,   -8394138,          0
 22133,    11,   53000000,   44918340,        0,   -8081660,          0
 22133,    12,   53000000,   44642099,        0,   -8357901,          0
 22133,    13,   53000000,   44641727,        0,   -8358273,          0
 22133,    14,   53000000,   44608201,        0,   -8391799,          0
 22133,    15,   53000000,   44615130,        0,   -8384870,          0
 22133,    16,   53000000,   44942784,        0,   -8057216,          0
 22133,    17,   53000000,   44628498,        0,   -8371502,          0
 22133,    18,   53000000,   45085715,        0,   -7914285,          0
 22133,    19,   53000000,   44833652,        0,   -8166348,          0
 22133,    20,   53000000,   44839134,        0,   -8160866,          0
 22133,    21,   53000000,   44920141,        0,   -8079859,          0
 22133,    22,   53000000,   44626271,        0,   -8373729,          0
 22133,    23,   53000000,   44903526,        0,   -8096474,          0
 22133,    24,   53000000,   44648993,        0,   -8351007,          0
 22133,    25,   53000000,   44887586,        0,   -8112414,          0
 22133,    26,   53000000,   44611911,        0,   -8388089,          0
 22133,    27,   53000000,   44637901,        0,   -8362099,          0
 22133,    28,   53000000,   45033367,        0,   -7966633,          0
 22133,    29,   53000000,   44641894,        0,   -8358106,          0
 22133,    30,   53000000,   44922542,        0,   -8077458,          0
 22133,    31,   53000000,   44623782,        0,   -8376218,          0
 22133,    32,   53000000,   44893924,        0,   -8106076,          0
 22133,    33,   53000000,   44638640,        0,   -8361360,          0
 22133,    34,   53000000,   44621995,        0,   -8378005,          0
 22133,    35,   53000000,   44936779,        0,   -8063221,          0
 22133,    36,   53000000,   44622374,        0,   -8377626,          0
 22133,    37,   53000000,   44906328,        0,   -8093672,          0
 22133,    38,   53000000,   44625764,        0,   -8374236,          0
 22133,    39,   53000000,   44607622,        0,   -8392378,          0
 22133,    40,   53000000,   44637423,        0,   -8362577,          0
 22133,    41,   53000000,   44608594,        0,   -8391406,          0
 22133,    42,   53000000,   44903853,        0,   -8096147,          0
 22133,    43,   53000000,   44626841,        0,   -8373159,          0
 22133,    44,   53000000,   44899220,        0,   -8100780,          0
 22133,    45,   53000000,   44609660,        0,   -8390340,          0
 22133,    46,   53000000,   44798603,        0,   -8201397,          0
 22133,    47,   53000000,   44908339,        0,   -8091661,          0
 22133,    48,   53000000,   44619210,        0,   -8380790,          0
 22133,    49,   53000000,   45082909,        0,   -7917091,          0
 22133,    50,   53000000,   44621477,        0,   -8378523,          0
 22133,    51,   53000000,   44886411,        0,   -8113589,          0
 22133,    52,   53000000,   44612448,        0,   -8387552,          0
 22133,    53,   53000000,   44611729,        0,   -8388271,          0
 22133,    54,   53000000,   44908121,        0,   -8091879,          0
 22133,    55,   53000000,   44686621,        0,   -8313379,          0
 22133,    56,   53000000,   44945997,        0,   -8054003,          0
 22133,    57,   53000000,   44610185,        0,   -8389815,          0
 22133,    58,   53000000,   44903496,        0,   -8096504,          0
 22133,    59,   53000000,   44648983,        0,   -8351017,          0
 22133,    60,   53000000,   44611082,        0,   -8388918,          0
 22133,    61,   53000000,   44945470,        0,   -8054530,          0
 22133,    62,   53000000,   44619450,        0,   -8380550,          0
 22133,    63,   53000000,   44929137,        0,   -8070863,          0
 22133,    64,   53000000,   44618449,        0,   -8381551,          0
 22133,    65,   53000000,   44598537,        0,   -8401463,          0
 22133,    66,   53000000,   45286439,        0,   -7713561,          0
 22133,    67,   53000000,   44643703,        0,   -8356297,          0
 22133,    68,   53000000,   44906012,        0,   -8093988,          0
 22133,    69,   53000000,   44638647,        0,   -8361353,          0
 22133,    70,   53000000,   44905104,        0,   -8094896,          0
 22133,    71,   53000000,   44645265,        0,   -8354735,          0
 22133,    72,   53000000,   44639955,        0,   -8360045,          0
 22133,    73,   53000000,   44805250,        0,   -8194750,          0
 22133,    74,   53000000,   44813440,        0,   -8186560,          0
 22133,    75,   53000000,   45093227,        0,   -7906773,          0
 22133,    76,   53000000,   44638996,        0,   -8361004,          0
 22133,    77,   53000000,   45089043,        0,   -7910957,          0
 22133,    78,   53000000,   44608350,        0,   -8391650,          0
 22133,    79,   53000000,   44607871,        0,   -8392129,          0
 22133,    80,   53000000,   44909269,        0,   -8090731,          0
 22133,    81,   53000000,   44612629,        0,   -8387371,          0
 22133,    82,   53000000,   44926927,        0,   -8073073,          0
 22133,    83,   53000000,   44658269,        0,   -8341731,          0
 22133,    84,   53000000,   44897974,        0,   -8102026,          0
 22133,    85,   53000000,   44697350,        0,   -8302650,          0
 22133,    86,   53000000,   44628987,        0,   -8371013,          0
 22133,    87,   53000000,   44916602,        0,   -8083398,          0
 22133,    88,   53000000,   44616657,        0,   -8383343,          0
 22133,    89,   53000000,   44920453,        0,   -8079547,          0
 22133,    90,   53000000,   44651456,        0,   -8348544,          0
 22133,    91,   53000000,   44902871,        0,   -8097129,          0
 22133,    92,   53000000,   44626494,        0,   -8373506,          0
 22133,    93,   53000000,   44647988,        0,   -8352012,          0
 22133,    94,   53000000,   44888843,        0,   -8111157,          0
 22133,    95,   53000000,   44626706,        0,   -8373294,          0
 22133,    96,   53000000,   44929146,        0,   -8070854,          0
 22133,    97,   53000000,   44621824,        0,   -8378176,          0
 22133,    98,   53000000,   44649400,        0,   -8350600,          0
 22133,    99,   53000000,   44779656,        0,   -8220344,          0
 22133,   100,   53000000,   44631181,        0,   -8368819,          0
 22133,   101,   53000000,   44911521,        0,   -8088479,          0
 22133,   102,   53000000,   44772821,        0,   -8227179,          0
 22133,   103,   53000000,   44898005,        0,   -8101995,          0
 22133,   104,   53000000,   44619815,        0,   -8380185,          0
 22133,   105,   53000000,   44811376,        0,   -8188624,          0
 22133,   106,   53000000,   44797224,        0,   -8202776,          0
 22133,   107,   53000000,   44827959,        0,   -8172041,          0
 22133,   108,   53000000,   44915787,        0,   -8084213,          0
 22133,   109,   53000000,   44637475,        0,   -8362525,          0
 22133,   110,   53000000,   44914004,        0,   -8085996,          0
 22133,   111,   53000000,   44621369,        0,   -8378631,          0
 22133,   112,   53000000,   44872845,        0,   -8127155,          0
 22133,   113,   53000000,   44991094,        0,   -8008906,          0
 22133,   114,   53000000,   44647574,        0,   -8352426,          0
 22133,   115,   53000000,   45001318,        0,   -7998682,          0
 22133,   116,   53000000,   44621342,        0,   -8378658,          0
 22133,   117,   53000000,   44905629,        0,   -8094371,          0
 22133,   118,   53000000,   44627837,        0,   -8372163,          0
 22133,   119,   53000000,   44614600,        0,   -8385400,          0
 22133,   120,   53000000,   44943498,        0,   -8056502,          0
 22133,   121,   53000000,   44625825,        0,   -8374175,          0
 22133,   122,   53000000,   44965006,        0,   -8034994,          0
 22133,   123,   53000000,   44612742,        0,   -8387258,          0
 22133,   124,   53000000,   44907777,        0,   -8092223,          0
 22133,   125,   53000000,   44630640,        0,   -8369360,          0
 22133,   126,   53000000,   44819513,        0,   -8180487,          0
 22133,   127,   53000000,   44934872,        0,   -8065128,          0
 22133,   128,   53000000,   44619390,        0,   -8380610,          0
 22133,   129,   53000000,   44881758,        0,   -8118242,          0
 22133,   130,   53000000,   44643371,        0,   -8356629,          0
 22133,   131,   53000000,   44607072,        0,   -8392928,          0
 22133,   132,   53000000,   44617235,        0,   -8382765,          0
 22133,   133,   53000000,   44632320,        0,   -8367680,          0
 22133,   134,   53000000,   44913187,        0,   -8086813,          0
 22133,   135,   53000000,   44635010,        0,   -8364990,          0
 22133,   136,   53000000,   44887843,        0,   -8112157,          0
 22133,   137,   53000000,   44611390,        0,   -8388610,          0
 22133,   138,   53000000,   44643108,        0,   -8356892,          0
 22133,   139,   53000000,   44606532,        0,   -8393468,          0
 22133,   140,   53000000,   44637833,        0,   -8362167,          0
 22133,   141,   53000000,   45016947,        0,   -7983053,          0
 22133,   142,   53000000,   44621462,        0,   -8378538,          0
 22133,   143,   53000000,   44925241,        0,   -8074759,          0
 22133,   144,   53000000,   44630467,        0,   -8369533,          0
 22133,   145,   53000000,   44633297,        0,   -8366703,          0
 22133,   146,   53000000,   45079095,        0,   -7920905,          0
 22133,   147,   53000000,   44622555,        0,   -8377445,          0
 22133,   148,   53000000,   44900341,        0,   -8099659,          0
 22133,   149,   53000000,   44605462,        0,   -8394538,          0
 22133,   150,   53000000,   44879560,        0,   -8120440,          0
 22133,   151,   53000000,   44645407,        0,   -8354593,          0
 22133,   152,   53000000,   44627299,        0,   -8372701,          0
 22133,   153,   53000000,   44937390,        0,   -8062610,          0
 22133,   154,   53000000,   44622568,        0,   -8377432,          0
 22133,   155,   53000000,   44924373,        0,   -8075627,          0
 22133,   156,   53000000,   44672063,        0,   -8327937,          0
 22133,   157,   53000000,   44890229,        0,   -8109771,          0
 22133,   158,   53000000,   44613311,        0,   -8386689,          0
 22133,   159,   53000000,   44619038,        0,   -8380962,          0
 22133,   160,   53000000,   45372990,        0,   -7627010,          0
 22133,   161,   53000000,   44644767,        0,   -8355233,          0
 22133,   162,   53000000,   44895992,        0,   -8104008,          0
 22133,   163,   53000000,   44627107,        0,   -8372893,          0
 22133,   164,   53000000,   44666648,        0,   -8333352,          0
 22133,   165,   53000000,   44632344,        0,   -8367656,          0
 22133,   166,   53000000,   44626908,        0,   -8373092,          0
 22133,   167,   53000000,   44908298,        0,   -8091702,          0
 22133,   168,   53000000,   44643335,        0,   -8356665,          0
 22133,   169,   53000000,   44893593,        0,   -8106407,          0
 22133,   170,   53000000,   44620366,        0,   -8379634,          0
 22133,   171,   53000000,   44622562,        0,   -8377438,          0
 22133,   172,   53000000,   44648316,        0,   -8351684,          0
 22133,   173,   53000000,   44662719,        0,   -8337281,          0
 22133,   174,   53000000,   44913513,        0,   -8086487,          0
 22133,   175,   53000000,   44794596,        0,   -8205404,          0
 22133,   176,   53000000,   44912775,        0,   -8087225,          0
 22133,   177,   53000000,   44666023,        0,   -8333977,          0
 22133,   178,   53000000,   44804204,        0,   -8195796,          0
 22133,   179,   53000000,   45172069,        0,   -7827931,          0
 22133,   180,   53000000,   44798649,        0,   -8201351,          0
 22133,   181,   53000000,   44888328,        0,   -8111672,          0
 22133,   182,   53000000,   44605522,        0,   -8394478,          0
 22133,   183,   53000000,   44906595,        0,   -8093405,          0
 22133,   184,   53000000,   44648254,        0,   -8351746,          0
 22133,   185,   53000000,   44776725,        0,   -8223275,          0
 22133,   186,   53000000,   44928763,        0,   -8071237,          0
 22133,   187,   53000000,   44620438,        0,   -8379562,          0
 22133,   188,   53000000,   44891079,        0,   -8108921,          0
 22133,   189,   53000000,   44790047,        0,   -8209953,          0
 22133,   190,   53000000,   44648602,        0,   -8351398,          0
 22133,   191,   53000000,   44624650,        0,   -8375350,          0
 22133,   192,   53000000,   44632602,        0,   -8367398,          0
# task NAME=myapp PID=22136 COST=7280000 PERIOD=52000000 CPU=0
 22136,     2,   52000000,      14526,        0,  -51985474,          0
 22136,     3,   52000000,      96485,        0,  -51903515,          0
 22136,     4,   52000000,    8197179,        0,  -43802821,          0
 22136,     5,   52000000,    7203284,        0,  -44796716,          0
 22136,     6,   52000000,    7169999,        0,  -44830001,          0
 22136,     7,   52000000,    7193622,        0,  -44806378,          0
 22136,     8,   52000000,    7154805,        0,  -44845195,          0
 22136,     9,   52000000,    7175538,        0,  -44824462,          0
 22136,    10,   52000000,    7158027,        0,  -44841973,          0
 22136,    11,   52000000,    7194175,        0,  -44805825,          0
 22136,    12,   52000000,    7150494,        0,  -44849506,          0
 22136,    13,   52000000,    7199181,        0,  -44800819,          0
 22136,    14,   52000000,    7156520,        0,  -44843480,          0
 22136,    15,   52000000,    7168146,        0,  -44831854,          0
 22136,    16,   52000000,    7822702,        0,  -44177298,          0
 22136,    17,   52000000,    8012146,        0,  -43987854,          0
 22136,    18,   52000000,    7218880,        0,  -44781120,          0
 22136,    19,   52000000,    7197019,        0,  -44802981,          0
 22136,    20,   52000000,    7145969,        0,  -44854031,          0
 22136,    21,   52000000,    7145747,        0,  -44854253,          0
 22136,    22,   52000000,    7168950,        0,  -44831050,          0
 22136,    23,   52000000,    7389981,        0,  -44610019,          0
 22136,    24,   52000000,    7168839,        0,  -44831161,          0
 22136,    25,   52000000,    7208709,        0,  -44791291,          0
 22136,    26,   52000000,    7232690,        0,  -44767310,          0
 22136,    27,   52000000,    7155953,        0,  -44844047,          0
 22136,    28,   52000000,    7162014,        0,  -44837986,          0
 22136,    29,   52000000,    7193430,        0,  -44806570,          0
 22136,    30,   52000000,    7176610,        0,  -44823390,          0
 22136,    31,   52000000,    7470187,        0,  -44529813,          0
 22136,    32,   52000000,    7154158,        0,  -44845842,          0
 22136,    33,   52000000,    7233224,        0,  -44766776,          0
 22136,    34,   52000000,    7230336,        0,  -44769664,          0
 22136,    35,   52000000,    7175677,        0,  -44824323,          0
 22136,    36,   52000000,    7152936,        0,  -44847064,          0
 22136,    37,   52000000,    7145451,        0,  -44854549,          0
 22136,    38,   52000000,    7150854,        0,  -44849146,          0
 22136,    39,   52000000,    7155831,        0,  -44844169,          0
 22136,    40,   52000000,    7150110,        0,  -44849890,          0
 22136,    41,   52000000,    7169039,        0,  -44830961,          0
 22136,    42,   52000000,    7166125,        0,  -44833875,          0
 22136,    43,   52000000,    7456079,        0,  -44543921,          0
 22136,    44,   52000000,    7225439,        0,  -44774561,          0
 22136,    45,   52000000,    7190102,        0,  -44809898,          0
 22136,    46,   52000000,    7198017,        0,  -44801983,          0
 22136,    47,   52000000,    7142023,        0,  -44857977,          0
 22136,    48,   52000000,    7296793,        0,  -44703207,          0
 22136,    49,   52000000,    7172773,        0,  -44827227,          0
 22136,    50,   52000000,    7141255,        0,  -44858745,          0
 22136,    51,   52000000,    7180539,        0,  -44819461,          0
 22136,    52,   52000000,    7145467,        0,  -44854533,          0
 22136,    53,   52000000,    7192934,        0,  -44807066,          0
 22136,    54,   52000000,    7174589,        0,  -44825411,          0
 22136,    55,   52000000,    7432329,        0,  -44567671,          0
 22136,    56,   52000000,    7161830,        0,  -44838170,          0
 22136,    57,   52000000,    7149395,        0,  -44850605,          0
 22136,    58,   52000000,    7167695,        0,  -44832305,          0
 22136,    59,   52000000,    7185079,        0,  -44814921,          0
 22136,    60,   52000000,    7147945,        0,  -44852055,          0
 22136,    61,   52000000,    7140805,        0,  -44859195,          0
 22136,    62,   52000000,    7166519,        0,  -44833481,          0
 22136,    63,   52000000,    7156880,        0,  -44843120,          0
 22136,    64,   52000000,    7197110,        0,  -44802890,          0
 22136,    65,   52000000,    7187398,        0,  -44812602,          0
 22136,    66,   52000000,    7156515,        0,  -44843485,          0
 22136,    67,   52000000,    7438292,        0,  -44561708,          0
 22136,    68,   52000000,    7214505,        0,  -44785495,          0
 22136,    69,   52000000,    7157781,        0,  -44842219,          0
 22136,    70,   52000000,    7150206,        0,  -44849794,          0
 22136,    71,   52000000,    7141502,        0,  -44858498,          0
 22136,    72,   52000000,    7165568,        0,  -44834432,          0
 22136,    73,   52000000,    7158662,        0,  -44841338,          0
 22136,    74,   52000000,    7262679,        0,  -44737321,          0
 22136,    75,   52000000,    7157450,        0,  -44842550,          0
 22136,    76,   52000000,    7143353,        0,  -44856647,          0
 22136,    77,   52000000,    7150333,        0,  -44849667,          0
 22136,    78,   52000000,    7164860,        0,  -44835140,          0
 22136,    79,   52000000,    7433582,        0,  -44566418,          0
 22136,    80,   52000000,    7162255,        0,  -44837745,          0
 22136,    81,   52000000,    7186104,        0,  -44813896,          0
 22136,    82,   52000000,    7156214,        0,  -44843786,          0
 22136,    83,   52000000,    7194750,        0,  -44805250,          0
 22136,    84,   52000000,    7215405,        0,  -44784595,          0
 22136,    85,   52000000,    7367791,        0,  -44632209,          0
 22136,    86,   52000000,    7145234,        0,  -44854766,          0
 22136,    87,   52000000,    7165513,        0,  -44834487,          0
 22136,    88,   52000000,    7212105,        0,  -44787895,          0
 22136,    89,   52000000,    7180484,        0,  -44819516,          0
 22136,    90,   52000000,    7197457,        0,  -44802543,          0
 22136,    91,   52000000,    7471740,        0,  -44528260,          0
 22136,    92,   52000000,    7146972,        0,  -44853028,          0
 22136,    93,   52000000,    7157580,        0,  -44842420,          0
 22136,    94,   52000000,    7205084,        0,  -44794916,          0
 22136,    95,   52000000,    7196321,        0,  -44803679,          0
 22136,    96,   52000000,    7157877,        0,  -44842123,          0
 22136,    97,   52000000,    7208911,        0,  -44791089,          0
 22136,    98,   52000000,    7147538,        0,  -44852462,          0
 22136,    99,   52000000,    7163564,        0,  -44836436,          0
 22136,   100,   52000000,    7199749,        0,  -44800251,          0
 22136,   101,   52000000,    7178535,        0,  -44821465,          0
 22136,   102,   52000000,    7171902,        0,  -44828098,          0
 22136,   103,   52000000,    7444992,        0,  -44555008,          0
 22136,   104,   52000000,    7193173,        0,  -44806827,          0
 22136,   105,   52000000,    7245456,        0,  -44754544,          0
 22136,   106,   52000000,    7199687,        0,  -44800313,          0
 22136,   107,   52000000,    7155828,        0,  -44844172,          0
 22136,   108,   52000000,    7166728,        0,  -44833272,          0
 22136,   109,   52000000,    7181267,        0,  -44818733,          0
 22136,   110,   52000000,    7154575,        0,  -44845425,          0
 22136,   111,   52000000,    7159720,        0,  -44840280,          0
 22136,   112,   52000000,    7149273,        0,  -44850727,          0
 22136,   113,   52000000,    7148346,        0,  -44851654,          0
 22136,   114,   52000000,    7141039,        0,  -44858961,          0
 22136,   115,   52000000,    7144223,        0,  -44855777,          0
 22136,   116,   52000000,    7180638,        0,  -44819362,          0
 22136,   117,   52000000,    7141586,        0,  -44858414,          0
 22136,   118,   52000000,    7150436,        0,  -44849564,          0
 22136,   119,   52000000,    8121793,        0,  -43878207,          0
 22136,   120,   52000000,    7185087,        0,  -44814913,          0
 22136,   121,   52000000,    7207140,        0,  -44792860,          0
 22136,   122,   52000000,    7199685,        0,  -44800315,          0
 22136,   123,   52000000,    7194884,        0,  -44805116,          0
 22136,   124,   52000000,    7187722,        0,  -44812278,          0
 22136,   125,   52000000,    7242087,        0,  -44757913,          0
 22136,   126,   52000000,    7166140,        0,  -44833860,          0
 22136,   127,   52000000,    7151574,        0,  -44848426,          0
 22136,   128,   52000000,    7183498,        0,  -44816502,          0
 22136,   129,   52000000,    7161272,        0,  -44838728,          0
 22136,   130,   52000000,    7153769,        0,  -44846231,          0
 22136,   131,   52000000,    7155588,        0,  -44844412,          0
 22136,   132,   52000000,    7413960,        0,  -44586040,          0
 22136,   133,   52000000,    7172441,        0,  -44827559,          0
 22136,   134,   52000000,    7207439,        0,  -44792561,          0
 22136,   135,   52000000,    7318846,        0,  -44681154,          0
 22136,   136,   52000000,    7172136,        0,  -44827864,          0
 22136,   137,   52000000,    7209105,        0,  -44790895,          0
 22136,   138,   52000000,    7161907,        0,  -44838093,          0
 22136,   139,   52000000,    7203487,        0,  -44796513,          0
 22136,   140,   52000000,    7293519,        0,  -44706481,          0
 22136,   141,   52000000,    7167198,        0,  -44832802,          0
 22136,   142,   52000000,    7155110,        0,  -44844890,          0
 22136,   143,   52000000,    7169849,        0,  -44830151,          0
 22136,   144,   52000000,    7197080,        0,  -44802920,          0
 22136,   145,   52000000,    7147774,        0,  -44852226,          0
 22136,   146,   52000000,    7144234,        0,  -44855766,          0
 22136,   147,   52000000,    7182427,        0,  -44817573,          0
 22136,   148,   52000000,    7146432,        0,  -44853568,          0
 22136,   149,   52000000,    7219023,        0,  -44780977,          0
 22136,   150,   52000000,    7204229,        0,  -44795771,          0
 22136,   151,   52000000,    7152841,        0,  -44847159,          0
 22136,   152,   52000000,    7186249,        0,  -44813751,          0
 22136,   153,   52000000,    7212751,        0,  -44787249,          0
 22136,   154,   52000000,    7166931,        0,  -44833069,          0
 22136,   155,   52000000,    7153223,        0,  -44846777,          0
 22136,   156,   52000000,    7431782,        0,  -44568218,          0
 22136,   157,   52000000,    7202956,        0,  -44797044,          0
 22136,   158,   52000000,    7157926,        0,  -44842074,          0
 22136,   159,   52000000,    7166467,        0,  -44833533,          0
 22136,   160,   52000000,    7173221,        0,  -44826779,          0
 22136,   161,   52000000,    7182444,        0,  -44817556,          0
 22136,   162,   52000000,    7152351,        0,  -44847649,          0
 22136,   163,   52000000,    7149894,        0,  -44850106,          0
 22136,   164,   52000000,    7194487,        0,  -44805513,          0
 22136,   165,   52000000,    7142500,        0,  -44857500,          0
 22136,   166,   52000000,    7168579,        0,  -44831421,          0
 22136,   167,   52000000,    7150951,        0,  -44849049,          0
 22136,   168,   52000000,    7438781,        0,  -44561219,          0
 22136,   169,   52000000,    7165483,        0,  -44834517,          0
 22136,   170,   52000000,    7161063,        0,  -44838937,          0
 22136,   171,   52000000,    7155148,        0,  -44844852,          0
 22136,   172,   52000000,    7193108,        0,  -44806892,          0
 22136,   173,   52000000,    7159764,        0,  -44840236,          0
 22136,   174,   52000000,    7162054,        0,  -44837946,          0
 22136,   175,   52000000,    7186120,        0,  -44813880,          0
 22136,   176,   52000000,    8062828,        0,  -43937172,          0
 22136,   177,   52000000,    7164189,        0,  -44835811,          0
 22136,   178,   52000000,    7202266,        0,  -44797734,          0
 22136,   179,   52000000,    7147653,        0,  -44852347,          0
 22136,   180,   52000000,    7440787,        0,  -44559213,          0
 22136,   181,   52000000,    7144665,        0,  -44855335,          0
 22136,   182,   52000000,    7151853,        0,  -44848147,          0
 22136,   183,   52000000,    7162828,        0,  -44837172,          0
 22136,   184,   52000000,    7188431,        0,  -44811569,          0
 22136,   185,   52000000,    7184065,        0,  -44815935,          0
 22136,   186,   52000000,    7197311,        0,  -44802689,          0
 22136,   187,   52000000,    7183184,        0,  -44816816,          0
 22136,   188,   52000000,    7184051,        0,  -44815949,          0
 22136,   189,   52000000,    7321997,        0,  -44678003,          0
 22136,   190,   52000000,    7251566,        0,  -44748434,          0
 22136,   191,   52000000,    7155086,        0,  -44844914,          0
 22136,   192,   52000000,    7425901,        0,  -44574099,          0
 22136,   193,   52000000,    8036416,        0,  -43963584,          0
 22136,   194,   52000000,    7145646,        0,  -44854354,          0
 22136,   195,   52000000,    7169629,        0,  -44830371,          0
 22136,   196,   52000000,    7158413,        0,  -44841587,          0
