# Task,   Job,     Period,   Response, DL Miss?,   Lateness,  Tardiness
# task NAME=myapp PID=30909 COST=25400000 PERIOD=80000000 CPU=0
 30909,     2,   80000000,      15792,        0,  -79984208,          0
 30909,     3,   80000000,      27369,        0,  -79972631,          0
 30909,     4,   80000000,   26152674,        0,  -53847326,          0
 30909,     5,   80000000,   25159692,        0,  -54840308,          0
 30909,     6,   80000000,   25403235,        0,  -54596765,          0
 30909,     7,   80000000,   25123174,        0,  -54876826,          0
 30909,     8,   80000000,   25121526,        0,  -54878474,          0
 30909,     9,   80000000,   25176055,        0,  -54823945,          0
 30909,    10,   80000000,   25216992,        0,  -54783008,          0
 30909,    11,   80000000,   25228953,        0,  -54771047,          0
 30909,    12,   80000000,   25219894,        0,  -54780106,          0
 30909,    13,   80000000,   25137786,        0,  -54862214,          0
 30909,    14,   80000000,   25417012,        0,  -54582988,          0
 30909,    15,   80000000,   25156416,        0,  -54843584,          0
 30909,    16,   80000000,   25153422,        0,  -54846578,          0
 30909,    17,   80000000,   25409625,        0,  -54590375,          0
 30909,    18,   80000000,   25181959,        0,  -54818041,          0
 30909,    19,   80000000,   25137810,        0,  -54862190,          0
 30909,    20,   80000000,   25489650,        0,  -54510350,          0
 30909,    21,   80000000,   25241602,        0,  -54758398,          0
 30909,    22,   80000000,   25222044,        0,  -54777956,          0
 30909,    23,   80000000,   25157973,        0,  -54842027,          0
 30909,    24,   80000000,   25129032,        0,  -54870968,          0
 30909,    25,   80000000,   25150182,        0,  -54849818,          0
 30909,    26,   80000000,   25308238,        0,  -54691762,          0
 30909,    27,   80000000,   25122611,        0,  -54877389,          0
 30909,    28,   80000000,   25416857,        0,  -54583143,          0
 30909,    29,   80000000,   25120566,        0,  -54879434,          0
 30909,    30,   80000000,   25114523,        0,  -54885477,          0
 30909,    31,   80000000,   25432761,        0,  -54567239,          0
 30909,    32,   80000000,   25158402,        0,  -54841598,          0
 30909,    33,   80000000,   25211283,        0,  -54788717,          0
 30909,    34,   80000000,   25208067,        0,  -54791933,          0
 30909,    35,   80000000,   25141150,        0,  -54858850,          0
 30909,    36,   80000000,   25170309,        0,  -54829691,          0
 30909,    37,   80000000,   25130973,        0,  -54869027,          0
 30909,    38,   80000000,   25136814,        0,  -54863186,          0
 30909,    39,   80000000,   25426256,        0,  -54573744,          0
 30909,    40,   80000000,   25211863,        0,  -54788137,          0
 30909,    41,   80000000,   25125596,        0,  -54874404,          0
 30909,    42,   80000000,   25442113,        0,  -54557887,          0
 30909,    43,   80000000,   25264874,        0,  -54735126,          0
 30909,    44,   80000000,   25148475,        0,  -54851525,          0
 30909,    45,   80000000,   25539889,        0,  -54460111,          0
 30909,    46,   80000000,   25218984,        0,  -54781016,          0
 30909,    47,   80000000,   25151412,        0,  -54848588,          0
 30909,    48,   80000000,   25248223,        0,  -54751777,          0
 30909,    49,   80000000,   25149600,        0,  -54850400,          0
 30909,    50,   80000000,   25163609,        0,  -54836391,          0
 30909,    51,   80000000,   25142393,        0,  -54857607,          0
 30909,    52,   80000000,   25193261,        0,  -54806739,          0
 30909,    53,   80000000,   25411843,        0,  -54588157,          0
 30909,    54,   80000000,   25307976,        0,  -54692024,          0
 30909,    55,   80000000,   25258394,        0,  -54741606,          0
 30909,    56,   80000000,   25426009,        0,  -54573991,          0
 30909,    57,   80000000,   25271161,        0,  -54728839,          0
 30909,    58,   80000000,   25252661,        0,  -54747339,          0
 30909,    59,   80000000,   25148298,        0,  -54851702,          0
 30909,    60,   80000000,   25214907,        0,  -54785093,          0
 30909,    61,   80000000,   25154628,        0,  -54845372,          0
 30909,    62,   80000000,   25182536,        0,  -54817464,          0
 30909,    63,   80000000,   25267559,        0,  -54732441,          0
 30909,    64,   80000000,   25532647,        0,  -54467353,          0
 30909,    65,   80000000,   25132311,        0,  -54867689,          0
 30909,    66,   80000000,   25135911,        0,  -54864089,          0
 30909,    67,   80000000,   25525337,        0,  -54474663,          0
 30909,    68,   80000000,   25133998,        0,  -54866002,          0
 30909,    69,   80000000,   25179279,        0,  -54820721,          0
 30909,    70,   80000000,   25432545,        0,  -54567455,          0
 30909,    71,   80000000,   25221682,        0,  -54778318,          0
 30909,    72,   80000000,   25163341,        0,  -54836659,          0
 30909,    73,   80000000,   25140673,        0,  -54859327,          0
 30909,    74,   80000000,   25145829,        0,  -54854171,          0
 30909,    75,   80000000,   25226953,        0,  -54773047,          0
 30909,    76,   80000000,   25149512,        0,  -54850488,          0
 30909,    77,   80000000,   25150949,        0,  -54849051,          0
 30909,    78,   80000000,   25451504,        0,  -54548496,          0
 30909,    79,   80000000,   25129881,        0,  -54870119,          0
 30909,    80,   80000000,   25166393,        0,  -54833607,          0
 30909,    81,   80000000,   25443905,        0,  -54556095,          0
 30909,    82,   80000000,   25392901,        0,  -54607099,          0
 30909,    83,   80000000,   25242564,        0,  -54757436,          0
 30909,    84,   80000000,   25140707,        0,  -54859293,          0
 30909,    85,   80000000,   25152082,        0,  -54847918,          0
 30909,    86,   80000000,   25167129,        0,  -54832871,          0
 30909,    87,   80000000,   25138338,        0,  -54861662,          0
 30909,    88,   80000000,   25183748,        0,  -54816252,          0
 30909,    89,   80000000,   25433576,        0,  -54566424,          0
 30909,    90,   80000000,   25130671,        0,  -54869329,          0
 30909,    91,   80000000,   25175384,        0,  -54824616,          0
 30909,    92,   80000000,   25444035,        0,  -54555965,          0
 30909,    93,   80000000,   25191482,        0,  -54808518,          0
 30909,    94,   80000000,   25118123,        0,  -54881877,          0
 30909,    95,   80000000,   25493550,        0,  -54506450,          0
 30909,    96,   80000000,   25215720,        0,  -54784280,          0
 30909,    97,   80000000,   25308875,        0,  -54691125,          0
 30909,    98,   80000000,   25301864,        0,  -54698136,          0
 30909,    99,   80000000,   25241049,        0,  -54758951,          0
 30909,   100,   80000000,   25261852,        0,  -54738148,          0
 30909,   101,   80000000,   25157145,        0,  -54842855,          0
 30909,   102,   80000000,   25143813,        0,  -54856187,          0
 30909,   103,   80000000,   25418837,        0,  -54581163,          0
 30909,   104,   80000000,   25275512,        0,  -54724488,          0
 30909,   105,   80000000,   25143118,        0,  -54856882,          0
 30909,   106,   80000000,   25509012,        0,  -54490988,          0
 30909,   107,   80000000,   25153472,        0,  -54846528,          0
 30909,   108,   80000000,   25143798,        0,  -54856202,          0
 30909,   109,   80000000,   25152337,        0,  -54847663,          0
 30909,   110,   80000000,   25111808,        0,  -54888192,          0
 30909,   111,   80000000,   25126427,        0,  -54873573,          0
 30909,   112,   80000000,   25140169,        0,  -54859831,          0
 30909,   113,   80000000,   25219659,        0,  -54780341,          0
 30909,   114,   80000000,   25437668,        0,  -54562332,          0
 30909,   115,   80000000,   25139913,        0,  -54860087,          0
 30909,   116,   80000000,   25138956,        0,  -54861044,          0
 30909,   117,   80000000,   25442935,        0,  -54557065,          0
 30909,   118,   80000000,   25220739,        0,  -54779261,          0
 30909,   119,   80000000,   25130755,        0,  -54869245,          0
 30909,   120,   80000000,   25397025,        0,  -54602975,          0
 30909,   121,   80000000,   25220398,        0,  -54779602,          0
 30909,   122,   80000000,   25208455,        0,  -54791545,          0
 30909,   123,   80000000,   25124141,        0,  -54875859,          0
 30909,   124,   80000000,   25135379,        0,  -54864621,          0
 30909,   125,   80000000,   25127698,        0,  -54872302,          0
 30909,   126,   80000000,   25137337,        0,  -54862663,          0
 30909,   127,   80000000,   25141027,        0,  -54858973,          0
 30909,   128,   80000000,   25446417,        0,  -54553583,          0
 30909,   129,   80000000,   25124262,        0,  -54875738,          0
# task NAME=myapp PID=30912 COST=7095000 PERIOD=86000000 CPU=0
 30912,     2,   86000000,       6335,        0,  -85993665,          0
 30912,     3,   86000000,      59569,        0,  -85940431,          0
 30912,     4,   86000000,    8062426,        0,  -77937574,          0
 30912,     5,   86000000,    7072211,        0,  -78927789,          0
 30912,     6,   86000000,    7039745,        0,  -78960255,          0
 30912,     7,   86000000,    7062174,        0,  -78937826,          0
 30912,     8,   86000000,    7044507,        0,  -78955493,          0
 30912,     9,   86000000,    7057351,        0,  -78942649,          0
 30912,    10,   86000000,    7041780,        0,  -78958220,          0
 30912,    11,   86000000,    7048443,        0,  -78951557,          0
 30912,    12,   86000000,    7070070,        0,  -78929930,          0
 30912,    13,   86000000,    7072204,        0,  -78927796,          0
 30912,    14,   86000000,    7093570,        0,  -78906430,          0
 30912,    15,   86000000,    7080621,        0,  -78919379,          0
 30912,    16,   86000000,    7051343,        0,  -78948657,          0
 30912,    17,   86000000,    7050450,        0,  -78949550,          0
 30912,    18,   86000000,    7046817,        0,  -78953183,          0
 30912,    19,   86000000,    7319748,        0,  -78680252,          0
 30912,    20,   86000000,    7198467,        0,  -78801533,          0
 30912,    21,   86000000,    7060275,        0,  -78939725,          0
 30912,    22,   86000000,    7048771,        0,  -78951229,          0
 30912,    23,   86000000,    7055232,        0,  -78944768,          0
 30912,    24,   86000000,    7084942,        0,  -78915058,          0
 30912,    25,   86000000,    7087975,        0,  -78912025,          0
 30912,    26,   86000000,    7059336,        0,  -78940664,          0
 30912,    27,   86000000,    7045437,        0,  -78954563,          0
 30912,    28,   86000000,    7123740,        0,  -78876260,          0
 30912,    29,   86000000,    7050634,        0,  -78949366,          0
 30912,    30,   86000000,    7626806,        0,  -78373194,          0
 30912,    31,   86000000,    7073220,        0,  -78926780,          0
 30912,    32,   86000000,    7079356,        0,  -78920644,          0
 30912,    33,   86000000,    7115239,        0,  -78884761,          0
 30912,    34,   86000000,    7050858,        0,  -78949142,          0
 30912,    35,   86000000,    7356855,        0,  -78643145,          0
 30912,    36,   86000000,    7036497,        0,  -78963503,          0
 30912,    37,   86000000,    7136936,        0,  -78863064,          0
 30912,    38,   86000000,    7042674,        0,  -78957326,          0
 30912,    39,   86000000,    7088733,        0,  -78911267,          0
 30912,    40,   86000000,    7056801,        0,  -78943199,          0
 30912,    41,   86000000,    7060052,        0,  -78939948,          0
 30912,    42,   86000000,    7068191,        0,  -78931809,          0
 30912,    43,   86000000,    7119450,        0,  -78880550,          0
 30912,    44,   86000000,    7075025,        0,  -78924975,          0
 30912,    45,   86000000,    7048660,        0,  -78951340,          0
 30912,    46,   86000000,    7085422,        0,  -78914578,          0
 30912,    47,   86000000,    7055589,        0,  -78944411,          0
 30912,    48,   86000000,    7030174,        0,  -78969826,          0
 30912,    49,   86000000,    7031360,        0,  -78968640,          0
 30912,    50,   86000000,    7054471,        0,  -78945529,          0
 30912,    51,   86000000,    7356697,        0,  -78643303,          0
 30912,    52,   86000000,    7058577,        0,  -78941423,          0
 30912,    53,   86000000,    7034925,        0,  -78965075,          0
 30912,    54,   86000000,    7063542,        0,  -78936458,          0
 30912,    55,   86000000,    7071834,        0,  -78928166,          0
 30912,    56,   86000000,    7070979,        0,  -78929021,          0
 30912,    57,   86000000,    7036188,        0,  -78963812,          0
 30912,    58,   86000000,    7046312,        0,  -78953688,          0
 30912,    59,   86000000,    7043174,        0,  -78956826,          0
 30912,    60,   86000000,    7041030,        0,  -78958970,          0
 30912,    61,   86000000,    7065853,        0,  -78934147,          0
 30912,    62,   86000000,    7032455,        0,  -78967545,          0
 30912,    63,   86000000,    7089325,        0,  -78910675,          0
 30912,    64,   86000000,    7050569,        0,  -78949431,          0
 30912,    65,   86000000,    7033145,        0,  -78966855,          0
 30912,    66,   86000000,    7037826,        0,  -78962174,          0
 30912,    67,   86000000,    7340121,        0,  -78659879,          0
 30912,    68,   86000000,    7046629,        0,  -78953371,          0
 30912,    69,   86000000,    7044261,        0,  -78955739,          0
 30912,    70,   86000000,    7040798,        0,  -78959202,          0
 30912,    71,   86000000,    7037068,        0,  -78962932,          0
 30912,    72,   86000000,    7054375,        0,  -78945625,          0
 30912,    73,   86000000,    7061614,        0,  -78938386,          0
 30912,    74,   86000000,    7040425,        0,  -78959575,          0
 30912,    75,   86000000,    7116391,        0,  -78883609,          0
 30912,    76,   86000000,    7039796,        0,  -78960204,          0
 30912,    77,   86000000,    7030953,        0,  -78969047,          0
 30912,    78,   86000000,    7069385,        0,  -78930615,          0
 30912,    79,   86000000,    7058649,        0,  -78941351,          0
 30912,    80,   86000000,    7032023,        0,  -78967977,          0
 30912,    81,   86000000,    7090199,        0,  -78909801,          0
 30912,    82,   86000000,    7101415,        0,  -78898585,          0
 30912,    83,   86000000,    7373229,        0,  -78626771,          0
 30912,    84,   86000000,    7059677,        0,  -78940323,          0
 30912,    85,   86000000,    7048766,        0,  -78951234,          0
 30912,    86,   86000000,    7102950,        0,  -78897050,          0
 30912,    87,   86000000,    7054561,        0,  -78945439,          0
 30912,    88,   86000000,    7061379,        0,  -78938621,          0
 30912,    89,   86000000,    7053094,        0,  -78946906,          0
 30912,    90,   86000000,    7048928,        0,  -78951072,          0
 30912,    91,   86000000,    7108731,        0,  -78891269,          0
 30912,    92,   86000000,    7042175,        0,  -78957825,          0
 30912,    93,   86000000,    7092700,        0,  -78907300,          0
 30912,    94,   86000000,    7059018,        0,  -78940982,          0
 30912,    95,   86000000,    7038537,        0,  -78961463,          0
 30912,    96,   86000000,    7052137,        0,  -78947863,          0
 30912,    97,   86000000,    7114105,        0,  -78885895,          0
 30912,    98,   86000000,    7099394,        0,  -78900606,          0
 30912,    99,   86000000,    7408400,        0,  -78591600,          0
 30912,   100,   86000000,    7085814,        0,  -78914186,          0
 30912,   101,   86000000,    7065005,        0,  -78934995,          0
 30912,   102,   86000000,    7046998,        0,  -78953002,          0
 30912,   103,   86000000,    7056382,        0,  -78943618,          0
 30912,   104,   86000000,    7064250,        0,  -78935750,          0
 30912,   105,   86000000,    7041754,        0,  -78958246,          0
 30912,   106,   86000000,    7061697,        0,  -78938303,          0
 30912,   107,   86000000,    7042200,        0,  -78957800,          0
 30912,   108,   86000000,    7043775,        0,  -78956225,          0
 30912,   109,   86000000,    7048095,        0,  -78951905,          0
 30912,   110,   86000000,    7094533,        0,  -78905467,          0
 30912,   111,   86000000,    7054243,        0,  -78945757,          0
 30912,   112,   86000000,    7044150,        0,  -78955850,          0
 30912,   113,   86000000,    7142797,        0,  -78857203,          0
 30912,   114,   86000000,    7074342,        0,  -78925658,          0
 30912,   115,   86000000,    7328121,        0,  -78671879,          0
 30912,   116,   86000000,    7085427,        0,  -78914573,          0
 30912,   117,   86000000,    7040654,        0,  -78959346,          0
 30912,   118,   86000000,    7041211,        0,  -78958789,          0
 30912,   119,   86000000,    7118560,        0,  -78881440,          0
 30912,   120,   86000000,    7045121,        0,  -78954879,          0
