# Task,   Job,     Period,   Response, DL Miss?,   Lateness,  Tardiness
# task NAME=myapp PID=7427 COST=10845000 PERIOD=88000000 CPU=0
  7427,     2,   88000000,       8524,        0,  -87991476,          0
  7427,     3,   88000000,     132661,        0,  -87867339,          0
  7427,     4,   88000000,   12759396,        0,  -75240604,          0
  7427,     5,   88000000,   11856405,        0,  -76143595,          0
  7427,     6,   88000000,   10645056,        0,  -77354944,          0
  7427,     7,   88000000,   10620522,        0,  -77379478,          0
  7427,     8,   88000000,   10645826,        0,  -77354174,          0
  7427,     9,   88000000,   10692667,        0,  -77307333,          0
  7427,    10,   88000000,   10666018,        0,  -77333982,          0
  7427,    11,   88000000,   10635498,        0,  -77364502,          0
  7427,    12,   88000000,   10669717,        0,  -77330283,          0
  7427,    13,   88000000,   10635346,        0,  -77364654,          0
  7427,    14,   88000000,   10689841,        0,  -77310159,          0
  7427,    15,   88000000,   10808757,        0,  -77191243,          0
  7427,    16,   88000000,   10728674,        0,  -77271326,          0
  7427,    17,   88000000,   10642933,        0,  -77357067,          0
  7427,    18,   88000000,   10645395,        0,  -77354605,          0
  7427,    19,   88000000,   10635426,        0,  -77364574,          0
  7427,    20,   88000000,   10686044,        0,  -77313956,          0
  7427,    21,   88000000,   10676233,        0,  -77323767,          0
  7427,    22,   88000000,   10938866,        0,  -77061134,          0
  7427,    23,   88000000,   10654299,        0,  -77345701,          0
  7427,    24,   88000000,   10642048,        0,  -77357952,          0
  7427,    25,   88000000,   10630170,        0,  -77369830,          0
  7427,    26,   88000000,   10643277,        0,  -77356723,          0
  7427,    27,   88000000,   10637993,        0,  -77362007,          0
  7427,    28,   88000000,   10720823,        0,  -77279177,          0
  7427,    29,   88000000,   11398447,        0,  -76601553,          0
  7427,    30,   88000000,   10635443,        0,  -77364557,          0
  7427,    31,   88000000,   10697241,        0,  -77302759,          0
  7427,    32,   88000000,   10986542,        0,  -77013458,          0
  7427,    33,   88000000,   10637197,        0,  -77362803,          0
  7427,    34,   88000000,   10627725,        0,  -77372275,          0
  7427,    35,   88000000,   10648085,        0,  -77351915,          0
  7427,    36,   88000000,   10678562,        0,  -77321438,          0
  7427,    37,   88000000,   10673720,        0,  -77326280,          0
  7427,    38,   88000000,   10640285,        0,  -77359715,          0
  7427,    39,   88000000,   10737045,        0,  -77262955,          0
  7427,    40,   88000000,   10658587,        0,  -77341413,          0
  7427,    41,   88000000,   10665130,        0,  -77334870,          0
  7427,    42,   88000000,   10666512,        0,  -77333488,          0
  7427,    43,   88000000,   10671257,        0,  -77328743,          0
  7427,    44,   88000000,   10693025,        0,  -77306975,          0
  7427,    45,   88000000,   10669411,        0,  -77330589,          0
  7427,    46,   88000000,   10668268,        0,  -77331732,          0
  7427,    47,   88000000,   10708143,        0,  -77291857,          0
  7427,    48,   88000000,   11613264,        0,  -76386736,          0
  7427,    49,   88000000,   10951673,        0,  -77048327,          0
  7427,    50,   88000000,   10635039,        0,  -77364961,          0
  7427,    51,   88000000,   10675636,        0,  -77324364,          0
  7427,    52,   88000000,   10638319,        0,  -77361681,          0
  7427,    53,   88000000,   10660632,        0,  -77339368,          0
  7427,    54,   88000000,   13192481,        0,  -74807519,          0
  7427,    55,   88000000,   10673252,        0,  -77326748,          0
  7427,    56,   88000000,   10677974,        0,  -77322026,          0
  7427,    57,   88000000,   10652770,        0,  -77347230,          0
  7427,    58,   88000000,   10639170,        0,  -77360830,          0
  7427,    59,   88000000,   10920908,        0,  -77079092,          0
  7427,    60,   88000000,   10631059,        0,  -77368941,          0
  7427,    61,   88000000,   12717148,        0,  -75282852,          0
  7427,    62,   88000000,   10631602,        0,  -77368398,          0
  7427,    63,   88000000,   10687617,        0,  -77312383,          0
  7427,    64,   88000000,   10753421,        0,  -77246579,          0
  7427,    65,   88000000,   10779784,        0,  -77220216,          0
  7427,    66,   88000000,   10639247,        0,  -77360753,          0
  7427,    67,   88000000,   10648827,        0,  -77351173,          0
  7427,    68,   88000000,   10654104,        0,  -77345896,          0
  7427,    69,   88000000,   10670096,        0,  -77329904,          0
  7427,    70,   88000000,   10649145,        0,  -77350855,          0
  7427,    71,   88000000,   10655548,        0,  -77344452,          0
  7427,    72,   88000000,   10730636,        0,  -77269364,          0
  7427,    73,   88000000,   10673764,        0,  -77326236,          0
  7427,    74,   88000000,   10660559,        0,  -77339441,          0
  7427,    75,   88000000,   10650572,        0,  -77349428,          0
  7427,    76,   88000000,   10942627,        0,  -77057373,          0
  7427,    77,   88000000,   10727264,        0,  -77272736,          0
  7427,    78,   88000000,   10649762,        0,  -77350238,          0
  7427,    79,   88000000,   10720522,        0,  -77279478,          0
  7427,    80,   88000000,   10724411,        0,  -77275589,          0
  7427,    81,   88000000,   10704188,        0,  -77295812,          0
  7427,    82,   88000000,   10630559,        0,  -77369441,          0
  7427,    83,   88000000,   11530594,        0,  -76469406,          0
  7427,    84,   88000000,   10738674,        0,  -77261326,          0
  7427,    85,   88000000,   10674708,        0,  -77325292,          0
  7427,    86,   88000000,   10962826,        0,  -77037174,          0
  7427,    87,   88000000,   10646060,        0,  -77353940,          0
  7427,    88,   88000000,   10656786,        0,  -77343214,          0
  7427,    89,   88000000,   10639760,        0,  -77360240,          0
  7427,    90,   88000000,   10699554,        0,  -77300446,          0
  7427,    91,   88000000,   10646217,        0,  -77353783,          0
  7427,    92,   88000000,   10639371,        0,  -77360629,          0
  7427,    93,   88000000,   10759063,        0,  -77240937,          0
  7427,    94,   88000000,   10676401,        0,  -77323599,          0
  7427,    95,   88000000,   10687455,        0,  -77312545,          0
  7427,    96,   88000000,   10656975,        0,  -77343025,          0
  7427,    97,   88000000,   10703436,        0,  -77296564,          0
  7427,    98,   88000000,   10710174,        0,  -77289826,          0
  7427,    99,   88000000,   10668756,        0,  -77331244,          0
  7427,   100,   88000000,   10641752,        0,  -77358248,          0
  7427,   101,   88000000,   10625449,        0,  -77374551,          0
  7427,   102,   88000000,   10675875,        0,  -77324125,          0
  7427,   103,   88000000,   11916025,        0,  -76083975,          0
  7427,   104,   88000000,   10629371,        0,  -77370629,          0
  7427,   105,   88000000,   10669079,        0,  -77330921,          0
  7427,   106,   88000000,   10650658,        0,  -77349342,          0
  7427,   107,   88000000,   10677299,        0,  -77322701,          0
  7427,   108,   88000000,   10647848,        0,  -77352152,          0
  7427,   109,   88000000,   10699607,        0,  -77300393,          0
  7427,   110,   88000000,   10709608,        0,  -77290392,          0
  7427,   111,   88000000,   10655723,        0,  -77344277,          0
  7427,   112,   88000000,   12735306,        0,  -75264694,          0
  7427,   113,   88000000,   10987141,        0,  -77012859,          0
  7427,   114,   88000000,   10701450,        0,  -77298550,          0
  7427,   115,   88000000,   10720731,        0,  -77279269,          0
  7427,   116,   88000000,   10686328,        0,  -77313672,          0
  7427,   117,   88000000,   10653745,        0,  -77346255,          0
# task NAME=myapp PID=7430 COST=504000 PERIOD=31000000 CPU=0
  7430,     2,   31000000,       8976,        0,  -30991024,          0
  7430,     3,   31000000,     100445,        0,  -30899555,          0
  7430,     4,   31000000,     526311,        0,  -30473689,          0
  7430,     5,   31000000,     514232,        0,  -30485768,          0
  7430,     6,   31000000,     526177,        0,  -30473823,          0
  7430,     7,   31000000,     571085,        0,  -30428915,          0
  7430,     8,   31000000,     523994,        0,  -30476006,          0
  7430,     9,   31000000,     535762,        0,  -30464238,          0
  7430,    10,   31000000,     513979,        0,  -30486021,          0
  7430,    11,   31000000,     516681,        0,  -30483319,          0
  7430,    12,   31000000,     529273,        0,  -30470727,          0
  7430,    13,   31000000,     550832,        0,  -30449168,          0
  7430,    14,   31000000,     518503,        0,  -30481497,          0
  7430,    15,   31000000,     538194,        0,  -30461806,          0
  7430,    16,   31000000,     520183,        0,  -30479817,          0
  7430,    17,   31000000,     538101,        0,  -30461899,          0
  7430,    18,   31000000,     522177,        0,  -30477823,          0
  7430,    19,   31000000,     528117,        0,  -30471883,          0
  7430,    20,   31000000,     522672,        0,  -30477328,          0
  7430,    21,   31000000,     532934,        0,  -30467066,          0
  7430,    22,   31000000,     573108,        0,  -30426892,          0
  7430,    23,   31000000,     525585,        0,  -30474415,          0
  7430,    24,   31000000,     533870,        0,  -30466130,          0
  7430,    25,   31000000,     553248,        0,  -30446752,          0
  7430,    26,   31000000,     514609,        0,  -30485391,          0
  7430,    27,   31000000,     564262,        0,  -30435738,          0
  7430,    28,   31000000,     544844,        0,  -30455156,          0
  7430,    29,   31000000,     675771,        0,  -30324229,          0
  7430,    30,   31000000,     512920,        0,  -30487080,          0
  7430,    31,   31000000,     534349,        0,  -30465651,          0
  7430,    32,   31000000,     511940,        0,  -30488060,          0
  7430,    33,   31000000,     525047,        0,  -30474953,          0
  7430,    34,   31000000,     527510,        0,  -30472490,          0
  7430,    35,   31000000,     520093,        0,  -30479907,          0
  7430,    36,   31000000,     524082,        0,  -30475918,          0
  7430,    37,   31000000,     548500,        0,  -30451500,          0
  7430,    38,   31000000,     517929,        0,  -30482071,          0
  7430,    39,   31000000,     537618,        0,  -30462382,          0
  7430,    40,   31000000,     516294,        0,  -30483706,          0
  7430,    41,   31000000,     513654,        0,  -30486346,          0
  7430,    42,   31000000,     522070,        0,  -30477930,          0
  7430,    43,   31000000,     527072,        0,  -30472928,          0
  7430,    44,   31000000,     534698,        0,  -30465302,          0
  7430,    45,   31000000,     540772,        0,  -30459228,          0
  7430,    46,   31000000,     523162,        0,  -30476838,          0
  7430,    47,   31000000,    1514127,        0,  -29485873,          0
  7430,    48,   31000000,     524930,        0,  -30475070,          0
  7430,    49,   31000000,     528069,        0,  -30471931,          0
  7430,    50,   31000000,     523579,        0,  -30476421,          0
  7430,    51,   31000000,     519178,        0,  -30480822,          0
  7430,    52,   31000000,     523057,        0,  -30476943,          0
  7430,    53,   31000000,     533728,        0,  -30466272,          0
  7430,    54,   31000000,     518931,        0,  -30481069,          0
  7430,    55,   31000000,     523185,        0,  -30476815,          0
  7430,    56,   31000000,     543409,        0,  -30456591,          0
  7430,    57,   31000000,     521698,        0,  -30478302,          0
  7430,    58,   31000000,     513871,        0,  -30486129,          0
  7430,    59,   31000000,     513696,        0,  -30486304,          0
  7430,    60,   31000000,     524472,        0,  -30475528,          0
  7430,    61,   31000000,     541963,        0,  -30458037,          0
  7430,    62,   31000000,     534732,        0,  -30465268,          0
  7430,    63,   31000000,     515252,        0,  -30484748,          0
  7430,    64,   31000000,     533256,        0,  -30466744,          0
  7430,    65,   31000000,     513926,        0,  -30486074,          0
  7430,    66,   31000000,     511887,        0,  -30488113,          0
  7430,    67,   31000000,     538942,        0,  -30461058,          0
  7430,    68,   31000000,     523709,        0,  -30476291,          0
  7430,    69,   31000000,     537891,        0,  -30462109,          0
  7430,    70,   31000000,     515061,        0,  -30484939,          0
  7430,    71,   31000000,     526568,        0,  -30473432,          0
  7430,    72,   31000000,     525755,        0,  -30474245,          0
  7430,    73,   31000000,     509577,        0,  -30490423,          0
  7430,    74,   31000000,     518153,        0,  -30481847,          0
  7430,    75,   31000000,     543872,        0,  -30456128,          0
  7430,    76,   31000000,     532038,        0,  -30467962,          0
  7430,    77,   31000000,     562937,        0,  -30437063,          0
  7430,    78,   31000000,     532767,        0,  -30467233,          0
  7430,    79,   31000000,     523481,        0,  -30476519,          0
  7430,    80,   31000000,     514013,        0,  -30485987,          0
  7430,    81,   31000000,     513886,        0,  -30486114,          0
  7430,    82,   31000000,     536105,        0,  -30463895,          0
  7430,    83,   31000000,     530638,        0,  -30469362,          0
  7430,    84,   31000000,     512348,        0,  -30487652,          0
  7430,    85,   31000000,     519401,        0,  -30480599,          0
  7430,    86,   31000000,     542634,        0,  -30457366,          0
  7430,    87,   31000000,     527925,        0,  -30472075,          0
  7430,    88,   31000000,     522931,        0,  -30477069,          0
  7430,    89,   31000000,     538921,        0,  -30461079,          0
  7430,    90,   31000000,     515403,        0,  -30484597,          0
  7430,    91,   31000000,     517215,        0,  -30482785,          0
  7430,    92,   31000000,     521299,        0,  -30478701,          0
  7430,    93,   31000000,     515355,        0,  -30484645,          0
  7430,    94,   31000000,     527121,        0,  -30472879,          0
  7430,    95,   31000000,     559778,        0,  -30440222,          0
  7430,    96,   31000000,     514829,        0,  -30485171,          0
  7430,    97,   31000000,     535125,        0,  -30464875,          0
  7430,    98,   31000000,     520063,        0,  -30479937,          0
  7430,    99,   31000000,     554637,        0,  -30445363,          0
  7430,   100,   31000000,     522605,        0,  -30477395,          0
  7430,   101,   31000000,     552741,        0,  -30447259,          0
  7430,   102,   31000000,     525217,        0,  -30474783,          0
  7430,   103,   31000000,     530796,        0,  -30469204,          0
  7430,   104,   31000000,     558167,        0,  -30441833,          0
  7430,   105,   31000000,     527623,        0,  -30472377,          0
  7430,   106,   31000000,     537053,        0,  -30462947,          0
  7430,   107,   31000000,     517031,        0,  -30482969,          0
  7430,   108,   31000000,     532089,        0,  -30467911,          0
  7430,   109,   31000000,     537832,        0,  -30462168,          0
  7430,   110,   31000000,     514140,        0,  -30485860,          0
  7430,   111,   31000000,     574146,        0,  -30425854,          0
  7430,   112,   31000000,     549648,        0,  -30450352,          0
  7430,   113,   31000000,     531042,        0,  -30468958,          0
  7430,   114,   31000000,     521930,        0,  -30478070,          0
  7430,   115,   31000000,     538429,        0,  -30461571,          0
  7430,   116,   31000000,     521748,        0,  -30478252,          0
  7430,   117,   31000000,     532122,        0,  -30467878,          0
  7430,   118,   31000000,     520414,        0,  -30479586,          0
  7430,   119,   31000000,     529091,        0,  -30470909,          0
  7430,   120,   31000000,     515396,        0,  -30484604,          0
  7430,   121,   31000000,     552310,        0,  -30447690,          0
  7430,   122,   31000000,     539826,        0,  -30460174,          0
  7430,   123,   31000000,     536628,        0,  -30463372,          0
  7430,   124,   31000000,     520073,        0,  -30479927,          0
  7430,   125,   31000000,     521214,        0,  -30478786,          0
  7430,   126,   31000000,     531031,        0,  -30468969,          0
  7430,   127,   31000000,     531542,        0,  -30468458,          0
  7430,   128,   31000000,     535866,        0,  -30464134,          0
  7430,   129,   31000000,     522149,        0,  -30477851,          0
  7430,   130,   31000000,     520694,        0,  -30479306,          0
  7430,   131,   31000000,     613071,        0,  -30386929,          0
  7430,   132,   31000000,     556304,        0,  -30443696,          0
  7430,   133,   31000000,     528167,        0,  -30471833,          0
  7430,   134,   31000000,     533708,        0,  -30466292,          0
  7430,   135,   31000000,     524526,        0,  -30475474,          0
  7430,   136,   31000000,     534989,        0,  -30465011,          0
  7430,   137,   31000000,     524157,        0,  -30475843,          0
  7430,   138,   31000000,     535644,        0,  -30464356,          0
  7430,   139,   31000000,     578213,        0,  -30421787,          0
  7430,   140,   31000000,     509867,        0,  -30490133,          0
  7430,   141,   31000000,     515277,        0,  -30484723,          0
  7430,   142,   31000000,     523120,        0,  -30476880,          0
  7430,   143,   31000000,     522262,        0,  -30477738,          0
  7430,   144,   31000000,     517639,        0,  -30482361,          0
  7430,   145,   31000000,     521614,        0,  -30478386,          0
  7430,   146,   31000000,     531166,        0,  -30468834,          0
  7430,   147,   31000000,     541567,        0,  -30458433,          0
  7430,   148,   31000000,     516626,        0,  -30483374,          0
  7430,   149,   31000000,     513025,        0,  -30486975,          0
  7430,   150,   31000000,     555576,        0,  -30444424,          0
  7430,   151,   31000000,     521884,        0,  -30478116,          0
  7430,   152,   31000000,     528474,        0,  -30471526,          0
  7430,   153,   31000000,     531635,        0,  -30468365,          0
  7430,   154,   31000000,     798478,        0,  -30201522,          0
  7430,   155,   31000000,     546953,        0,  -30453047,          0
  7430,   156,   31000000,     537553,        0,  -30462447,          0
  7430,   157,   31000000,     532330,        0,  -30467670,          0
  7430,   158,   31000000,     547737,        0,  -30452263,          0
  7430,   159,   31000000,     522571,        0,  -30477429,          0
  7430,   160,   31000000,     513393,        0,  -30486607,          0
  7430,   161,   31000000,     520117,        0,  -30479883,          0
  7430,   162,   31000000,     535088,        0,  -30464912,          0
  7430,   163,   31000000,     562054,        0,  -30437946,          0
  7430,   164,   31000000,     542247,        0,  -30457753,          0
  7430,   165,   31000000,     552156,        0,  -30447844,          0
  7430,   166,   31000000,     522719,        0,  -30477281,          0
  7430,   167,   31000000,     522342,        0,  -30477658,          0
  7430,   168,   31000000,     543580,        0,  -30456420,          0
  7430,   169,   31000000,     526655,        0,  -30473345,          0
  7430,   170,   31000000,     532084,        0,  -30467916,          0
  7430,   171,   31000000,     553871,        0,  -30446129,          0
  7430,   172,   31000000,     530881,        0,  -30469119,          0
  7430,   173,   31000000,     522144,        0,  -30477856,          0
  7430,   174,   31000000,     514101,        0,  -30485899,          0
  7430,   175,   31000000,     532701,        0,  -30467299,          0
  7430,   176,   31000000,     545237,        0,  -30454763,          0
  7430,   177,   31000000,     529661,        0,  -30470339,          0
  7430,   178,   31000000,     531379,        0,  -30468621,          0
  7430,   179,   31000000,     553015,        0,  -30446985,          0
  7430,   180,   31000000,     536774,        0,  -30463226,          0
  7430,   181,   31000000,     510975,        0,  -30489025,          0
  7430,   182,   31000000,     511422,        0,  -30488578,          0
  7430,   183,   31000000,     611824,        0,  -30388176,          0
  7430,   184,   31000000,     509874,        0,  -30490126,          0
  7430,   185,   31000000,     534049,        0,  -30465951,          0
  7430,   186,   31000000,     542826,        0,  -30457174,          0
  7430,   187,   31000000,     517983,        0,  -30482017,          0
  7430,   188,   31000000,     527485,        0,  -30472515,          0
  7430,   189,   31000000,     521331,        0,  -30478669,          0
  7430,   190,   31000000,     523636,        0,  -30476364,          0
  7430,   191,   31000000,     522315,        0,  -30477685,          0
  7430,   192,   31000000,     531097,        0,  -30468903,          0
  7430,   193,   31000000,     547865,        0,  -30452135,          0
  7430,   194,   31000000,     544613,        0,  -30455387,          0
  7430,   195,   31000000,     524878,        0,  -30475122,          0
  7430,   196,   31000000,     525015,        0,  -30474985,          0
  7430,   197,   31000000,     520620,        0,  -30479380,          0
  7430,   198,   31000000,     526546,        0,  -30473454,          0
  7430,   199,   31000000,     529804,        0,  -30470196,          0
  7430,   200,   31000000,     559773,        0,  -30440227,          0
  7430,   201,   31000000,     518113,        0,  -30481887,          0
  7430,   202,   31000000,     519901,        0,  -30480099,          0
  7430,   203,   31000000,     518035,        0,  -30481965,          0
  7430,   204,   31000000,     517900,        0,  -30482100,          0
  7430,   205,   31000000,     532314,        0,  -30467686,          0
  7430,   206,   31000000,     517691,        0,  -30482309,          0
  7430,   207,   31000000,     517080,        0,  -30482920,          0
  7430,   208,   31000000,     521152,        0,  -30478848,          0
  7430,   209,   31000000,     527324,        0,  -30472676,          0
  7430,   210,   31000000,     511891,        0,  -30488109,          0
  7430,   211,   31000000,     531961,        0,  -30468039,          0
  7430,   212,   31000000,     573874,        0,  -30426126,          0
  7430,   213,   31000000,     522949,        0,  -30477051,          0
  7430,   214,   31000000,     545954,        0,  -30454046,          0
  7430,   215,   31000000,     511460,        0,  -30488540,          0
  7430,   216,   31000000,     516833,        0,  -30483167,          0
  7430,   217,   31000000,     518294,        0,  -30481706,          0
  7430,   218,   31000000,     516870,        0,  -30483130,          0
  7430,   219,   31000000,     545214,        0,  -30454786,          0
  7430,   220,   31000000,     531597,        0,  -30468403,          0
  7430,   221,   31000000,     519386,        0,  -30480614,          0
  7430,   222,   31000000,     521896,        0,  -30478104,          0
  7430,   223,   31000000,     517379,        0,  -30482621,          0
  7430,   224,   31000000,     519131,        0,  -30480869,          0
  7430,   225,   31000000,     522192,        0,  -30477808,          0
  7430,   226,   31000000,     513674,        0,  -30486326,          0
  7430,   227,   31000000,     513748,        0,  -30486252,          0
  7430,   228,   31000000,     531055,        0,  -30468945,          0
  7430,   229,   31000000,     525145,        0,  -30474855,          0
  7430,   230,   31000000,     551834,        0,  -30448166,          0
  7430,   231,   31000000,     585917,        0,  -30414083,          0
  7430,   232,   31000000,     530080,        0,  -30469920,          0
  7430,   233,   31000000,     530465,        0,  -30469535,          0
  7430,   234,   31000000,     537564,        0,  -30462436,          0
  7430,   235,   31000000,     532454,        0,  -30467546,          0
  7430,   236,   31000000,     523663,        0,  -30476337,          0
  7430,   237,   31000000,     513398,        0,  -30486602,          0
  7430,   238,   31000000,     524749,        0,  -30475251,          0
  7430,   239,   31000000,     518819,        0,  -30481181,          0
  7430,   240,   31000000,     521072,        0,  -30478928,          0
  7430,   241,   31000000,     535705,        0,  -30464295,          0
  7430,   242,   31000000,     556340,        0,  -30443660,          0
  7430,   243,   31000000,     564936,        0,  -30435064,          0
  7430,   244,   31000000,     525352,        0,  -30474648,          0
  7430,   245,   31000000,     554204,        0,  -30445796,          0
  7430,   246,   31000000,     518856,        0,  -30481144,          0
  7430,   247,   31000000,     513842,        0,  -30486158,          0
  7430,   248,   31000000,     519273,        0,  -30480727,          0
  7430,   249,   31000000,     531342,        0,  -30468658,          0
  7430,   250,   31000000,     545642,        0,  -30454358,          0
  7430,   251,   31000000,     516127,        0,  -30483873,          0
  7430,   252,   31000000,     569739,        0,  -30430261,          0
  7430,   253,   31000000,     533611,        0,  -30466389,          0
  7430,   254,   31000000,     537135,        0,  -30462865,          0
  7430,   255,   31000000,     534433,        0,  -30465567,          0
  7430,   256,   31000000,     545014,        0,  -30454986,          0
  7430,   257,   31000000,     533727,        0,  -30466273,          0
  7430,   258,   31000000,     559931,        0,  -30440069,          0
  7430,   259,   31000000,     522837,        0,  -30477163,          0
  7430,   260,   31000000,     524162,        0,  -30475838,          0
  7430,   261,   31000000,     536888,        0,  -30463112,          0
  7430,   262,   31000000,     535601,        0,  -30464399,          0
  7430,   263,   31000000,     519925,        0,  -30480075,          0
  7430,   264,   31000000,     532820,        0,  -30467180,          0
  7430,   265,   31000000,     514725,        0,  -30485275,          0
  7430,   266,   31000000,     531509,        0,  -30468491,          0
  7430,   267,   31000000,     512716,        0,  -30487284,          0
  7430,   268,   31000000,     529211,        0,  -30470789,          0
  7430,   269,   31000000,     510466,        0,  -30489534,          0
  7430,   270,   31000000,     519556,        0,  -30480444,          0
  7430,   271,   31000000,     513313,        0,  -30486687,          0
  7430,   272,   31000000,     509989,        0,  -30490011,          0
  7430,   273,   31000000,     559937,        0,  -30440063,          0
  7430,   274,   31000000,     534260,        0,  -30465740,          0
  7430,   275,   31000000,     535457,        0,  -30464543,          0
  7430,   276,   31000000,     521709,        0,  -30478291,          0
  7430,   277,   31000000,     510949,        0,  -30489051,          0
  7430,   278,   31000000,     533246,        0,  -30466754,          0
  7430,   279,   31000000,     796352,        0,  -30203648,          0
  7430,   280,   31000000,     535282,        0,  -30464718,          0
  7430,   281,   31000000,     516470,        0,  -30483530,          0
  7430,   282,   31000000,     523781,        0,  -30476219,          0
  7430,   283,   31000000,     517608,        0,  -30482392,          0
  7430,   284,   31000000,     518282,        0,  -30481718,          0
  7430,   285,   31000000,     543165,        0,  -30456835,          0
  7430,   286,   31000000,     521507,        0,  -30478493,          0
  7430,   287,   31000000,    1512907,        0,  -29487093,          0
  7430,   288,   31000000,     515312,        0,  -30484688,          0
  7430,   289,   31000000,     524869,        0,  -30475131,          0
  7430,   290,   31000000,     514801,        0,  -30485199,          0
  7430,   291,   31000000,     512425,        0,  -30487575,          0
  7430,   292,   31000000,     573422,        0,  -30426578,          0
  7430,   293,   31000000,     509279,        0,  -30490721,          0
  7430,   294,   31000000,     520253,        0,  -30479747,          0
  7430,   295,   31000000,     514873,        0,  -30485127,          0
  7430,   296,   31000000,     532206,        0,  -30467794,          0
  7430,   297,   31000000,     529086,        0,  -30470914,          0
  7430,   298,   31000000,     531663,        0,  -30468337,          0
  7430,   299,   31000000,     528214,        0,  -30471786,          0
  7430,   300,   31000000,     533268,        0,  -30466732,          0
  7430,   301,   31000000,     517404,        0,  -30482596,          0
  7430,   302,   31000000,     529677,        0,  -30470323,          0
  7430,   303,   31000000,     513116,        0,  -30486884,          0
  7430,   304,   31000000,     544707,        0,  -30455293,          0
  7430,   305,   31000000,     531957,        0,  -30468043,          0
  7430,   306,   31000000,     518434,        0,  -30481566,          0
  7430,   307,   31000000,     521085,        0,  -30478915,          0
  7430,   308,   31000000,     516608,        0,  -30483392,          0
  7430,   309,   31000000,     521110,        0,  -30478890,          0
  7430,   310,   31000000,     533524,        0,  -30466476,          0
  7430,   311,   31000000,     559062,        0,  -30440938,          0
  7430,   312,   31000000,     542427,        0,  -30457573,          0
  7430,   313,   31000000,     559319,        0,  -30440681,          0
  7430,   314,   31000000,     533357,        0,  -30466643,          0
  7430,   315,   31000000,     547861,        0,  -30452139,          0
  7430,   316,   31000000,     521417,        0,  -30478583,          0
  7430,   317,   31000000,     517561,        0,  -30482439,          0
  7430,   318,   31000000,     534820,        0,  -30465180,          0
  7430,   319,   31000000,     542218,        0,  -30457782,          0
  7430,   320,   31000000,     516496,        0,  -30483504,          0
  7430,   321,   31000000,     523441,        0,  -30476559,          0
  7430,   322,   31000000,     519000,        0,  -30481000,          0
  7430,   323,   31000000,     511757,        0,  -30488243,          0
  7430,   324,   31000000,     538975,        0,  -30461025,          0
  7430,   325,   31000000,     517917,        0,  -30482083,          0
  7430,   326,   31000000,     524944,        0,  -30475056,          0
# task NAME=myapp PID=7434 COST=20126000 PERIOD=76000000 CPU=0
  7434,     2,   76000000,       8859,        0,  -75991141,          0
  7434,     3,   76000000,     126316,        0,  -75873684,          0
  7434,     4,   76000000,   21766402,        0,  -54233598,          0
  7434,     5,   76000000,   19709911,        0,  -56290089,          0
  7434,     6,   76000000,   19697908,        0,  -56302092,          0
  7434,     7,   76000000,   20004141,        0,  -55995859,          0
  7434,     8,   76000000,   19708504,        0,  -56291496,          0
  7434,     9,   76000000,   19723775,        0,  -56276225,          0
  7434,    10,   76000000,   19721177,        0,  -56278823,          0
  7434,    11,   76000000,   19800862,        0,  -56199138,          0
  7434,    12,   76000000,   19725423,        0,  -56274577,          0
  7434,    13,   76000000,   19717876,        0,  -56282124,          0
  7434,    14,   76000000,   19792152,        0,  -56207848,          0
  7434,    15,   76000000,   19984030,        0,  -56015970,          0
  7434,    16,   76000000,   19758870,        0,  -56241130,          0
  7434,    17,   76000000,   19746020,        0,  -56253980,          0
  7434,    18,   76000000,   19830500,        0,  -56169500,          0
  7434,    19,   76000000,   19733373,        0,  -56266627,          0
  7434,    20,   76000000,   20712928,        0,  -55287072,          0
  7434,    21,   76000000,   20726554,        0,  -55273446,          0
  7434,    22,   76000000,   19709810,        0,  -56290190,          0
  7434,    23,   76000000,   19746798,        0,  -56253202,          0
  7434,    24,   76000000,   19710386,        0,  -56289614,          0
  7434,    25,   76000000,   20608718,        0,  -55391282,          0
  7434,    26,   76000000,   19732315,        0,  -56267685,          0
  7434,    27,   76000000,   19805453,        0,  -56194547,          0
  7434,    28,   76000000,   19712110,        0,  -56287890,          0
  7434,    29,   76000000,   21833877,        0,  -54166123,          0
  7434,    30,   76000000,   20008856,        0,  -55991144,          0
  7434,    31,   76000000,   19800313,        0,  -56199687,          0
  7434,    32,   76000000,   19787986,        0,  -56212014,          0
  7434,    33,   76000000,   19732088,        0,  -56267912,          0
  7434,    34,   76000000,   19734119,        0,  -56265881,          0
  7434,    35,   76000000,   19721700,        0,  -56278300,          0
  7434,    36,   76000000,   19720411,        0,  -56279589,          0
  7434,    37,   76000000,   19790468,        0,  -56209532,          0
  7434,    38,   76000000,   19835481,        0,  -56164519,          0
  7434,    39,   76000000,   19737198,        0,  -56262802,          0
  7434,    40,   76000000,   19790615,        0,  -56209385,          0
  7434,    41,   76000000,   19754046,        0,  -56245954,          0
  7434,    42,   76000000,   20382317,        0,  -55617683,          0
  7434,    43,   76000000,   20011716,        0,  -55988284,          0
  7434,    44,   76000000,   19805375,        0,  -56194625,          0
  7434,    45,   76000000,   19789345,        0,  -56210655,          0
  7434,    46,   76000000,   19754098,        0,  -56245902,          0
  7434,    47,   76000000,   20188394,        0,  -55811606,          0
  7434,    48,   76000000,   19983338,        0,  -56016662,          0
  7434,    49,   76000000,   19804157,        0,  -56195843,          0
  7434,    50,   76000000,   19755458,        0,  -56244542,          0
  7434,    51,   76000000,   19745862,        0,  -56254138,          0
  7434,    52,   76000000,   19722306,        0,  -56277694,          0
  7434,    53,   76000000,   20013770,        0,  -55986230,          0
  7434,    54,   76000000,   19729794,        0,  -56270206,          0
  7434,    55,   76000000,   19792943,        0,  -56207057,          0
  7434,    56,   76000000,   19719088,        0,  -56280912,          0
  7434,    57,   76000000,   19732913,        0,  -56267087,          0
  7434,    58,   76000000,   19996053,        0,  -56003947,          0
  7434,    59,   76000000,   19743229,        0,  -56256771,          0
  7434,    60,   76000000,   19756393,        0,  -56243607,          0
  7434,    61,   76000000,   19737446,        0,  -56262554,          0
  7434,    62,   76000000,   19747596,        0,  -56252404,          0
  7434,    63,   76000000,   19825443,        0,  -56174557,          0
  7434,    64,   76000000,   19827799,        0,  -56172201,          0
  7434,    65,   76000000,   19817924,        0,  -56182076,          0
  7434,    66,   76000000,   20071644,        0,  -55928356,          0
  7434,    67,   76000000,   19706909,        0,  -56293091,          0
  7434,    68,   76000000,   20825317,        0,  -55174683,          0
  7434,    69,   76000000,   19717296,        0,  -56282704,          0
  7434,    70,   76000000,   19729029,        0,  -56270971,          0
  7434,    71,   76000000,   20076150,        0,  -55923850,          0
  7434,    72,   76000000,   19827240,        0,  -56172760,          0
  7434,    73,   76000000,   19812539,        0,  -56187461,          0
  7434,    74,   76000000,   19715499,        0,  -56284501,          0
  7434,    75,   76000000,   19811736,        0,  -56188264,          0
  7434,    76,   76000000,   21059161,        0,  -54940839,          0
  7434,    77,   76000000,   19717156,        0,  -56282844,          0
  7434,    78,   76000000,   19773792,        0,  -56226208,          0
  7434,    79,   76000000,   19830908,        0,  -56169092,          0
  7434,    80,   76000000,   19737537,        0,  -56262463,          0
  7434,    81,   76000000,   20016764,        0,  -55983236,          0
  7434,    82,   76000000,   19714906,        0,  -56285094,          0
  7434,    83,   76000000,   19750998,        0,  -56249002,          0
  7434,    84,   76000000,   19722325,        0,  -56277675,          0
  7434,    85,   76000000,   19714627,        0,  -56285373,          0
  7434,    86,   76000000,   19736287,        0,  -56263713,          0
  7434,    87,   76000000,   19718840,        0,  -56281160,          0
  7434,    88,   76000000,   20151505,        0,  -55848495,          0
  7434,    89,   76000000,   19723088,        0,  -56276912,          0
  7434,    90,   76000000,   19723139,        0,  -56276861,          0
  7434,    91,   76000000,   19748118,        0,  -56251882,          0
  7434,    92,   76000000,   19816573,        0,  -56183427,          0
  7434,    93,   76000000,   19758069,        0,  -56241931,          0
  7434,    94,   76000000,   20021857,        0,  -55978143,          0
  7434,    95,   76000000,   19719618,        0,  -56280382,          0
  7434,    96,   76000000,   20321392,        0,  -55678608,          0
  7434,    97,   76000000,   19724340,        0,  -56275660,          0
  7434,    98,   76000000,   19709098,        0,  -56290902,          0
  7434,    99,   76000000,   20017279,        0,  -55982721,          0
  7434,   100,   76000000,   20762750,        0,  -55237250,          0
  7434,   101,   76000000,   19823081,        0,  -56176919,          0
  7434,   102,   76000000,   19724945,        0,  -56275055,          0
  7434,   103,   76000000,   19736665,        0,  -56263335,          0
  7434,   104,   76000000,   19997895,        0,  -56002105,          0
  7434,   105,   76000000,   21785756,        0,  -54214244,          0
  7434,   106,   76000000,   19696979,        0,  -56303021,          0
  7434,   107,   76000000,   19798687,        0,  -56201313,          0
  7434,   108,   76000000,   19769702,        0,  -56230298,          0
  7434,   109,   76000000,   20142411,        0,  -55857589,          0
  7434,   110,   76000000,   19826929,        0,  -56173071,          0
  7434,   111,   76000000,   19749066,        0,  -56250934,          0
  7434,   112,   76000000,   19853723,        0,  -56146277,          0
  7434,   113,   76000000,   19852019,        0,  -56147981,          0
  7434,   114,   76000000,   19762834,        0,  -56237166,          0
  7434,   115,   76000000,   19727346,        0,  -56272654,          0
  7434,   116,   76000000,   19736957,        0,  -56263043,          0
  7434,   117,   76000000,   19980489,        0,  -56019511,          0
  7434,   118,   76000000,   19728397,        0,  -56271603,          0
  7434,   119,   76000000,   19797407,        0,  -56202593,          0
  7434,   120,   76000000,   19751826,        0,  -56248174,          0
  7434,   121,   76000000,   19727845,        0,  -56272155,          0
  7434,   122,   76000000,   20126479,        0,  -55873521,          0
  7434,   123,   76000000,   19815037,        0,  -56184963,          0
  7434,   124,   76000000,   19727425,        0,  -56272575,          0
  7434,   125,   76000000,   19714090,        0,  -56285910,          0
  7434,   126,   76000000,   19710672,        0,  -56289328,          0
  7434,   127,   76000000,   21778414,        0,  -54221586,          0
  7434,   128,   76000000,   19710304,        0,  -56289696,          0
  7434,   129,   76000000,   19816155,        0,  -56183845,          0
  7434,   130,   76000000,   19688356,        0,  -56311644,          0
  7434,   131,   76000000,   19707841,        0,  -56292159,          0
  7434,   132,   76000000,   19990638,        0,  -56009362,          0
  7434,   133,   76000000,   19753171,        0,  -56246829,          0
  7434,   134,   76000000,   19707531,        0,  -56292469,          0
  7434,   135,   76000000,   19747474,        0,  -56252526,          0
# task NAME=myapp PID=7438 COST=5949000 PERIOD=68000000 CPU=0
  7438,     2,   68000000,       9858,        0,  -67990142,          0
  7438,     3,   68000000,     106622,        0,  -67893378,          0
  7438,     4,   68000000,    6881580,        0,  -61118420,          0
  7438,     5,   68000000,    5844240,        0,  -62155760,          0
  7438,     6,   68000000,    5878657,        0,  -62121343,          0
  7438,     7,   68000000,    5903373,        0,  -62096627,          0
  7438,     8,   68000000,    5880495,        0,  -62119505,          0
  7438,     9,   68000000,    6074756,        0,  -61925244,          0
  7438,    10,   68000000,    5851165,        0,  -62148835,          0
  7438,    11,   68000000,    6834588,        0,  -61165412,          0
  7438,    12,   68000000,    5866964,        0,  -62133036,          0
  7438,    13,   68000000,    6180886,        0,  -61819114,          0
  7438,    14,   68000000,    5861987,        0,  -62138013,          0
  7438,    15,   68000000,    5903504,        0,  -62096496,          0
  7438,    16,   68000000,    5932444,        0,  -62067556,          0
  7438,    17,   68000000,    5854715,        0,  -62145285,          0
  7438,    18,   68000000,    5905692,        0,  -62094308,          0
  7438,    19,   68000000,    5864556,        0,  -62135444,          0
  7438,    20,   68000000,    5887042,        0,  -62112958,          0
  7438,    21,   68000000,    5849904,        0,  -62150096,          0
  7438,    22,   68000000,    5898613,        0,  -62101387,          0
  7438,    23,   68000000,    5894894,        0,  -62105106,          0
  7438,    24,   68000000,    6153191,        0,  -61846809,          0
  7438,    25,   68000000,    5903949,        0,  -62096051,          0
  7438,    26,   68000000,    5840160,        0,  -62159840,          0
  7438,    27,   68000000,    5843255,        0,  -62156745,          0
  7438,    28,   68000000,    5880549,        0,  -62119451,          0
  7438,    29,   68000000,    5846089,        0,  -62153911,          0
  7438,    30,   68000000,    6115403,        0,  -61884597,          0
  7438,    31,   68000000,    5880851,        0,  -62119149,          0
  7438,    32,   68000000,    5853345,        0,  -62146655,          0
  7438,    33,   68000000,    5887600,        0,  -62112400,          0
  7438,    34,   68000000,    5888644,        0,  -62111356,          0
  7438,    35,   68000000,    6132322,        0,  -61867678,          0
  7438,    36,   68000000,    6470596,        0,  -61529404,          0
  7438,    37,   68000000,    5854568,        0,  -62145432,          0
  7438,    38,   68000000,    5885800,        0,  -62114200,          0
  7438,    39,   68000000,    7904747,        0,  -60095253,          0
  7438,    40,   68000000,    5861931,        0,  -62138069,          0
  7438,    41,   68000000,    5883165,        0,  -62116835,          0
  7438,    42,   68000000,    5890520,        0,  -62109480,          0
  7438,    43,   68000000,    5890041,        0,  -62109959,          0
  7438,    44,   68000000,    5877018,        0,  -62122982,          0
  7438,    45,   68000000,    5881456,        0,  -62118544,          0
  7438,    46,   68000000,    5871556,        0,  -62128444,          0
  7438,    47,   68000000,    5873579,        0,  -62126421,          0
  7438,    48,   68000000,    5848194,        0,  -62151806,          0
  7438,    49,   68000000,    6975751,        0,  -61024249,          0
  7438,    50,   68000000,    5865509,        0,  -62134491,          0
  7438,    51,   68000000,    5838500,        0,  -62161500,          0
  7438,    52,   68000000,    5859899,        0,  -62140101,          0
  7438,    53,   68000000,    5865203,        0,  -62134797,          0
  7438,    54,   68000000,    5873721,        0,  -62126279,          0
  7438,    55,   68000000,    5883027,        0,  -62116973,          0
  7438,    56,   68000000,    5911422,        0,  -62088578,          0
  7438,    57,   68000000,    5865092,        0,  -62134908,          0
  7438,    58,   68000000,    5979082,        0,  -62020918,          0
  7438,    59,   68000000,    5876145,        0,  -62123855,          0
  7438,    60,   68000000,    5876402,        0,  -62123598,          0
  7438,    61,   68000000,    5887556,        0,  -62112444,          0
  7438,    62,   68000000,    5877981,        0,  -62122019,          0
  7438,    63,   68000000,    5870736,        0,  -62129264,          0
  7438,    64,   68000000,    5858979,        0,  -62141021,          0
  7438,    65,   68000000,    5915926,        0,  -62084074,          0
  7438,    66,   68000000,    5867073,        0,  -62132927,          0
  7438,    67,   68000000,    5853349,        0,  -62146651,          0
  7438,    68,   68000000,    5877900,        0,  -62122100,          0
  7438,    69,   68000000,    6409305,        0,  -61590695,          0
  7438,    70,   68000000,    6135591,        0,  -61864409,          0
  7438,    71,   68000000,    5906437,        0,  -62093563,          0
  7438,    72,   68000000,    5869784,        0,  -62130216,          0
  7438,    73,   68000000,    5846563,        0,  -62153437,          0
  7438,    74,   68000000,    5836300,        0,  -62163700,          0
  7438,    75,   68000000,    5845207,        0,  -62154793,          0
  7438,    76,   68000000,    5848711,        0,  -62151289,          0
  7438,    77,   68000000,    5926590,        0,  -62073410,          0
  7438,    78,   68000000,    5888308,        0,  -62111692,          0
  7438,    79,   68000000,    5850199,        0,  -62149801,          0
  7438,    80,   68000000,    5835318,        0,  -62164682,          0
  7438,    81,   68000000,    6192657,        0,  -61807343,          0
  7438,    82,   68000000,    5917322,        0,  -62082678,          0
  7438,    83,   68000000,    5864129,        0,  -62135871,          0
  7438,    84,   68000000,    5877872,        0,  -62122128,          0
  7438,    85,   68000000,    5848041,        0,  -62151959,          0
  7438,    86,   68000000,    5859668,        0,  -62140332,          0
  7438,    87,   68000000,    5863743,        0,  -62136257,          0
  7438,    88,   68000000,    5942193,        0,  -62057807,          0
  7438,    89,   68000000,    5865780,        0,  -62134220,          0
  7438,    90,   68000000,    5833693,        0,  -62166307,          0
  7438,    91,   68000000,    5847293,        0,  -62152707,          0
  7438,    92,   68000000,    6235740,        0,  -61764260,          0
  7438,    93,   68000000,    5880311,        0,  -62119689,          0
  7438,    94,   68000000,    5872798,        0,  -62127202,          0
  7438,    95,   68000000,    6627360,        0,  -61372640,          0
  7438,    96,   68000000,    5880798,        0,  -62119202,          0
  7438,    97,   68000000,    5870267,        0,  -62129733,          0
  7438,    98,   68000000,    5921621,        0,  -62078379,          0
  7438,    99,   68000000,    5875236,        0,  -62124764,          0
  7438,   100,   68000000,    5864178,        0,  -62135822,          0
  7438,   101,   68000000,    5846197,        0,  -62153803,          0
  7438,   102,   68000000,    5871040,        0,  -62128960,          0
  7438,   103,   68000000,    5864021,        0,  -62135979,          0
  7438,   104,   68000000,    6716493,        0,  -61283507,          0
  7438,   105,   68000000,    5839514,        0,  -62160486,          0
  7438,   106,   68000000,    5888714,        0,  -62111286,          0
  7438,   107,   68000000,    6874503,        0,  -61125497,          0
  7438,   108,   68000000,    5843444,        0,  -62156556,          0
  7438,   109,   68000000,    5854023,        0,  -62145977,          0
  7438,   110,   68000000,    5851136,        0,  -62148864,          0
  7438,   111,   68000000,    6622596,        0,  -61377404,          0
  7438,   112,   68000000,    5910940,        0,  -62089060,          0
  7438,   113,   68000000,    5877528,        0,  -62122472,          0
  7438,   114,   68000000,    5848489,        0,  -62151511,          0
  7438,   115,   68000000,    5888046,        0,  -62111954,          0
  7438,   116,   68000000,    5894072,        0,  -62105928,          0
  7438,   117,   68000000,    8613646,        0,  -59386354,          0
  7438,   118,   68000000,    5858453,        0,  -62141547,          0
  7438,   119,   68000000,    5854859,        0,  -62145141,          0
  7438,   120,   68000000,    5844293,        0,  -62155707,          0
  7438,   121,   68000000,    5866750,        0,  -62133250,          0
  7438,   122,   68000000,    5856580,        0,  -62143420,          0
  7438,   123,   68000000,    5896182,        0,  -62103818,          0
  7438,   124,   68000000,    5843496,        0,  -62156504,          0
  7438,   125,   68000000,    5873183,        0,  -62126817,          0
  7438,   126,   68000000,    6884433,        0,  -61115567,          0
  7438,   127,   68000000,    5874932,        0,  -62125068,          0
  7438,   128,   68000000,    5847104,        0,  -62152896,          0
  7438,   129,   68000000,    5860564,        0,  -62139436,          0
  7438,   130,   68000000,    5848541,        0,  -62151459,          0
  7438,   131,   68000000,    5856874,        0,  -62143126,          0
  7438,   132,   68000000,    5864703,        0,  -62135297,          0
  7438,   133,   68000000,    5898537,        0,  -62101463,          0
  7438,   134,   68000000,    5847996,        0,  -62152004,          0
  7438,   135,   68000000,    5888632,        0,  -62111368,          0
  7438,   136,   68000000,    5843886,        0,  -62156114,          0
  7438,   137,   68000000,    5842541,        0,  -62157459,          0
  7438,   138,   68000000,    6130929,        0,  -61869071,          0
  7438,   139,   68000000,    5882780,        0,  -62117220,          0
  7438,   140,   68000000,    5862879,        0,  -62137121,          0
  7438,   141,   68000000,    5888920,        0,  -62111080,          0
  7438,   142,   68000000,    5872116,        0,  -62127884,          0
  7438,   143,   68000000,    5845899,        0,  -62154101,          0
  7438,   144,   68000000,    5901130,        0,  -62098870,          0
  7438,   145,   68000000,    5895384,        0,  -62104616,          0
  7438,   146,   68000000,    5892738,        0,  -62107262,          0
  7438,   147,   68000000,    5849120,        0,  -62150880,          0
  7438,   148,   68000000,    5857199,        0,  -62142801,          0
  7438,   149,   68000000,    6159857,        0,  -61840143,          0
  7438,   150,   68000000,    5853596,        0,  -62146404,          0
  7438,   151,   68000000,    5886636,        0,  -62113364,          0
# task NAME=myapp PID=7442 COST=26426000 PERIOD=52000000 CPU=0
  7442,     2,   52000000,      10412,        0,  -51989588,          0
  7442,     3,   52000000,     110641,        0,  -51889359,          0
  7442,     4,   52000000,   28224082,        0,  -23775918,          0
  7442,     5,   52000000,   25872427,        0,  -26127573,          0
  7442,     6,   52000000,   26182639,        0,  -25817361,          0
  7442,     7,   52000000,   25885383,        0,  -26114617,          0
  7442,     8,   52000000,   25893996,        0,  -26106004,          0
  7442,     9,   52000000,   26015801,        0,  -25984199,          0
  7442,    10,   52000000,   26057737,        0,  -25942263,          0
  7442,    11,   52000000,   26165303,        0,  -25834697,          0
  7442,    12,   52000000,   25918799,        0,  -26081201,          0
  7442,    13,   52000000,   25897090,        0,  -26102910,          0
  7442,    14,   52000000,   25905591,        0,  -26094409,          0
  7442,    15,   52000000,   25880751,        0,  -26119249,          0
  7442,    16,   52000000,   26182589,        0,  -25817411,          0
  7442,    17,   52000000,   25907048,        0,  -26092952,          0
  7442,    18,   52000000,   26170283,        0,  -25829717,          0
  7442,    19,   52000000,   25872415,        0,  -26127585,          0
  7442,    20,   52000000,   25898145,        0,  -26101855,          0
  7442,    21,   52000000,   25874658,        0,  -26125342,          0
  7442,    22,   52000000,   26033269,        0,  -25966731,          0
  7442,    23,   52000000,   26261280,        0,  -25738720,          0
  7442,    24,   52000000,   25958827,        0,  -26041173,          0
  7442,    25,   52000000,   25878418,        0,  -26121582,          0
  7442,    26,   52000000,   25863546,        0,  -26136454,          0
  7442,    27,   52000000,   25885946,        0,  -26114054,          0
  7442,    28,   52000000,   26170632,        0,  -25829368,          0
  7442,    29,   52000000,   25893054,        0,  -26106946,          0
  7442,    30,   52000000,   25889562,        0,  -26110438,          0
  7442,    31,   52000000,   25997362,        0,  -26002638,          0
  7442,    32,   52000000,   25978927,        0,  -26021073,          0
  7442,    33,   52000000,   25866996,        0,  -26133004,          0
  7442,    34,   52000000,   26796696,        0,  -25203304,          0
  7442,    35,   52000000,   26176618,        0,  -25823382,          0
  7442,    36,   52000000,   25900508,        0,  -26099492,          0
  7442,    37,   52000000,   25944166,        0,  -26055834,          0
  7442,    38,   52000000,   25908666,        0,  -26091334,          0
  7442,    39,   52000000,   25865144,        0,  -26134856,          0
  7442,    40,   52000000,   26174386,        0,  -25825614,          0
  7442,    41,   52000000,   25932833,        0,  -26067167,          0
  7442,    42,   52000000,   25981289,        0,  -26018711,          0
  7442,    43,   52000000,   25876467,        0,  -26123533,          0
  7442,    44,   52000000,   26037479,        0,  -25962521,          0
  7442,    45,   52000000,   25901718,        0,  -26098282,          0
  7442,    46,   52000000,   25902031,        0,  -26097969,          0
  7442,    47,   52000000,   26190662,        0,  -25809338,          0
  7442,    48,   52000000,   25876185,        0,  -26123815,          0
  7442,    49,   52000000,   25859947,        0,  -26140053,          0
  7442,    50,   52000000,   25906075,        0,  -26093925,          0
  7442,    51,   52000000,   25872243,        0,  -26127757,          0
  7442,    52,   52000000,   26286625,        0,  -25713375,          0
  7442,    53,   52000000,   25901642,        0,  -26098358,          0
  7442,    54,   52000000,   25905490,        0,  -26094510,          0
  7442,    55,   52000000,   25880109,        0,  -26119891,          0
  7442,    56,   52000000,   25867004,        0,  -26132996,          0
  7442,    57,   52000000,   25871993,        0,  -26128007,          0
  7442,    58,   52000000,   25858549,        0,  -26141451,          0
  7442,    59,   52000000,   26159057,        0,  -25840943,          0
  7442,    60,   52000000,   25902633,        0,  -26097367,          0
  7442,    61,   52000000,   25897397,        0,  -26102603,          0
  7442,    62,   52000000,   25907580,        0,  -26092420,          0
  7442,    63,   52000000,   26130301,        0,  -25869699,          0
  7442,    64,   52000000,   26168135,        0,  -25831865,          0
  7442,    65,   52000000,   25865855,        0,  -26134145,          0
  7442,    66,   52000000,   25883501,        0,  -26116499,          0
  7442,    67,   52000000,   25891148,        0,  -26108852,          0
  7442,    68,   52000000,   25868096,        0,  -26131904,          0
  7442,    69,   52000000,   25889151,        0,  -26110849,          0
  7442,    70,   52000000,   25869124,        0,  -26130876,          0
  7442,    71,   52000000,   26180906,        0,  -25819094,          0
  7442,    72,   52000000,   25881659,        0,  -26118341,          0
  7442,    73,   52000000,   25870659,        0,  -26129341,          0
  7442,    74,   52000000,   26001763,        0,  -25998237,          0
  7442,    75,   52000000,   25889447,        0,  -26110553,          0
  7442,    76,   52000000,   26211764,        0,  -25788236,          0
  7442,    77,   52000000,   25873468,        0,  -26126532,          0
  7442,    78,   52000000,   25958011,        0,  -26041989,          0
  7442,    79,   52000000,   25872172,        0,  -26127828,          0
  7442,    80,   52000000,   25904861,        0,  -26095139,          0
  7442,    81,   52000000,   26142766,        0,  -25857234,          0
  7442,    82,   52000000,   25972584,        0,  -26027416,          0
  7442,    83,   52000000,   26148857,        0,  -25851143,          0
  7442,    84,   52000000,   25865453,        0,  -26134547,          0
  7442,    85,   52000000,   25892077,        0,  -26107923,          0
  7442,    86,   52000000,   25977777,        0,  -26022223,          0
  7442,    87,   52000000,   25880017,        0,  -26119983,          0
  7442,    88,   52000000,   26185116,        0,  -25814884,          0
  7442,    89,   52000000,   25910072,        0,  -26089928,          0
  7442,    90,   52000000,   25962429,        0,  -26037571,          0
  7442,    91,   52000000,   25906970,        0,  -26093030,          0
  7442,    92,   52000000,   25879361,        0,  -26120639,          0
  7442,    93,   52000000,   26262593,        0,  -25737407,          0
  7442,    94,   52000000,   25966136,        0,  -26033864,          0
  7442,    95,   52000000,   26182572,        0,  -25817428,          0
  7442,    96,   52000000,   25882892,        0,  -26117108,          0
  7442,    97,   52000000,   25888413,        0,  -26111587,          0
  7442,    98,   52000000,   25878629,        0,  -26121371,          0
  7442,    99,   52000000,   25864057,        0,  -26135943,          0
  7442,   100,   52000000,   26274796,        0,  -25725204,          0
  7442,   101,   52000000,   25900488,        0,  -26099512,          0
  7442,   102,   52000000,   25943132,        0,  -26056868,          0
  7442,   103,   52000000,   25991700,        0,  -26008300,          0
  7442,   104,   52000000,   25870146,        0,  -26129854,          0
  7442,   105,   52000000,   26148529,        0,  -25851471,          0
  7442,   106,   52000000,   25863620,        0,  -26136380,          0
  7442,   107,   52000000,   26165398,        0,  -25834602,          0
  7442,   108,   52000000,   25951736,        0,  -26048264,          0
  7442,   109,   52000000,   25879573,        0,  -26120427,          0
  7442,   110,   52000000,   25927409,        0,  -26072591,          0
  7442,   111,   52000000,   25863583,        0,  -26136417,          0
  7442,   112,   52000000,   26173079,        0,  -25826921,          0
  7442,   113,   52000000,   25892990,        0,  -26107010,          0
  7442,   114,   52000000,   25910406,        0,  -26089594,          0
  7442,   115,   52000000,   26034990,        0,  -25965010,          0
  7442,   116,   52000000,   25918941,        0,  -26081059,          0
  7442,   117,   52000000,   26164717,        0,  -25835283,          0
  7442,   118,   52000000,   25887177,        0,  -26112823,          0
  7442,   119,   52000000,   26415713,        0,  -25584287,          0
  7442,   120,   52000000,   25903687,        0,  -26096313,          0
  7442,   121,   52000000,   25998017,        0,  -26001983,          0
  7442,   122,   52000000,   25902274,        0,  -26097726,          0
  7442,   123,   52000000,   25995422,        0,  -26004578,          0
  7442,   124,   52000000,   26151168,        0,  -25848832,          0
  7442,   125,   52000000,   25957098,        0,  -26042902,          0
  7442,   126,   52000000,   25886181,        0,  -26113819,          0
  7442,   127,   52000000,   25928652,        0,  -26071348,          0
  7442,   128,   52000000,   25912977,        0,  -26087023,          0
  7442,   129,   52000000,   27158852,        0,  -24841148,          0
  7442,   130,   52000000,   25913466,        0,  -26086534,          0
  7442,   131,   52000000,   26159570,        0,  -25840430,          0
  7442,   132,   52000000,   25869274,        0,  -26130726,          0
  7442,   133,   52000000,   25893588,        0,  -26106412,          0
  7442,   134,   52000000,   25877605,        0,  -26122395,          0
  7442,   135,   52000000,   25882068,        0,  -26117932,          0
  7442,   136,   52000000,   26184017,        0,  -25815983,          0
  7442,   137,   52000000,   25885794,        0,  -26114206,          0
  7442,   138,   52000000,   26084603,        0,  -25915397,          0
  7442,   139,   52000000,   26885008,        0,  -25114992,          0
  7442,   140,   52000000,   25970122,        0,  -26029878,          0
  7442,   141,   52000000,   26150092,        0,  -25849908,          0
  7442,   142,   52000000,   25863645,        0,  -26136355,          0
  7442,   143,   52000000,   25886157,        0,  -26113843,          0
  7442,   144,   52000000,   25913551,        0,  -26086449,          0
  7442,   145,   52000000,   26018117,        0,  -25981883,          0
  7442,   146,   52000000,   25862378,        0,  -26137622,          0
  7442,   147,   52000000,   25889052,        0,  -26110948,          0
  7442,   148,   52000000,   26159607,        0,  -25840393,          0
  7442,   149,   52000000,   25895419,        0,  -26104581,          0
  7442,   150,   52000000,   25887637,        0,  -26112363,          0
  7442,   151,   52000000,   25874911,        0,  -26125089,          0
  7442,   152,   52000000,   25931149,        0,  -26068851,          0
  7442,   153,   52000000,   26183206,        0,  -25816794,          0
  7442,   154,   52000000,   25955147,        0,  -26044853,          0
  7442,   155,   52000000,   26021509,        0,  -25978491,          0
  7442,   156,   52000000,   25884635,        0,  -26115365,          0
  7442,   157,   52000000,   25897264,        0,  -26102736,          0
  7442,   158,   52000000,   25898139,        0,  -26101861,          0
  7442,   159,   52000000,   26014331,        0,  -25985669,          0
  7442,   160,   52000000,   26246328,        0,  -25753672,          0
  7442,   161,   52000000,   25999323,        0,  -26000677,          0
  7442,   162,   52000000,   25906557,        0,  -26093443,          0
  7442,   163,   52000000,   26002487,        0,  -25997513,          0
  7442,   164,   52000000,   25880885,        0,  -26119115,          0
  7442,   165,   52000000,   26186148,        0,  -25813852,          0
  7442,   166,   52000000,   25870286,        0,  -26129714,          0
  7442,   167,   52000000,   25955244,        0,  -26044756,          0
  7442,   168,   52000000,   25890150,        0,  -26109850,          0
  7442,   169,   52000000,   25976636,        0,  -26023364,          0
  7442,   170,   52000000,   25886617,        0,  -26113383,          0
  7442,   171,   52000000,   26647055,        0,  -25352945,          0
  7442,   172,   52000000,   26169704,        0,  -25830296,          0
  7442,   173,   52000000,   25886643,        0,  -26113357,          0
  7442,   174,   52000000,   25886004,        0,  -26113996,          0
  7442,   175,   52000000,   25962069,        0,  -26037931,          0
  7442,   176,   52000000,   25866364,        0,  -26133636,          0
  7442,   177,   52000000,   26313482,        0,  -25686518,          0
  7442,   178,   52000000,   25986755,        0,  -26013245,          0
  7442,   179,   52000000,   25990666,        0,  -26009334,          0
  7442,   180,   52000000,   25996632,        0,  -26003368,          0
  7442,   181,   52000000,   25978077,        0,  -26021923,          0
  7442,   182,   52000000,   25923440,        0,  -26076560,          0
  7442,   183,   52000000,   25873949,        0,  -26126051,          0
  7442,   184,   52000000,   26272826,        0,  -25727174,          0
  7442,   185,   52000000,   25889090,        0,  -26110910,          0
  7442,   186,   52000000,   25967224,        0,  -26032776,          0
  7442,   187,   52000000,   25887560,        0,  -26112440,          0
  7442,   188,   52000000,   25864171,        0,  -26135829,          0
  7442,   189,   52000000,   26194461,        0,  -25805539,          0
  7442,   190,   52000000,   25898602,        0,  -26101398,          0
  7442,   191,   52000000,   25889090,        0,  -26110910,          0
  7442,   192,   52000000,   25894425,        0,  -26105575,          0
  7442,   193,   52000000,   25926093,        0,  -26073907,          0
  7442,   194,   52000000,   25881055,        0,  -26118945,          0
  7442,   195,   52000000,   25986113,        0,  -26013887,          0
  7442,   196,   52000000,   26263351,        0,  -25736649,          0
