184 125 59
318 265 53
148 94 54
480 392 88
457 361 96
629 521 108
152 129 23
181 121 60
388 322 66
717 581 136
107 83 24
192 147 45
629 514 115
776 644 132
217 150 67
182 122 60
133 94 39
117 89 28
403 303 100
139 81 58
503 396 107
326 259 67
132 87 45
116 71 45
122 70 52
253 181 72
1004 842 162
267 192 75
118 61 57
181 119 62
196 160 36
237 177 60
772 632 140
261 201 60
120 62 58
148 114 34
191 132 59
268 191 77
153 94 59
199 157 42
169 131 38
670 559 111
421 353 68
185 121 64
132 100 32
718 584 134
152 91 61
120 59 61
274 214 60
458 381 77
913 762 151
187 133 54
594 495 99
123 103 20
331 249 82
298 228 70
112 68 44
120 89 31
422 358 64
438 349 89
118 61 57
718 592 126
718 598 120
116 89 27
196 134 62
129 76 53
158 114 44
119 84 35
178 145 33
116 88 28
374 300 74
139 105 34
127 103 24
118 67 51
913 750 163
