1006 1006 0
328 328 0
214 214 0
123 123 0
376 376 0
199 199 0
274 274 0
160 160 0
153 153 0
629 629 0
669 669 0
129 129 0
132 132 0
438 438 0
629 629 0
438 438 0
206 206 0
1006 1006 0
292 292 0
376 376 0
108 108 0
776 776 0
168 168 0
220 220 0
202 202 0
191 191 0
593 593 0
181 181 0
235 235 0
719 719 0
299 299 0
237 237 0
138 138 0
351 351 0
141 141 0
182 182 0
560 560 0
166 166 0
505 505 0
159 159 0
480 480 0
914 914 0
120 120 0
193 193 0
773 773 0
328 328 0
559 559 0
157 157 0
149 149 0
260 260 0
112 112 0
108 108 0
104 104 0
505 505 0
162 162 0
206 206 0
118 118 0
118 118 0
336 336 0
837 837 0
123 123 0
277 277 0
162 162 0
117 117 0
155 155 0
120 120 0
228 228 0
111 111 0
109 109 0
109 109 0
775 775 0
152 152 0
136 136 0
839 839 0
133 133 0
350 350 0
132 132 0
161 161 0
