185 185 0
914 914 0
299 299 0
178 178 0
328 328 0
288 288 0
176 176 0
120 120 0
138 138 0
212 212 0
404 404 0
438 438 0
177 177 0
138 138 0
125 125 0
119 119 0
152 152 0
912 912 0
457 457 0
208 208 0
404 404 0
225 225 0
337 337 0
387 387 0
165 165 0
189 189 0
1003 1003 0
630 630 0
196 196 0
157 157 0
592 592 0
188 188 0
327 327 0
459 459 0
374 374 0
298 298 0
228 228 0
127 127 0
209 209 0
336 336 0
152 152 0
254 254 0
129 129 0
244 244 0
300 300 0
421 421 0
255 255 0
106 106 0
103 103 0
179 179 0
172 172 0
135 135 0
482 482 0
457 457 0
201 201 0
306 306 0
106 106 0
559 559 0
108 108 0
112 112 0
158 158 0
117 117 0
914 914 0
