336 336 0
105 105 0
121 121 0
154 154 0
336 336 0
158 158 0
1003 1003 0
145 145 0
373 373 0
260 260 0
325 325 0
388 388 0
121 121 0
111 111 0
594 594 0
531 531 0
362 362 0
135 135 0
111 111 0
134 134 0
110 110 0
1779 1779 0
110 110 0
315 315 0
131 131 0
146 146 0
327 327 0
129 129 0
178 178 0
420 420 0
336 336 0
162 162 0
109 109 0
126 126 0
297 297 0
142 142 0
388 388 0
168 168 0
131 131 0
108 108 0
718 718 0
121 121 0
117 117 0
419 419 0
325 325 0
267 267 0
132 132 0
220 220 0
241 241 0
226 226 0
197 197 0
1004 1004 0
325 325 0
213 213 0
669 669 0
531 531 0
188 188 0
329 329 0
299 299 0
243 243 0
132 132 0
164 164 0
121 121 0
246 246 0
532 532 0
246 246 0
129 129 0
253 253 0
204 204 0
188 188 0
237 237 0
