875 875 1
937 937 1
1112 1112 1
819 819 1
1211 1211 1
649 649 1
1840 1840 1
772 772 1
1683 1683 1
964 964 1
982 982 1
982 982 1
1806 1806 1
1580 1580 1
677 677 1
848 848 1
986 986 1
650 650 1
1052 1052 1
847 847 1
1036 1036 1
1069 1069 1
1072 1072 1
828 828 1
563 563 1
 
2688 2688 1
1628 1628 1
1972 1972 1
1757 1757 1
2508 2508 1
2922 2922 1
2589 2589 1
3103 3103 1
2263 2263 1
1649 1649 1
2181 2181 1
1768 1768 1
1185 1185 1
1369 1369 1
1081 1081 1
1390 1390 1
1591 1591 1
1787 1787 1
2411 2411 1
1890 1890 1
2273 2273 1
2059 2059 1
3747 3747 1
1712 1712 1
1638 1638 1
 
4149 4149 1
4182 4182 1
3406 3406 1
4175 4175 1
4139 4139 1
2538 2538 1
3284 3284 1
3610 3610 1
5979 5979 1
2500 2500 1
2776 2776 1
3361 3361 1
2935 2935 1
4755 4755 1
2294 2294 1
2280 2280 1
3565 3565 1
3745 3745 1
4869 4869 1
3708 3708 1
2979 2979 1
3037 3037 1
2574 2574 1
2542 2542 1
5226 5226 1
 
2849 2849 1
3402 3402 1
5168 5168 1
3550 3550 1
4262 4262 1
3052 3052 1
4937 4937 1
3729 3729 1
4249 4249 1
3491 3491 1
4679 4679 1
4730 4730 1
3825 3825 1
6204 6204 1
4097 4097 1
3516 3516 1
3587 3587 1
4732 4732 1
6223 6223 1
5723 5723 1
4035 4035 1
7823 7823 1
3871 3871 1
3629 3629 1
3655 3655 1
 
4513 4513 1
5138 5138 1
4134 4134 1
7230 7230 1
4901 4901 1
4267 4267 1
6032 6032 1
5935 5935 1
4751 4751 1
4215 4215 1
3721 3721 1
4317 4317 1
6613 6613 1
5675 5675 1
5272 5272 1
5450 5450 1
4972 4972 1
5231 5231 1
6240 6240 1
5204 5204 1
3987 3987 1
6056 6056 1
4992 4992 1
4630 4630 1
5071 5071 1
 
6064 6064 1
4537 4537 1
5380 5380 1
6836 6836 1
6324 6324 1
5383 5383 1
7832 7832 1
4459 4459 1
5673 5673 1
5927 5927 1
4362 4362 1
3853 3853 1
6382 6382 1
6278 6278 1
6981 6981 1
6094 6094 1
4967 4967 1
6159 6159 1
5363 5363 1
5036 5036 1
5312 5312 1
8803 8803 1
6728 6728 1
5408 5408 1
4645 4645 1
 
6851 6851 1
6303 6303 1
7266 7266 1
6493 6493 1
7635 7635 1
8644 8644 1
6956 6956 1
10721 10721 1
9421 9421 1
9844 9844 1
6891 6891 1
6422 6422 1
7527 7528 0
7374 7374 1
4738 4738 1
8277 8277 1
9358 9358 1
6857 6857 1
7761 7761 1
8427 8427 1
8140 8140 1
8549 8549 1
9563 9563 1
5630 5630 1
7769 7769 1
 
5926 5926 1
10914 10914 1
8973 8973 1
7409 7409 1
7278 7278 1
7113 7113 1
9042 9042 1
8940 8940 1
8912 8912 1
9919 9919 1
6322 6322 1
10009 10009 1
8245 8245 1
8792 8792 1
7223 7223 1
8083 8083 1
8448 8448 1
9641 9643 0
10609 10610 0
8952 8952 1
6880 6880 1
8141 8141 1
8617 8617 1
8973 8973 1
6489 6489 1
 
9977 9977 1
8601 8601 1
8339 8339 1
10195 10196 0
8999 8999 1
8255 8255 1
7677 7677 1
9913 9913 1
8142 8142 1
11231 11231 1
11531 11531 1
9787 9787 1
9228 9228 1
11518 11518 1
10008 10008 1
9601 9601 1
9349 9349 1
8993 8993 1
17756 17756 1
14558 14558 1
8540 8540 1
8512 8512 1
8757 8757 1
8494 8494 1
9130 9130 1
 
12930 12931 0
11303 11303 1
9402 9403 0
13365 13365 1
9437 9438 0
13567 13567 1
10003 10003 1
10806 10806 1
11933 11933 1
9574 9574 1
12613 12613 1
12948 12948 1
9124 9124 1
12380 12380 1
9018 9018 1
12726 12728 0
9673 9673 1
10712 10712 1
11139 11139 1
10001 10001 1
9663 9663 1
11893 11893 1
10362 10362 1
12838 12838 1
9036 9036 1
 
12166 12166 1
15919 15919 1
12393 12393 1
12233 12233 1
10936 10936 1
13728 13728 1
10420 10420 1
14565 14565 1
10415 10415 1
10923 10923 1
15168 15169 0
15113 15114 0
10314 10314 1
12961 12962 0
10980 10981 0
12429 12429 1
10961 10961 1
10873 10873 1
11882 11882 1
9226 9226 1
14775 14775 1
9634 9634 1
12733 12733 1
10327 10327 1
11549 11550 0
 
16479 16481 0
13778 13778 1
14907 14907 1
13014 13014 1
16689 16692 0
13845 13845 1
13850 13850 1
12012 12012 1
12252 12252 1
15145 15145 1
12589 12589 1
12084 12086 0
12825 12830 0
12837 12837 1
10809 10813 0
13265 13265 1
14772 14772 1
13279 13279 1
17433 17434 0
10333 10333 1
11241 11241 1
13364 13364 1
13469 13469 1
11218 11219 0
11720 11721 0
 
13744 13745 0
14034 14039 0
14355 14360 0
14336 14336 1
13698 13698 1
12317 12317 1
13456 13456 1
13466 13466 1
11632 11633 0
14166 14166 1
17685 17690 0
10113 10116 0
15092 15092 1
17254 17254 1
14520 14523 0
16493 16494 0
12530 12531 0
14537 14538 0
10648 10648 1
15151 15154 0
12926 12926 1
14501 14501 1
22355 22355 1
16065 16066 0
12502 12503 0
 
15597 15598 0
13881 13883 0
15555 15556 0
16429 16430 0
17742 17754 0
19058 19059 0
15028 15030 0
13531 13532 0
13772 13773 0
20189 20192 0
14398 14406 0
14862 14863 0
15738 15742 0
13720 13722 0
14162 14162 1
16821 16831 0
15869 15874 0
15758 15758 1
13633 13635 0
15985 15987 0
17209 17216 0
16370 16374 0
17777 17779 0
14381 14386 0
13555 13555 1
 
15523 15537 0
19329 19334 0
16990 16995 0
14893 14895 0
15994 16003 0
15521 15523 0
13936 13936 1
16560 16573 0
16360 16372 0
14987 14987 1
18055 18060 0
17594 17598 0
16670 16673 0
18873 18879 0
12882 12882 1
16228 16237 0
16371 16380 0
16398 16407 0
15878 15897 0
13380 13389 0
18617 18626 0
14185 14185 1
19058 19058 1
14978 14986 0
13421 13424 0
 
15569 15569 1
17085 17095 0
14874 14886 0
15919 15921 0
20483 20502 0
16668 16679 0
21534 21552 0
18847 18874 0
18215 18245 0
15093 15108 0
16801 16807 0
15448 15451 0
16399 16417 0
14913 14915 0
15288 15294 0
18429 18438 0
16852 16895 0
16064 16070 0
16304 16314 0
16653 16668 0
17964 17977 0
16784 16792 0
16713 16733 0
19258 19267 0
18888 18900 0
 
24537 24592 0
22983 23043 0
19568 19606 0
15694 15708 0
18487 18567 0
15911 15960 0
21133 21212 0
16842 16879 0
16851 16861 0
22637 22708 0
17194 17233 0
21667 21698 0
19351 19371 0
19698 19738 0
17379 17402 0
22901 22937 0
17830 17852 0
17107 17150 0
19088 19129 0
21562 21602 0
17233 17250 0
18471 18501 0
18752 18790 0
18928 18965 0
18200 18225 0
 
15710 15728 0
18368 18479 0
16287 16337 0
19958 19991 0
16348 16400 0
16941 16961 0
20827 20921 0
21001 21091 0
17552 17609 0
17605 17624 0
18591 18689 0
16490 16565 0
26552 26642 0
21741 21871 0
23389 23469 0
24519 24591 0
18972 19070 0
21546 21637 0
22301 22382 0
22748 22795 0
20691 20749 0
20887 20933 0
19897 19917 0
18364 18396 0
20149 20217 0
 
18841 18946 0
20416 20585 0
17111 17138 0
20288 20455 0
16167 16208 0
22486 22650 0
19203 19319 0
19732 19833 0
20800 20878 0
19498 19659 0
21127 21212 0
22130 22293 0
23126 23415 0
21093 21282 0
22045 22167 0
20382 20470 0
17920 17931 0
17302 17371 0
44134 44277 0
24605 24780 0
20951 21071 0
24505 24731 0
23322 23564 0
18119 18193 0
20794 20962 0
 
25268 25673 0
23224 23537 0
23334 23771 0
20901 21198 0
21116 21519 0
18755 19186 0
20929 21311 0
18860 19223 0
22302 22857 0
21608 21969 0
17672 17905 0
23393 25887 0
22036 23067 0
21243 21558 0
19063 19334 0
20838 21336 0
20651 21026 0
21394 21941 0
21414 21724 0
21075 21270 0
18196 18332 0
23726 24112 0
16817 17162 0
34981 35305 0
22148 22421 0
 
2819 22952 0
2955 23080 0
2261 20181 0
2295 21069 0
2525 25652 0
2785 20187 0
2595 20754 0
2521 23156 0
2267 21511 0
2004 20166 0
2326 21037 0
2255 19044 0
2871 22349 0
2488 23487 0
2355 20205 0
2440 21286 0
2324 20239 0
2099 22952 0
2365 17718 0
2730 22014 0
2455 21113 0
2470 22207 0
2563 21802 0
2511 19427 0
2386 21975 0
 
===
