# Task,   Job,     Period,   Response, DL Miss?,   Lateness,  Tardiness
# task NAME=myapp PID=32520 COST=18804000 PERIOD=86000000 CPU=0
 32520,     2,   86000000,       8931,        0,  -85991069,          0
 32520,     3,   86000000,     113078,        0,  -85886922,          0
 32520,     4,   86000000,   24021356,        0,  -61978644,          0
 32520,     5,   86000000,   18698303,        0,  -67301697,          0
 32520,     6,   86000000,   18634991,        0,  -67365009,          0
 32520,     7,   86000000,   18722093,        0,  -67277907,          0
 32520,     8,   86000000,   18623444,        0,  -67376556,          0
 32520,     9,   86000000,   18622349,        0,  -67377651,          0
 32520,    10,   86000000,   18656029,        0,  -67343971,          0
 32520,    11,   86000000,   18672471,        0,  -67327529,          0
 32520,    12,   86000000,   18632767,        0,  -67367233,          0
 32520,    13,   86000000,   18596899,        0,  -67403101,          0
 32520,    14,   86000000,   18892111,        0,  -67107889,          0
 32520,    15,   86000000,   18596701,        0,  -67403299,          0
 32520,    16,   86000000,   18603968,        0,  -67396032,          0
 32520,    17,   86000000,   19474062,        0,  -66525938,          0
 32520,    18,   86000000,   18689906,        0,  -67310094,          0
 32520,    19,   86000000,   18613069,        0,  -67386931,          0
 32520,    20,   86000000,   18906250,        0,  -67093750,          0
 32520,    21,   86000000,   18609269,        0,  -67390731,          0
 32520,    22,   86000000,   18616796,        0,  -67383204,          0
 32520,    23,   86000000,   18624406,        0,  -67375594,          0
 32520,    24,   86000000,   18636899,        0,  -67363101,          0
 32520,    25,   86000000,   18691712,        0,  -67308288,          0
 32520,    26,   86000000,   18670022,        0,  -67329978,          0
 32520,    27,   86000000,   18672027,        0,  -67327973,          0
 32520,    28,   86000000,   18666864,        0,  -67333136,          0
 32520,    29,   86000000,   18628626,        0,  -67371374,          0
 32520,    30,   86000000,   18911292,        0,  -67088708,          0
 32520,    31,   86000000,   18616714,        0,  -67383286,          0
 32520,    32,   86000000,   18608512,        0,  -67391488,          0
 32520,    33,   86000000,   18960729,        0,  -67039271,          0
 32520,    34,   86000000,   18702955,        0,  -67297045,          0
 32520,    35,   86000000,   18690096,        0,  -67309904,          0
 32520,    36,   86000000,   18625827,        0,  -67374173,          0
 32520,    37,   86000000,   18628223,        0,  -67371777,          0
 32520,    38,   86000000,   18589841,        0,  -67410159,          0
 32520,    39,   86000000,   18627017,        0,  -67372983,          0
 32520,    40,   86000000,   18677864,        0,  -67322136,          0
 32520,    41,   86000000,   18613080,        0,  -67386920,          0
 32520,    42,   86000000,   18687544,        0,  -67312456,          0
 32520,    43,   86000000,   18672540,        0,  -67327460,          0
 32520,    44,   86000000,   18639144,        0,  -67360856,          0
 32520,    45,   86000000,   18661374,        0,  -67338626,          0
 32520,    46,   86000000,   18887168,        0,  -67112832,          0
 32520,    47,   86000000,   18644369,        0,  -67355631,          0
 32520,    48,   86000000,   19812490,        0,  -66187510,          0
 32520,    49,   86000000,   20722187,        0,  -65277813,          0
 32520,    50,   86000000,   18678462,        0,  -67321538,          0
 32520,    51,   86000000,   18616286,        0,  -67383714,          0
 32520,    52,   86000000,   18613502,        0,  -67386498,          0
 32520,    53,   86000000,   18612524,        0,  -67387476,          0
 32520,    54,   86000000,   18605424,        0,  -67394576,          0
 32520,    55,   86000000,   18712363,        0,  -67287637,          0
 32520,    56,   86000000,   18697119,        0,  -67302881,          0
 32520,    57,   86000000,   18628858,        0,  -67371142,          0
 32520,    58,   86000000,   18612008,        0,  -67387992,          0
 32520,    59,   86000000,   18615153,        0,  -67384847,          0
 32520,    60,   86000000,   18601213,        0,  -67398787,          0
 32520,    61,   86000000,   18615370,        0,  -67384630,          0
 32520,    62,   86000000,   18885948,        0,  -67114052,          0
 32520,    63,   86000000,   18667511,        0,  -67332489,          0
 32520,    64,   86000000,   18627539,        0,  -67372461,          0
 32520,    65,   86000000,   18990441,        0,  -67009559,          0
 32520,    66,   86000000,   18634182,        0,  -67365818,          0
 32520,    67,   86000000,   18637912,        0,  -67362088,          0
 32520,    68,   86000000,   18648384,        0,  -67351616,          0
 32520,    69,   86000000,   18626993,        0,  -67373007,          0
 32520,    70,   86000000,   18698358,        0,  -67301642,          0
 32520,    71,   86000000,   18627924,        0,  -67372076,          0
 32520,    72,   86000000,   18668933,        0,  -67331067,          0
 32520,    73,   86000000,   18619150,        0,  -67380850,          0
 32520,    74,   86000000,   18659604,        0,  -67340396,          0
 32520,    75,   86000000,   18615477,        0,  -67384523,          0
 32520,    76,   86000000,   18647070,        0,  -67352930,          0
 32520,    77,   86000000,   18730100,        0,  -67269900,          0
 32520,    78,   86000000,   18883004,        0,  -67116996,          0
 32520,    79,   86000000,   18638041,        0,  -67361959,          0
 32520,    80,   86000000,   18779454,        0,  -67220546,          0
 32520,    81,   86000000,   18929222,        0,  -67070778,          0
 32520,    82,   86000000,   18623266,        0,  -67376734,          0
 32520,    83,   86000000,   18608739,        0,  -67391261,          0
 32520,    84,   86000000,   18690613,        0,  -67309387,          0
 32520,    85,   86000000,   18695787,        0,  -67304213,          0
 32520,    86,   86000000,   18689537,        0,  -67310463,          0
 32520,    87,   86000000,   18639311,        0,  -67360689,          0
 32520,    88,   86000000,   18625135,        0,  -67374865,          0
 32520,    89,   86000000,   18704736,        0,  -67295264,          0
 32520,    90,   86000000,   18638708,        0,  -67361292,          0
 32520,    91,   86000000,   18681946,        0,  -67318054,          0
 32520,    92,   86000000,   18638828,        0,  -67361172,          0
 32520,    93,   86000000,   18715064,        0,  -67284936,          0
 32520,    94,   86000000,   20963413,        0,  -65036587,          0
 32520,    95,   86000000,   18647378,        0,  -67352622,          0
 32520,    96,   86000000,   18620955,        0,  -67379045,          0
 32520,    97,   86000000,   18951904,        0,  -67048096,          0
 32520,    98,   86000000,   18602338,        0,  -67397662,          0
 32520,    99,   86000000,   18611496,        0,  -67388504,          0
 32520,   100,   86000000,   18685395,        0,  -67314605,          0
 32520,   101,   86000000,   18610780,        0,  -67389220,          0
 32520,   102,   86000000,   18610256,        0,  -67389744,          0
 32520,   103,   86000000,   18721882,        0,  -67278118,          0
 32520,   104,   86000000,   18617340,        0,  -67382660,          0
 32520,   105,   86000000,   18613536,        0,  -67386464,          0
 32520,   106,   86000000,   18673105,        0,  -67326895,          0
 32520,   107,   86000000,   18592746,        0,  -67407254,          0
 32520,   108,   86000000,   18600614,        0,  -67399386,          0
 32520,   109,   86000000,   18696479,        0,  -67303521,          0
 32520,   110,   86000000,   19004323,        0,  -66995677,          0
 32520,   111,   86000000,   18658008,        0,  -67341992,          0
 32520,   112,   86000000,   18624140,        0,  -67375860,          0
 32520,   113,   86000000,   18908429,        0,  -67091571,          0
 32520,   114,   86000000,   18613549,        0,  -67386451,          0
 32520,   115,   86000000,   18597176,        0,  -67402824,          0
 32520,   116,   86000000,   18608362,        0,  -67391638,          0
 32520,   117,   86000000,   18639331,        0,  -67360669,          0
 32520,   118,   86000000,   18665462,        0,  -67334538,          0
 32520,   119,   86000000,   18626355,        0,  -67373645,          0
 32520,   120,   86000000,   18624145,        0,  -67375855,          0
# task NAME=myapp PID=32523 COST=11807000 PERIOD=88000000 CPU=0
 32523,     2,   88000000,       8133,        0,  -87991867,          0
 32523,     3,   88000000,      81896,        0,  -87918104,          0
 32523,     4,   88000000,   15827871,        0,  -72172129,          0
 32523,     5,   88000000,   11727962,        0,  -76272038,          0
 32523,     6,   88000000,   11833315,        0,  -76166685,          0
 32523,     7,   88000000,   11751920,        0,  -76248080,          0
 32523,     8,   88000000,   11738438,        0,  -76261562,          0
 32523,     9,   88000000,   11740688,        0,  -76259312,          0
 32523,    10,   88000000,   11773991,        0,  -76226009,          0
 32523,    11,   88000000,   12383848,        0,  -75616152,          0
 32523,    12,   88000000,   11731647,        0,  -76268353,          0
 32523,    13,   88000000,   11703125,        0,  -76296875,          0
 32523,    14,   88000000,   11755910,        0,  -76244090,          0
 32523,    15,   88000000,   11695269,        0,  -76304731,          0
 32523,    16,   88000000,   11705038,        0,  -76294962,          0
 32523,    17,   88000000,   11711981,        0,  -76288019,          0
 32523,    18,   88000000,   11712200,        0,  -76287800,          0
 32523,    19,   88000000,   11722009,        0,  -76277991,          0
 32523,    20,   88000000,   11756828,        0,  -76243172,          0
 32523,    21,   88000000,   11975751,        0,  -76024249,          0
 32523,    22,   88000000,   11692965,        0,  -76307035,          0
 32523,    23,   88000000,   11731647,        0,  -76268353,          0
 32523,    24,   88000000,   11813296,        0,  -76186704,          0
 32523,    25,   88000000,   12491471,        0,  -75508529,          0
 32523,    26,   88000000,   12798983,        0,  -75201017,          0
 32523,    27,   88000000,   11777442,        0,  -76222558,          0
 32523,    28,   88000000,   11698989,        0,  -76301011,          0
 32523,    29,   88000000,   11706816,        0,  -76293184,          0
 32523,    30,   88000000,   11683174,        0,  -76316826,          0
 32523,    31,   88000000,   11711499,        0,  -76288501,          0
 32523,    32,   88000000,   11753641,        0,  -76246359,          0
 32523,    33,   88000000,   11706902,        0,  -76293098,          0
 32523,    34,   88000000,   11765275,        0,  -76234725,          0
 32523,    35,   88000000,   11723031,        0,  -76276969,          0
 32523,    36,   88000000,   11704782,        0,  -76295218,          0
 32523,    37,   88000000,   11796730,        0,  -76203270,          0
 32523,    38,   88000000,   11977316,        0,  -76022684,          0
 32523,    39,   88000000,   11719240,        0,  -76280760,          0
 32523,    40,   88000000,   11699629,        0,  -76300371,          0
 32523,    41,   88000000,   11721152,        0,  -76278848,          0
 32523,    42,   88000000,   11690600,        0,  -76309400,          0
 32523,    43,   88000000,   11755007,        0,  -76244993,          0
 32523,    44,   88000000,   11694654,        0,  -76305346,          0
 32523,    45,   88000000,   12782124,        0,  -75217876,          0
 32523,    46,   88000000,   13783670,        0,  -74216330,          0
 32523,    47,   88000000,   13739030,        0,  -74260970,          0
 32523,    48,   88000000,   15128224,        0,  -72871776,          0
 32523,    49,   88000000,   12301638,        0,  -75698362,          0
 32523,    50,   88000000,   12572996,        0,  -75427004,          0
 32523,    51,   88000000,   11702304,        0,  -76297696,          0
 32523,    52,   88000000,   11688257,        0,  -76311743,          0
 32523,    53,   88000000,   11696118,        0,  -76303882,          0
 32523,    54,   88000000,   11692028,        0,  -76307972,          0
 32523,    55,   88000000,   11685769,        0,  -76314231,          0
 32523,    56,   88000000,   11683280,        0,  -76316720,          0
 32523,    57,   88000000,   11701024,        0,  -76298976,          0
 32523,    58,   88000000,   11685914,        0,  -76314086,          0
 32523,    59,   88000000,   11696842,        0,  -76303158,          0
 32523,    60,   88000000,   11695337,        0,  -76304663,          0
 32523,    61,   88000000,   12474976,        0,  -75525024,          0
 32523,    62,   88000000,   11695920,        0,  -76304080,          0
 32523,    63,   88000000,   11750497,        0,  -76249503,          0
 32523,    64,   88000000,   11724309,        0,  -76275691,          0
 32523,    65,   88000000,   11980776,        0,  -76019224,          0
 32523,    66,   88000000,   11707169,        0,  -76292831,          0
 32523,    67,   88000000,   11702522,        0,  -76297478,          0
 32523,    68,   88000000,   11695177,        0,  -76304823,          0
 32523,    69,   88000000,   11758230,        0,  -76241770,          0
 32523,    70,   88000000,   13782733,        0,  -74217267,          0
 32523,    71,   88000000,   11721487,        0,  -76278513,          0
 32523,    72,   88000000,   11876888,        0,  -76123112,          0
 32523,    73,   88000000,   11712430,        0,  -76287570,          0
 32523,    74,   88000000,   11694047,        0,  -76305953,          0
 32523,    75,   88000000,   12035692,        0,  -75964308,          0
 32523,    76,   88000000,   11708339,        0,  -76291661,          0
 32523,    77,   88000000,   11695515,        0,  -76304485,          0
 32523,    78,   88000000,   11688070,        0,  -76311930,          0
 32523,    79,   88000000,   11712205,        0,  -76287795,          0
 32523,    80,   88000000,   11713243,        0,  -76286757,          0
 32523,    81,   88000000,   11695732,        0,  -76304268,          0
 32523,    82,   88000000,   12064122,        0,  -75935878,          0
 32523,    83,   88000000,   11777825,        0,  -76222175,          0
 32523,    84,   88000000,   11698014,        0,  -76301986,          0
 32523,    85,   88000000,   11728450,        0,  -76271550,          0
 32523,    86,   88000000,   11699951,        0,  -76300049,          0
 32523,    87,   88000000,   11709062,        0,  -76290938,          0
 32523,    88,   88000000,   11761669,        0,  -76238331,          0
 32523,    89,   88000000,   11778269,        0,  -76221731,          0
 32523,    90,   88000000,   12323919,        0,  -75676081,          0
 32523,    91,   88000000,   11731568,        0,  -76268432,          0
 32523,    92,   88000000,   12024804,        0,  -75975196,          0
 32523,    93,   88000000,   11851677,        0,  -76148323,          0
 32523,    94,   88000000,   11899874,        0,  -76100126,          0
 32523,    95,   88000000,   12113747,        0,  -75886253,          0
 32523,    96,   88000000,   11793744,        0,  -76206256,          0
 32523,    97,   88000000,   11730047,        0,  -76269953,          0
 32523,    98,   88000000,   11743120,        0,  -76256880,          0
 32523,    99,   88000000,   11712810,        0,  -76287190,          0
 32523,   100,   88000000,   11698699,        0,  -76301301,          0
 32523,   101,   88000000,   11732345,        0,  -76267655,          0
 32523,   102,   88000000,   12025169,        0,  -75974831,          0
 32523,   103,   88000000,   11701899,        0,  -76298101,          0
 32523,   104,   88000000,   11690443,        0,  -76309557,          0
 32523,   105,   88000000,   11721164,        0,  -76278836,          0
 32523,   106,   88000000,   11722837,        0,  -76277163,          0
 32523,   107,   88000000,   11730405,        0,  -76269595,          0
 32523,   108,   88000000,   11789409,        0,  -76210591,          0
 32523,   109,   88000000,   12046952,        0,  -75953048,          0
 32523,   110,   88000000,   11695638,        0,  -76304362,          0
 32523,   111,   88000000,   11712128,        0,  -76287872,          0
 32523,   112,   88000000,   11704654,        0,  -76295346,          0
 32523,   113,   88000000,   11724325,        0,  -76275675,          0
 32523,   114,   88000000,   11698548,        0,  -76301452,          0
 32523,   115,   88000000,   11790628,        0,  -76209372,          0
 32523,   116,   88000000,   11706621,        0,  -76293379,          0
 32523,   117,   88000000,   11712146,        0,  -76287854,          0
# task NAME=myapp PID=32527 COST=14988000 PERIOD=46000000 CPU=0
 32527,     2,   46000000,       8657,        0,  -45991343,          0
 32527,     3,   46000000,      66941,        0,  -45933059,          0
 32527,     4,   46000000,   16888457,        0,  -29111543,          0
 32527,     5,   46000000,   19976913,        0,  -26023087,          0
 32527,     6,   46000000,   14893893,        0,  -31106107,          0
 32527,     7,   46000000,   16029562,        0,  -29970438,          0
 32527,     8,   46000000,   14868330,        0,  -31131670,          0
 32527,     9,   46000000,   14916217,        0,  -31083783,          0
 32527,    10,   46000000,   14907418,        0,  -31092582,          0
 32527,    11,   46000000,   15906884,        0,  -30093116,          0
 32527,    12,   46000000,   14847909,        0,  -31152091,          0
 32527,    13,   46000000,   15119983,        0,  -30880017,          0
 32527,    14,   46000000,   14875319,        0,  -31124681,          0
 32527,    15,   46000000,   14852538,        0,  -31147462,          0
 32527,    16,   46000000,   15830252,        0,  -30169748,          0
 32527,    17,   46000000,   14908404,        0,  -31091596,          0
 32527,    18,   46000000,   14838460,        0,  -31161540,          0
 32527,    19,   46000000,   14978084,        0,  -31021916,          0
 32527,    20,   46000000,   14917395,        0,  -31082605,          0
 32527,    21,   46000000,   15158883,        0,  -30841117,          0
 32527,    22,   46000000,   14863408,        0,  -31136592,          0
 32527,    23,   46000000,   14890960,        0,  -31109040,          0
 32527,    24,   46000000,   14859569,        0,  -31140431,          0
 32527,    25,   46000000,   14870930,        0,  -31129070,          0
 32527,    26,   46000000,   14852082,        0,  -31147918,          0
 32527,    27,   46000000,   14865000,        0,  -31135000,          0
 32527,    28,   46000000,   14892790,        0,  -31107210,          0
 32527,    29,   46000000,   14855696,        0,  -31144304,          0
 32527,    30,   46000000,   14848880,        0,  -31151120,          0
 32527,    31,   46000000,   14852548,        0,  -31147452,          0
 32527,    32,   46000000,   15147811,        0,  -30852189,          0
 32527,    33,   46000000,   14957261,        0,  -31042739,          0
 32527,    34,   46000000,   14844521,        0,  -31155479,          0
 32527,    35,   46000000,   14859254,        0,  -31140746,          0
 32527,    36,   46000000,   14851166,        0,  -31148834,          0
 32527,    37,   46000000,   14839074,        0,  -31160926,          0
 32527,    38,   46000000,   14903407,        0,  -31096593,          0
 32527,    39,   46000000,   14863104,        0,  -31136896,          0
 32527,    40,   46000000,   15127761,        0,  -30872239,          0
 32527,    41,   46000000,   14859716,        0,  -31140284,          0
 32527,    42,   46000000,   14825299,        0,  -31174701,          0
 32527,    43,   46000000,   14851277,        0,  -31148723,          0
 32527,    44,   46000000,   14903491,        0,  -31096509,          0
 32527,    45,   46000000,   14952831,        0,  -31047169,          0
 32527,    46,   46000000,   14876130,        0,  -31123870,          0
 32527,    47,   46000000,   14864663,        0,  -31135337,          0
 32527,    48,   46000000,   14881049,        0,  -31118951,          0
 32527,    49,   46000000,   14949813,        0,  -31050187,          0
 32527,    50,   46000000,   14830120,        0,  -31169880,          0
 32527,    51,   46000000,   15139906,        0,  -30860094,          0
 32527,    52,   46000000,   14836704,        0,  -31163296,          0
 32527,    53,   46000000,   14885598,        0,  -31114402,          0
 32527,    54,   46000000,   14834368,        0,  -31165632,          0
 32527,    55,   46000000,   14861042,        0,  -31138958,          0
 32527,    56,   46000000,   14858993,        0,  -31141007,          0
 32527,    57,   46000000,   14943952,        0,  -31056048,          0
 32527,    58,   46000000,   14867886,        0,  -31132114,          0
 32527,    59,   46000000,   15145094,        0,  -30854906,          0
 32527,    60,   46000000,   14833572,        0,  -31166428,          0
 32527,    61,   46000000,   14892400,        0,  -31107600,          0
 32527,    62,   46000000,   14835785,        0,  -31164215,          0
 32527,    63,   46000000,   14953078,        0,  -31046922,          0
 32527,    64,   46000000,   14921602,        0,  -31078398,          0
 32527,    65,   46000000,   14962762,        0,  -31037238,          0
 32527,    66,   46000000,   14842776,        0,  -31157224,          0
 32527,    67,   46000000,   14997616,        0,  -31002384,          0
 32527,    68,   46000000,   14858007,        0,  -31141993,          0
 32527,    69,   46000000,   14867515,        0,  -31132485,          0
 32527,    70,   46000000,   15146838,        0,  -30853162,          0
 32527,    71,   46000000,   14867093,        0,  -31132907,          0
 32527,    72,   46000000,   15047971,        0,  -30952029,          0
 32527,    73,   46000000,   14877230,        0,  -31122770,          0
 32527,    74,   46000000,   14891948,        0,  -31108052,          0
 32527,    75,   46000000,   14863743,        0,  -31136257,          0
 32527,    76,   46000000,   14854596,        0,  -31145404,          0
 32527,    77,   46000000,   14828309,        0,  -31171691,          0
 32527,    78,   46000000,   15211266,        0,  -30788734,          0
 32527,    79,   46000000,   14854643,        0,  -31145357,          0
 32527,    80,   46000000,   14853689,        0,  -31146311,          0
 32527,    81,   46000000,   14848724,        0,  -31151276,          0
 32527,    82,   46000000,   14824277,        0,  -31175723,          0
 32527,    83,   46000000,   14893010,        0,  -31106990,          0
 32527,    84,   46000000,   14855354,        0,  -31144646,          0
 32527,    85,   46000000,   14940925,        0,  -31059075,          0
 32527,    86,   46000000,   14844353,        0,  -31155647,          0
 32527,    87,   46000000,   14884778,        0,  -31115222,          0
 32527,    88,   46000000,   14840118,        0,  -31159882,          0
 32527,    89,   46000000,   16974837,        0,  -29025163,          0
 32527,    90,   46000000,   14903745,        0,  -31096255,          0
 32527,    91,   46000000,   16413100,        0,  -29586900,          0
 32527,    92,   46000000,   14865054,        0,  -31134946,          0
 32527,    93,   46000000,   14908767,        0,  -31091233,          0
 32527,    94,   46000000,   14992768,        0,  -31007232,          0
 32527,    95,   46000000,   14946377,        0,  -31053623,          0
 32527,    96,   46000000,   14866947,        0,  -31133053,          0
 32527,    97,   46000000,   15131154,        0,  -30868846,          0
 32527,    98,   46000000,   14845317,        0,  -31154683,          0
 32527,    99,   46000000,   14850396,        0,  -31149604,          0
 32527,   100,   46000000,   15128861,        0,  -30871139,          0
 32527,   101,   46000000,   14845225,        0,  -31154775,          0
 32527,   102,   46000000,   14852284,        0,  -31147716,          0
 32527,   103,   46000000,   14887475,        0,  -31112525,          0
 32527,   104,   46000000,   14845397,        0,  -31154603,          0
 32527,   105,   46000000,   14877544,        0,  -31122456,          0
 32527,   106,   46000000,   14858301,        0,  -31141699,          0
 32527,   107,   46000000,   14879669,        0,  -31120331,          0
 32527,   108,   46000000,   15521326,        0,  -30478674,          0
 32527,   109,   46000000,   14949777,        0,  -31050223,          0
 32527,   110,   46000000,   14921991,        0,  -31078009,          0
 32527,   111,   46000000,   14884090,        0,  -31115910,          0
 32527,   112,   46000000,   14849711,        0,  -31150289,          0
 32527,   113,   46000000,   14897132,        0,  -31102868,          0
 32527,   114,   46000000,   14949413,        0,  -31050587,          0
 32527,   115,   46000000,   14847697,        0,  -31152303,          0
 32527,   116,   46000000,   15203485,        0,  -30796515,          0
 32527,   117,   46000000,   14928758,        0,  -31071242,          0
 32527,   118,   46000000,   14838075,        0,  -31161925,          0
 32527,   119,   46000000,   15453833,        0,  -30546167,          0
 32527,   120,   46000000,   14916192,        0,  -31083808,          0
 32527,   121,   46000000,   14870590,        0,  -31129410,          0
 32527,   122,   46000000,   14988748,        0,  -31011252,          0
 32527,   123,   46000000,   14863152,        0,  -31136848,          0
 32527,   124,   46000000,   14854438,        0,  -31145562,          0
 32527,   125,   46000000,   14847338,        0,  -31152662,          0
 32527,   126,   46000000,   14853339,        0,  -31146661,          0
 32527,   127,   46000000,   15143352,        0,  -30856648,          0
 32527,   128,   46000000,   14843325,        0,  -31156675,          0
 32527,   129,   46000000,   14869510,        0,  -31130490,          0
 32527,   130,   46000000,   14888908,        0,  -31111092,          0
 32527,   131,   46000000,   16199949,        0,  -29800051,          0
 32527,   132,   46000000,   14858718,        0,  -31141282,          0
 32527,   133,   46000000,   14894359,        0,  -31105641,          0
 32527,   134,   46000000,   14833393,        0,  -31166607,          0
 32527,   135,   46000000,   14974206,        0,  -31025794,          0
 32527,   136,   46000000,   14894305,        0,  -31105695,          0
 32527,   137,   46000000,   14925747,        0,  -31074253,          0
 32527,   138,   46000000,   15225621,        0,  -30774379,          0
 32527,   139,   46000000,   14937917,        0,  -31062083,          0
 32527,   140,   46000000,   14869905,        0,  -31130095,          0
 32527,   141,   46000000,   14844615,        0,  -31155385,          0
 32527,   142,   46000000,   14839995,        0,  -31160005,          0
 32527,   143,   46000000,   14877737,        0,  -31122263,          0
 32527,   144,   46000000,   14846909,        0,  -31153091,          0
 32527,   145,   46000000,   14869217,        0,  -31130783,          0
 32527,   146,   46000000,   15132678,        0,  -30867322,          0
 32527,   147,   46000000,   14985881,        0,  -31014119,          0
 32527,   148,   46000000,   14907435,        0,  -31092565,          0
 32527,   149,   46000000,   14917157,        0,  -31082843,          0
 32527,   150,   46000000,   14823377,        0,  -31176623,          0
 32527,   151,   46000000,   15896193,        0,  -30103807,          0
 32527,   152,   46000000,   14868764,        0,  -31131236,          0
 32527,   153,   46000000,   14921436,        0,  -31078564,          0
 32527,   154,   46000000,   14837612,        0,  -31162388,          0
 32527,   155,   46000000,   14914589,        0,  -31085411,          0
 32527,   156,   46000000,   14851025,        0,  -31148975,          0
 32527,   157,   46000000,   15131297,        0,  -30868703,          0
 32527,   158,   46000000,   14846099,        0,  -31153901,          0
 32527,   159,   46000000,   14867496,        0,  -31132504,          0
 32527,   160,   46000000,   14860841,        0,  -31139159,          0
 32527,   161,   46000000,   14855808,        0,  -31144192,          0
 32527,   162,   46000000,   14878887,        0,  -31121113,          0
 32527,   163,   46000000,   14841052,        0,  -31158948,          0
 32527,   164,   46000000,   14849335,        0,  -31150665,          0
 32527,   165,   46000000,   15160858,        0,  -30839142,          0
 32527,   166,   46000000,   14915563,        0,  -31084437,          0
 32527,   167,   46000000,   14863807,        0,  -31136193,          0
 32527,   168,   46000000,   14847577,        0,  -31152423,          0
 32527,   169,   46000000,   14938327,        0,  -31061673,          0
 32527,   170,   46000000,   14835215,        0,  -31164785,          0
 32527,   171,   46000000,   14910458,        0,  -31089542,          0
 32527,   172,   46000000,   14846395,        0,  -31153605,          0
 32527,   173,   46000000,   14852683,        0,  -31147317,          0
 32527,   174,   46000000,   14846407,        0,  -31153593,          0
 32527,   175,   46000000,   15016930,        0,  -30983070,          0
 32527,   176,   46000000,   15204556,        0,  -30795444,          0
 32527,   177,   46000000,   15978111,        0,  -30021889,          0
 32527,   178,   46000000,   14828709,        0,  -31171291,          0
 32527,   179,   46000000,   14871484,        0,  -31128516,          0
 32527,   180,   46000000,   14844887,        0,  -31155113,          0
 32527,   181,   46000000,   14947603,        0,  -31052397,          0
 32527,   182,   46000000,   14849194,        0,  -31150806,          0
 32527,   183,   46000000,   14915917,        0,  -31084083,          0
 32527,   184,   46000000,   15130645,        0,  -30869355,          0
 32527,   185,   46000000,   14915896,        0,  -31084104,          0
 32527,   186,   46000000,   14833706,        0,  -31166294,          0
 32527,   187,   46000000,   14852295,        0,  -31147705,          0
 32527,   188,   46000000,   14845738,        0,  -31154262,          0
 32527,   189,   46000000,   14921905,        0,  -31078095,          0
 32527,   190,   46000000,   14847363,        0,  -31152637,          0
 32527,   191,   46000000,   14934515,        0,  -31065485,          0
 32527,   192,   46000000,   14847930,        0,  -31152070,          0
 32527,   193,   46000000,   15388347,        0,  -30611653,          0
 32527,   194,   46000000,   14836871,        0,  -31163129,          0
 32527,   195,   46000000,   15157001,        0,  -30842999,          0
 32527,   196,   46000000,   14908148,        0,  -31091852,          0
 32527,   197,   46000000,   14848725,        0,  -31151275,          0
 32527,   198,   46000000,   14874287,        0,  -31125713,          0
 32527,   199,   46000000,   14862365,        0,  -31137635,          0
 32527,   200,   46000000,   14839317,        0,  -31160683,          0
 32527,   201,   46000000,   14881749,        0,  -31118251,          0
 32527,   202,   46000000,   14841883,        0,  -31158117,          0
 32527,   203,   46000000,   15136781,        0,  -30863219,          0
 32527,   204,   46000000,   14851092,        0,  -31148908,          0
 32527,   205,   46000000,   14853386,        0,  -31146614,          0
 32527,   206,   46000000,   15154389,        0,  -30845611,          0
 32527,   207,   46000000,   14877960,        0,  -31122040,          0
 32527,   208,   46000000,   14860884,        0,  -31139116,          0
 32527,   209,   46000000,   15297057,        0,  -30702943,          0
 32527,   210,   46000000,   14857357,        0,  -31142643,          0
 32527,   211,   46000000,   14887134,        0,  -31112866,          0
 32527,   212,   46000000,   14870513,        0,  -31129487,          0
 32527,   213,   46000000,   14872044,        0,  -31127956,          0
 32527,   214,   46000000,   15163466,        0,  -30836534,          0
 32527,   215,   46000000,   14857152,        0,  -31142848,          0
 32527,   216,   46000000,   14868493,        0,  -31131507,          0
 32527,   217,   46000000,   14878646,        0,  -31121354,          0
 32527,   218,   46000000,   14865614,        0,  -31134386,          0
 32527,   219,   46000000,   14921401,        0,  -31078599,          0
 32527,   220,   46000000,   14836607,        0,  -31163393,          0
 32527,   221,   46000000,   14952304,        0,  -31047696,          0
# task NAME=myapp PID=32531 COST=18193000 PERIOD=84000000 CPU=0
 32531,     2,   84000000,       9208,        0,  -83990792,          0
 32531,     3,   84000000,     105692,        0,  -83894308,          0
 32531,     4,   84000000,   22181005,        0,  -61818995,          0
 32531,     5,   84000000,   18044986,        0,  -65955014,          0
 32531,     6,   84000000,   17999010,        0,  -66000990,          0
 32531,     7,   84000000,   18329682,        0,  -65670318,          0
 32531,     8,   84000000,   18092253,        0,  -65907747,          0
 32531,     9,   84000000,   18215903,        0,  -65784097,          0
 32531,    10,   84000000,   18014398,        0,  -65985602,          0
 32531,    11,   84000000,   17993636,        0,  -66006364,          0
 32531,    12,   84000000,   18014364,        0,  -65985636,          0
 32531,    13,   84000000,   18048931,        0,  -65951069,          0
 32531,    14,   84000000,   18135641,        0,  -65864359,          0
 32531,    15,   84000000,   18012057,        0,  -65987943,          0
 32531,    16,   84000000,   18016023,        0,  -65983977,          0
 32531,    17,   84000000,   18113827,        0,  -65886173,          0
 32531,    18,   84000000,   17995320,        0,  -66004680,          0
 32531,    19,   84000000,   18020749,        0,  -65979251,          0
 32531,    20,   84000000,   18012617,        0,  -65987383,          0
 32531,    21,   84000000,   18056213,        0,  -65943787,          0
 32531,    22,   84000000,   18011478,        0,  -65988522,          0
 32531,    23,   84000000,   18022862,        0,  -65977138,          0
 32531,    24,   84000000,   18023695,        0,  -65976305,          0
 32531,    25,   84000000,   18043332,        0,  -65956668,          0
 32531,    26,   84000000,   18039680,        0,  -65960320,          0
 32531,    27,   84000000,   18028114,        0,  -65971886,          0
 32531,    28,   84000000,   18002642,        0,  -65997358,          0
 32531,    29,   84000000,   18089161,        0,  -65910839,          0
 32531,    30,   84000000,   17999215,        0,  -66000785,          0
 32531,    31,   84000000,   17997463,        0,  -66002537,          0
 32531,    32,   84000000,   18048860,        0,  -65951140,          0
 32531,    33,   84000000,   18019094,        0,  -65980906,          0
 32531,    34,   84000000,   18024388,        0,  -65975612,          0
 32531,    35,   84000000,   17985178,        0,  -66014822,          0
 32531,    36,   84000000,   18059040,        0,  -65940960,          0
 32531,    37,   84000000,   18045190,        0,  -65954810,          0
 32531,    38,   84000000,   18031803,        0,  -65968197,          0
 32531,    39,   84000000,   18035027,        0,  -65964973,          0
 32531,    40,   84000000,   18016494,        0,  -65983506,          0
 32531,    41,   84000000,   18090107,        0,  -65909893,          0
 32531,    42,   84000000,   18283461,        0,  -65716539,          0
 32531,    43,   84000000,   18076178,        0,  -65923822,          0
 32531,    44,   84000000,   17998709,        0,  -66001291,          0
 32531,    45,   84000000,   18011398,        0,  -65988602,          0
 32531,    46,   84000000,   18078061,        0,  -65921939,          0
 32531,    47,   84000000,   18510143,        0,  -65489857,          0
 32531,    48,   84000000,   18402608,        0,  -65597392,          0
 32531,    49,   84000000,   18070545,        0,  -65929455,          0
 32531,    50,   84000000,   18387300,        0,  -65612700,          0
 32531,    51,   84000000,   18001768,        0,  -65998232,          0
 32531,    52,   84000000,   18090621,        0,  -65909379,          0
 32531,    53,   84000000,   18298286,        0,  -65701714,          0
 32531,    54,   84000000,   18045604,        0,  -65954396,          0
 32531,    55,   84000000,   18016850,        0,  -65983150,          0
 32531,    56,   84000000,   18387984,        0,  -65612016,          0
 32531,    57,   84000000,   17989834,        0,  -66010166,          0
 32531,    58,   84000000,   17994113,        0,  -66005887,          0
 32531,    59,   84000000,   18310955,        0,  -65689045,          0
 32531,    60,   84000000,   18043832,        0,  -65956168,          0
 32531,    61,   84000000,   18031536,        0,  -65968464,          0
 32531,    62,   84000000,   18301511,        0,  -65698489,          0
 32531,    63,   84000000,   18063746,        0,  -65936254,          0
 32531,    64,   84000000,   18069124,        0,  -65930876,          0
 32531,    65,   84000000,   18292494,        0,  -65707506,          0
 32531,    66,   84000000,   18022555,        0,  -65977445,          0
 32531,    67,   84000000,   18023868,        0,  -65976132,          0
 32531,    68,   84000000,   18285775,        0,  -65714225,          0
 32531,    69,   84000000,   18084526,        0,  -65915474,          0
 32531,    70,   84000000,   18032345,        0,  -65967655,          0
 32531,    71,   84000000,   18333559,        0,  -65666441,          0
 32531,    72,   84000000,   18035286,        0,  -65964714,          0
 32531,    73,   84000000,   18115828,        0,  -65884172,          0
 32531,    74,   84000000,   18032118,        0,  -65967882,          0
 32531,    75,   84000000,   17990566,        0,  -66009434,          0
 32531,    76,   84000000,   18030279,        0,  -65969721,          0
 32531,    77,   84000000,   18011546,        0,  -65988454,          0
 32531,    78,   84000000,   18002127,        0,  -65997873,          0
 32531,    79,   84000000,   18080896,        0,  -65919104,          0
 32531,    80,   84000000,   18084552,        0,  -65915448,          0
 32531,    81,   84000000,   18033149,        0,  -65966851,          0
 32531,    82,   84000000,   18182947,        0,  -65817053,          0
 32531,    83,   84000000,   18082876,        0,  -65917124,          0
 32531,    84,   84000000,   18033677,        0,  -65966323,          0
 32531,    85,   84000000,   18011715,        0,  -65988285,          0
 32531,    86,   84000000,   18008108,        0,  -65991892,          0
 32531,    87,   84000000,   17998640,        0,  -66001360,          0
 32531,    88,   84000000,   18086465,        0,  -65913535,          0
 32531,    89,   84000000,   18160714,        0,  -65839286,          0
 32531,    90,   84000000,   18049403,        0,  -65950597,          0
 32531,    91,   84000000,   18021020,        0,  -65978980,          0
 32531,    92,   84000000,   18019287,        0,  -65980713,          0
 32531,    93,   84000000,   17996398,        0,  -66003602,          0
 32531,    94,   84000000,   18080021,        0,  -65919979,          0
 32531,    95,   84000000,   18075086,        0,  -65924914,          0
 32531,    96,   84000000,   18046976,        0,  -65953024,          0
 32531,    97,   84000000,   18027930,        0,  -65972070,          0
 32531,    98,   84000000,   18011961,        0,  -65988039,          0
 32531,    99,   84000000,   18095189,        0,  -65904811,          0
 32531,   100,   84000000,   18017868,        0,  -65982132,          0
 32531,   101,   84000000,   18018817,        0,  -65981183,          0
 32531,   102,   84000000,   18089014,        0,  -65910986,          0
 32531,   103,   84000000,   18036625,        0,  -65963375,          0
 32531,   104,   84000000,   18011767,        0,  -65988233,          0
 32531,   105,   84000000,   18100542,        0,  -65899458,          0
 32531,   106,   84000000,   18014737,        0,  -65985263,          0
 32531,   107,   84000000,   18017242,        0,  -65982758,          0
 32531,   108,   84000000,   18330420,        0,  -65669580,          0
 32531,   109,   84000000,   18015861,        0,  -65984139,          0
 32531,   110,   84000000,   17990806,        0,  -66009194,          0
 32531,   111,   84000000,   18305112,        0,  -65694888,          0
 32531,   112,   84000000,   18057580,        0,  -65942420,          0
 32531,   113,   84000000,   18093169,        0,  -65906831,          0
 32531,   114,   84000000,   18314533,        0,  -65685467,          0
 32531,   115,   84000000,   18019847,        0,  -65980153,          0
 32531,   116,   84000000,   18083170,        0,  -65916830,          0
 32531,   117,   84000000,   18407903,        0,  -65592097,          0
 32531,   118,   84000000,   18169132,        0,  -65830868,          0
 32531,   119,   84000000,   18036668,        0,  -65963332,          0
 32531,   120,   84000000,   18282534,        0,  -65717466,          0
 32531,   121,   84000000,   17994498,        0,  -66005502,          0
 32531,   122,   84000000,   18017142,        0,  -65982858,          0
 32531,   123,   84000000,   18319797,        0,  -65680203,          0
# task NAME=myapp PID=32535 COST=9638000 PERIOD=92000000 CPU=0
 32535,     2,   92000000,      14302,        0,  -91985698,          0
 32535,     3,   92000000,     126957,        0,  -91873043,          0
 32535,     4,   92000000,   11726853,        0,  -80273147,          0
 32535,     5,   92000000,   10459675,        0,  -81540325,          0
 32535,     6,   92000000,    9607394,        0,  -82392606,          0
 32535,     7,   92000000,    9683753,        0,  -82316247,          0
 32535,     8,   92000000,    9877716,        0,  -82122284,          0
 32535,     9,   92000000,    9571614,        0,  -82428386,          0
 32535,    10,   92000000,    9584043,        0,  -82415957,          0
 32535,    11,   92000000,    9608257,        0,  -82391743,          0
 32535,    12,   92000000,    9920287,        0,  -82079713,          0
 32535,    13,   92000000,    9605141,        0,  -82394859,          0
 32535,    14,   92000000,   10266347,        0,  -81733653,          0
 32535,    15,   92000000,    9598045,        0,  -82401955,          0
 32535,    16,   92000000,    9613754,        0,  -82386246,          0
 32535,    17,   92000000,    9613324,        0,  -82386676,          0
 32535,    18,   92000000,    9628760,        0,  -82371240,          0
 32535,    19,   92000000,    9650686,        0,  -82349314,          0
 32535,    20,   92000000,    9629872,        0,  -82370128,          0
 32535,    21,   92000000,    9568345,        0,  -82431655,          0
 32535,    22,   92000000,    9586167,        0,  -82413833,          0
 32535,    23,   92000000,    9565443,        0,  -82434557,          0
 32535,    24,   92000000,    9593148,        0,  -82406852,          0
 32535,    25,   92000000,    9609837,        0,  -82390163,          0
 32535,    26,   92000000,    9872911,        0,  -82127089,          0
 32535,    27,   92000000,   10574722,        0,  -81425278,          0
 32535,    28,   92000000,    9631853,        0,  -82368147,          0
 32535,    29,   92000000,    9577876,        0,  -82422124,          0
 32535,    30,   92000000,    9636511,        0,  -82363489,          0
 32535,    31,   92000000,    9573032,        0,  -82426968,          0
 32535,    32,   92000000,   10549772,        0,  -81450228,          0
 32535,    33,   92000000,    9641705,        0,  -82358295,          0
 32535,    34,   92000000,    9607139,        0,  -82392861,          0
 32535,    35,   92000000,    9680789,        0,  -82319211,          0
 32535,    36,   92000000,    9976409,        0,  -82023591,          0
 32535,    37,   92000000,    9619460,        0,  -82380540,          0
 32535,    38,   92000000,    9577820,        0,  -82422180,          0
 32535,    39,   92000000,    9583359,        0,  -82416641,          0
 32535,    40,   92000000,    9585128,        0,  -82414872,          0
 32535,    41,   92000000,    9570044,        0,  -82429956,          0
 32535,    42,   92000000,    9585652,        0,  -82414348,          0
 32535,    43,   92000000,    9590086,        0,  -82409914,          0
 32535,    44,   92000000,    9595645,        0,  -82404355,          0
 32535,    45,   92000000,    9628270,        0,  -82371730,          0
 32535,    46,   92000000,   13027395,        0,  -78972605,          0
 32535,    47,   92000000,   11064884,        0,  -80935116,          0
 32535,    48,   92000000,    9627809,        0,  -82372191,          0
 32535,    49,   92000000,    9583450,        0,  -82416550,          0
 32535,    50,   92000000,    9573368,        0,  -82426632,          0
 32535,    51,   92000000,    9579227,        0,  -82420773,          0
 32535,    52,   92000000,    9584382,        0,  -82415618,          0
 32535,    53,   92000000,    9570994,        0,  -82429006,          0
 32535,    54,   92000000,    9576755,        0,  -82423245,          0
 32535,    55,   92000000,    9592318,        0,  -82407682,          0
 32535,    56,   92000000,    9731415,        0,  -82268585,          0
 32535,    57,   92000000,    9844583,        0,  -82155417,          0
 32535,    58,   92000000,    9549997,        0,  -82450003,          0
 32535,    59,   92000000,    9588280,        0,  -82411720,          0
 32535,    60,   92000000,    9601207,        0,  -82398793,          0
 32535,    61,   92000000,    9881614,        0,  -82118386,          0
 32535,    62,   92000000,    9601789,        0,  -82398211,          0
 32535,    63,   92000000,    9623199,        0,  -82376801,          0
 32535,    64,   92000000,    9588086,        0,  -82411914,          0
 32535,    65,   92000000,    9849960,        0,  -82150040,          0
 32535,    66,   92000000,    9639903,        0,  -82360097,          0
 32535,    67,   92000000,   10457009,        0,  -81542991,          0
 32535,    68,   92000000,    9641522,        0,  -82358478,          0
 32535,    69,   92000000,   10563414,        0,  -81436586,          0
 32535,    70,   92000000,    9590127,        0,  -82409873,          0
 32535,    71,   92000000,    9584463,        0,  -82415537,          0
 32535,    72,   92000000,    9578823,        0,  -82421177,          0
 32535,    73,   92000000,    9571421,        0,  -82428579,          0
 32535,    74,   92000000,    9566471,        0,  -82433529,          0
 32535,    75,   92000000,    9997116,        0,  -82002884,          0
 32535,    76,   92000000,    9587213,        0,  -82412787,          0
 32535,    77,   92000000,    9764338,        0,  -82235662,          0
 32535,    78,   92000000,    9578172,        0,  -82421828,          0
 32535,    79,   92000000,    9549371,        0,  -82450629,          0
 32535,    80,   92000000,    9884253,        0,  -82115747,          0
 32535,    81,   92000000,    9599836,        0,  -82400164,          0
 32535,    82,   92000000,    9584106,        0,  -82415894,          0
 32535,    83,   92000000,    9570312,        0,  -82429688,          0
 32535,    84,   92000000,    9670387,        0,  -82329613,          0
 32535,    85,   92000000,    9624712,        0,  -82375288,          0
 32535,    86,   92000000,    9622887,        0,  -82377113,          0
 32535,    87,   92000000,    9559817,        0,  -82440183,          0
 32535,    88,   92000000,    9596916,        0,  -82403084,          0
 32535,    89,   92000000,   12574656,        0,  -79425344,          0
 32535,    90,   92000000,    9626588,        0,  -82373412,          0
 32535,    91,   92000000,   10655803,        0,  -81344197,          0
 32535,    92,   92000000,    9672366,        0,  -82327634,          0
 32535,    93,   92000000,    9609029,        0,  -82390971,          0
 32535,    94,   92000000,    9588362,        0,  -82411638,          0
 32535,    95,   92000000,    9588413,        0,  -82411587,          0
 32535,    96,   92000000,    9590249,        0,  -82409751,          0
 32535,    97,   92000000,    9588406,        0,  -82411594,          0
 32535,    98,   92000000,    9645491,        0,  -82354509,          0
 32535,    99,   92000000,    9881352,        0,  -82118648,          0
 32535,   100,   92000000,    9573750,        0,  -82426250,          0
 32535,   101,   92000000,    9576515,        0,  -82423485,          0
 32535,   102,   92000000,    9580268,        0,  -82419732,          0
 32535,   103,   92000000,    9549414,        0,  -82450586,          0
 32535,   104,   92000000,    9699676,        0,  -82300324,          0
 32535,   105,   92000000,    9588948,        0,  -82411052,          0
 32535,   106,   92000000,   10019736,        0,  -81980264,          0
 32535,   107,   92000000,    9616621,        0,  -82383379,          0
 32535,   108,   92000000,    9587593,        0,  -82412407,          0
 32535,   109,   92000000,   10576040,        0,  -81423960,          0
 32535,   110,   92000000,   10420314,        0,  -81579686,          0
 32535,   111,   92000000,    9583554,        0,  -82416446,          0
 32535,   112,   92000000,    9668872,        0,  -82331128,          0
