336 336 0
151 151 0
778 778 0
139 139 0
296 296 0
121 121 0
599 599 0
136 136 0
569 569 0
186 186 0
268 268 0
296 296 0
262 262 0
182 182 0
411 411 0
144 144 0
250 250 0
172 172 0
208 208 0
228 228 0
470 470 0
281 281 0
130 130 0
179 179 0
123 123 0
239 239 0
136 136 0
122 122 0
185 185 0
131 131 0
568 568 0
722 722 0
160 160 0
276 276 0
413 413 0
176 176 0
129 129 0
321 321 0
512 512 0
387 387 0
130 130 0
164 164 0
203 203 0
727 727 0
115 115 0
113 113 0
223 223 0
186 186 0
299 299 0
225 225 0
137 137 0
119 119 0
201 201 0
1018 1018 0
