151 151 0
775 775 0
157 157 0
119 119 0
164 164 0
162 162 0
161 161 0
112 112 0
242 242 0
115 115 0
180 180 0
110 110 0
254 254 0
218 218 0
142 142 0
363 363 0
299 299 0
211 211 0
374 374 0
225 225 0
108 108 0
120 120 0
109 109 0
127 127 0
141 141 0
459 459 0
110 110 0
134 134 0
108 108 0
112 112 0
914 914 0
1007 1007 0
917 917 0
333 333 0
343 343 0
118 118 0
152 152 0
139 139 0
157 157 0
419 419 0
670 670 0
274 274 0
140 140 0
312 312 0
481 481 0
232 232 0
125 125 0
116 116 0
147 147 0
237 237 0
350 350 0
479 479 0
138 138 0
116 116 0
110 110 0
773 773 0
419 419 0
459 459 0
362 362 0
132 132 0
460 460 0
532 532 0
173 173 0
269 269 0
153 153 0
336 336 0
213 213 0
376 376 0
197 197 0
263 263 0
484 484 0
117 117 0
147 147 0
129 129 0
226 226 0
558 558 0
135 135 0
279 279 0
