123 123 0
157 157 0
266 266 0
326 326 0
215 215 0
420 420 0
154 154 0
161 161 0
336 336 0
145 145 0
112 112 0
114 114 0
373 373 0
147 147 0
717 717 0
150 150 0
254 254 0
175 175 0
211 211 0
172 172 0
209 209 0
107 107 0
297 297 0
270 270 0
149 149 0
170 170 0
247 247 0
120 120 0
248 248 0
112 112 0
137 137 0
299 299 0
191 191 0
143 143 0
133 133 0
128 128 0
118 118 0
117 117 0
267 267 0
149 149 0
1003 1003 0
560 560 0
108 108 0
120 120 0
364 364 0
717 717 0
318 318 0
145 145 0
145 145 0
420 420 0
375 375 0
300 300 0
113 113 0
121 121 0
139 139 0
199 199 0
106 106 0
591 591 0
774 774 0
175 175 0
116 116 0
160 160 0
133 133 0
675 675 0
