# Task,   Job,     Period,   Response, DL Miss?,   Lateness,  Tardiness
# task NAME=myapp PID=27022 COST=55003000 PERIOD=95000000 CPU=0
 27022,     2,   95000000,       8171,        0,  -94991829,          0
 27022,     3,   95000000,      36908,        0,  -94963092,          0
 27022,     4,   95000000,   56277868,        0,  -38722132,          0
 27022,     5,   95000000,   54210355,        0,  -40789645,          0
 27022,     6,   95000000,   53871179,        0,  -41128821,          0
 27022,     7,   95000000,   53892933,        0,  -41107067,          0
 27022,     8,   95000000,   54014805,        0,  -40985195,          0
 27022,     9,   95000000,   54213524,        0,  -40786476,          0
 27022,    10,   95000000,   53855435,        0,  -41144565,          0
 27022,    11,   95000000,   53998916,        0,  -41001084,          0
 27022,    12,   95000000,   53856845,        0,  -41143155,          0
 27022,    13,   95000000,   54707139,        0,  -40292861,          0
 27022,    14,   95000000,   53863095,        0,  -41136905,          0
 27022,    15,   95000000,   55102000,        0,  -39898000,          0
 27022,    16,   95000000,   54139952,        0,  -40860048,          0
 27022,    17,   95000000,   54126452,        0,  -40873548,          0
 27022,    18,   95000000,   54129239,        0,  -40870761,          0
 27022,    19,   95000000,   53966853,        0,  -41033147,          0
 27022,    20,   95000000,   53879891,        0,  -41120109,          0
 27022,    21,   95000000,   54209209,        0,  -40790791,          0
 27022,    22,   95000000,   54209735,        0,  -40790265,          0
 27022,    23,   95000000,   53876214,        0,  -41123786,          0
 27022,    24,   95000000,   53921860,        0,  -41078140,          0
 27022,    25,   95000000,   54210253,        0,  -40789747,          0
 27022,    26,   95000000,   54390298,        0,  -40609702,          0
 27022,    27,   95000000,   53865460,        0,  -41134540,          0
 27022,    28,   95000000,   53898512,        0,  -41101488,          0
 27022,    29,   95000000,   54296790,        0,  -40703210,          0
 27022,    30,   95000000,   54238858,        0,  -40761142,          0
 27022,    31,   95000000,   54134734,        0,  -40865266,          0
 27022,    32,   95000000,   54133116,        0,  -40866884,          0
 27022,    33,   95000000,   54313835,        0,  -40686165,          0
 27022,    34,   95000000,   54410515,        0,  -40589485,          0
 27022,    35,   95000000,   53897184,        0,  -41102816,          0
 27022,    36,   95000000,   53967711,        0,  -41032289,          0
 27022,    37,   95000000,   54028412,        0,  -40971588,          0
 27022,    38,   95000000,   54155696,        0,  -40844304,          0
 27022,    39,   95000000,   53876710,        0,  -41123290,          0
 27022,    40,   95000000,   53984041,        0,  -41015959,          0
 27022,    41,   95000000,   53845721,        0,  -41154279,          0
 27022,    42,   95000000,   54392204,        0,  -40607796,          0
 27022,    43,   95000000,   54218891,        0,  -40781109,          0
 27022,    44,   95000000,   53909222,        0,  -41090778,          0
 27022,    45,   95000000,   54049854,        0,  -40950146,          0
 27022,    46,   95000000,   54197467,        0,  -40802533,          0
 27022,    47,   95000000,   54170854,        0,  -40829146,          0
 27022,    48,   95000000,   53867806,        0,  -41132194,          0
 27022,    49,   95000000,   54075016,        0,  -40924984,          0
 27022,    50,   95000000,   54182495,        0,  -40817505,          0
 27022,    51,   95000000,   54204713,        0,  -40795287,          0
 27022,    52,   95000000,   53855317,        0,  -41144683,          0
 27022,    53,   95000000,   53862311,        0,  -41137689,          0
 27022,    54,   95000000,   54822171,        0,  -40177829,          0
 27022,    55,   95000000,   54163242,        0,  -40836758,          0
 27022,    56,   95000000,   53861833,        0,  -41138167,          0
 27022,    57,   95000000,   53983256,        0,  -41016744,          0
 27022,    58,   95000000,   54246639,        0,  -40753361,          0
 27022,    59,   95000000,   54189596,        0,  -40810404,          0
 27022,    60,   95000000,   53889126,        0,  -41110874,          0
 27022,    61,   95000000,   54185883,        0,  -40814117,          0
 27022,    62,   95000000,   53906065,        0,  -41093935,          0
 27022,    63,   95000000,   54378204,        0,  -40621796,          0
 27022,    64,   95000000,   53855165,        0,  -41144835,          0
 27022,    65,   95000000,   54143752,        0,  -40856248,          0
 27022,    66,   95000000,   54838857,        0,  -40161143,          0
 27022,    67,   95000000,   54176755,        0,  -40823245,          0
 27022,    68,   95000000,   54240615,        0,  -40759385,          0
 27022,    69,   95000000,   53916077,        0,  -41083923,          0
 27022,    70,   95000000,   53858950,        0,  -41141050,          0
 27022,    71,   95000000,   54158940,        0,  -40841060,          0
 27022,    72,   95000000,   54130160,        0,  -40869840,          0
 27022,    73,   95000000,   54088385,        0,  -40911615,          0
 27022,    74,   95000000,   54886834,        0,  -40113166,          0
 27022,    75,   95000000,   54352715,        0,  -40647285,          0
 27022,    76,   95000000,   54192225,        0,  -40807775,          0
 27022,    77,   95000000,   54105926,        0,  -40894074,          0
 27022,    78,   95000000,   53873854,        0,  -41126146,          0
 27022,    79,   95000000,   54177120,        0,  -40822880,          0
 27022,    80,   95000000,   54187266,        0,  -40812734,          0
 27022,    81,   95000000,   53932837,        0,  -41067163,          0
 27022,    82,   95000000,   53940613,        0,  -41059387,          0
 27022,    83,   95000000,   54234995,        0,  -40765005,          0
 27022,    84,   95000000,   54176369,        0,  -40823631,          0
 27022,    85,   95000000,   53876469,        0,  -41123531,          0
 27022,    86,   95000000,   54072136,        0,  -40927864,          0
 27022,    87,   95000000,   53990108,        0,  -41009892,          0
 27022,    88,   95000000,   54145856,        0,  -40854144,          0
 27022,    89,   95000000,   53891270,        0,  -41108730,          0
 27022,    90,   95000000,   54542810,        0,  -40457190,          0
 27022,    91,   95000000,   54528715,        0,  -40471285,          0
 27022,    92,   95000000,   54161350,        0,  -40838650,          0
 27022,    93,   95000000,   54392097,        0,  -40607903,          0
 27022,    94,   95000000,   53960891,        0,  -41039109,          0
 27022,    95,   95000000,   54178475,        0,  -40821525,          0
 27022,    96,   95000000,   54401130,        0,  -40598870,          0
 27022,    97,   95000000,   54155177,        0,  -40844823,          0
 27022,    98,   95000000,   53961792,        0,  -41038208,          0
 27022,    99,   95000000,   54957575,        0,  -40042425,          0
 27022,   100,   95000000,   54185658,        0,  -40814342,          0
 27022,   101,   95000000,   54136285,        0,  -40863715,          0
 27022,   102,   95000000,   53841424,        0,  -41158576,          0
 27022,   103,   95000000,   53989839,        0,  -41010161,          0
 27022,   104,   95000000,   54199885,        0,  -40800115,          0
 27022,   105,   95000000,   54700820,        0,  -40299180,          0
 27022,   106,   95000000,   53968633,        0,  -41031367,          0
 27022,   107,   95000000,   53905825,        0,  -41094175,          0
 27022,   108,   95000000,   54135137,        0,  -40864863,          0
 27022,   109,   95000000,   54198145,        0,  -40801855,          0
# task NAME=myapp PID=27025 COST=43992000 PERIOD=58000000 CPU=0
 27025,     2,   58000000,       8905,        0,  -57991095,          0
 27025,     3,   58000000,      44273,        0,  -57955727,          0
 27025,     4,   58000000,   44608673,        0,  -13391327,          0
 27025,     5,   58000000,   43167713,        0,  -14832287,          0
 27025,     6,   58000000,   43272272,        0,  -14727728,          0
 27025,     7,   58000000,   43104316,        0,  -14895684,          0
 27025,     8,   58000000,   43156486,        0,  -14843514,          0
 27025,     9,   58000000,   43536378,        0,  -14463622,          0
 27025,    10,   58000000,   43087427,        0,  -14912573,          0
 27025,    11,   58000000,   43571414,        0,  -14428586,          0
 27025,    12,   58000000,   43176453,        0,  -14823547,          0
 27025,    13,   58000000,   43398723,        0,  -14601277,          0
 27025,    14,   58000000,   43100586,        0,  -14899414,          0
 27025,    15,   58000000,   43453797,        0,  -14546203,          0
 27025,    16,   58000000,   43103344,        0,  -14896656,          0
 27025,    17,   58000000,   43371944,        0,  -14628056,          0
 27025,    18,   58000000,   43281053,        0,  -14718947,          0
 27025,    19,   58000000,   43079784,        0,  -14920216,          0
 27025,    20,   58000000,   43096965,        0,  -14903035,          0
 27025,    21,   58000000,   43092110,        0,  -14907890,          0
 27025,    22,   58000000,   43103764,        0,  -14896236,          0
 27025,    23,   58000000,   43109450,        0,  -14890550,          0
 27025,    24,   58000000,   43378577,        0,  -14621423,          0
 27025,    25,   58000000,   43159151,        0,  -14840849,          0
 27025,    26,   58000000,   43465154,        0,  -14534846,          0
 27025,    27,   58000000,   43297306,        0,  -14702694,          0
 27025,    28,   58000000,   43395628,        0,  -14604372,          0
 27025,    29,   58000000,   43369646,        0,  -14630354,          0
 27025,    30,   58000000,   43392544,        0,  -14607456,          0
 27025,    31,   58000000,   43171250,        0,  -14828750,          0
 27025,    32,   58000000,   43380359,        0,  -14619641,          0
 27025,    33,   58000000,   43090716,        0,  -14909284,          0
 27025,    34,   58000000,   43084045,        0,  -14915955,          0
 27025,    35,   58000000,   43054405,        0,  -14945595,          0
 27025,    36,   58000000,   43111898,        0,  -14888102,          0
 27025,    37,   58000000,   43348704,        0,  -14651296,          0
 27025,    38,   58000000,   43066644,        0,  -14933356,          0
 27025,    39,   58000000,   43380697,        0,  -14619303,          0
 27025,    40,   58000000,   43077583,        0,  -14922417,          0
 27025,    41,   58000000,   43397582,        0,  -14602418,          0
 27025,    42,   58000000,   43133843,        0,  -14866157,          0
 27025,    43,   58000000,   43406811,        0,  -14593189,          0
 27025,    44,   58000000,   43091291,        0,  -14908709,          0
 27025,    45,   58000000,   43348540,        0,  -14651460,          0
 27025,    46,   58000000,   43259543,        0,  -14740457,          0
 27025,    47,   58000000,   43086357,        0,  -14913643,          0
 27025,    48,   58000000,   44278042,        0,  -13721958,          0
 27025,    49,   58000000,   43347385,        0,  -14652615,          0
 27025,    50,   58000000,   43092527,        0,  -14907473,          0
 27025,    51,   58000000,   43179117,        0,  -14820883,          0
 27025,    52,   58000000,   43429357,        0,  -14570643,          0
 27025,    53,   58000000,   43087383,        0,  -14912617,          0
 27025,    54,   58000000,   43385268,        0,  -14614732,          0
 27025,    55,   58000000,   43117547,        0,  -14882453,          0
 27025,    56,   58000000,   43431350,        0,  -14568650,          0
 27025,    57,   58000000,   43159556,        0,  -14840444,          0
 27025,    58,   58000000,   43395691,        0,  -14604309,          0
 27025,    59,   58000000,   43121491,        0,  -14878509,          0
 27025,    60,   58000000,   43098597,        0,  -14901403,          0
 27025,    61,   58000000,   43153732,        0,  -14846268,          0
 27025,    62,   58000000,   44218136,        0,  -13781864,          0
 27025,    63,   58000000,   43105683,        0,  -14894317,          0
 27025,    64,   58000000,   43213509,        0,  -14786491,          0
 27025,    65,   58000000,   43370861,        0,  -14629139,          0
 27025,    66,   58000000,   43059300,        0,  -14940700,          0
 27025,    67,   58000000,   43507506,        0,  -14492494,          0
 27025,    68,   58000000,   43261982,        0,  -14738018,          0
 27025,    69,   58000000,   43366428,        0,  -14633572,          0
 27025,    70,   58000000,   43233864,        0,  -14766136,          0
 27025,    71,   58000000,   43552627,        0,  -14447373,          0
 27025,    72,   58000000,   44056387,        0,  -13943613,          0
 27025,    73,   58000000,   43394665,        0,  -14605335,          0
 27025,    74,   58000000,   43248044,        0,  -14751956,          0
 27025,    75,   58000000,   43167082,        0,  -14832918,          0
 27025,    76,   58000000,   43081179,        0,  -14918821,          0
 27025,    77,   58000000,   43233467,        0,  -14766533,          0
 27025,    78,   58000000,   43369907,        0,  -14630093,          0
 27025,    79,   58000000,   43203335,        0,  -14796665,          0
 27025,    80,   58000000,   43614473,        0,  -14385527,          0
 27025,    81,   58000000,   43150435,        0,  -14849565,          0
 27025,    82,   58000000,   43391696,        0,  -14608304,          0
 27025,    83,   58000000,   43331358,        0,  -14668642,          0
 27025,    84,   58000000,   43375896,        0,  -14624104,          0
 27025,    85,   58000000,   43121984,        0,  -14878016,          0
 27025,    86,   58000000,   43423853,        0,  -14576147,          0
 27025,    87,   58000000,   43198356,        0,  -14801644,          0
 27025,    88,   58000000,   43146576,        0,  -14853424,          0
 27025,    89,   58000000,   43102748,        0,  -14897252,          0
 27025,    90,   58000000,   43097172,        0,  -14902828,          0
 27025,    91,   58000000,   43256394,        0,  -14743606,          0
 27025,    92,   58000000,   43210381,        0,  -14789619,          0
 27025,    93,   58000000,   43428668,        0,  -14571332,          0
 27025,    94,   58000000,   43100802,        0,  -14899198,          0
 27025,    95,   58000000,   43349802,        0,  -14650198,          0
 27025,    96,   58000000,   43133635,        0,  -14866365,          0
 27025,    97,   58000000,   43390834,        0,  -14609166,          0
 27025,    98,   58000000,   43171483,        0,  -14828517,          0
 27025,    99,   58000000,   43552722,        0,  -14447278,          0
 27025,   100,   58000000,   43117843,        0,  -14882157,          0
 27025,   101,   58000000,   43368877,        0,  -14631123,          0
 27025,   102,   58000000,   43087107,        0,  -14912893,          0
 27025,   103,   58000000,   43122411,        0,  -14877589,          0
 27025,   104,   58000000,   43079634,        0,  -14920366,          0
 27025,   105,   58000000,   43158257,        0,  -14841743,          0
 27025,   106,   58000000,   44329422,        0,  -13670578,          0
 27025,   107,   58000000,   43379074,        0,  -14620926,          0
 27025,   108,   58000000,   44854609,        0,  -13145391,          0
 27025,   109,   58000000,   43088215,        0,  -14911785,          0
 27025,   110,   58000000,   43361314,        0,  -14638686,          0
 27025,   111,   58000000,   43076958,        0,  -14923042,          0
 27025,   112,   58000000,   43360384,        0,  -14639616,          0
 27025,   113,   58000000,   43126594,        0,  -14873406,          0
 27025,   114,   58000000,   43385441,        0,  -14614559,          0
 27025,   115,   58000000,   43111415,        0,  -14888585,          0
 27025,   116,   58000000,   43118759,        0,  -14881241,          0
 27025,   117,   58000000,   43099636,        0,  -14900364,          0
 27025,   118,   58000000,   43098516,        0,  -14901484,          0
 27025,   119,   58000000,   43072916,        0,  -14927084,          0
 27025,   120,   58000000,   43075875,        0,  -14924125,          0
 27025,   121,   58000000,   43351155,        0,  -14648845,          0
 27025,   122,   58000000,   44880792,        0,  -13119208,          0
 27025,   123,   58000000,   43408755,        0,  -14591245,          0
 27025,   124,   58000000,   43082515,        0,  -14917485,          0
 27025,   125,   58000000,   43348956,        0,  -14651044,          0
 27025,   126,   58000000,   43086891,        0,  -14913109,          0
 27025,   127,   58000000,   43371412,        0,  -14628588,          0
 27025,   128,   58000000,   43121309,        0,  -14878691,          0
 27025,   129,   58000000,   43549083,        0,  -14450917,          0
 27025,   130,   58000000,   43077473,        0,  -14922527,          0
 27025,   131,   58000000,   43088868,        0,  -14911132,          0
 27025,   132,   58000000,   43264185,        0,  -14735815,          0
 27025,   133,   58000000,   43302920,        0,  -14697080,          0
 27025,   134,   58000000,   43401953,        0,  -14598047,          0
 27025,   135,   58000000,   43091134,        0,  -14908866,          0
 27025,   136,   58000000,   43408648,        0,  -14591352,          0
 27025,   137,   58000000,   43078953,        0,  -14921047,          0
 27025,   138,   58000000,   43393305,        0,  -14606695,          0
 27025,   139,   58000000,   43088192,        0,  -14911808,          0
 27025,   140,   58000000,   43509752,        0,  -14490248,          0
 27025,   141,   58000000,   43303215,        0,  -14696785,          0
 27025,   142,   58000000,   43796439,        0,  -14203561,          0
 27025,   143,   58000000,   43111585,        0,  -14888415,          0
 27025,   144,   58000000,   43133827,        0,  -14866173,          0
 27025,   145,   58000000,   43086677,        0,  -14913323,          0
 27025,   146,   58000000,   43136283,        0,  -14863717,          0
 27025,   147,   58000000,   43307266,        0,  -14692734,          0
 27025,   148,   58000000,   43095843,        0,  -14904157,          0
 27025,   149,   58000000,   43397695,        0,  -14602305,          0
 27025,   150,   58000000,   43363777,        0,  -14636223,          0
 27025,   151,   58000000,   44448200,        0,  -13551800,          0
 27025,   152,   58000000,   43114661,        0,  -14885339,          0
 27025,   153,   58000000,   44364292,        0,  -13635708,          0
 27025,   154,   58000000,   43094755,        0,  -14905245,          0
 27025,   155,   58000000,   43343526,        0,  -14656474,          0
 27025,   156,   58000000,   43158764,        0,  -14841236,          0
 27025,   157,   58000000,   43546669,        0,  -14453331,          0
 27025,   158,   58000000,   43074012,        0,  -14925988,          0
 27025,   159,   58000000,   43257704,        0,  -14742296,          0
 27025,   160,   58000000,   43086912,        0,  -14913088,          0
 27025,   161,   58000000,   43081804,        0,  -14918196,          0
 27025,   162,   58000000,   43374032,        0,  -14625968,          0
 27025,   163,   58000000,   43893523,        0,  -14106477,          0
 27025,   164,   58000000,   43545808,        0,  -14454192,          0
 27025,   165,   58000000,   43125343,        0,  -14874657,          0
 27025,   166,   58000000,   43414281,        0,  -14585719,          0
 27025,   167,   58000000,   43229948,        0,  -14770052,          0
 27025,   168,   58000000,   43650084,        0,  -14349916,          0
 27025,   169,   58000000,   43093857,        0,  -14906143,          0
 27025,   170,   58000000,   43378512,        0,  -14621488,          0
 27025,   171,   58000000,   43079558,        0,  -14920442,          0
 27025,   172,   58000000,   43107507,        0,  -14892493,          0
 27025,   173,   58000000,   43340530,        0,  -14659470,          0
 27025,   174,   58000000,   43097735,        0,  -14902265,          0
 27025,   175,   58000000,   43324487,        0,  -14675513,          0
 27025,   176,   58000000,   43273342,        0,  -14726658,          0
# task NAME=myapp PID=27029 COST=17758000 PERIOD=20000000 CPU=0
 27029,     2,   20000000,       9230,        0,  -19990770,          0
 27029,     3,   20000000,      40531,        0,  -19959469,          0
 27029,     4,   20000000,   18444198,        0,   -1555802,          0
 27029,     5,   20000000,   17390591,        0,   -2609409,          0
 27029,     6,   20000000,   17421583,        0,   -2578417,          0
 27029,     7,   20000000,   17434773,        0,   -2565227,          0
 27029,     8,   20000000,   17546699,        0,   -2453301,          0
 27029,     9,   20000000,   17502584,        0,   -2497416,          0
 27029,    10,   20000000,   17449581,        0,   -2550419,          0
 27029,    11,   20000000,   17408500,        0,   -2591500,          0
 27029,    12,   20000000,   17422987,        0,   -2577013,          0
 27029,    13,   20000000,   17423655,        0,   -2576345,          0
 27029,    14,   20000000,   17725269,        0,   -2274731,          0
 27029,    15,   20000000,   17403857,        0,   -2596143,          0
 27029,    16,   20000000,   17417481,        0,   -2582519,          0
 27029,    17,   20000000,   17433197,        0,   -2566803,          0
 27029,    18,   20000000,   17451619,        0,   -2548381,          0
 27029,    19,   20000000,   17415087,        0,   -2584913,          0
 27029,    20,   20000000,   17672355,        0,   -2327645,          0
 27029,    21,   20000000,   17443721,        0,   -2556279,          0
 27029,    22,   20000000,   17419478,        0,   -2580522,          0
 27029,    23,   20000000,   17414491,        0,   -2585509,          0
 27029,    24,   20000000,   17555205,        0,   -2444795,          0
 27029,    25,   20000000,   17397028,        0,   -2602972,          0
 27029,    26,   20000000,   17696008,        0,   -2303992,          0
 27029,    27,   20000000,   17623087,        0,   -2376913,          0
 27029,    28,   20000000,   17436483,        0,   -2563517,          0
 27029,    29,   20000000,   17405386,        0,   -2594614,          0
 27029,    30,   20000000,   17491556,        0,   -2508444,          0
 27029,    31,   20000000,   17402684,        0,   -2597316,          0
 27029,    32,   20000000,   17485833,        0,   -2514167,          0
 27029,    33,   20000000,   17636158,        0,   -2363842,          0
 27029,    34,   20000000,   17428635,        0,   -2571365,          0
 27029,    35,   20000000,   17467235,        0,   -2532765,          0
 27029,    36,   20000000,   17412154,        0,   -2587846,          0
 27029,    37,   20000000,   17408087,        0,   -2591913,          0
 27029,    38,   20000000,   17409182,        0,   -2590818,          0
 27029,    39,   20000000,   18244592,        0,   -1755408,          0
 27029,    40,   20000000,   17413056,        0,   -2586944,          0
 27029,    41,   20000000,   17435838,        0,   -2564162,          0
 27029,    42,   20000000,   17508818,        0,   -2491182,          0
 27029,    43,   20000000,   17415367,        0,   -2584633,          0
 27029,    44,   20000000,   17395263,        0,   -2604737,          0
 27029,    45,   20000000,   17726251,        0,   -2273749,          0
 27029,    46,   20000000,   17470881,        0,   -2529119,          0
 27029,    47,   20000000,   17537259,        0,   -2462741,          0
 27029,    48,   20000000,   17430444,        0,   -2569556,          0
 27029,    49,   20000000,   17409980,        0,   -2590020,          0
 27029,    50,   20000000,   17426033,        0,   -2573967,          0
 27029,    51,   20000000,   17772405,        0,   -2227595,          0
 27029,    52,   20000000,   17400467,        0,   -2599533,          0
 27029,    53,   20000000,   17460630,        0,   -2539370,          0
 27029,    54,   20000000,   17454179,        0,   -2545821,          0
 27029,    55,   20000000,   17420776,        0,   -2579224,          0
 27029,    56,   20000000,   17421057,        0,   -2578943,          0
 27029,    57,   20000000,   17500731,        0,   -2499269,          0
 27029,    58,   20000000,   17571274,        0,   -2428726,          0
 27029,    59,   20000000,   17396155,        0,   -2603845,          0
 27029,    60,   20000000,   17489844,        0,   -2510156,          0
 27029,    61,   20000000,   17406831,        0,   -2593169,          0
 27029,    62,   20000000,   17398035,        0,   -2601965,          0
 27029,    63,   20000000,   17395335,        0,   -2604665,          0
 27029,    64,   20000000,   17703326,        0,   -2296674,          0
 27029,    65,   20000000,   17433316,        0,   -2566684,          0
 27029,    66,   20000000,   17424309,        0,   -2575691,          0
 27029,    67,   20000000,   17446267,        0,   -2553733,          0
 27029,    68,   20000000,   17412453,        0,   -2587547,          0
 27029,    69,   20000000,   17489178,        0,   -2510822,          0
 27029,    70,   20000000,   17766520,        0,   -2233480,          0
 27029,    71,   20000000,   18374854,        0,   -1625146,          0
 27029,    72,   20000000,   17410005,        0,   -2589995,          0
 27029,    73,   20000000,   17404136,        0,   -2595864,          0
 27029,    74,   20000000,   17414579,        0,   -2585421,          0
 27029,    75,   20000000,   17551809,        0,   -2448191,          0
 27029,    76,   20000000,   17727761,        0,   -2272239,          0
 27029,    77,   20000000,   17399671,        0,   -2600329,          0
 27029,    78,   20000000,   17424039,        0,   -2575961,          0
 27029,    79,   20000000,   17453501,        0,   -2546499,          0
 27029,    80,   20000000,   17481210,        0,   -2518790,          0
 27029,    81,   20000000,   17520710,        0,   -2479290,          0
 27029,    82,   20000000,   17402526,        0,   -2597474,          0
 27029,    83,   20000000,   17589392,        0,   -2410608,          0
 27029,    84,   20000000,   17510860,        0,   -2489140,          0
 27029,    85,   20000000,   17432424,        0,   -2567576,          0
 27029,    86,   20000000,   17420236,        0,   -2579764,          0
 27029,    87,   20000000,   17469844,        0,   -2530156,          0
 27029,    88,   20000000,   17413010,        0,   -2586990,          0
 27029,    89,   20000000,   17689023,        0,   -2310977,          0
 27029,    90,   20000000,   17421931,        0,   -2578069,          0
 27029,    91,   20000000,   17492884,        0,   -2507116,          0
 27029,    92,   20000000,   17406221,        0,   -2593779,          0
 27029,    93,   20000000,   17453479,        0,   -2546521,          0
 27029,    94,   20000000,   17399999,        0,   -2600001,          0
 27029,    95,   20000000,   17781085,        0,   -2218915,          0
 27029,    96,   20000000,   17485072,        0,   -2514928,          0
 27029,    97,   20000000,   17490336,        0,   -2509664,          0
 27029,    98,   20000000,   17416195,        0,   -2583805,          0
 27029,    99,   20000000,   17591872,        0,   -2408128,          0
 27029,   100,   20000000,   17511297,        0,   -2488703,          0
 27029,   101,   20000000,   17738615,        0,   -2261385,          0
 27029,   102,   20000000,   17406722,        0,   -2593278,          0
 27029,   103,   20000000,   17495102,        0,   -2504898,          0
 27029,   104,   20000000,   17464863,        0,   -2535137,          0
 27029,   105,   20000000,   17684729,        0,   -2315271,          0
 27029,   106,   20000000,   17412989,        0,   -2587011,          0
 27029,   107,   20000000,   17407955,        0,   -2592045,          0
 27029,   108,   20000000,   17715535,        0,   -2284465,          0
 27029,   109,   20000000,   17498805,        0,   -2501195,          0
 27029,   110,   20000000,   17463750,        0,   -2536250,          0
 27029,   111,   20000000,   17534042,        0,   -2465958,          0
 27029,   112,   20000000,   17406880,        0,   -2593120,          0
 27029,   113,   20000000,   17454917,        0,   -2545083,          0
 27029,   114,   20000000,   17911935,        0,   -2088065,          0
 27029,   115,   20000000,   17399237,        0,   -2600763,          0
 27029,   116,   20000000,   17393612,        0,   -2606388,          0
 27029,   117,   20000000,   17417776,        0,   -2582224,          0
 27029,   118,   20000000,   17512990,        0,   -2487010,          0
 27029,   119,   20000000,   17426580,        0,   -2573420,          0
 27029,   120,   20000000,   17709507,        0,   -2290493,          0
 27029,   121,   20000000,   17406591,        0,   -2593409,          0
 27029,   122,   20000000,   17485511,        0,   -2514489,          0
 27029,   123,   20000000,   19522327,        0,    -477673,          0
 27029,   124,   20000000,   17393203,        0,   -2606797,          0
 27029,   125,   20000000,   17404003,        0,   -2595997,          0
 27029,   126,   20000000,   17756822,        0,   -2243178,          0
 27029,   127,   20000000,   17418606,        0,   -2581394,          0
 27029,   128,   20000000,   17407620,        0,   -2592380,          0
 27029,   129,   20000000,   17477358,        0,   -2522642,          0
 27029,   130,   20000000,   17489900,        0,   -2510100,          0
 27029,   131,   20000000,   17416346,        0,   -2583654,          0
 27029,   132,   20000000,   17495181,        0,   -2504819,          0
 27029,   133,   20000000,   17666087,        0,   -2333913,          0
 27029,   134,   20000000,   17389640,        0,   -2610360,          0
 27029,   135,   20000000,   17420032,        0,   -2579968,          0
 27029,   136,   20000000,   17428850,        0,   -2571150,          0
 27029,   137,   20000000,   17490715,        0,   -2509285,          0
 27029,   138,   20000000,   17675678,        0,   -2324322,          0
 27029,   139,   20000000,   17673245,        0,   -2326755,          0
 27029,   140,   20000000,   17425337,        0,   -2574663,          0
 27029,   141,   20000000,   17449228,        0,   -2550772,          0
 27029,   142,   20000000,   17429696,        0,   -2570304,          0
 27029,   143,   20000000,   17405836,        0,   -2594164,          0
 27029,   144,   20000000,   17447198,        0,   -2552802,          0
 27029,   145,   20000000,   17670530,        0,   -2329470,          0
 27029,   146,   20000000,   17402108,        0,   -2597892,          0
 27029,   147,   20000000,   17416986,        0,   -2583014,          0
 27029,   148,   20000000,   17415138,        0,   -2584862,          0
 27029,   149,   20000000,   17471003,        0,   -2528997,          0
 27029,   150,   20000000,   17407152,        0,   -2592848,          0
 27029,   151,   20000000,   17683822,        0,   -2316178,          0
 27029,   152,   20000000,   17404871,        0,   -2595129,          0
 27029,   153,   20000000,   17423722,        0,   -2576278,          0
 27029,   154,   20000000,   17393308,        0,   -2606692,          0
 27029,   155,   20000000,   17440392,        0,   -2559608,          0
 27029,   156,   20000000,   17411204,        0,   -2588796,          0
 27029,   157,   20000000,   17432793,        0,   -2567207,          0
 27029,   158,   20000000,   17648377,        0,   -2351623,          0
 27029,   159,   20000000,   17483889,        0,   -2516111,          0
 27029,   160,   20000000,   17423141,        0,   -2576859,          0
 27029,   161,   20000000,   17486398,        0,   -2513602,          0
 27029,   162,   20000000,   17428032,        0,   -2571968,          0
 27029,   163,   20000000,   17398953,        0,   -2601047,          0
 27029,   164,   20000000,   17688928,        0,   -2311072,          0
 27029,   165,   20000000,   17396428,        0,   -2603572,          0
 27029,   166,   20000000,   17395675,        0,   -2604325,          0
 27029,   167,   20000000,   17387662,        0,   -2612338,          0
 27029,   168,   20000000,   17436731,        0,   -2563269,          0
 27029,   169,   20000000,   17399749,        0,   -2600251,          0
 27029,   170,   20000000,   17702143,        0,   -2297857,          0
 27029,   171,   20000000,   17424323,        0,   -2575677,          0
 27029,   172,   20000000,   17431714,        0,   -2568286,          0
 27029,   173,   20000000,   17388063,        0,   -2611937,          0
 27029,   174,   20000000,   17437736,        0,   -2562264,          0
 27029,   175,   20000000,   17465831,        0,   -2534169,          0
 27029,   176,   20000000,   17676585,        0,   -2323415,          0
 27029,   177,   20000000,   17421222,        0,   -2578778,          0
 27029,   178,   20000000,   17426284,        0,   -2573716,          0
 27029,   179,   20000000,   17462358,        0,   -2537642,          0
 27029,   180,   20000000,   18644297,        0,   -1355703,          0
 27029,   181,   20000000,   17512735,        0,   -2487265,          0
 27029,   182,   20000000,   17464798,        0,   -2535202,          0
 27029,   183,   20000000,   17701432,        0,   -2298568,          0
 27029,   184,   20000000,   17410201,        0,   -2589799,          0
 27029,   185,   20000000,   17404161,        0,   -2595839,          0
 27029,   186,   20000000,   17457532,        0,   -2542468,          0
 27029,   187,   20000000,   17395536,        0,   -2604464,          0
 27029,   188,   20000000,   17397106,        0,   -2602894,          0
 27029,   189,   20000000,   17726822,        0,   -2273178,          0
 27029,   190,   20000000,   17407736,        0,   -2592264,          0
 27029,   191,   20000000,   17413718,        0,   -2586282,          0
 27029,   192,   20000000,   17445001,        0,   -2554999,          0
 27029,   193,   20000000,   17457665,        0,   -2542335,          0
 27029,   194,   20000000,   17410610,        0,   -2589390,          0
 27029,   195,   20000000,   18432599,        0,   -1567401,          0
 27029,   196,   20000000,   17394932,        0,   -2605068,          0
 27029,   197,   20000000,   17384726,        0,   -2615274,          0
 27029,   198,   20000000,   17407462,        0,   -2592538,          0
 27029,   199,   20000000,   17400931,        0,   -2599069,          0
 27029,   200,   20000000,   17403373,        0,   -2596627,          0
 27029,   201,   20000000,   17759001,        0,   -2240999,          0
 27029,   202,   20000000,   17480088,        0,   -2519912,          0
 27029,   203,   20000000,   17399910,        0,   -2600090,          0
 27029,   204,   20000000,   17571744,        0,   -2428256,          0
 27029,   205,   20000000,   17405959,        0,   -2594041,          0
 27029,   206,   20000000,   17407419,        0,   -2592581,          0
 27029,   207,   20000000,   17426389,        0,   -2573611,          0
 27029,   208,   20000000,   17741908,        0,   -2258092,          0
 27029,   209,   20000000,   17443123,        0,   -2556877,          0
 27029,   210,   20000000,   17421765,        0,   -2578235,          0
 27029,   211,   20000000,   17403466,        0,   -2596534,          0
 27029,   212,   20000000,   17504083,        0,   -2495917,          0
 27029,   213,   20000000,   18740561,        0,   -1259439,          0
 27029,   214,   20000000,   17707723,        0,   -2292277,          0
 27029,   215,   20000000,   17392179,        0,   -2607821,          0
 27029,   216,   20000000,   17407283,        0,   -2592717,          0
 27029,   217,   20000000,   17393673,        0,   -2606327,          0
 27029,   218,   20000000,   17443538,        0,   -2556462,          0
 27029,   219,   20000000,   17415764,        0,   -2584236,          0
 27029,   220,   20000000,   17709415,        0,   -2290585,          0
 27029,   221,   20000000,   17420402,        0,   -2579598,          0
 27029,   222,   20000000,   19641321,        0,    -358679,          0
 27029,   223,   20000000,   17387868,        0,   -2612132,          0
 27029,   224,   20000000,   17403030,        0,   -2596970,          0
 27029,   225,   20000000,   17434399,        0,   -2565601,          0
 27029,   226,   20000000,   17685956,        0,   -2314044,          0
 27029,   227,   20000000,   17457330,        0,   -2542670,          0
 27029,   228,   20000000,   17467248,        0,   -2532752,          0
 27029,   229,   20000000,   17397669,        0,   -2602331,          0
 27029,   230,   20000000,   17487943,        0,   -2512057,          0
 27029,   231,   20000000,   17483013,        0,   -2516987,          0
 27029,   232,   20000000,   17444549,        0,   -2555451,          0
 27029,   233,   20000000,   17721151,        0,   -2278849,          0
 27029,   234,   20000000,   17447170,        0,   -2552830,          0
 27029,   235,   20000000,   17418741,        0,   -2581259,          0
 27029,   236,   20000000,   17423256,        0,   -2576744,          0
 27029,   237,   20000000,   17480458,        0,   -2519542,          0
 27029,   238,   20000000,   17497709,        0,   -2502291,          0
 27029,   239,   20000000,   17772650,        0,   -2227350,          0
 27029,   240,   20000000,   17434438,        0,   -2565562,          0
 27029,   241,   20000000,   17410578,        0,   -2589422,          0
 27029,   242,   20000000,   17435006,        0,   -2564994,          0
 27029,   243,   20000000,   17503922,        0,   -2496078,          0
 27029,   244,   20000000,   17528823,        0,   -2471177,          0
 27029,   245,   20000000,   17675967,        0,   -2324033,          0
 27029,   246,   20000000,   17395907,        0,   -2604093,          0
 27029,   247,   20000000,   18048387,        0,   -1951613,          0
 27029,   248,   20000000,   17415474,        0,   -2584526,          0
 27029,   249,   20000000,   17433860,        0,   -2566140,          0
 27029,   250,   20000000,   17454517,        0,   -2545483,          0
 27029,   251,   20000000,   17708550,        0,   -2291450,          0
 27029,   252,   20000000,   17404455,        0,   -2595545,          0
 27029,   253,   20000000,   17396328,        0,   -2603672,          0
 27029,   254,   20000000,   17405188,        0,   -2594812,          0
 27029,   255,   20000000,   17506172,        0,   -2493828,          0
 27029,   256,   20000000,   17405092,        0,   -2594908,          0
 27029,   257,   20000000,   17477845,        0,   -2522155,          0
 27029,   258,   20000000,   17674252,        0,   -2325748,          0
 27029,   259,   20000000,   17419267,        0,   -2580733,          0
 27029,   260,   20000000,   17449046,        0,   -2550954,          0
 27029,   261,   20000000,   17417823,        0,   -2582177,          0
 27029,   262,   20000000,   17467555,        0,   -2532445,          0
 27029,   263,   20000000,   17403409,        0,   -2596591,          0
 27029,   264,   20000000,   17751417,        0,   -2248583,          0
 27029,   265,   20000000,   17451847,        0,   -2548153,          0
 27029,   266,   20000000,   17399383,        0,   -2600617,          0
 27029,   267,   20000000,   17416057,        0,   -2583943,          0
 27029,   268,   20000000,   17419650,        0,   -2580350,          0
 27029,   269,   20000000,   17448525,        0,   -2551475,          0
 27029,   270,   20000000,   17773237,        0,   -2226763,          0
 27029,   271,   20000000,   17529880,        0,   -2470120,          0
 27029,   272,   20000000,   17450416,        0,   -2549584,          0
 27029,   273,   20000000,   17414217,        0,   -2585783,          0
 27029,   274,   20000000,   17428503,        0,   -2571497,          0
 27029,   275,   20000000,   17403169,        0,   -2596831,          0
 27029,   276,   20000000,   18647554,        0,   -1352446,          0
 27029,   277,   20000000,   17417105,        0,   -2582895,          0
 27029,   278,   20000000,   17390067,        0,   -2609933,          0
 27029,   279,   20000000,   17401541,        0,   -2598459,          0
 27029,   280,   20000000,   17528301,        0,   -2471699,          0
 27029,   281,   20000000,   17393403,        0,   -2606597,          0
 27029,   282,   20000000,   17441153,        0,   -2558847,          0
 27029,   283,   20000000,   17680334,        0,   -2319666,          0
 27029,   284,   20000000,   17400176,        0,   -2599824,          0
 27029,   285,   20000000,   17860310,        0,   -2139690,          0
 27029,   286,   20000000,   17465416,        0,   -2534584,          0
 27029,   287,   20000000,   17468610,        0,   -2531390,          0
 27029,   288,   20000000,   17442795,        0,   -2557205,          0
 27029,   289,   20000000,   17688556,        0,   -2311444,          0
 27029,   290,   20000000,   17547179,        0,   -2452821,          0
 27029,   291,   20000000,   17459576,        0,   -2540424,          0
 27029,   292,   20000000,   17444899,        0,   -2555101,          0
 27029,   293,   20000000,   17417220,        0,   -2582780,          0
 27029,   294,   20000000,   17539920,        0,   -2460080,          0
 27029,   295,   20000000,   17702913,        0,   -2297087,          0
 27029,   296,   20000000,   17410094,        0,   -2589906,          0
 27029,   297,   20000000,   17411594,        0,   -2588406,          0
 27029,   298,   20000000,   17427551,        0,   -2572449,          0
 27029,   299,   20000000,   17434806,        0,   -2565194,          0
 27029,   300,   20000000,   17591875,        0,   -2408125,          0
 27029,   301,   20000000,   17670961,        0,   -2329039,          0
 27029,   302,   20000000,   17388850,        0,   -2611150,          0
 27029,   303,   20000000,   19425599,        0,    -574401,          0
 27029,   304,   20000000,   17400629,        0,   -2599371,          0
 27029,   305,   20000000,   17401075,        0,   -2598925,          0
 27029,   306,   20000000,   17425294,        0,   -2574706,          0
 27029,   307,   20000000,   17489481,        0,   -2510519,          0
 27029,   308,   20000000,   17748536,        0,   -2251464,          0
 27029,   309,   20000000,   17439028,        0,   -2560972,          0
 27029,   310,   20000000,   17398254,        0,   -2601746,          0
 27029,   311,   20000000,   17434035,        0,   -2565965,          0
 27029,   312,   20000000,   17592399,        0,   -2407601,          0
 27029,   313,   20000000,   17479404,        0,   -2520596,          0
 27029,   314,   20000000,   17767147,        0,   -2232853,          0
 27029,   315,   20000000,   17505773,        0,   -2494227,          0
 27029,   316,   20000000,   17473160,        0,   -2526840,          0
 27029,   317,   20000000,   17413964,        0,   -2586036,          0
 27029,   318,   20000000,   17417665,        0,   -2582335,          0
 27029,   319,   20000000,   17407844,        0,   -2592156,          0
 27029,   320,   20000000,   17684617,        0,   -2315383,          0
 27029,   321,   20000000,   17417859,        0,   -2582141,          0
 27029,   322,   20000000,   17433775,        0,   -2566225,          0
 27029,   323,   20000000,   17440102,        0,   -2559898,          0
 27029,   324,   20000000,   17400629,        0,   -2599371,          0
 27029,   325,   20000000,   17421900,        0,   -2578100,          0
 27029,   326,   20000000,   17689579,        0,   -2310421,          0
 27029,   327,   20000000,   17493326,        0,   -2506674,          0
 27029,   328,   20000000,   17420512,        0,   -2579488,          0
 27029,   329,   20000000,   17399871,        0,   -2600129,          0
 27029,   330,   20000000,   17553919,        0,   -2446081,          0
 27029,   331,   20000000,   17471930,        0,   -2528070,          0
 27029,   332,   20000000,   17412500,        0,   -2587500,          0
 27029,   333,   20000000,   17673451,        0,   -2326549,          0
 27029,   334,   20000000,   17476312,        0,   -2523688,          0
 27029,   335,   20000000,   17404612,        0,   -2595388,          0
 27029,   336,   20000000,   17496322,        0,   -2503678,          0
 27029,   337,   20000000,   17418570,        0,   -2581430,          0
 27029,   338,   20000000,   17589681,        0,   -2410319,          0
 27029,   339,   20000000,   17767898,        0,   -2232102,          0
 27029,   340,   20000000,   17463516,        0,   -2536484,          0
 27029,   341,   20000000,   17394589,        0,   -2605411,          0
 27029,   342,   20000000,   17498420,        0,   -2501580,          0
 27029,   343,   20000000,   17529179,        0,   -2470821,          0
 27029,   344,   20000000,   17451182,        0,   -2548818,          0
 27029,   345,   20000000,   17769588,        0,   -2230412,          0
 27029,   346,   20000000,   17475816,        0,   -2524184,          0
 27029,   347,   20000000,   17484849,        0,   -2515151,          0
 27029,   348,   20000000,   17426682,        0,   -2573318,          0
 27029,   349,   20000000,   17465939,        0,   -2534061,          0
 27029,   350,   20000000,   17482172,        0,   -2517828,          0
 27029,   351,   20000000,   17795512,        0,   -2204488,          0
 27029,   352,   20000000,   17536071,        0,   -2463929,          0
 27029,   353,   20000000,   17396979,        0,   -2603021,          0
 27029,   354,   20000000,   17445218,        0,   -2554782,          0
 27029,   355,   20000000,   17492555,        0,   -2507445,          0
 27029,   356,   20000000,   17417373,        0,   -2582627,          0
 27029,   357,   20000000,   17486868,        0,   -2513132,          0
 27029,   358,   20000000,   17729676,        0,   -2270324,          0
 27029,   359,   20000000,   17389135,        0,   -2610865,          0
 27029,   360,   20000000,   17937803,        0,   -2062197,          0
 27029,   361,   20000000,   17624145,        0,   -2375855,          0
 27029,   362,   20000000,   17406207,        0,   -2593793,          0
 27029,   363,   20000000,   17504633,        0,   -2495367,          0
 27029,   364,   20000000,   17695768,        0,   -2304232,          0
 27029,   365,   20000000,   17427009,        0,   -2572991,          0
 27029,   366,   20000000,   17445638,        0,   -2554362,          0
 27029,   367,   20000000,   17389210,        0,   -2610790,          0
 27029,   368,   20000000,   17396285,        0,   -2603715,          0
 27029,   369,   20000000,   17504817,        0,   -2495183,          0
 27029,   370,   20000000,   17675146,        0,   -2324854,          0
 27029,   371,   20000000,   17402319,        0,   -2597681,          0
 27029,   372,   20000000,   17414025,        0,   -2585975,          0
 27029,   373,   20000000,   17407805,        0,   -2592195,          0
 27029,   374,   20000000,   17400478,        0,   -2599522,          0
 27029,   375,   20000000,   17468093,        0,   -2531907,          0
 27029,   376,   20000000,   17749591,        0,   -2250409,          0
 27029,   377,   20000000,   17397658,        0,   -2602342,          0
 27029,   378,   20000000,   17427038,        0,   -2572962,          0
 27029,   379,   20000000,   17405764,        0,   -2594236,          0
 27029,   380,   20000000,   17607247,        0,   -2392753,          0
 27029,   381,   20000000,   17403533,        0,   -2596467,          0
 27029,   382,   20000000,   17392439,        0,   -2607561,          0
 27029,   383,   20000000,   17682379,        0,   -2317621,          0
 27029,   384,   20000000,   17411817,        0,   -2588183,          0
 27029,   385,   20000000,   17399603,        0,   -2600397,          0
 27029,   386,   20000000,   17397388,        0,   -2602612,          0
 27029,   387,   20000000,   17457487,        0,   -2542513,          0
 27029,   388,   20000000,   17410331,        0,   -2589669,          0
 27029,   389,   20000000,   17685166,        0,   -2314834,          0
 27029,   390,   20000000,   17503401,        0,   -2496599,          0
 27029,   391,   20000000,   17470864,        0,   -2529136,          0
 27029,   392,   20000000,   17470570,        0,   -2529430,          0
 27029,   393,   20000000,   17609051,        0,   -2390949,          0
 27029,   394,   20000000,   17406230,        0,   -2593770,          0
 27029,   395,   20000000,   17736404,        0,   -2263596,          0
 27029,   396,   20000000,   17414891,        0,   -2585109,          0
 27029,   397,   20000000,   17428364,        0,   -2571636,          0
 27029,   398,   20000000,   17407651,        0,   -2592349,          0
 27029,   399,   20000000,   17481098,        0,   -2518902,          0
 27029,   400,   20000000,   17384184,        0,   -2615816,          0
 27029,   401,   20000000,   17685748,        0,   -2314252,          0
 27029,   402,   20000000,   18454432,        0,   -1545568,          0
 27029,   403,   20000000,   17428849,        0,   -2571151,          0
 27029,   404,   20000000,   18195599,        0,   -1804401,          0
 27029,   405,   20000000,   17470715,        0,   -2529285,          0
 27029,   406,   20000000,   17415194,        0,   -2584806,          0
 27029,   407,   20000000,   17427028,        0,   -2572972,          0
 27029,   408,   20000000,   17825117,        0,   -2174883,          0
 27029,   409,   20000000,   17411793,        0,   -2588207,          0
 27029,   410,   20000000,   17403430,        0,   -2596570,          0
 27029,   411,   20000000,   17411535,        0,   -2588465,          0
 27029,   412,   20000000,   17414998,        0,   -2585002,          0
 27029,   413,   20000000,   17496538,        0,   -2503462,          0
 27029,   414,   20000000,   17778475,        0,   -2221525,          0
 27029,   415,   20000000,   17482411,        0,   -2517589,          0
 27029,   416,   20000000,   17531408,        0,   -2468592,          0
 27029,   417,   20000000,   17500114,        0,   -2499886,          0
 27029,   418,   20000000,   17532373,        0,   -2467627,          0
 27029,   419,   20000000,   17414726,        0,   -2585274,          0
 27029,   420,   20000000,   17717912,        0,   -2282088,          0
 27029,   421,   20000000,   17460114,        0,   -2539886,          0
 27029,   422,   20000000,   17401051,        0,   -2598949,          0
 27029,   423,   20000000,   17485796,        0,   -2514204,          0
 27029,   424,   20000000,   17491147,        0,   -2508853,          0
 27029,   425,   20000000,   17468744,        0,   -2531256,          0
 27029,   426,   20000000,   17748370,        0,   -2251630,          0
 27029,   427,   20000000,   17419547,        0,   -2580453,          0
 27029,   428,   20000000,   17429749,        0,   -2570251,          0
 27029,   429,   20000000,   17410817,        0,   -2589183,          0
 27029,   430,   20000000,   17493555,        0,   -2506445,          0
 27029,   431,   20000000,   17420949,        0,   -2579051,          0
 27029,   432,   20000000,   17436679,        0,   -2563321,          0
 27029,   433,   20000000,   17689591,        0,   -2310409,          0
 27029,   434,   20000000,   17382852,        0,   -2617148,          0
 27029,   435,   20000000,   17525768,        0,   -2474232,          0
 27029,   436,   20000000,   17503531,        0,   -2496469,          0
 27029,   437,   20000000,   17472340,        0,   -2527660,          0
 27029,   438,   20000000,   17409016,        0,   -2590984,          0
 27029,   439,   20000000,   17670651,        0,   -2329349,          0
 27029,   440,   20000000,   17414233,        0,   -2585767,          0
 27029,   441,   20000000,   17441626,        0,   -2558374,          0
 27029,   442,   20000000,   17432619,        0,   -2567381,          0
 27029,   443,   20000000,   17393749,        0,   -2606251,          0
 27029,   444,   20000000,   17444530,        0,   -2555470,          0
 27029,   445,   20000000,   17757018,        0,   -2242982,          0
 27029,   446,   20000000,   17388033,        0,   -2611967,          0
 27029,   447,   20000000,   18472821,        0,   -1527179,          0
 27029,   448,   20000000,   17404894,        0,   -2595106,          0
 27029,   449,   20000000,   17382259,        0,   -2617741,          0
 27029,   450,   20000000,   17413593,        0,   -2586407,          0
 27029,   451,   20000000,   17773824,        0,   -2226176,          0
 27029,   452,   20000000,   17389092,        0,   -2610908,          0
 27029,   453,   20000000,   17434566,        0,   -2565434,          0
 27029,   454,   20000000,   17407186,        0,   -2592814,          0
 27029,   455,   20000000,   17419662,        0,   -2580338,          0
 27029,   456,   20000000,   18012256,        0,   -1987744,          0
 27029,   457,   20000000,   17398717,        0,   -2601283,          0
 27029,   458,   20000000,   17678719,        0,   -2321281,          0
 27029,   459,   20000000,   17525609,        0,   -2474391,          0
 27029,   460,   20000000,   17460200,        0,   -2539800,          0
 27029,   461,   20000000,   17411070,        0,   -2588930,          0
 27029,   462,   20000000,   17424245,        0,   -2575755,          0
 27029,   463,   20000000,   17393410,        0,   -2606590,          0
 27029,   464,   20000000,   17695608,        0,   -2304392,          0
 27029,   465,   20000000,   18142641,        0,   -1857359,          0
 27029,   466,   20000000,   17544276,        0,   -2455724,          0
 27029,   467,   20000000,   17494380,        0,   -2505620,          0
 27029,   468,   20000000,   17439381,        0,   -2560619,          0
 27029,   469,   20000000,   17403818,        0,   -2596182,          0
 27029,   470,   20000000,   17684049,        0,   -2315951,          0
 27029,   471,   20000000,   17389983,        0,   -2610017,          0
 27029,   472,   20000000,   17382709,        0,   -2617291,          0
 27029,   473,   20000000,   17398354,        0,   -2601646,          0
 27029,   474,   20000000,   17960346,        0,   -2039654,          0
 27029,   475,   20000000,   17470274,        0,   -2529726,          0
 27029,   476,   20000000,   17682798,        0,   -2317202,          0
 27029,   477,   20000000,   17410609,        0,   -2589391,          0
 27029,   478,   20000000,   17863728,        0,   -2136272,          0
 27029,   479,   20000000,   17422175,        0,   -2577825,          0
 27029,   480,   20000000,   17583991,        0,   -2416009,          0
 27029,   481,   20000000,   17401956,        0,   -2598044,          0
 27029,   482,   20000000,   17409730,        0,   -2590270,          0
 27029,   483,   20000000,   17690687,        0,   -2309313,          0
 27029,   484,   20000000,   17412183,        0,   -2587817,          0
 27029,   485,   20000000,   17409272,        0,   -2590728,          0
 27029,   486,   20000000,   18031206,        0,   -1968794,          0
 27029,   487,   20000000,   17393742,        0,   -2606258,          0
 27029,   488,   20000000,   17412439,        0,   -2587561,          0
 27029,   489,   20000000,   17702075,        0,   -2297925,          0
 27029,   490,   20000000,   17433311,        0,   -2566689,          0
 27029,   491,   20000000,   17415008,        0,   -2584992,          0
 27029,   492,   20000000,   17413922,        0,   -2586078,          0
 27029,   493,   20000000,   17412297,        0,   -2587703,          0
 27029,   494,   20000000,   17493077,        0,   -2506923,          0
 27029,   495,   20000000,   17703994,        0,   -2296006,          0
 27029,   496,   20000000,   17422851,        0,   -2577149,          0
 27029,   497,   20000000,   17408640,        0,   -2591360,          0
 27029,   498,   20000000,   17940071,        0,   -2059929,          0
 27029,   499,   20000000,   17413660,        0,   -2586340,          0
 27029,   500,   20000000,   17411933,        0,   -2588067,          0
 27029,   501,   20000000,   17718582,        0,   -2281418,          0
 27029,   502,   20000000,   17405853,        0,   -2594147,          0
 27029,   503,   20000000,   17412830,        0,   -2587170,          0
 27029,   504,   20000000,   17432224,        0,   -2567776,          0
# task NAME=myapp PID=27033 COST=5239000 PERIOD=30000000 CPU=0
 27033,     2,   30000000,      15068,        0,  -29984932,          0
 27033,     3,   30000000,      48479,        0,  -29951521,          0
 27033,     4,   30000000,    5177418,        0,  -24822582,          0
 27033,     5,   30000000,    7222943,        0,  -22777057,          0
 27033,     6,   30000000,    5206861,        0,  -24793139,          0
 27033,     7,   30000000,    6830647,        0,  -23169353,          0
 27033,     8,   30000000,    5184804,        0,  -24815196,          0
 27033,     9,   30000000,    5157000,        0,  -24843000,          0
 27033,    10,   30000000,    6255375,        0,  -23744625,          0
 27033,    11,   30000000,    5378994,        0,  -24621006,          0
 27033,    12,   30000000,    5174951,        0,  -24825049,          0
 27033,    13,   30000000,    5218290,        0,  -24781710,          0
 27033,    14,   30000000,    5258795,        0,  -24741205,          0
 27033,    15,   30000000,    5172123,        0,  -24827877,          0
 27033,    16,   30000000,    5170469,        0,  -24829531,          0
 27033,    17,   30000000,    6071729,        0,  -23928271,          0
 27033,    18,   30000000,    5180151,        0,  -24819849,          0
 27033,    19,   30000000,    5863191,        0,  -24136809,          0
 27033,    20,   30000000,    5266263,        0,  -24733737,          0
 27033,    21,   30000000,    5164707,        0,  -24835293,          0
 27033,    22,   30000000,    5176485,        0,  -24823515,          0
 27033,    23,   30000000,    5325748,        0,  -24674252,          0
 27033,    24,   30000000,    5168557,        0,  -24831443,          0
 27033,    25,   30000000,    5183420,        0,  -24816580,          0
 27033,    26,   30000000,    5197715,        0,  -24802285,          0
 27033,    27,   30000000,    5499952,        0,  -24500048,          0
 27033,    28,   30000000,    5206786,        0,  -24793214,          0
 27033,    29,   30000000,    7243934,        0,  -22756066,          0
 27033,    30,   30000000,    5964386,        0,  -24035614,          0
 27033,    31,   30000000,    5220197,        0,  -24779803,          0
 27033,    32,   30000000,    6187792,        0,  -23812208,          0
 27033,    33,   30000000,    5289159,        0,  -24710841,          0
 27033,    34,   30000000,    5150556,        0,  -24849444,          0
 27033,    35,   30000000,    5526229,        0,  -24473771,          0
 27033,    36,   30000000,    5232764,        0,  -24767236,          0
 27033,    37,   30000000,    5209030,        0,  -24790970,          0
 27033,    38,   30000000,    5401853,        0,  -24598147,          0
 27033,    39,   30000000,    5190386,        0,  -24809614,          0
 27033,    40,   30000000,    5156173,        0,  -24843827,          0
 27033,    41,   30000000,    5510381,        0,  -24489619,          0
 27033,    42,   30000000,    5165645,        0,  -24834355,          0
 27033,    43,   30000000,    5195591,        0,  -24804409,          0
 27033,    44,   30000000,    5294712,        0,  -24705288,          0
 27033,    45,   30000000,    5299112,        0,  -24700888,          0
 27033,    46,   30000000,    5180620,        0,  -24819380,          0
 27033,    47,   30000000,    5185931,        0,  -24814069,          0
 27033,    48,   30000000,    6361022,        0,  -23638978,          0
 27033,    49,   30000000,    5204931,        0,  -24795069,          0
 27033,    50,   30000000,    5206582,        0,  -24793418,          0
 27033,    51,   30000000,    5186334,        0,  -24813666,          0
 27033,    52,   30000000,    5915405,        0,  -24084595,          0
 27033,    53,   30000000,    5199232,        0,  -24800768,          0
 27033,    54,   30000000,    5249164,        0,  -24750836,          0
 27033,    55,   30000000,    7181013,        0,  -22818987,          0
 27033,    56,   30000000,    5177722,        0,  -24822278,          0
 27033,    57,   30000000,    5212011,        0,  -24787989,          0
 27033,    58,   30000000,    5367211,        0,  -24632789,          0
 27033,    59,   30000000,    5212315,        0,  -24787685,          0
 27033,    60,   30000000,    5243721,        0,  -24756279,          0
 27033,    61,   30000000,    5177031,        0,  -24822969,          0
 27033,    62,   30000000,    5179434,        0,  -24820566,          0
 27033,    63,   30000000,    5230158,        0,  -24769842,          0
 27033,    64,   30000000,    5234075,        0,  -24765925,          0
 27033,    65,   30000000,    5262542,        0,  -24737458,          0
 27033,    66,   30000000,    5160662,        0,  -24839338,          0
 27033,    67,   30000000,    5285702,        0,  -24714298,          0
 27033,    68,   30000000,    5214517,        0,  -24785483,          0
 27033,    69,   30000000,    5242066,        0,  -24757934,          0
 27033,    70,   30000000,    5237659,        0,  -24762341,          0
 27033,    71,   30000000,    5246547,        0,  -24753453,          0
 27033,    72,   30000000,    5152881,        0,  -24847119,          0
 27033,    73,   30000000,    5426548,        0,  -24573452,          0
 27033,    74,   30000000,    5191636,        0,  -24808364,          0
 27033,    75,   30000000,    5299157,        0,  -24700843,          0
 27033,    76,   30000000,    5194602,        0,  -24805398,          0
 27033,    77,   30000000,    5581704,        0,  -24418296,          0
 27033,    78,   30000000,    5147075,        0,  -24852925,          0
 27033,    79,   30000000,    5157451,        0,  -24842549,          0
 27033,    80,   30000000,    5188129,        0,  -24811871,          0
 27033,    81,   30000000,    5178187,        0,  -24821813,          0
 27033,    82,   30000000,    5177495,        0,  -24822505,          0
 27033,    83,   30000000,    6214966,        0,  -23785034,          0
 27033,    84,   30000000,    5152425,        0,  -24847575,          0
 27033,    85,   30000000,    5225442,        0,  -24774558,          0
 27033,    86,   30000000,    5175693,        0,  -24824307,          0
 27033,    87,   30000000,    5165474,        0,  -24834526,          0
 27033,    88,   30000000,    5186780,        0,  -24813220,          0
 27033,    89,   30000000,    5357052,        0,  -24642948,          0
 27033,    90,   30000000,    5264231,        0,  -24735769,          0
 27033,    91,   30000000,    5178285,        0,  -24821715,          0
 27033,    92,   30000000,    5278589,        0,  -24721411,          0
 27033,    93,   30000000,    5444506,        0,  -24555494,          0
 27033,    94,   30000000,    5274702,        0,  -24725298,          0
 27033,    95,   30000000,    5225543,        0,  -24774457,          0
 27033,    96,   30000000,    5163462,        0,  -24836538,          0
 27033,    97,   30000000,    5230001,        0,  -24769999,          0
 27033,    98,   30000000,    5426750,        0,  -24573250,          0
 27033,    99,   30000000,    6669261,        0,  -23330739,          0
 27033,   100,   30000000,    5197613,        0,  -24802387,          0
 27033,   101,   30000000,    5182906,        0,  -24817094,          0
 27033,   102,   30000000,    5581028,        0,  -24418972,          0
 27033,   103,   30000000,    5209019,        0,  -24790981,          0
 27033,   104,   30000000,    5265785,        0,  -24734215,          0
 27033,   105,   30000000,    5158977,        0,  -24841023,          0
 27033,   106,   30000000,    6210451,        0,  -23789549,          0
 27033,   107,   30000000,    5191510,        0,  -24808490,          0
 27033,   108,   30000000,    5824898,        0,  -24175102,          0
 27033,   109,   30000000,    5197174,        0,  -24802826,          0
 27033,   110,   30000000,    5188598,        0,  -24811402,          0
 27033,   111,   30000000,    6067101,        0,  -23932899,          0
 27033,   112,   30000000,    5301312,        0,  -24698688,          0
 27033,   113,   30000000,    5200962,        0,  -24799038,          0
 27033,   114,   30000000,    6078704,        0,  -23921296,          0
 27033,   115,   30000000,    5229938,        0,  -24770062,          0
 27033,   116,   30000000,    5158812,        0,  -24841188,          0
 27033,   117,   30000000,    5168563,        0,  -24831437,          0
 27033,   118,   30000000,    5291540,        0,  -24708460,          0
 27033,   119,   30000000,    5189404,        0,  -24810596,          0
 27033,   120,   30000000,    5261982,        0,  -24738018,          0
 27033,   121,   30000000,    5226878,        0,  -24773122,          0
 27033,   122,   30000000,    5188321,        0,  -24811679,          0
 27033,   123,   30000000,    5513526,        0,  -24486474,          0
 27033,   124,   30000000,    5253605,        0,  -24746395,          0
 27033,   125,   30000000,    5775164,        0,  -24224836,          0
 27033,   126,   30000000,    5382392,        0,  -24617608,          0
 27033,   127,   30000000,    5549446,        0,  -24450554,          0
 27033,   128,   30000000,    5322976,        0,  -24677024,          0
 27033,   129,   30000000,    6078386,        0,  -23921614,          0
 27033,   130,   30000000,    6976688,        0,  -23023312,          0
 27033,   131,   30000000,    5304856,        0,  -24695144,          0
 27033,   132,   30000000,    5192681,        0,  -24807319,          0
 27033,   133,   30000000,    7268916,        0,  -22731084,          0
 27033,   134,   30000000,    5170586,        0,  -24829414,          0
 27033,   135,   30000000,    5247855,        0,  -24752145,          0
 27033,   136,   30000000,    5195913,        0,  -24804087,          0
 27033,   137,   30000000,    5201534,        0,  -24798466,          0
 27033,   138,   30000000,    5147592,        0,  -24852408,          0
 27033,   139,   30000000,    5206231,        0,  -24793769,          0
 27033,   140,   30000000,    5175391,        0,  -24824609,          0
 27033,   141,   30000000,    5169709,        0,  -24830291,          0
 27033,   142,   30000000,    5245701,        0,  -24754299,          0
 27033,   143,   30000000,    5170753,        0,  -24829247,          0
 27033,   144,   30000000,    5992682,        0,  -24007318,          0
 27033,   145,   30000000,    5196337,        0,  -24803663,          0
 27033,   146,   30000000,    5192194,        0,  -24807806,          0
 27033,   147,   30000000,    5190648,        0,  -24809352,          0
 27033,   148,   30000000,    5474912,        0,  -24525088,          0
 27033,   149,   30000000,    5260563,        0,  -24739437,          0
 27033,   150,   30000000,    5238996,        0,  -24761004,          0
 27033,   151,   30000000,    5193020,        0,  -24806980,          0
 27033,   152,   30000000,    5547463,        0,  -24452537,          0
 27033,   153,   30000000,    5352466,        0,  -24647534,          0
 27033,   154,   30000000,    5164495,        0,  -24835505,          0
 27033,   155,   30000000,    5215507,        0,  -24784493,          0
 27033,   156,   30000000,    7197216,        0,  -22802784,          0
 27033,   157,   30000000,    5177320,        0,  -24822680,          0
 27033,   158,   30000000,    5168494,        0,  -24831506,          0
 27033,   159,   30000000,    5882636,        0,  -24117364,          0
 27033,   160,   30000000,    5169805,        0,  -24830195,          0
 27033,   161,   30000000,    5179808,        0,  -24820192,          0
 27033,   162,   30000000,    5248589,        0,  -24751411,          0
 27033,   163,   30000000,    5425374,        0,  -24574626,          0
 27033,   164,   30000000,    5163177,        0,  -24836823,          0
 27033,   165,   30000000,    5156226,        0,  -24843774,          0
 27033,   166,   30000000,    6216750,        0,  -23783250,          0
 27033,   167,   30000000,    5205101,        0,  -24794899,          0
 27033,   168,   30000000,    5163260,        0,  -24836740,          0
 27033,   169,   30000000,    6076408,        0,  -23923592,          0
 27033,   170,   30000000,    5155330,        0,  -24844670,          0
 27033,   171,   30000000,    5400385,        0,  -24599615,          0
 27033,   172,   30000000,    7808924,        0,  -22191076,          0
 27033,   173,   30000000,    5445952,        0,  -24554048,          0
 27033,   174,   30000000,    5798791,        0,  -24201209,          0
 27033,   175,   30000000,    5363219,        0,  -24636781,          0
 27033,   176,   30000000,    5268843,        0,  -24731157,          0
 27033,   177,   30000000,    5487024,        0,  -24512976,          0
 27033,   178,   30000000,    5158015,        0,  -24841985,          0
 27033,   179,   30000000,    5187390,        0,  -24812610,          0
 27033,   180,   30000000,    5171631,        0,  -24828369,          0
 27033,   181,   30000000,    5186062,        0,  -24813938,          0
 27033,   182,   30000000,    5633397,        0,  -24366603,          0
 27033,   183,   30000000,    5193112,        0,  -24806888,          0
 27033,   184,   30000000,    5359322,        0,  -24640678,          0
 27033,   185,   30000000,    6117346,        0,  -23882654,          0
 27033,   186,   30000000,    5206816,        0,  -24793184,          0
 27033,   187,   30000000,    6514221,        0,  -23485779,          0
 27033,   188,   30000000,    6128961,        0,  -23871039,          0
 27033,   189,   30000000,    5612201,        0,  -24387799,          0
 27033,   190,   30000000,    5314893,        0,  -24685107,          0
 27033,   191,   30000000,    5602601,        0,  -24397399,          0
 27033,   192,   30000000,    5172428,        0,  -24827572,          0
 27033,   193,   30000000,    5174493,        0,  -24825507,          0
 27033,   194,   30000000,    5272843,        0,  -24727157,          0
 27033,   195,   30000000,    5338126,        0,  -24661874,          0
 27033,   196,   30000000,    5150087,        0,  -24849913,          0
 27033,   197,   30000000,    5926770,        0,  -24073230,          0
 27033,   198,   30000000,    5438679,        0,  -24561321,          0
 27033,   199,   30000000,    5221365,        0,  -24778635,          0
 27033,   200,   30000000,    5183659,        0,  -24816341,          0
 27033,   201,   30000000,    6993176,        0,  -23006824,          0
 27033,   202,   30000000,    5444654,        0,  -24555346,          0
 27033,   203,   30000000,    5193594,        0,  -24806406,          0
 27033,   204,   30000000,    5395107,        0,  -24604893,          0
 27033,   205,   30000000,    5192280,        0,  -24807720,          0
 27033,   206,   30000000,    5154706,        0,  -24845294,          0
 27033,   207,   30000000,    6263773,        0,  -23736227,          0
 27033,   208,   30000000,    5775159,        0,  -24224841,          0
 27033,   209,   30000000,    8966153,        0,  -21033847,          0
 27033,   210,   30000000,    5181568,        0,  -24818432,          0
 27033,   211,   30000000,    5208275,        0,  -24791725,          0
 27033,   212,   30000000,    6991261,        0,  -23008739,          0
 27033,   213,   30000000,    6002362,        0,  -23997638,          0
 27033,   214,   30000000,    5234841,        0,  -24765159,          0
 27033,   215,   30000000,    5207416,        0,  -24792584,          0
 27033,   216,   30000000,    6114393,        0,  -23885607,          0
 27033,   217,   30000000,    5172979,        0,  -24827021,          0
 27033,   218,   30000000,    5213056,        0,  -24786944,          0
 27033,   219,   30000000,    5607080,        0,  -24392920,          0
 27033,   220,   30000000,    6094658,        0,  -23905342,          0
 27033,   221,   30000000,    5172751,        0,  -24827249,          0
 27033,   222,   30000000,    5228933,        0,  -24771067,          0
 27033,   223,   30000000,    5524923,        0,  -24475077,          0
 27033,   224,   30000000,    5172759,        0,  -24827241,          0
 27033,   225,   30000000,    5198835,        0,  -24801165,          0
 27033,   226,   30000000,    7224688,        0,  -22775312,          0
 27033,   227,   30000000,    5460787,        0,  -24539213,          0
 27033,   228,   30000000,    5276498,        0,  -24723502,          0
 27033,   229,   30000000,    5354206,        0,  -24645794,          0
 27033,   230,   30000000,    5214402,        0,  -24785598,          0
 27033,   231,   30000000,    5192379,        0,  -24807621,          0
 27033,   232,   30000000,    5383748,        0,  -24616252,          0
 27033,   233,   30000000,    5217295,        0,  -24782705,          0
 27033,   234,   30000000,    5162068,        0,  -24837932,          0
 27033,   235,   30000000,    6029650,        0,  -23970350,          0
 27033,   236,   30000000,    5162716,        0,  -24837284,          0
 27033,   237,   30000000,    5216433,        0,  -24783567,          0
 27033,   238,   30000000,    5360465,        0,  -24639535,          0
 27033,   239,   30000000,    5586114,        0,  -24413886,          0
 27033,   240,   30000000,    5221751,        0,  -24778249,          0
 27033,   241,   30000000,    5915637,        0,  -24084363,          0
 27033,   242,   30000000,    5163337,        0,  -24836663,          0
 27033,   243,   30000000,    5188938,        0,  -24811062,          0
 27033,   244,   30000000,    6151222,        0,  -23848778,          0
 27033,   245,   30000000,    7113348,        0,  -22886652,          0
 27033,   246,   30000000,    5194786,        0,  -24805214,          0
 27033,   247,   30000000,    5891952,        0,  -24108048,          0
 27033,   248,   30000000,    6047839,        0,  -23952161,          0
 27033,   249,   30000000,    5178920,        0,  -24821080,          0
 27033,   250,   30000000,    5161897,        0,  -24838103,          0
 27033,   251,   30000000,    5336513,        0,  -24663487,          0
 27033,   252,   30000000,    5172285,        0,  -24827715,          0
 27033,   253,   30000000,    5190223,        0,  -24809777,          0
 27033,   254,   30000000,    5230907,        0,  -24769093,          0
 27033,   255,   30000000,    5191885,        0,  -24808115,          0
 27033,   256,   30000000,    5173641,        0,  -24826359,          0
 27033,   257,   30000000,    5194165,        0,  -24805835,          0
 27033,   258,   30000000,    5235276,        0,  -24764724,          0
 27033,   259,   30000000,    5247387,        0,  -24752613,          0
 27033,   260,   30000000,    5187825,        0,  -24812175,          0
 27033,   261,   30000000,    6012653,        0,  -23987347,          0
 27033,   262,   30000000,    5168494,        0,  -24831506,          0
 27033,   263,   30000000,    5602143,        0,  -24397857,          0
 27033,   264,   30000000,    5285820,        0,  -24714180,          0
 27033,   265,   30000000,    5200748,        0,  -24799252,          0
 27033,   266,   30000000,    7218329,        0,  -22781671,          0
 27033,   267,   30000000,    5231883,        0,  -24768117,          0
 27033,   268,   30000000,    5181426,        0,  -24818574,          0
 27033,   269,   30000000,    5172334,        0,  -24827666,          0
 27033,   270,   30000000,    5170333,        0,  -24829667,          0
 27033,   271,   30000000,    5234317,        0,  -24765683,          0
 27033,   272,   30000000,    5157426,        0,  -24842574,          0
 27033,   273,   30000000,    6023967,        0,  -23976033,          0
 27033,   274,   30000000,    5163090,        0,  -24836910,          0
 27033,   275,   30000000,    5185347,        0,  -24814653,          0
 27033,   276,   30000000,    5158914,        0,  -24841086,          0
 27033,   277,   30000000,    5211715,        0,  -24788285,          0
 27033,   278,   30000000,    5267956,        0,  -24732044,          0
 27033,   279,   30000000,    5207722,        0,  -24792278,          0
 27033,   280,   30000000,    5160271,        0,  -24839729,          0
 27033,   281,   30000000,    5227751,        0,  -24772249,          0
 27033,   282,   30000000,    5370780,        0,  -24629220,          0
 27033,   283,   30000000,    5193340,        0,  -24806660,          0
 27033,   284,   30000000,    5261337,        0,  -24738663,          0
 27033,   285,   30000000,    5248707,        0,  -24751293,          0
 27033,   286,   30000000,    5161239,        0,  -24838761,          0
 27033,   287,   30000000,    5199056,        0,  -24800944,          0
 27033,   288,   30000000,    5935022,        0,  -24064978,          0
 27033,   289,   30000000,    5278688,        0,  -24721312,          0
 27033,   290,   30000000,    5156582,        0,  -24843418,          0
 27033,   291,   30000000,    5167245,        0,  -24832755,          0
 27033,   292,   30000000,    5287378,        0,  -24712622,          0
 27033,   293,   30000000,    5188882,        0,  -24811118,          0
 27033,   294,   30000000,    5177627,        0,  -24822373,          0
 27033,   295,   30000000,    5497357,        0,  -24502643,          0
 27033,   296,   30000000,    5718006,        0,  -24281994,          0
 27033,   297,   30000000,    5241531,        0,  -24758469,          0
 27033,   298,   30000000,    7511496,        0,  -22488504,          0
 27033,   299,   30000000,    5178885,        0,  -24821115,          0
 27033,   300,   30000000,    5167953,        0,  -24832047,          0
 27033,   301,   30000000,    5230798,        0,  -24769202,          0
 27033,   302,   30000000,    6252571,        0,  -23747429,          0
 27033,   303,   30000000,    5212961,        0,  -24787039,          0
 27033,   304,   30000000,    5299606,        0,  -24700394,          0
 27033,   305,   30000000,    5650111,        0,  -24349889,          0
 27033,   306,   30000000,    5192128,        0,  -24807872,          0
 27033,   307,   30000000,    5163117,        0,  -24836883,          0
 27033,   308,   30000000,    5163209,        0,  -24836791,          0
 27033,   309,   30000000,    5183749,        0,  -24816251,          0
 27033,   310,   30000000,    5188440,        0,  -24811560,          0
 27033,   311,   30000000,    5193716,        0,  -24806284,          0
 27033,   312,   30000000,    5169516,        0,  -24830484,          0
 27033,   313,   30000000,    6012926,        0,  -23987074,          0
 27033,   314,   30000000,    5189270,        0,  -24810730,          0
 27033,   315,   30000000,    5364732,        0,  -24635268,          0
 27033,   316,   30000000,    5239430,        0,  -24760570,          0
 27033,   317,   30000000,    6260446,        0,  -23739554,          0
 27033,   318,   30000000,    5167174,        0,  -24832826,          0
 27033,   319,   30000000,    5155800,        0,  -24844200,          0
 27033,   320,   30000000,    5564792,        0,  -24435208,          0
 27033,   321,   30000000,    5194497,        0,  -24805503,          0
 27033,   322,   30000000,    5160358,        0,  -24839642,          0
 27033,   323,   30000000,    5612979,        0,  -24387021,          0
 27033,   324,   30000000,    5224194,        0,  -24775806,          0
 27033,   325,   30000000,    5595272,        0,  -24404728,          0
 27033,   326,   30000000,    5353125,        0,  -24646875,          0
 27033,   327,   30000000,    5161526,        0,  -24838474,          0
 27033,   328,   30000000,    5150771,        0,  -24849229,          0
 27033,   329,   30000000,    5160361,        0,  -24839639,          0
 27033,   330,   30000000,    5232285,        0,  -24767715,          0
 27033,   331,   30000000,    5181580,        0,  -24818420,          0
 27033,   332,   30000000,    5205463,        0,  -24794537,          0
 27033,   333,   30000000,    5202591,        0,  -24797409,          0
 27033,   334,   30000000,    5370429,        0,  -24629571,          0
 27033,   335,   30000000,    5755143,        0,  -24244857,          0
 27033,   336,   30000000,    7840540,        0,  -22159460,          0
 27033,   337,   30000000,    5183715,        0,  -24816285,          0
