# Task,   Job,     Period,   Response, DL Miss?,   Lateness,  Tardiness
# task NAME=myapp PID=29274 COST=46497000 PERIOD=68000000 CPU=0
 29274,     2,   68000000,       6303,        0,  -67993697,          0
 29274,     3,   68000000,      68524,        0,  -67931476,          0
 29274,     4,   68000000,   46614902,        0,  -21385098,          0
 29274,     5,   68000000,   46496557,        0,  -21503443,          0
 29274,     6,   68000000,   48741050,        0,  -19258950,          0
 29274,     7,   68000000,   45838979,        0,  -22161021,          0
 29274,     8,   68000000,   45675571,        0,  -22324429,          0
 29274,     9,   68000000,   45908261,        0,  -22091739,          0
 29274,    10,   68000000,   48713802,        0,  -19286198,          0
 29274,    11,   68000000,   46844455,        0,  -21155545,          0
 29274,    12,   68000000,   45574482,        0,  -22425518,          0
 29274,    13,   68000000,   48429625,        0,  -19570375,          0
 29274,    14,   68000000,   45537329,        0,  -22462671,          0
 29274,    15,   68000000,   47613539,        0,  -20386461,          0
 29274,    16,   68000000,   45567246,        0,  -22432754,          0
 29274,    17,   68000000,   45632091,        0,  -22367909,          0
 29274,    18,   68000000,   45936602,        0,  -22063398,          0
 29274,    19,   68000000,   45575407,        0,  -22424593,          0
 29274,    20,   68000000,   45830171,        0,  -22169829,          0
 29274,    21,   68000000,   47399480,        0,  -20600520,          0
 29274,    22,   68000000,   46879851,        0,  -21120149,          0
 29274,    23,   68000000,   48196761,        0,  -19803239,          0
 29274,    24,   68000000,   47503851,        0,  -20496149,          0
 29274,    25,   68000000,   47041203,        0,  -20958797,          0
 29274,    26,   68000000,   46500055,        0,  -21499945,          0
 29274,    27,   68000000,   48522003,        0,  -19477997,          0
 29274,    28,   68000000,   45835560,        0,  -22164440,          0
 29274,    29,   68000000,   46908633,        0,  -21091367,          0
 29274,    30,   68000000,   45815412,        0,  -22184588,          0
 29274,    31,   68000000,   46076765,        0,  -21923235,          0
 29274,    32,   68000000,   45546062,        0,  -22453938,          0
 29274,    33,   68000000,   50195928,        0,  -17804072,          0
 29274,    34,   68000000,   48087061,        0,  -19912939,          0
 29274,    35,   68000000,   45837506,        0,  -22162494,          0
 29274,    36,   68000000,   45717485,        0,  -22282515,          0
 29274,    37,   68000000,   47498641,        0,  -20501359,          0
 29274,    38,   68000000,   45771088,        0,  -22228912,          0
 29274,    39,   68000000,   48429749,        0,  -19570251,          0
 29274,    40,   68000000,   49531691,        0,  -18468309,          0
 29274,    41,   68000000,   46596281,        0,  -21403719,          0
 29274,    42,   68000000,   46148669,        0,  -21851331,          0
 29274,    43,   68000000,   45993310,        0,  -22006690,          0
 29274,    44,   68000000,   45843344,        0,  -22156656,          0
 29274,    45,   68000000,   45615363,        0,  -22384637,          0
 29274,    46,   68000000,   46230331,        0,  -21769669,          0
 29274,    47,   68000000,   48761025,        0,  -19238975,          0
 29274,    48,   68000000,   45551026,        0,  -22448974,          0
 29274,    49,   68000000,   45883749,        0,  -22116251,          0
 29274,    50,   68000000,   47682979,        0,  -20317021,          0
 29274,    51,   68000000,   45853950,        0,  -22146050,          0
 29274,    52,   68000000,   47217967,        0,  -20782033,          0
 29274,    53,   68000000,   47039127,        0,  -20960873,          0
 29274,    54,   68000000,   45867499,        0,  -22132501,          0
 29274,    55,   68000000,   47833471,        0,  -20166529,          0
 29274,    56,   68000000,   46219862,        0,  -21780138,          0
 29274,    57,   68000000,   45856063,        0,  -22143937,          0
 29274,    58,   68000000,   45760899,        0,  -22239101,          0
 29274,    59,   68000000,   46276701,        0,  -21723299,          0
 29274,    60,   68000000,   49190635,        0,  -18809365,          0
 29274,    61,   68000000,   45632955,        0,  -22367045,          0
 29274,    62,   68000000,   47199129,        0,  -20800871,          0
 29274,    63,   68000000,   50401897,        0,  -17598103,          0
 29274,    64,   68000000,   45832372,        0,  -22167628,          0
 29274,    65,   68000000,   45557474,        0,  -22442526,          0
 29274,    66,   68000000,   49738897,        0,  -18261103,          0
 29274,    67,   68000000,   45562958,        0,  -22437042,          0
 29274,    68,   68000000,   45853577,        0,  -22146423,          0
 29274,    69,   68000000,   46534496,        0,  -21465504,          0
 29274,    70,   68000000,   45569268,        0,  -22430732,          0
 29274,    71,   68000000,   45581224,        0,  -22418776,          0
 29274,    72,   68000000,   45660384,        0,  -22339616,          0
 29274,    73,   68000000,   49228623,        0,  -18771377,          0
 29274,    74,   68000000,   45601502,        0,  -22398498,          0
 29274,    75,   68000000,   46895978,        0,  -21104022,          0
 29274,    76,   68000000,   49823928,        0,  -18176072,          0
 29274,    77,   68000000,   45987543,        0,  -22012457,          0
 29274,    78,   68000000,   45598666,        0,  -22401334,          0
 29274,    79,   68000000,   48978436,        0,  -19021564,          0
 29274,    80,   68000000,   45580037,        0,  -22419963,          0
 29274,    81,   68000000,   45828380,        0,  -22171620,          0
 29274,    82,   68000000,   46592054,        0,  -21407946,          0
 29274,    83,   68000000,   45563688,        0,  -22436312,          0
 29274,    84,   68000000,   47825870,        0,  -20174130,          0
 29274,    85,   68000000,   45840031,        0,  -22159969,          0
 29274,    86,   68000000,   49112618,        0,  -18887382,          0
 29274,    87,   68000000,   45658353,        0,  -22341647,          0
 29274,    88,   68000000,   46017643,        0,  -21982357,          0
 29274,    89,   68000000,   49290640,        0,  -18709360,          0
 29274,    90,   68000000,   45946007,        0,  -22053993,          0
 29274,    91,   68000000,   45601496,        0,  -22398504,          0
 29274,    92,   68000000,   47111133,        0,  -20888867,          0
 29274,    93,   68000000,   45543055,        0,  -22456945,          0
 29274,    94,   68000000,   45652883,        0,  -22347117,          0
 29274,    95,   68000000,   46371393,        0,  -21628607,          0
 29274,    96,   68000000,   45524957,        0,  -22475043,          0
 29274,    97,   68000000,   45933330,        0,  -22066670,          0
 29274,    98,   68000000,   45553965,        0,  -22446035,          0
 29274,    99,   68000000,   45824645,        0,  -22175355,          0
 29274,   100,   68000000,   47704436,        0,  -20295564,          0
 29274,   101,   68000000,   46879287,        0,  -21120713,          0
 29274,   102,   68000000,   45673390,        0,  -22326610,          0
 29274,   103,   68000000,   48819958,        0,  -19180042,          0
 29274,   104,   68000000,   45677609,        0,  -22322391,          0
 29274,   105,   68000000,   45564891,        0,  -22435109,          0
 29274,   106,   68000000,   45875990,        0,  -22124010,          0
 29274,   107,   68000000,   45543986,        0,  -22456014,          0
 29274,   108,   68000000,   45858831,        0,  -22141169,          0
 29274,   109,   68000000,   45574035,        0,  -22425965,          0
 29274,   110,   68000000,   45842373,        0,  -22157627,          0
 29274,   111,   68000000,   45788607,        0,  -22211393,          0
 29274,   112,   68000000,   45919205,        0,  -22080795,          0
 29274,   113,   68000000,   47172933,        0,  -20827067,          0
 29274,   114,   68000000,   47890284,        0,  -20109716,          0
 29274,   115,   68000000,   45527844,        0,  -22472156,          0
 29274,   116,   68000000,   49846254,        0,  -18153746,          0
 29274,   117,   68000000,   45559753,        0,  -22440247,          0
 29274,   118,   68000000,   45585706,        0,  -22414294,          0
 29274,   119,   68000000,   45941101,        0,  -22058899,          0
 29274,   120,   68000000,   46139487,        0,  -21860513,          0
 29274,   121,   68000000,   47864569,        0,  -20135431,          0
 29274,   122,   68000000,   45697699,        0,  -22302301,          0
 29274,   123,   68000000,   49957915,        0,  -18042085,          0
 29274,   124,   68000000,   47481326,        0,  -20518674,          0
 29274,   125,   68000000,   45847828,        0,  -22152172,          0
 29274,   126,   68000000,   48441531,        0,  -19558469,          0
 29274,   127,   68000000,   48699254,        0,  -19300746,          0
 29274,   128,   68000000,   45518297,        0,  -22481703,          0
 29274,   129,   68000000,   49591141,        0,  -18408859,          0
 29274,   130,   68000000,   47836440,        0,  -20163560,          0
 29274,   131,   68000000,   45691534,        0,  -22308466,          0
 29274,   132,   68000000,   46855451,        0,  -21144549,          0
 29274,   133,   68000000,   45666217,        0,  -22333783,          0
 29274,   134,   68000000,   46708139,        0,  -21291861,          0
 29274,   135,   68000000,   45531188,        0,  -22468812,          0
 29274,   136,   68000000,   45828473,        0,  -22171527,          0
 29274,   137,   68000000,   47734512,        0,  -20265488,          0
 29274,   138,   68000000,   47745434,        0,  -20254566,          0
 29274,   139,   68000000,   45634538,        0,  -22365462,          0
 29274,   140,   68000000,   48202548,        0,  -19797452,          0
 29274,   141,   68000000,   45585589,        0,  -22414411,          0
 29274,   142,   68000000,   47626090,        0,  -20373910,          0
 29274,   143,   68000000,   47952203,        0,  -20047797,          0
 29274,   144,   68000000,   45530644,        0,  -22469356,          0
 29274,   145,   68000000,   45946090,        0,  -22053910,          0
 29274,   146,   68000000,   45584333,        0,  -22415667,          0
 29274,   147,   68000000,   48211016,        0,  -19788984,          0
 29274,   148,   68000000,   45558507,        0,  -22441493,          0
 29274,   149,   68000000,   45847224,        0,  -22152776,          0
 29274,   150,   68000000,   52495500,        0,  -15504500,          0
 29274,   151,   68000000,   45542112,        0,  -22457888,          0
# task NAME=myapp PID=29277 COST=50109000 PERIOD=97000000 CPU=0
 29277,     2,   97000000,       8061,        0,  -96991939,          0
 29277,     3,   97000000,      77902,        0,  -96922098,          0
 29277,     4,   97000000,   50323969,        0,  -46676031,          0
 29277,     5,   97000000,   49068479,        0,  -47931521,          0
 29277,     6,   97000000,   51569554,        0,  -45430446,          0
 29277,     7,   97000000,   49344011,        0,  -47655989,          0
 29277,     8,   97000000,   53216082,        0,  -43783918,          0
 29277,     9,   97000000,   49306001,        0,  -47693999,          0
 29277,    10,   97000000,   51885421,        0,  -45114579,          0
 29277,    11,   97000000,   53417871,        0,  -43582129,          0
 29277,    12,   97000000,   49103744,        0,  -47896256,          0
 29277,    13,   97000000,   49230688,        0,  -47769312,          0
 29277,    14,   97000000,   49083948,        0,  -47916052,          0
 29277,    15,   97000000,   50202091,        0,  -46797909,          0
 29277,    16,   97000000,   52280044,        0,  -44719956,          0
 29277,    17,   97000000,   52562010,        0,  -44437990,          0
 29277,    18,   97000000,   51806663,        0,  -45193337,          0
 29277,    19,   97000000,   49570483,        0,  -47429517,          0
 29277,    20,   97000000,   49912219,        0,  -47087781,          0
 29277,    21,   97000000,   49162257,        0,  -47837743,          0
 29277,    22,   97000000,   49346523,        0,  -47653477,          0
 29277,    23,   97000000,   50133707,        0,  -46866293,          0
 29277,    24,   97000000,   51417872,        0,  -45582128,          0
 29277,    25,   97000000,   51353412,        0,  -45646588,          0
 29277,    26,   97000000,   49074483,        0,  -47925517,          0
 29277,    27,   97000000,   51284435,        0,  -45715565,          0
 29277,    28,   97000000,   49413060,        0,  -47586940,          0
 29277,    29,   97000000,   53491414,        0,  -43508586,          0
 29277,    30,   97000000,   49470486,        0,  -47529514,          0
 29277,    31,   97000000,   49226799,        0,  -47773201,          0
 29277,    32,   97000000,   49106651,        0,  -47893349,          0
 29277,    33,   97000000,   49371785,        0,  -47628215,          0
 29277,    34,   97000000,   53767311,        0,  -43232689,          0
 29277,    35,   97000000,   49211728,        0,  -47788272,          0
 29277,    36,   97000000,   54930300,        0,  -42069700,          0
 29277,    37,   97000000,   50308252,        0,  -46691748,          0
 29277,    38,   97000000,   51334874,        0,  -45665126,          0
 29277,    39,   97000000,   50763618,        0,  -46236382,          0
 29277,    40,   97000000,   49153728,        0,  -47846272,          0
 29277,    41,   97000000,   49244079,        0,  -47755921,          0
 29277,    42,   97000000,   50338721,        0,  -46661279,          0
 29277,    43,   97000000,   54065459,        0,  -42934541,          0
 29277,    44,   97000000,   50266827,        0,  -46733173,          0
 29277,    45,   97000000,   53214236,        0,  -43785764,          0
 29277,    46,   97000000,   49546326,        0,  -47453674,          0
 29277,    47,   97000000,   52641702,        0,  -44358298,          0
 29277,    48,   97000000,   49056596,        0,  -47943404,          0
 29277,    49,   97000000,   49449169,        0,  -47550831,          0
 29277,    50,   97000000,   49510156,        0,  -47489844,          0
 29277,    51,   97000000,   52092293,        0,  -44907707,          0
 29277,    52,   97000000,   51158300,        0,  -45841700,          0
 29277,    53,   97000000,   50163790,        0,  -46836210,          0
 29277,    54,   97000000,   53526833,        0,  -43473167,          0
 29277,    55,   97000000,   51986823,        0,  -45013177,          0
 29277,    56,   97000000,   52199049,        0,  -44800951,          0
 29277,    57,   97000000,   49085881,        0,  -47914119,          0
 29277,    58,   97000000,   49272948,        0,  -47727052,          0
 29277,    59,   97000000,   49107839,        0,  -47892161,          0
 29277,    60,   97000000,   51412253,        0,  -45587747,          0
 29277,    61,   97000000,   49069871,        0,  -47930129,          0
 29277,    62,   97000000,   49321393,        0,  -47678607,          0
 29277,    63,   97000000,   52201564,        0,  -44798436,          0
 29277,    64,   97000000,   50172490,        0,  -46827510,          0
 29277,    65,   97000000,   50655578,        0,  -46344422,          0
 29277,    66,   97000000,   49666879,        0,  -47333121,          0
 29277,    67,   97000000,   49056205,        0,  -47943795,          0
 29277,    68,   97000000,   49403254,        0,  -47596746,          0
 29277,    69,   97000000,   49461387,        0,  -47538613,          0
 29277,    70,   97000000,   51078789,        0,  -45921211,          0
 29277,    71,   97000000,   49661838,        0,  -47338162,          0
 29277,    72,   97000000,   49097655,        0,  -47902345,          0
 29277,    73,   97000000,   51472874,        0,  -45527126,          0
 29277,    74,   97000000,   49831481,        0,  -47168519,          0
 29277,    75,   97000000,   49147914,        0,  -47852086,          0
 29277,    76,   97000000,   50658127,        0,  -46341873,          0
 29277,    77,   97000000,   49707618,        0,  -47292382,          0
 29277,    78,   97000000,   49352384,        0,  -47647616,          0
 29277,    79,   97000000,   51357634,        0,  -45642366,          0
 29277,    80,   97000000,   51140752,        0,  -45859248,          0
 29277,    81,   97000000,   56346024,        0,  -40653976,          0
 29277,    82,   97000000,   51801538,        0,  -45198462,          0
 29277,    83,   97000000,   50356699,        0,  -46643301,          0
 29277,    84,   97000000,   49561682,        0,  -47438318,          0
 29277,    85,   97000000,   50158200,        0,  -46841800,          0
 29277,    86,   97000000,   51986234,        0,  -45013766,          0
 29277,    87,   97000000,   50367950,        0,  -46632050,          0
 29277,    88,   97000000,   54019225,        0,  -42980775,          0
 29277,    89,   97000000,   51062756,        0,  -45937244,          0
 29277,    90,   97000000,   50207342,        0,  -46792658,          0
 29277,    91,   97000000,   52114820,        0,  -44885180,          0
 29277,    92,   97000000,   51448139,        0,  -45551861,          0
 29277,    93,   97000000,   49192223,        0,  -47807777,          0
 29277,    94,   97000000,   49235903,        0,  -47764097,          0
 29277,    95,   97000000,   52539052,        0,  -44460948,          0
 29277,    96,   97000000,   49461470,        0,  -47538530,          0
 29277,    97,   97000000,   55592035,        0,  -41407965,          0
 29277,    98,   97000000,   50453325,        0,  -46546675,          0
 29277,    99,   97000000,   53844850,        0,  -43155150,          0
 29277,   100,   97000000,   51677916,        0,  -45322084,          0
 29277,   101,   97000000,   49223423,        0,  -47776577,          0
 29277,   102,   97000000,   50293408,        0,  -46706592,          0
 29277,   103,   97000000,   49362184,        0,  -47637816,          0
 29277,   104,   97000000,   51641342,        0,  -45358658,          0
 29277,   105,   97000000,   49537437,        0,  -47462563,          0
 29277,   106,   97000000,   53380989,        0,  -43619011,          0
 29277,   107,   97000000,   49106873,        0,  -47893127,          0
# task NAME=myapp PID=29281 COST=73989000 PERIOD=90000000 CPU=0
 29281,     2,   90000000,       8404,        0,  -89991596,          0
 29281,     3,   90000000,      52239,        0,  -89947761,          0
 29281,     4,   90000000,   73532661,        0,  -16467339,          0
 29281,     5,   90000000,   72491949,        0,  -17508051,          0
 29281,     6,   90000000,   74068598,        0,  -15931402,          0
 29281,     7,   90000000,   73026659,        0,  -16973341,          0
 29281,     8,   90000000,   77468317,        0,  -12531683,          0
 29281,     9,   90000000,   72791891,        0,  -17208109,          0
 29281,    10,   90000000,   76145253,        0,  -13854747,          0
 29281,    11,   90000000,   73659321,        0,  -16340679,          0
 29281,    12,   90000000,   74683036,        0,  -15316964,          0
 29281,    13,   90000000,   73517877,        0,  -16482123,          0
 29281,    14,   90000000,   72865857,        0,  -17134143,          0
 29281,    15,   90000000,   72427927,        0,  -17572073,          0
 29281,    16,   90000000,   73993809,        0,  -16006191,          0
 29281,    17,   90000000,   75107985,        0,  -14892015,          0
 29281,    18,   90000000,   77624973,        0,  -12375027,          0
 29281,    19,   90000000,   75330412,        0,  -14669588,          0
 29281,    20,   90000000,   72717001,        0,  -17282999,          0
 29281,    21,   90000000,   72734515,        0,  -17265485,          0
 29281,    22,   90000000,   72740075,        0,  -17259925,          0
 29281,    23,   90000000,   72785093,        0,  -17214907,          0
 29281,    24,   90000000,   72924262,        0,  -17075738,          0
 29281,    25,   90000000,   73066913,        0,  -16933087,          0
 29281,    26,   90000000,   74686030,        0,  -15313970,          0
 29281,    27,   90000000,   72731546,        0,  -17268454,          0
 29281,    28,   90000000,   73849297,        0,  -16150703,          0
 29281,    29,   90000000,   73507802,        0,  -16492198,          0
 29281,    30,   90000000,   72663122,        0,  -17336878,          0
 29281,    31,   90000000,   75907181,        0,  -14092819,          0
 29281,    32,   90000000,   73033202,        0,  -16966798,          0
 29281,    33,   90000000,   73208968,        0,  -16791032,          0
 29281,    34,   90000000,   72778948,        0,  -17221052,          0
 29281,    35,   90000000,   72745025,        0,  -17254975,          0
 29281,    36,   90000000,   75382220,        0,  -14617780,          0
 29281,    37,   90000000,   72785038,        0,  -17214962,          0
 29281,    38,   90000000,   74418887,        0,  -15581113,          0
 29281,    39,   90000000,   73736731,        0,  -16263269,          0
 29281,    40,   90000000,   74496211,        0,  -15503789,          0
 29281,    41,   90000000,   73391935,        0,  -16608065,          0
 29281,    42,   90000000,   72884020,        0,  -17115980,          0
 29281,    43,   90000000,   72488838,        0,  -17511162,          0
 29281,    44,   90000000,   72488740,        0,  -17511260,          0
 29281,    45,   90000000,   73788192,        0,  -16211808,          0
 29281,    46,   90000000,   76395081,        0,  -13604919,          0
 29281,    47,   90000000,   74001757,        0,  -15998243,          0
 29281,    48,   90000000,   78487690,        0,  -11512310,          0
 29281,    49,   90000000,   72739835,        0,  -17260165,          0
 29281,    50,   90000000,   75530437,        0,  -14469563,          0
 29281,    51,   90000000,   72523252,        0,  -17476748,          0
 29281,    52,   90000000,   73127807,        0,  -16872193,          0
 29281,    53,   90000000,   72813731,        0,  -17186269,          0
 29281,    54,   90000000,   75859680,        0,  -14140320,          0
 29281,    55,   90000000,   73044532,        0,  -16955468,          0
 29281,    56,   90000000,   76101016,        0,  -13898984,          0
 29281,    57,   90000000,   76372454,        0,  -13627546,          0
 29281,    58,   90000000,   75874588,        0,  -14125412,          0
 29281,    59,   90000000,   72973176,        0,  -17026824,          0
 29281,    60,   90000000,   75514907,        0,  -14485093,          0
 29281,    61,   90000000,   72455574,        0,  -17544426,          0
 29281,    62,   90000000,   72561083,        0,  -17438917,          0
 29281,    63,   90000000,   72765531,        0,  -17234469,          0
 29281,    64,   90000000,   74202123,        0,  -15797877,          0
 29281,    65,   90000000,   72487502,        0,  -17512498,          0
 29281,    66,   90000000,   75862065,        0,  -14137935,          0
 29281,    67,   90000000,   72766660,        0,  -17233340,          0
 29281,    68,   90000000,   75073937,        0,  -14926063,          0
 29281,    69,   90000000,   73134111,        0,  -16865889,          0
 29281,    70,   90000000,   75181025,        0,  -14818975,          0
 29281,    71,   90000000,   73154426,        0,  -16845574,          0
 29281,    72,   90000000,   73950427,        0,  -16049573,          0
 29281,    73,   90000000,   73163048,        0,  -16836952,          0
 29281,    74,   90000000,   72781159,        0,  -17218841,          0
 29281,    75,   90000000,   72514888,        0,  -17485112,          0
 29281,    76,   90000000,   72501677,        0,  -17498323,          0
 29281,    77,   90000000,   72744145,        0,  -17255855,          0
 29281,    78,   90000000,   75260347,        0,  -14739653,          0
 29281,    79,   90000000,   72512738,        0,  -17487262,          0
 29281,    80,   90000000,   75174649,        0,  -14825351,          0
 29281,    81,   90000000,   72929834,        0,  -17070166,          0
 29281,    82,   90000000,   72768321,        0,  -17231679,          0
 29281,    83,   90000000,   72464668,        0,  -17535332,          0
 29281,    84,   90000000,   74127136,        0,  -15872864,          0
 29281,    85,   90000000,   74164903,        0,  -15835097,          0
 29281,    86,   90000000,   74620935,        0,  -15379065,          0
 29281,    87,   90000000,   75070942,        0,  -14929058,          0
 29281,    88,   90000000,   75054525,        0,  -14945475,          0
 29281,    89,   90000000,   72758521,        0,  -17241479,          0
 29281,    90,   90000000,   72505572,        0,  -17494428,          0
 29281,    91,   90000000,   72985451,        0,  -17014549,          0
 29281,    92,   90000000,   74283419,        0,  -15716581,          0
 29281,    93,   90000000,   72772918,        0,  -17227082,          0
 29281,    94,   90000000,   77261572,        0,  -12738428,          0
 29281,    95,   90000000,   72762355,        0,  -17237645,          0
 29281,    96,   90000000,   79247547,        0,  -10752453,          0
 29281,    97,   90000000,   73308947,        0,  -16691053,          0
 29281,    98,   90000000,   75846189,        0,  -14153811,          0
 29281,    99,   90000000,   74635127,        0,  -15364873,          0
 29281,   100,   90000000,   72493860,        0,  -17506140,          0
 29281,   101,   90000000,   73059372,        0,  -16940628,          0
 29281,   102,   90000000,   76858091,        0,  -13141909,          0
 29281,   103,   90000000,   72837603,        0,  -17162397,          0
 29281,   104,   90000000,   75871461,        0,  -14128539,          0
 29281,   105,   90000000,   73493168,        0,  -16506832,          0
 29281,   106,   90000000,   75568169,        0,  -14431831,          0
 29281,   107,   90000000,   73855748,        0,  -16144252,          0
 29281,   108,   90000000,   74590700,        0,  -15409300,          0
 29281,   109,   90000000,   73136174,        0,  -16863826,          0
 29281,   110,   90000000,   72762518,        0,  -17237482,          0
 29281,   111,   90000000,   72464093,        0,  -17535907,          0
 29281,   112,   90000000,   77971612,        0,  -12028388,          0
 29281,   113,   90000000,   72837978,        0,  -17162022,          0
 29281,   114,   90000000,   77308466,        0,  -12691534,          0
 29281,   115,   90000000,   72812800,        0,  -17187200,          0
# task NAME=myapp PID=29285 COST=80916000 PERIOD=99000000 CPU=0
 29285,     2,   99000000,       8831,        0,  -98991169,          0
 29285,     3,   99000000,      63917,        0,  -98936083,          0
 29285,     4,   99000000,   82340930,        0,  -16659070,          0
 29285,     5,   99000000,   79582371,        0,  -19417629,          0
 29285,     6,   99000000,   81437281,        0,  -17562719,          0
 29285,     7,   99000000,   79551712,        0,  -19448288,          0
 29285,     8,   99000000,   82650012,        0,  -16349988,          0
 29285,     9,   99000000,   79275524,        0,  -19724476,          0
 29285,    10,   99000000,   83447725,        0,  -15552275,          0
 29285,    11,   99000000,   80698996,        0,  -18301004,          0
 29285,    12,   99000000,   79627187,        0,  -19372813,          0
 29285,    13,   99000000,   80755075,        0,  -18244925,          0
 29285,    14,   99000000,   79592276,        0,  -19407724,          0
 29285,    15,   99000000,   82811711,        0,  -16188289,          0
 29285,    16,   99000000,   79505448,        0,  -19494552,          0
 29285,    17,   99000000,   85760456,        0,  -13239544,          0
 29285,    18,   99000000,   81665828,        0,  -17334172,          0
 29285,    19,   99000000,   80058402,        0,  -18941598,          0
 29285,    20,   99000000,   79222296,        0,  -19777704,          0
 29285,    21,   99000000,   80593920,        0,  -18406080,          0
 29285,    22,   99000000,   79525240,        0,  -19474760,          0
 29285,    23,   99000000,   82472544,        0,  -16527456,          0
 29285,    24,   99000000,   81700440,        0,  -17299560,          0
 29285,    25,   99000000,   79784027,        0,  -19215973,          0
 29285,    26,   99000000,   81371330,        0,  -17628670,          0
 29285,    27,   99000000,   79526191,        0,  -19473809,          0
 29285,    28,   99000000,   83071569,        0,  -15928431,          0
 29285,    29,   99000000,   79242731,        0,  -19757269,          0
 29285,    30,   99000000,   80317154,        0,  -18682846,          0
 29285,    31,   99000000,   79856360,        0,  -19143640,          0
 29285,    32,   99000000,   79499185,        0,  -19500815,          0
 29285,    33,   99000000,   82567660,        0,  -16432340,          0
 29285,    34,   99000000,   79251601,        0,  -19748399,          0
 29285,    35,   99000000,   82168393,        0,  -16831607,          0
 29285,    36,   99000000,   82038985,        0,  -16961015,          0
 29285,    37,   99000000,   79782123,        0,  -19217877,          0
 29285,    38,   99000000,   79325632,        0,  -19674368,          0
 29285,    39,   99000000,   79371624,        0,  -19628376,          0
 29285,    40,   99000000,   79545665,        0,  -19454335,          0
 29285,    41,   99000000,   79513967,        0,  -19486033,          0
 29285,    42,   99000000,   81522135,        0,  -17477865,          0
 29285,    43,   99000000,   82058973,        0,  -16941027,          0
 29285,    44,   99000000,   81837437,        0,  -17162563,          0
 29285,    45,   99000000,   81258940,        0,  -17741060,          0
 29285,    46,   99000000,   84043809,        0,  -14956191,          0
 29285,    47,   99000000,   79536249,        0,  -19463751,          0
 29285,    48,   99000000,   79574493,        0,  -19425507,          0
 29285,    49,   99000000,   80759935,        0,  -18240065,          0
 29285,    50,   99000000,   80928892,        0,  -18071108,          0
 29285,    51,   99000000,   81716570,        0,  -17283430,          0
 29285,    52,   99000000,   80562217,        0,  -18437783,          0
 29285,    53,   99000000,   83532064,        0,  -15467936,          0
 29285,    54,   99000000,   80630635,        0,  -18369365,          0
 29285,    55,   99000000,   84754219,        0,  -14245781,          0
 29285,    56,   99000000,   81880525,        0,  -17119475,          0
 29285,    57,   99000000,   79273560,        0,  -19726440,          0
 29285,    58,   99000000,   79418177,        0,  -19581823,          0
 29285,    59,   99000000,   83669368,        0,  -15330632,          0
 29285,    60,   99000000,   81446701,        0,  -17553299,          0
 29285,    61,   99000000,   81493704,        0,  -17506296,          0
 29285,    62,   99000000,   82810397,        0,  -16189603,          0
 29285,    63,   99000000,   79696548,        0,  -19303452,          0
 29285,    64,   99000000,   81817369,        0,  -17182631,          0
 29285,    65,   99000000,   81281526,        0,  -17718474,          0
 29285,    66,   99000000,   79471052,        0,  -19528948,          0
 29285,    67,   99000000,   79782709,        0,  -19217291,          0
 29285,    68,   99000000,   80474376,        0,  -18525624,          0
 29285,    69,   99000000,   79951429,        0,  -19048571,          0
 29285,    70,   99000000,   80575296,        0,  -18424704,          0
 29285,    71,   99000000,   79885692,        0,  -19114308,          0
 29285,    72,   99000000,   79599417,        0,  -19400583,          0
 29285,    73,   99000000,   80253815,        0,  -18746185,          0
 29285,    74,   99000000,   79527224,        0,  -19472776,          0
 29285,    75,   99000000,   79528264,        0,  -19471736,          0
 29285,    76,   99000000,   79521744,        0,  -19478256,          0
 29285,    77,   99000000,   79470325,        0,  -19529675,          0
 29285,    78,   99000000,   79558127,        0,  -19441873,          0
 29285,    79,   99000000,   81072285,        0,  -17927715,          0
 29285,    80,   99000000,   82379662,        0,  -16620338,          0
 29285,    81,   99000000,   79521975,        0,  -19478025,          0
 29285,    82,   99000000,   79267424,        0,  -19732576,          0
 29285,    83,   99000000,   79506884,        0,  -19493116,          0
 29285,    84,   99000000,   81472679,        0,  -17527321,          0
 29285,    85,   99000000,   81425828,        0,  -17574172,          0
 29285,    86,   99000000,   82001607,        0,  -16998393,          0
 29285,    87,   99000000,   81339197,        0,  -17660803,          0
 29285,    88,   99000000,   81585846,        0,  -17414154,          0
 29285,    89,   99000000,   82857805,        0,  -16142195,          0
 29285,    90,   99000000,   79893679,        0,  -19106321,          0
 29285,    91,   99000000,   79325515,        0,  -19674485,          0
 29285,    92,   99000000,   79258724,        0,  -19741276,          0
 29285,    93,   99000000,   82779688,        0,  -16220312,          0
 29285,    94,   99000000,   80899415,        0,  -18100585,          0
 29285,    95,   99000000,   83800239,        0,  -15199761,          0
 29285,    96,   99000000,   79329155,        0,  -19670845,          0
 29285,    97,   99000000,   81800420,        0,  -17199580,          0
 29285,    98,   99000000,   80856895,        0,  -18143105,          0
 29285,    99,   99000000,   80182110,        0,  -18817890,          0
 29285,   100,   99000000,   79861966,        0,  -19138034,          0
 29285,   101,   99000000,   79333149,        0,  -19666851,          0
 29285,   102,   99000000,   81923780,        0,  -17076220,          0
 29285,   103,   99000000,   80832393,        0,  -18167607,          0
 29285,   104,   99000000,   85060580,        0,  -13939420,          0
 29285,   105,   99000000,   79659107,        0,  -19340893,          0
# task NAME=myapp PID=29289 COST=10092000 PERIOD=63000000 CPU=0
 29289,     2,   63000000,      15739,        0,  -62984261,          0
 29289,     3,   63000000,      58588,        0,  -62941412,          0
 29289,     4,   63000000,   10923379,        0,  -52076621,          0
 29289,     5,   63000000,   11134951,        0,  -51865049,          0
 29289,     6,   63000000,    9908161,        0,  -53091839,          0
 29289,     7,   63000000,    9900443,        0,  -53099557,          0
 29289,     8,   63000000,   11873730,        0,  -51126270,          0
 29289,     9,   63000000,   11932833,        0,  -51067167,          0
 29289,    10,   63000000,   10719805,        0,  -52280195,          0
 29289,    11,   63000000,   13132878,        0,  -49867122,          0
 29289,    12,   63000000,   12304531,        0,  -50695469,          0
 29289,    13,   63000000,   11142661,        0,  -51857339,          0
 29289,    14,   63000000,   12620426,        0,  -50379574,          0
 29289,    15,   63000000,   10334095,        0,  -52665905,          0
 29289,    16,   63000000,   12219385,        0,  -50780615,          0
 29289,    17,   63000000,   10655253,        0,  -52344747,          0
 29289,    18,   63000000,    9955114,        0,  -53044886,          0
 29289,    19,   63000000,   11054933,        0,  -51945067,          0
 29289,    20,   63000000,    9938818,        0,  -53061182,          0
 29289,    21,   63000000,    9904054,        0,  -53095946,          0
 29289,    22,   63000000,   12428062,        0,  -50571938,          0
 29289,    23,   63000000,   13047153,        0,  -49952847,          0
 29289,    24,   63000000,   10780371,        0,  -52219629,          0
 29289,    25,   63000000,   14027192,        0,  -48972808,          0
 29289,    26,   63000000,   10342511,        0,  -52657489,          0
 29289,    27,   63000000,    9958620,        0,  -53041380,          0
 29289,    28,   63000000,   11565164,        0,  -51434836,          0
 29289,    29,   63000000,   11967278,        0,  -51032722,          0
 29289,    30,   63000000,    9946305,        0,  -53053695,          0
 29289,    31,   63000000,   10079044,        0,  -52920956,          0
 29289,    32,   63000000,    9925196,        0,  -53074804,          0
 29289,    33,   63000000,   10839439,        0,  -52160561,          0
 29289,    34,   63000000,    9939947,        0,  -53060053,          0
 29289,    35,   63000000,    9922975,        0,  -53077025,          0
 29289,    36,   63000000,   11504601,        0,  -51495399,          0
 29289,    37,   63000000,   11029295,        0,  -51970705,          0
 29289,    38,   63000000,    9994637,        0,  -53005363,          0
 29289,    39,   63000000,   10983745,        0,  -52016255,          0
 29289,    40,   63000000,   12856192,        0,  -50143808,          0
 29289,    41,   63000000,    9980654,        0,  -53019346,          0
 29289,    42,   63000000,   10053581,        0,  -52946419,          0
 29289,    43,   63000000,   11788840,        0,  -51211160,          0
 29289,    44,   63000000,    9916663,        0,  -53083337,          0
 29289,    45,   63000000,   12099026,        0,  -50900974,          0
 29289,    46,   63000000,    9926109,        0,  -53073891,          0
 29289,    47,   63000000,    9919438,        0,  -53080562,          0
 29289,    48,   63000000,   10003559,        0,  -52996441,          0
 29289,    49,   63000000,   10483751,        0,  -52516249,          0
 29289,    50,   63000000,    9890511,        0,  -53109489,          0
 29289,    51,   63000000,   13897667,        0,  -49102333,          0
 29289,    52,   63000000,   10629945,        0,  -52370055,          0
 29289,    53,   63000000,    9900468,        0,  -53099532,          0
 29289,    54,   63000000,   12294516,        0,  -50705484,          0
 29289,    55,   63000000,   10098751,        0,  -52901249,          0
 29289,    56,   63000000,   12645775,        0,  -50354225,          0
 29289,    57,   63000000,   11616267,        0,  -51383733,          0
 29289,    58,   63000000,    9962374,        0,  -53037626,          0
 29289,    59,   63000000,    9953894,        0,  -53046106,          0
 29289,    60,   63000000,    9898364,        0,  -53101636,          0
 29289,    61,   63000000,    9900074,        0,  -53099926,          0
 29289,    62,   63000000,   11815182,        0,  -51184818,          0
 29289,    63,   63000000,   12784187,        0,  -50215813,          0
 29289,    64,   63000000,    9958934,        0,  -53041066,          0
 29289,    65,   63000000,   11610761,        0,  -51389239,          0
 29289,    66,   63000000,   11714165,        0,  -51285835,          0
 29289,    67,   63000000,    9895756,        0,  -53104244,          0
 29289,    68,   63000000,   14072194,        0,  -48927806,          0
 29289,    69,   63000000,    9904360,        0,  -53095640,          0
 29289,    70,   63000000,    9975832,        0,  -53024168,          0
 29289,    71,   63000000,   12156975,        0,  -50843025,          0
 29289,    72,   63000000,    9890057,        0,  -53109943,          0
 29289,    73,   63000000,   10062673,        0,  -52937327,          0
 29289,    74,   63000000,   10978828,        0,  -52021172,          0
 29289,    75,   63000000,    9968347,        0,  -53031653,          0
 29289,    76,   63000000,   10605296,        0,  -52394704,          0
 29289,    77,   63000000,   11832101,        0,  -51167899,          0
 29289,    78,   63000000,   10413714,        0,  -52586286,          0
 29289,    79,   63000000,   11938363,        0,  -51061637,          0
 29289,    80,   63000000,   10602031,        0,  -52397969,          0
 29289,    81,   63000000,   10490962,        0,  -52509038,          0
 29289,    82,   63000000,   13033485,        0,  -49966515,          0
 29289,    83,   63000000,    9902404,        0,  -53097596,          0
 29289,    84,   63000000,   10099436,        0,  -52900564,          0
 29289,    85,   63000000,   12946470,        0,  -50053530,          0
 29289,    86,   63000000,    9995078,        0,  -53004922,          0
 29289,    87,   63000000,    9896938,        0,  -53103062,          0
 29289,    88,   63000000,   10089713,        0,  -52910287,          0
 29289,    89,   63000000,    9947335,        0,  -53052665,          0
 29289,    90,   63000000,   10031724,        0,  -52968276,          0
 29289,    91,   63000000,   12115718,        0,  -50884282,          0
 29289,    92,   63000000,   10058636,        0,  -52941364,          0
 29289,    93,   63000000,   12264834,        0,  -50735166,          0
 29289,    94,   63000000,    9891818,        0,  -53108182,          0
 29289,    95,   63000000,   10323481,        0,  -52676519,          0
 29289,    96,   63000000,   13821347,        0,  -49178653,          0
 29289,    97,   63000000,   10605847,        0,  -52394153,          0
 29289,    98,   63000000,   10046634,        0,  -52953366,          0
 29289,    99,   63000000,   11256958,        0,  -51743042,          0
 29289,   100,   63000000,    9956569,        0,  -53043431,          0
 29289,   101,   63000000,   10195937,        0,  -52804063,          0
 29289,   102,   63000000,   10949195,        0,  -52050805,          0
 29289,   103,   63000000,   10364866,        0,  -52635134,          0
 29289,   104,   63000000,   10924833,        0,  -52075167,          0
 29289,   105,   63000000,   11269535,        0,  -51730465,          0
 29289,   106,   63000000,    9896297,        0,  -53103703,          0
 29289,   107,   63000000,   10176801,        0,  -52823199,          0
 29289,   108,   63000000,    9905373,        0,  -53094627,          0
 29289,   109,   63000000,   10419148,        0,  -52580852,          0
 29289,   110,   63000000,    9896494,        0,  -53103506,          0
 29289,   111,   63000000,   12334755,        0,  -50665245,          0
 29289,   112,   63000000,    9977906,        0,  -53022094,          0
 29289,   113,   63000000,   10264598,        0,  -52735402,          0
 29289,   114,   63000000,   10034939,        0,  -52965061,          0
 29289,   115,   63000000,    9955129,        0,  -53044871,          0
 29289,   116,   63000000,    9993935,        0,  -53006065,          0
 29289,   117,   63000000,   10050870,        0,  -52949130,          0
 29289,   118,   63000000,    9946816,        0,  -53053184,          0
 29289,   119,   63000000,   11514936,        0,  -51485064,          0
 29289,   120,   63000000,   10211542,        0,  -52788458,          0
 29289,   121,   63000000,   10109191,        0,  -52890809,          0
 29289,   122,   63000000,   13991313,        0,  -49008687,          0
 29289,   123,   63000000,   10985117,        0,  -52014883,          0
 29289,   124,   63000000,    9916811,        0,  -53083189,          0
 29289,   125,   63000000,   13056341,        0,  -49943659,          0
 29289,   126,   63000000,    9959767,        0,  -53040233,          0
 29289,   127,   63000000,    9986651,        0,  -53013349,          0
 29289,   128,   63000000,   10331411,        0,  -52668589,          0
 29289,   129,   63000000,    9921349,        0,  -53078651,          0
 29289,   130,   63000000,    9899429,        0,  -53100571,          0
 29289,   131,   63000000,   11580858,        0,  -51419142,          0
 29289,   132,   63000000,    9964407,        0,  -53035593,          0
 29289,   133,   63000000,   12089799,        0,  -50910201,          0
 29289,   134,   63000000,   11972223,        0,  -51027777,          0
 29289,   135,   63000000,    9982941,        0,  -53017059,          0
 29289,   136,   63000000,   11494107,        0,  -51505893,          0
 29289,   137,   63000000,   13045521,        0,  -49954479,          0
 29289,   138,   63000000,    9970023,        0,  -53029977,          0
 29289,   139,   63000000,   12541654,        0,  -50458346,          0
 29289,   140,   63000000,   10616144,        0,  -52383856,          0
 29289,   141,   63000000,    9944537,        0,  -53055463,          0
 29289,   142,   63000000,   12680305,        0,  -50319695,          0
 29289,   143,   63000000,    9936127,        0,  -53063873,          0
 29289,   144,   63000000,   10194284,        0,  -52805716,          0
 29289,   145,   63000000,   13755460,        0,  -49244540,          0
 29289,   146,   63000000,   10737655,        0,  -52262345,          0
 29289,   147,   63000000,   10495240,        0,  -52504760,          0
 29289,   148,   63000000,   12140834,        0,  -50859166,          0
 29289,   149,   63000000,    9953974,        0,  -53046026,          0
 29289,   150,   63000000,    9940424,        0,  -53059576,          0
 29289,   151,   63000000,   14086897,        0,  -48913103,          0
 29289,   152,   63000000,    9923649,        0,  -53076351,          0
 29289,   153,   63000000,   12034988,        0,  -50965012,          0
 29289,   154,   63000000,   10632449,        0,  -52367551,          0
 29289,   155,   63000000,    9941245,        0,  -53058755,          0
 29289,   156,   63000000,    9968456,        0,  -53031544,          0
 29289,   157,   63000000,    9977128,        0,  -53022872,          0
 29289,   158,   63000000,    9920280,        0,  -53079720,          0
 29289,   159,   63000000,   12705261,        0,  -50294739,          0
 29289,   160,   63000000,    9925296,        0,  -53074704,          0
 29289,   161,   63000000,   10003750,        0,  -52996250,          0
 29289,   162,   63000000,   13297871,        0,  -49702129,          0
