# Task,   Job,     Period,   Response, DL Miss?,   Lateness,  Tardiness
# task NAME=myapp PID=25324 COST=12752000 PERIOD=42000000 CPU=0
 25324,     2,   42000000,       8313,        0,  -41991687,          0
 25324,     3,   42000000,      80618,        0,  -41919382,          0
 25324,     4,   42000000,   13544248,        0,  -28455752,          0
 25324,     5,   42000000,   12811463,        0,  -29188537,          0
 25324,     6,   42000000,   12549020,        0,  -29450980,          0
 25324,     7,   42000000,   12573437,        0,  -29426563,          0
 25324,     8,   42000000,   12522546,        0,  -29477454,          0
 25324,     9,   42000000,   12495717,        0,  -29504283,          0
 25324,    10,   42000000,   12517019,        0,  -29482981,          0
 25324,    11,   42000000,   12567324,        0,  -29432676,          0
 25324,    12,   42000000,   12529450,        0,  -29470550,          0
 25324,    13,   42000000,   12592912,        0,  -29407088,          0
 25324,    14,   42000000,   12518212,        0,  -29481788,          0
 25324,    15,   42000000,   12501730,        0,  -29498270,          0
 25324,    16,   42000000,   12490806,        0,  -29509194,          0
 25324,    17,   42000000,   12504101,        0,  -29495899,          0
 25324,    18,   42000000,   12514974,        0,  -29485026,          0
 25324,    19,   42000000,   12584384,        0,  -29415616,          0
 25324,    20,   42000000,   12515979,        0,  -29484021,          0
 25324,    21,   42000000,   12525824,        0,  -29474176,          0
 25324,    22,   42000000,   12572857,        0,  -29427143,          0
 25324,    23,   42000000,   12569695,        0,  -29430305,          0
 25324,    24,   42000000,   12577693,        0,  -29422307,          0
 25324,    25,   42000000,   15097436,        0,  -26902564,          0
 25324,    26,   42000000,   12511222,        0,  -29488778,          0
 25324,    27,   42000000,   12510790,        0,  -29489210,          0
 25324,    28,   42000000,   12512799,        0,  -29487201,          0
 25324,    29,   42000000,   12498244,        0,  -29501756,          0
 25324,    30,   42000000,   12551010,        0,  -29448990,          0
 25324,    31,   42000000,   12522181,        0,  -29477819,          0
 25324,    32,   42000000,   12504066,        0,  -29495934,          0
 25324,    33,   42000000,   12506709,        0,  -29493291,          0
 25324,    34,   42000000,   12508836,        0,  -29491164,          0
 25324,    35,   42000000,   12502851,        0,  -29497149,          0
 25324,    36,   42000000,   12578612,        0,  -29421388,          0
 25324,    37,   42000000,   12512559,        0,  -29487441,          0
 25324,    38,   42000000,   12530194,        0,  -29469806,          0
 25324,    39,   42000000,   12574553,        0,  -29425447,          0
 25324,    40,   42000000,   12509536,        0,  -29490464,          0
 25324,    41,   42000000,   12547076,        0,  -29452924,          0
 25324,    42,   42000000,   12535751,        0,  -29464249,          0
 25324,    43,   42000000,   12531730,        0,  -29468270,          0
 25324,    44,   42000000,   12500353,        0,  -29499647,          0
 25324,    45,   42000000,   12536123,        0,  -29463877,          0
 25324,    46,   42000000,   12513970,        0,  -29486030,          0
 25324,    47,   42000000,   13692810,        0,  -28307190,          0
 25324,    48,   42000000,   12520338,        0,  -29479662,          0
 25324,    49,   42000000,   12562890,        0,  -29437110,          0
 25324,    50,   42000000,   12494439,        0,  -29505561,          0
 25324,    51,   42000000,   12515028,        0,  -29484972,          0
 25324,    52,   42000000,   12552227,        0,  -29447773,          0
 25324,    53,   42000000,   12497383,        0,  -29502617,          0
 25324,    54,   42000000,   12512358,        0,  -29487642,          0
 25324,    55,   42000000,   12494505,        0,  -29505495,          0
 25324,    56,   42000000,   12552871,        0,  -29447129,          0
 25324,    57,   42000000,   12534254,        0,  -29465746,          0
 25324,    58,   42000000,   12879681,        0,  -29120319,          0
 25324,    59,   42000000,   12502876,        0,  -29497124,          0
 25324,    60,   42000000,   12572024,        0,  -29427976,          0
 25324,    61,   42000000,   12526744,        0,  -29473256,          0
 25324,    62,   42000000,   12544600,        0,  -29455400,          0
 25324,    63,   42000000,   12505562,        0,  -29494438,          0
 25324,    64,   42000000,   13618881,        0,  -28381119,          0
 25324,    65,   42000000,   12561668,        0,  -29438332,          0
 25324,    66,   42000000,   12550688,        0,  -29449312,          0
 25324,    67,   42000000,   12535672,        0,  -29464328,          0
 25324,    68,   42000000,   12509936,        0,  -29490064,          0
 25324,    69,   42000000,   12636157,        0,  -29363843,          0
 25324,    70,   42000000,   12500006,        0,  -29499994,          0
 25324,    71,   42000000,   12733659,        0,  -29266341,          0
 25324,    72,   42000000,   12490059,        0,  -29509941,          0
 25324,    73,   42000000,   12502552,        0,  -29497448,          0
 25324,    74,   42000000,   12564468,        0,  -29435532,          0
 25324,    75,   42000000,   12556310,        0,  -29443690,          0
 25324,    76,   42000000,   12512101,        0,  -29487899,          0
 25324,    77,   42000000,   12531887,        0,  -29468113,          0
 25324,    78,   42000000,   12578796,        0,  -29421204,          0
 25324,    79,   42000000,   12522568,        0,  -29477432,          0
 25324,    80,   42000000,   12517191,        0,  -29482809,          0
 25324,    81,   42000000,   12835724,        0,  -29164276,          0
 25324,    82,   42000000,   12508990,        0,  -29491010,          0
 25324,    83,   42000000,   12542002,        0,  -29457998,          0
 25324,    84,   42000000,   12522563,        0,  -29477437,          0
 25324,    85,   42000000,   12524850,        0,  -29475150,          0
 25324,    86,   42000000,   12493162,        0,  -29506838,          0
 25324,    87,   42000000,   12510248,        0,  -29489752,          0
 25324,    88,   42000000,   12537903,        0,  -29462097,          0
 25324,    89,   42000000,   12514134,        0,  -29485866,          0
 25324,    90,   42000000,   12531360,        0,  -29468640,          0
 25324,    91,   42000000,   12703459,        0,  -29296541,          0
 25324,    92,   42000000,   12542286,        0,  -29457714,          0
 25324,    93,   42000000,   12495723,        0,  -29504277,          0
 25324,    94,   42000000,   12502779,        0,  -29497221,          0
 25324,    95,   42000000,   12500457,        0,  -29499543,          0
 25324,    96,   42000000,   12521957,        0,  -29478043,          0
 25324,    97,   42000000,   12774325,        0,  -29225675,          0
 25324,    98,   42000000,   12537475,        0,  -29462525,          0
 25324,    99,   42000000,   12511609,        0,  -29488391,          0
 25324,   100,   42000000,   12788852,        0,  -29211148,          0
 25324,   101,   42000000,   12636422,        0,  -29363578,          0
 25324,   102,   42000000,   12547468,        0,  -29452532,          0
 25324,   103,   42000000,   12779480,        0,  -29220520,          0
 25324,   104,   42000000,   12865311,        0,  -29134689,          0
 25324,   105,   42000000,   12559355,        0,  -29440645,          0
 25324,   106,   42000000,   13052644,        0,  -28947356,          0
 25324,   107,   42000000,   12537682,        0,  -29462318,          0
 25324,   108,   42000000,   12494581,        0,  -29505419,          0
 25324,   109,   42000000,   12779186,        0,  -29220814,          0
 25324,   110,   42000000,   12509016,        0,  -29490984,          0
 25324,   111,   42000000,   12543728,        0,  -29456272,          0
 25324,   112,   42000000,   12799703,        0,  -29200297,          0
 25324,   113,   42000000,   12504339,        0,  -29495661,          0
 25324,   114,   42000000,   12513072,        0,  -29486928,          0
 25324,   115,   42000000,   12819216,        0,  -29180784,          0
 25324,   116,   42000000,   12622441,        0,  -29377559,          0
 25324,   117,   42000000,   12527932,        0,  -29472068,          0
 25324,   118,   42000000,   12921592,        0,  -29078408,          0
 25324,   119,   42000000,   12569530,        0,  -29430470,          0
 25324,   120,   42000000,   12539430,        0,  -29460570,          0
 25324,   121,   42000000,   12789063,        0,  -29210937,          0
 25324,   122,   42000000,   12542889,        0,  -29457111,          0
 25324,   123,   42000000,   12519647,        0,  -29480353,          0
 25324,   124,   42000000,   12788583,        0,  -29211417,          0
 25324,   125,   42000000,   12569959,        0,  -29430041,          0
 25324,   126,   42000000,   12535746,        0,  -29464254,          0
 25324,   127,   42000000,   12822932,        0,  -29177068,          0
 25324,   128,   42000000,   12514749,        0,  -29485251,          0
 25324,   129,   42000000,   12527179,        0,  -29472821,          0
 25324,   130,   42000000,   12857015,        0,  -29142985,          0
 25324,   131,   42000000,   12535288,        0,  -29464712,          0
 25324,   132,   42000000,   12507024,        0,  -29492976,          0
 25324,   133,   42000000,   12549727,        0,  -29450273,          0
 25324,   134,   42000000,   12504789,        0,  -29495211,          0
 25324,   135,   42000000,   12624286,        0,  -29375714,          0
 25324,   136,   42000000,   12555653,        0,  -29444347,          0
 25324,   137,   42000000,   12587650,        0,  -29412350,          0
 25324,   138,   42000000,   12652877,        0,  -29347123,          0
 25324,   139,   42000000,   12505822,        0,  -29494178,          0
 25324,   140,   42000000,   12489661,        0,  -29510339,          0
 25324,   141,   42000000,   12530946,        0,  -29469054,          0
 25324,   142,   42000000,   12568753,        0,  -29431247,          0
 25324,   143,   42000000,   12561095,        0,  -29438905,          0
 25324,   144,   42000000,   12516775,        0,  -29483225,          0
 25324,   145,   42000000,   12519703,        0,  -29480297,          0
 25324,   146,   42000000,   12504258,        0,  -29495742,          0
 25324,   147,   42000000,   12547873,        0,  -29452127,          0
 25324,   148,   42000000,   12492689,        0,  -29507311,          0
 25324,   149,   42000000,   12905434,        0,  -29094566,          0
 25324,   150,   42000000,   12521922,        0,  -29478078,          0
 25324,   151,   42000000,   12515357,        0,  -29484643,          0
 25324,   152,   42000000,   12496480,        0,  -29503520,          0
 25324,   153,   42000000,   12494595,        0,  -29505405,          0
 25324,   154,   42000000,   12505458,        0,  -29494542,          0
 25324,   155,   42000000,   12502868,        0,  -29497132,          0
 25324,   156,   42000000,   12530232,        0,  -29469768,          0
 25324,   157,   42000000,   12574378,        0,  -29425622,          0
 25324,   158,   42000000,   12512827,        0,  -29487173,          0
 25324,   159,   42000000,   12533235,        0,  -29466765,          0
 25324,   160,   42000000,   12571896,        0,  -29428104,          0
 25324,   161,   42000000,   12528607,        0,  -29471393,          0
 25324,   162,   42000000,   12654870,        0,  -29345130,          0
 25324,   163,   42000000,   12554762,        0,  -29445238,          0
 25324,   164,   42000000,   12536011,        0,  -29463989,          0
 25324,   165,   42000000,   12687843,        0,  -29312157,          0
 25324,   166,   42000000,   12537600,        0,  -29462400,          0
 25324,   167,   42000000,   12537826,        0,  -29462174,          0
 25324,   168,   42000000,   12610337,        0,  -29389663,          0
 25324,   169,   42000000,   12514613,        0,  -29485387,          0
 25324,   170,   42000000,   12519330,        0,  -29480670,          0
 25324,   171,   42000000,   12499089,        0,  -29500911,          0
 25324,   172,   42000000,   12799177,        0,  -29200823,          0
 25324,   173,   42000000,   12561414,        0,  -29438586,          0
 25324,   174,   42000000,   12575475,        0,  -29424525,          0
 25324,   175,   42000000,   12526791,        0,  -29473209,          0
 25324,   176,   42000000,   12508074,        0,  -29491926,          0
 25324,   177,   42000000,   13118461,        0,  -28881539,          0
 25324,   178,   42000000,   12496194,        0,  -29503806,          0
 25324,   179,   42000000,   12556772,        0,  -29443228,          0
 25324,   180,   42000000,   12512412,        0,  -29487588,          0
 25324,   181,   42000000,   12520466,        0,  -29479534,          0
 25324,   182,   42000000,   12518351,        0,  -29481649,          0
 25324,   183,   42000000,   12579207,        0,  -29420793,          0
 25324,   184,   42000000,   12557172,        0,  -29442828,          0
 25324,   185,   42000000,   12536009,        0,  -29463991,          0
 25324,   186,   42000000,   12489836,        0,  -29510164,          0
 25324,   187,   42000000,   12507139,        0,  -29492861,          0
 25324,   188,   42000000,   12530644,        0,  -29469356,          0
 25324,   189,   42000000,   14098266,        0,  -27901734,          0
 25324,   190,   42000000,   12553216,        0,  -29446784,          0
 25324,   191,   42000000,   12500811,        0,  -29499189,          0
 25324,   192,   42000000,   12529457,        0,  -29470543,          0
 25324,   193,   42000000,   12533638,        0,  -29466362,          0
 25324,   194,   42000000,   12529239,        0,  -29470761,          0
 25324,   195,   42000000,   12559917,        0,  -29440083,          0
 25324,   196,   42000000,   12639848,        0,  -29360152,          0
 25324,   197,   42000000,   12494377,        0,  -29505623,          0
 25324,   198,   42000000,   12572924,        0,  -29427076,          0
 25324,   199,   42000000,   12489977,        0,  -29510023,          0
 25324,   200,   42000000,   12531910,        0,  -29468090,          0
 25324,   201,   42000000,   12513309,        0,  -29486691,          0
 25324,   202,   42000000,   12599417,        0,  -29400583,          0
 25324,   203,   42000000,   12564333,        0,  -29435667,          0
 25324,   204,   42000000,   12665328,        0,  -29334672,          0
 25324,   205,   42000000,   12504179,        0,  -29495821,          0
 25324,   206,   42000000,   12529745,        0,  -29470255,          0
 25324,   207,   42000000,   12529781,        0,  -29470219,          0
 25324,   208,   42000000,   12490180,        0,  -29509820,          0
 25324,   209,   42000000,   12532817,        0,  -29467183,          0
 25324,   210,   42000000,   12551644,        0,  -29448356,          0
 25324,   211,   42000000,   12521668,        0,  -29478332,          0
 25324,   212,   42000000,   12499140,        0,  -29500860,          0
 25324,   213,   42000000,   12512156,        0,  -29487844,          0
 25324,   214,   42000000,   12544679,        0,  -29455321,          0
 25324,   215,   42000000,   12502785,        0,  -29497215,          0
 25324,   216,   42000000,   12568775,        0,  -29431225,          0
 25324,   217,   42000000,   12536796,        0,  -29463204,          0
 25324,   218,   42000000,   12513112,        0,  -29486888,          0
 25324,   219,   42000000,   12533608,        0,  -29466392,          0
 25324,   220,   42000000,   12526667,        0,  -29473333,          0
 25324,   221,   42000000,   12579852,        0,  -29420148,          0
 25324,   222,   42000000,   12803625,        0,  -29196375,          0
 25324,   223,   42000000,   12503801,        0,  -29496199,          0
 25324,   224,   42000000,   12526466,        0,  -29473534,          0
 25324,   225,   42000000,   12822804,        0,  -29177196,          0
 25324,   226,   42000000,   12556843,        0,  -29443157,          0
 25324,   227,   42000000,   12520733,        0,  -29479267,          0
 25324,   228,   42000000,   12872290,        0,  -29127710,          0
 25324,   229,   42000000,   13570001,        0,  -28429999,          0
 25324,   230,   42000000,   12500222,        0,  -29499778,          0
 25324,   231,   42000000,   12826143,        0,  -29173857,          0
 25324,   232,   42000000,   12501634,        0,  -29498366,          0
 25324,   233,   42000000,   12561672,        0,  -29438328,          0
 25324,   234,   42000000,   12795736,        0,  -29204264,          0
 25324,   235,   42000000,   12540917,        0,  -29459083,          0
 25324,   236,   42000000,   12524317,        0,  -29475683,          0
 25324,   237,   42000000,   12904021,        0,  -29095979,          0
 25324,   238,   42000000,   12627653,        0,  -29372347,          0
 25324,   239,   42000000,   12488214,        0,  -29511786,          0
 25324,   240,   42000000,   12811728,        0,  -29188272,          0
 25324,   241,   42000000,   12580846,        0,  -29419154,          0
 25324,   242,   42000000,   12507516,        0,  -29492484,          0
# task NAME=myapp PID=25327 COST=17714000 PERIOD=51000000 CPU=0
 25327,     2,   51000000,       8643,        0,  -50991357,          0
 25327,     3,   51000000,     105052,        0,  -50894948,          0
 25327,     4,   51000000,   18388860,        0,  -32611140,          0
 25327,     5,   51000000,   17383342,        0,  -33616658,          0
 25327,     6,   51000000,   17360807,        0,  -33639193,          0
 25327,     7,   51000000,   17646241,        0,  -33353759,          0
 25327,     8,   51000000,   17391284,        0,  -33608716,          0
 25327,     9,   51000000,   17552838,        0,  -33447162,          0
 25327,    10,   51000000,   17432294,        0,  -33567706,          0
 25327,    11,   51000000,   17355538,        0,  -33644462,          0
 25327,    12,   51000000,   17653092,        0,  -33346908,          0
 25327,    13,   51000000,   17368891,        0,  -33631109,          0
 25327,    14,   51000000,   17373279,        0,  -33626721,          0
 25327,    15,   51000000,   17348807,        0,  -33651193,          0
 25327,    16,   51000000,   17561574,        0,  -33438426,          0
 25327,    17,   51000000,   17385749,        0,  -33614251,          0
 25327,    18,   51000000,   17465711,        0,  -33534289,          0
 25327,    19,   51000000,   17361188,        0,  -33638812,          0
 25327,    20,   51000000,   17365731,        0,  -33634269,          0
 25327,    21,   51000000,   17360890,        0,  -33639110,          0
 25327,    22,   51000000,   17403124,        0,  -33596876,          0
 25327,    23,   51000000,   17374226,        0,  -33625774,          0
 25327,    24,   51000000,   17628568,        0,  -33371432,          0
 25327,    25,   51000000,   17357010,        0,  -33642990,          0
 25327,    26,   51000000,   17420661,        0,  -33579339,          0
 25327,    27,   51000000,   17366230,        0,  -33633770,          0
 25327,    28,   51000000,   17371204,        0,  -33628796,          0
 25327,    29,   51000000,   17662137,        0,  -33337863,          0
 25327,    30,   51000000,   17377522,        0,  -33622478,          0
 25327,    31,   51000000,   17379096,        0,  -33620904,          0
 25327,    32,   51000000,   17357345,        0,  -33642655,          0
 25327,    33,   51000000,   17486970,        0,  -33513030,          0
 25327,    34,   51000000,   17638244,        0,  -33361756,          0
 25327,    35,   51000000,   17371810,        0,  -33628190,          0
 25327,    36,   51000000,   17380841,        0,  -33619159,          0
 25327,    37,   51000000,   17393619,        0,  -33606381,          0
 25327,    38,   51000000,   17423226,        0,  -33576774,          0
 25327,    39,   51000000,   17447269,        0,  -33552731,          0
 25327,    40,   51000000,   17386170,        0,  -33613830,          0
 25327,    41,   51000000,   17389837,        0,  -33610163,          0
 25327,    42,   51000000,   17346643,        0,  -33653357,          0
 25327,    43,   51000000,   17355755,        0,  -33644245,          0
 25327,    44,   51000000,   17428743,        0,  -33571257,          0
 25327,    45,   51000000,   17402272,        0,  -33597728,          0
 25327,    46,   51000000,   17746649,        0,  -33253351,          0
 25327,    47,   51000000,   17365229,        0,  -33634771,          0
 25327,    48,   51000000,   17386032,        0,  -33613968,          0
 25327,    49,   51000000,   17426182,        0,  -33573818,          0
 25327,    50,   51000000,   17362393,        0,  -33637607,          0
 25327,    51,   51000000,   17695225,        0,  -33304775,          0
 25327,    52,   51000000,   17359683,        0,  -33640317,          0
 25327,    53,   51000000,   17357254,        0,  -33642746,          0
 25327,    54,   51000000,   17378057,        0,  -33621943,          0
 25327,    55,   51000000,   17394912,        0,  -33605088,          0
 25327,    56,   51000000,   17632991,        0,  -33367009,          0
 25327,    57,   51000000,   17420553,        0,  -33579447,          0
 25327,    58,   51000000,   17422847,        0,  -33577153,          0
 25327,    59,   51000000,   18985783,        0,  -32014217,          0
 25327,    60,   51000000,   17372418,        0,  -33627582,          0
 25327,    61,   51000000,   17636016,        0,  -33363984,          0
 25327,    62,   51000000,   17353436,        0,  -33646564,          0
 25327,    63,   51000000,   17391959,        0,  -33608041,          0
 25327,    64,   51000000,   17416811,        0,  -33583189,          0
 25327,    65,   51000000,   17349932,        0,  -33650068,          0
 25327,    66,   51000000,   17369505,        0,  -33630495,          0
 25327,    67,   51000000,   17440971,        0,  -33559029,          0
 25327,    68,   51000000,   17365566,        0,  -33634434,          0
 25327,    69,   51000000,   17383712,        0,  -33616288,          0
 25327,    70,   51000000,   17411867,        0,  -33588133,          0
 25327,    71,   51000000,   17380755,        0,  -33619245,          0
 25327,    72,   51000000,   17377995,        0,  -33622005,          0
 25327,    73,   51000000,   17670830,        0,  -33329170,          0
 25327,    74,   51000000,   17398480,        0,  -33601520,          0
 25327,    75,   51000000,   17455015,        0,  -33544985,          0
 25327,    76,   51000000,   17358940,        0,  -33641060,          0
 25327,    77,   51000000,   17377388,        0,  -33622612,          0
 25327,    78,   51000000,   17646250,        0,  -33353750,          0
 25327,    79,   51000000,   17508162,        0,  -33491838,          0
 25327,    80,   51000000,   17419398,        0,  -33580602,          0
 25327,    81,   51000000,   17354296,        0,  -33645704,          0
 25327,    82,   51000000,   17447754,        0,  -33552246,          0
 25327,    83,   51000000,   17646067,        0,  -33353933,          0
 25327,    84,   51000000,   17347032,        0,  -33652968,          0
 25327,    85,   51000000,   17369353,        0,  -33630647,          0
 25327,    86,   51000000,   17382087,        0,  -33617913,          0
 25327,    87,   51000000,   17381143,        0,  -33618857,          0
 25327,    88,   51000000,   18739907,        0,  -32260093,          0
 25327,    89,   51000000,   17350419,        0,  -33649581,          0
 25327,    90,   51000000,   17365730,        0,  -33634270,          0
 25327,    91,   51000000,   17366205,        0,  -33633795,          0
 25327,    92,   51000000,   17360789,        0,  -33639211,          0
 25327,    93,   51000000,   17355282,        0,  -33644718,          0
 25327,    94,   51000000,   17346976,        0,  -33653024,          0
 25327,    95,   51000000,   17385954,        0,  -33614046,          0
 25327,    96,   51000000,   17396223,        0,  -33603777,          0
 25327,    97,   51000000,   17456001,        0,  -33543999,          0
 25327,    98,   51000000,   17447591,        0,  -33552409,          0
 25327,    99,   51000000,   17435814,        0,  -33564186,          0
 25327,   100,   51000000,   17654475,        0,  -33345525,          0
 25327,   101,   51000000,   17440710,        0,  -33559290,          0
 25327,   102,   51000000,   17365211,        0,  -33634789,          0
 25327,   103,   51000000,   17351008,        0,  -33648992,          0
 25327,   104,   51000000,   17445123,        0,  -33554877,          0
 25327,   105,   51000000,   17757004,        0,  -33242996,          0
 25327,   106,   51000000,   20176347,        0,  -30823653,          0
 25327,   107,   51000000,   17453783,        0,  -33546217,          0
 25327,   108,   51000000,   17352072,        0,  -33647928,          0
 25327,   109,   51000000,   17357264,        0,  -33642736,          0
 25327,   110,   51000000,   17681722,        0,  -33318278,          0
 25327,   111,   51000000,   17368215,        0,  -33631785,          0
 25327,   112,   51000000,   17453666,        0,  -33546334,          0
 25327,   113,   51000000,   17379548,        0,  -33620452,          0
 25327,   114,   51000000,   17388897,        0,  -33611103,          0
 25327,   115,   51000000,   17371803,        0,  -33628197,          0
 25327,   116,   51000000,   17359246,        0,  -33640754,          0
 25327,   117,   51000000,   17390625,        0,  -33609375,          0
 25327,   118,   51000000,   17441071,        0,  -33558929,          0
 25327,   119,   51000000,   17405992,        0,  -33594008,          0
 25327,   120,   51000000,   17408410,        0,  -33591590,          0
 25327,   121,   51000000,   17362387,        0,  -33637613,          0
 25327,   122,   51000000,   17658594,        0,  -33341406,          0
 25327,   123,   51000000,   17369370,        0,  -33630630,          0
 25327,   124,   51000000,   17393818,        0,  -33606182,          0
 25327,   125,   51000000,   17384787,        0,  -33615213,          0
 25327,   126,   51000000,   17412499,        0,  -33587501,          0
 25327,   127,   51000000,   17612985,        0,  -33387015,          0
 25327,   128,   51000000,   17361587,        0,  -33638413,          0
 25327,   129,   51000000,   17410866,        0,  -33589134,          0
 25327,   130,   51000000,   17375657,        0,  -33624343,          0
 25327,   131,   51000000,   17373705,        0,  -33626295,          0
 25327,   132,   51000000,   18272423,        0,  -32727577,          0
 25327,   133,   51000000,   17367326,        0,  -33632674,          0
 25327,   134,   51000000,   17398857,        0,  -33601143,          0
 25327,   135,   51000000,   17418007,        0,  -33581993,          0
 25327,   136,   51000000,   17387842,        0,  -33612158,          0
 25327,   137,   51000000,   17696410,        0,  -33303590,          0
 25327,   138,   51000000,   17435522,        0,  -33564478,          0
 25327,   139,   51000000,   17385712,        0,  -33614288,          0
 25327,   140,   51000000,   17352453,        0,  -33647547,          0
 25327,   141,   51000000,   17365366,        0,  -33634634,          0
 25327,   142,   51000000,   17372219,        0,  -33627781,          0
 25327,   143,   51000000,   17437289,        0,  -33562711,          0
 25327,   144,   51000000,   17385200,        0,  -33614800,          0
 25327,   145,   51000000,   17354906,        0,  -33645094,          0
 25327,   146,   51000000,   17368012,        0,  -33631988,          0
 25327,   147,   51000000,   17386336,        0,  -33613664,          0
 25327,   148,   51000000,   17356036,        0,  -33643964,          0
 25327,   149,   51000000,   17673327,        0,  -33326673,          0
 25327,   150,   51000000,   17348747,        0,  -33651253,          0
 25327,   151,   51000000,   17407066,        0,  -33592934,          0
 25327,   152,   51000000,   17372616,        0,  -33627384,          0
 25327,   153,   51000000,   17393560,        0,  -33606440,          0
 25327,   154,   51000000,   17660652,        0,  -33339348,          0
 25327,   155,   51000000,   17456299,        0,  -33543701,          0
 25327,   156,   51000000,   17371270,        0,  -33628730,          0
 25327,   157,   51000000,   17413023,        0,  -33586977,          0
 25327,   158,   51000000,   17393537,        0,  -33606463,          0
 25327,   159,   51000000,   17673899,        0,  -33326101,          0
 25327,   160,   51000000,   17363342,        0,  -33636658,          0
 25327,   161,   51000000,   17362998,        0,  -33637002,          0
 25327,   162,   51000000,   18410527,        0,  -32589473,          0
 25327,   163,   51000000,   17347568,        0,  -33652432,          0
 25327,   164,   51000000,   17360982,        0,  -33639018,          0
 25327,   165,   51000000,   17373759,        0,  -33626241,          0
 25327,   166,   51000000,   17380433,        0,  -33619567,          0
 25327,   167,   51000000,   17390495,        0,  -33609505,          0
 25327,   168,   51000000,   17448130,        0,  -33551870,          0
 25327,   169,   51000000,   17518998,        0,  -33481002,          0
 25327,   170,   51000000,   17350599,        0,  -33649401,          0
 25327,   171,   51000000,   17687781,        0,  -33312219,          0
 25327,   172,   51000000,   17369041,        0,  -33630959,          0
 25327,   173,   51000000,   17458032,        0,  -33541968,          0
 25327,   174,   51000000,   17346822,        0,  -33653178,          0
 25327,   175,   51000000,   17452649,        0,  -33547351,          0
 25327,   176,   51000000,   17652993,        0,  -33347007,          0
 25327,   177,   51000000,   17346610,        0,  -33653390,          0
 25327,   178,   51000000,   17380656,        0,  -33619344,          0
 25327,   179,   51000000,   17355079,        0,  -33644921,          0
 25327,   180,   51000000,   17364283,        0,  -33635717,          0
 25327,   181,   51000000,   17649392,        0,  -33350608,          0
 25327,   182,   51000000,   17371615,        0,  -33628385,          0
 25327,   183,   51000000,   17402248,        0,  -33597752,          0
 25327,   184,   51000000,   17381598,        0,  -33618402,          0
 25327,   185,   51000000,   17374854,        0,  -33625146,          0
 25327,   186,   51000000,   17641074,        0,  -33358926,          0
 25327,   187,   51000000,   17370458,        0,  -33629542,          0
 25327,   188,   51000000,   17361198,        0,  -33638802,          0
 25327,   189,   51000000,   17464646,        0,  -33535354,          0
 25327,   190,   51000000,   17396076,        0,  -33603924,          0
 25327,   191,   51000000,   17384609,        0,  -33615391,          0
 25327,   192,   51000000,   17362475,        0,  -33637525,          0
 25327,   193,   51000000,   17354613,        0,  -33645387,          0
 25327,   194,   51000000,   17464434,        0,  -33535566,          0
 25327,   195,   51000000,   17395411,        0,  -33604589,          0
 25327,   196,   51000000,   17367960,        0,  -33632040,          0
 25327,   197,   51000000,   17374037,        0,  -33625963,          0
 25327,   198,   51000000,   17780820,        0,  -33219180,          0
 25327,   199,   51000000,   17471115,        0,  -33528885,          0
 25327,   200,   51000000,   17482791,        0,  -33517209,          0
# task NAME=myapp PID=25331 COST=9088000 PERIOD=71000000 CPU=0
 25331,     2,   71000000,       8644,        0,  -70991356,          0
 25331,     3,   71000000,     108426,        0,  -70891574,          0
 25331,     4,   71000000,    9945127,        0,  -61054873,          0
 25331,     5,   71000000,    8909090,        0,  -62090910,          0
 25331,     6,   71000000,    8919032,        0,  -62080968,          0
 25331,     7,   71000000,    9013813,        0,  -61986187,          0
 25331,     8,   71000000,    8949987,        0,  -62050013,          0
 25331,     9,   71000000,    8924990,        0,  -62075010,          0
 25331,    10,   71000000,    9088882,        0,  -61911118,          0
 25331,    11,   71000000,    8952356,        0,  -62047644,          0
 25331,    12,   71000000,    8939735,        0,  -62060265,          0
 25331,    13,   71000000,    8935760,        0,  -62064240,          0
 25331,    14,   71000000,    8973170,        0,  -62026830,          0
 25331,    15,   71000000,    8946331,        0,  -62053669,          0
 25331,    16,   71000000,   10547670,        0,  -60452330,          0
 25331,    17,   71000000,    8929450,        0,  -62070550,          0
 25331,    18,   71000000,    8914884,        0,  -62085116,          0
 25331,    19,   71000000,    9013801,        0,  -61986199,          0
 25331,    20,   71000000,    9227136,        0,  -61772864,          0
 25331,    21,   71000000,    8979163,        0,  -62020837,          0
 25331,    22,   71000000,    9023767,        0,  -61976233,          0
 25331,    23,   71000000,    8912480,        0,  -62087520,          0
 25331,    24,   71000000,    9039807,        0,  -61960193,          0
 25331,    25,   71000000,    8947949,        0,  -62052051,          0
 25331,    26,   71000000,    8920132,        0,  -62079868,          0
 25331,    27,   71000000,    9203570,        0,  -61796430,          0
 25331,    28,   71000000,    8936892,        0,  -62063108,          0
 25331,    29,   71000000,    8992355,        0,  -62007645,          0
 25331,    30,   71000000,    8899571,        0,  -62100429,          0
 25331,    31,   71000000,    8956106,        0,  -62043894,          0
 25331,    32,   71000000,    8915286,        0,  -62084714,          0
 25331,    33,   71000000,    8986341,        0,  -62013659,          0
 25331,    34,   71000000,    9249600,        0,  -61750400,          0
 25331,    35,   71000000,    8951247,        0,  -62048753,          0
 25331,    36,   71000000,    8928943,        0,  -62071057,          0
 25331,    37,   71000000,    9129417,        0,  -61870583,          0
 25331,    38,   71000000,    8971213,        0,  -62028787,          0
 25331,    39,   71000000,    8967585,        0,  -62032415,          0
 25331,    40,   71000000,    8947179,        0,  -62052821,          0
 25331,    41,   71000000,    8927846,        0,  -62072154,          0
 25331,    42,   71000000,    8978232,        0,  -62021768,          0
 25331,    43,   71000000,    8928014,        0,  -62071986,          0
 25331,    44,   71000000,    8917373,        0,  -62082627,          0
 25331,    45,   71000000,    8938438,        0,  -62061562,          0
 25331,    46,   71000000,    8968434,        0,  -62031566,          0
 25331,    47,   71000000,    8939063,        0,  -62060937,          0
 25331,    48,   71000000,    8934593,        0,  -62065407,          0
 25331,    49,   71000000,    8927589,        0,  -62072411,          0
 25331,    50,   71000000,    8966264,        0,  -62033736,          0
 25331,    51,   71000000,    9122000,        0,  -61878000,          0
 25331,    52,   71000000,    8992686,        0,  -62007314,          0
 25331,    53,   71000000,    8945348,        0,  -62054652,          0
 25331,    54,   71000000,    8971350,        0,  -62028650,          0
 25331,    55,   71000000,    8913302,        0,  -62086698,          0
 25331,    56,   71000000,    8907952,        0,  -62092048,          0
 25331,    57,   71000000,    9268081,        0,  -61731919,          0
 25331,    58,   71000000,    8923284,        0,  -62076716,          0
 25331,    59,   71000000,    8942283,        0,  -62057717,          0
 25331,    60,   71000000,    8915084,        0,  -62084916,          0
 25331,    61,   71000000,    8957433,        0,  -62042567,          0
 25331,    62,   71000000,    8923098,        0,  -62076902,          0
 25331,    63,   71000000,    8935458,        0,  -62064542,          0
 25331,    64,   71000000,   10499078,        0,  -60500922,          0
 25331,    65,   71000000,    8927643,        0,  -62072357,          0
 25331,    66,   71000000,    8913229,        0,  -62086771,          0
 25331,    67,   71000000,    8915870,        0,  -62084130,          0
 25331,    68,   71000000,    9163705,        0,  -61836295,          0
 25331,    69,   71000000,    8964404,        0,  -62035596,          0
 25331,    70,   71000000,    8999323,        0,  -62000677,          0
 25331,    71,   71000000,    9214761,        0,  -61785239,          0
 25331,    72,   71000000,   10096804,        0,  -60903196,          0
 25331,    73,   71000000,    8919616,        0,  -62080384,          0
 25331,    74,   71000000,    8919904,        0,  -62080096,          0
 25331,    75,   71000000,    8945403,        0,  -62054597,          0
 25331,    76,   71000000,    8955255,        0,  -62044745,          0
 25331,    77,   71000000,   10808777,        0,  -60191223,          0
 25331,    78,   71000000,    8944976,        0,  -62055024,          0
 25331,    79,   71000000,    8933991,        0,  -62066009,          0
 25331,    80,   71000000,    8937351,        0,  -62062649,          0
 25331,    81,   71000000,    8957674,        0,  -62042326,          0
 25331,    82,   71000000,    8928666,        0,  -62071334,          0
 25331,    83,   71000000,    8928834,        0,  -62071166,          0
 25331,    84,   71000000,    8925475,        0,  -62074525,          0
 25331,    85,   71000000,    8967599,        0,  -62032401,          0
 25331,    86,   71000000,    8921663,        0,  -62078337,          0
 25331,    87,   71000000,    8991096,        0,  -62008904,          0
 25331,    88,   71000000,    8948045,        0,  -62051955,          0
 25331,    89,   71000000,    8926242,        0,  -62073758,          0
 25331,    90,   71000000,   10983467,        0,  -60016533,          0
 25331,    91,   71000000,    8937887,        0,  -62062113,          0
 25331,    92,   71000000,    8912846,        0,  -62087154,          0
 25331,    93,   71000000,    8987450,        0,  -62012550,          0
 25331,    94,   71000000,    8949733,        0,  -62050267,          0
 25331,    95,   71000000,    8969011,        0,  -62030989,          0
 25331,    96,   71000000,    8925166,        0,  -62074834,          0
 25331,    97,   71000000,    9016714,        0,  -61983286,          0
 25331,    98,   71000000,    8956815,        0,  -62043185,          0
 25331,    99,   71000000,    9011631,        0,  -61988369,          0
 25331,   100,   71000000,    8977946,        0,  -62022054,          0
 25331,   101,   71000000,    9238463,        0,  -61761537,          0
 25331,   102,   71000000,    8906684,        0,  -62093316,          0
 25331,   103,   71000000,    9991308,        0,  -61008692,          0
 25331,   104,   71000000,    8952793,        0,  -62047207,          0
 25331,   105,   71000000,    8994483,        0,  -62005517,          0
 25331,   106,   71000000,    8950736,        0,  -62049264,          0
 25331,   107,   71000000,    8932649,        0,  -62067351,          0
 25331,   108,   71000000,    9355563,        0,  -61644437,          0
 25331,   109,   71000000,    9021824,        0,  -61978176,          0
 25331,   110,   71000000,    9016298,        0,  -61983702,          0
 25331,   111,   71000000,    8941658,        0,  -62058342,          0
 25331,   112,   71000000,    8995473,        0,  -62004527,          0
 25331,   113,   71000000,    8944746,        0,  -62055254,          0
 25331,   114,   71000000,    8906662,        0,  -62093338,          0
 25331,   115,   71000000,    9222877,        0,  -61777123,          0
 25331,   116,   71000000,    8921334,        0,  -62078666,          0
 25331,   117,   71000000,    8952960,        0,  -62047040,          0
 25331,   118,   71000000,    8923064,        0,  -62076936,          0
 25331,   119,   71000000,    9001487,        0,  -61998513,          0
 25331,   120,   71000000,    8933007,        0,  -62066993,          0
 25331,   121,   71000000,    8937729,        0,  -62062271,          0
 25331,   122,   71000000,    8938922,        0,  -62061078,          0
 25331,   123,   71000000,    8962100,        0,  -62037900,          0
 25331,   124,   71000000,    8910763,        0,  -62089237,          0
 25331,   125,   71000000,    8923790,        0,  -62076210,          0
 25331,   126,   71000000,    8934752,        0,  -62065248,          0
 25331,   127,   71000000,    9016194,        0,  -61983806,          0
 25331,   128,   71000000,    9105420,        0,  -61894580,          0
 25331,   129,   71000000,    8975082,        0,  -62024918,          0
 25331,   130,   71000000,    8951450,        0,  -62048550,          0
 25331,   131,   71000000,    9022417,        0,  -61977583,          0
 25331,   132,   71000000,    8916302,        0,  -62083698,          0
 25331,   133,   71000000,    8950418,        0,  -62049582,          0
 25331,   134,   71000000,    8990774,        0,  -62009226,          0
 25331,   135,   71000000,    8934822,        0,  -62065178,          0
 25331,   136,   71000000,    8938467,        0,  -62061533,          0
 25331,   137,   71000000,    8934234,        0,  -62065766,          0
 25331,   138,   71000000,    9043209,        0,  -61956791,          0
 25331,   139,   71000000,    8902482,        0,  -62097518,          0
 25331,   140,   71000000,    8914515,        0,  -62085485,          0
 25331,   141,   71000000,    8957479,        0,  -62042521,          0
 25331,   142,   71000000,    9087601,        0,  -61912399,          0
 25331,   143,   71000000,    8937670,        0,  -62062330,          0
 25331,   144,   71000000,    8925253,        0,  -62074747,          0
# task NAME=myapp PID=25335 COST=33147000 PERIOD=92000000 CPU=0
 25335,     2,   92000000,       9437,        0,  -91990563,          0
 25335,     3,   92000000,      90243,        0,  -91909757,          0
 25335,     4,   92000000,   33498770,        0,  -58501230,          0
 25335,     5,   92000000,   32753724,        0,  -59246276,          0
 25335,     6,   92000000,   32468771,        0,  -59531229,          0
 25335,     7,   92000000,   32576986,        0,  -59423014,          0
 25335,     8,   92000000,   32583083,        0,  -59416917,          0
 25335,     9,   92000000,   32728500,        0,  -59271500,          0
 25335,    10,   92000000,   32460277,        0,  -59539723,          0
 25335,    11,   92000000,   32457431,        0,  -59542569,          0
 25335,    12,   92000000,   32766708,        0,  -59233292,          0
 25335,    13,   92000000,   32479962,        0,  -59520038,          0
 25335,    14,   92000000,   32473377,        0,  -59526623,          0
 25335,    15,   92000000,   32483902,        0,  -59516098,          0
 25335,    16,   92000000,   32731474,        0,  -59268526,          0
 25335,    17,   92000000,   32448982,        0,  -59551018,          0
 25335,    18,   92000000,   32448378,        0,  -59551622,          0
 25335,    19,   92000000,   32463679,        0,  -59536321,          0
 25335,    20,   92000000,   32796410,        0,  -59203590,          0
 25335,    21,   92000000,   32559458,        0,  -59440542,          0
 25335,    22,   92000000,   32767048,        0,  -59232952,          0
 25335,    23,   92000000,   32490542,        0,  -59509458,          0
 25335,    24,   92000000,   32827292,        0,  -59172708,          0
 25335,    25,   92000000,   32462063,        0,  -59537937,          0
 25335,    26,   92000000,   32489393,        0,  -59510607,          0
 25335,    27,   92000000,   33522103,        0,  -58477897,          0
 25335,    28,   92000000,   32487742,        0,  -59512258,          0
 25335,    29,   92000000,   32485288,        0,  -59514712,          0
 25335,    30,   92000000,   32484938,        0,  -59515062,          0
 25335,    31,   92000000,   32714230,        0,  -59285770,          0
 25335,    32,   92000000,   32579257,        0,  -59420743,          0
 25335,    33,   92000000,   32459300,        0,  -59540700,          0
 25335,    34,   92000000,   32496883,        0,  -59503117,          0
 25335,    35,   92000000,   32864466,        0,  -59135534,          0
 25335,    36,   92000000,   32481986,        0,  -59518014,          0
 25335,    37,   92000000,   32463923,        0,  -59536077,          0
 25335,    38,   92000000,   32472797,        0,  -59527203,          0
 25335,    39,   92000000,   32886921,        0,  -59113079,          0
 25335,    40,   92000000,   32582312,        0,  -59417688,          0
 25335,    41,   92000000,   32473852,        0,  -59526148,          0
 25335,    42,   92000000,   32464323,        0,  -59535677,          0
 25335,    43,   92000000,   32749539,        0,  -59250461,          0
 25335,    44,   92000000,   32482279,        0,  -59517721,          0
 25335,    45,   92000000,   32600190,        0,  -59399810,          0
 25335,    46,   92000000,   32929408,        0,  -59070592,          0
 25335,    47,   92000000,   32587831,        0,  -59412169,          0
 25335,    48,   92000000,   32537990,        0,  -59462010,          0
 25335,    49,   92000000,   32598243,        0,  -59401757,          0
 25335,    50,   92000000,   33086518,        0,  -58913482,          0
 25335,    51,   92000000,   32480502,        0,  -59519498,          0
 25335,    52,   92000000,   32461053,        0,  -59538947,          0
 25335,    53,   92000000,   33534128,        0,  -58465872,          0
 25335,    54,   92000000,   32755742,        0,  -59244258,          0
 25335,    55,   92000000,   32548707,        0,  -59451293,          0
 25335,    56,   92000000,   32494598,        0,  -59505402,          0
 25335,    57,   92000000,   32462748,        0,  -59537252,          0
 25335,    58,   92000000,   32749335,        0,  -59250665,          0
 25335,    59,   92000000,   32487704,        0,  -59512296,          0
 25335,    60,   92000000,   34664409,        0,  -57335591,          0
 25335,    61,   92000000,   32485148,        0,  -59514852,          0
 25335,    62,   92000000,   32735337,        0,  -59264663,          0
 25335,    63,   92000000,   32460344,        0,  -59539656,          0
 25335,    64,   92000000,   32476197,        0,  -59523803,          0
 25335,    65,   92000000,   32743816,        0,  -59256184,          0
 25335,    66,   92000000,   32482704,        0,  -59517296,          0
 25335,    67,   92000000,   32492080,        0,  -59507920,          0
 25335,    68,   92000000,   32472042,        0,  -59527958,          0
 25335,    69,   92000000,   32780810,        0,  -59219190,          0
 25335,    70,   92000000,   32497176,        0,  -59502824,          0
 25335,    71,   92000000,   32476837,        0,  -59523163,          0
 25335,    72,   92000000,   32474475,        0,  -59525525,          0
 25335,    73,   92000000,   32721466,        0,  -59278534,          0
 25335,    74,   92000000,   32514457,        0,  -59485543,          0
 25335,    75,   92000000,   32507692,        0,  -59492308,          0
 25335,    76,   92000000,   32485124,        0,  -59514876,          0
 25335,    77,   92000000,   32806754,        0,  -59193246,          0
 25335,    78,   92000000,   32440754,        0,  -59559246,          0
 25335,    79,   92000000,   32591932,        0,  -59408068,          0
 25335,    80,   92000000,   32792880,        0,  -59207120,          0
 25335,    81,   92000000,   32457590,        0,  -59542410,          0
 25335,    82,   92000000,   32468008,        0,  -59531992,          0
 25335,    83,   92000000,   32470192,        0,  -59529808,          0
 25335,    84,   92000000,   32791881,        0,  -59208119,          0
 25335,    85,   92000000,   32504352,        0,  -59495648,          0
 25335,    86,   92000000,   32594099,        0,  -59405901,          0
 25335,    87,   92000000,   32484507,        0,  -59515493,          0
 25335,    88,   92000000,   32827713,        0,  -59172287,          0
 25335,    89,   92000000,   32518727,        0,  -59481273,          0
 25335,    90,   92000000,   32458975,        0,  -59541025,          0
 25335,    91,   92000000,   32465462,        0,  -59534538,          0
 25335,    92,   92000000,   32783875,        0,  -59216125,          0
 25335,    93,   92000000,   32474003,        0,  -59525997,          0
 25335,    94,   92000000,   32460847,        0,  -59539153,          0
 25335,    95,   92000000,   32470064,        0,  -59529936,          0
 25335,    96,   92000000,   32800053,        0,  -59199947,          0
 25335,    97,   92000000,   32540810,        0,  -59459190,          0
 25335,    98,   92000000,   32456896,        0,  -59543104,          0
 25335,    99,   92000000,   32747409,        0,  -59252591,          0
 25335,   100,   92000000,   32491473,        0,  -59508527,          0
 25335,   101,   92000000,   32467271,        0,  -59532729,          0
 25335,   102,   92000000,   32455573,        0,  -59544427,          0
 25335,   103,   92000000,   32853739,        0,  -59146261,          0
 25335,   104,   92000000,   32436953,        0,  -59563047,          0
 25335,   105,   92000000,   32533008,        0,  -59466992,          0
 25335,   106,   92000000,   32506505,        0,  -59493495,          0
 25335,   107,   92000000,   32974841,        0,  -59025159,          0
 25335,   108,   92000000,   32688148,        0,  -59311852,          0
 25335,   109,   92000000,   32538139,        0,  -59461861,          0
 25335,   110,   92000000,   33431378,        0,  -58568622,          0
 25335,   111,   92000000,   32745480,        0,  -59254520,          0
 25335,   112,   92000000,   32441883,        0,  -59558117,          0
# task NAME=myapp PID=25339 COST=19035000 PERIOD=73000000 CPU=0
 25339,     2,   73000000,      12183,        0,  -72987817,          0
 25339,     3,   73000000,     121672,        0,  -72878328,          0
 25339,     4,   73000000,   19949076,        0,  -53050924,          0
 25339,     5,   73000000,   18777704,        0,  -54222296,          0
 25339,     6,   73000000,   18658334,        0,  -54341666,          0
 25339,     7,   73000000,   18665453,        0,  -54334547,          0
 25339,     8,   73000000,   18644131,        0,  -54355869,          0
 25339,     9,   73000000,   18725823,        0,  -54274177,          0
 25339,    10,   73000000,   18692220,        0,  -54307780,          0
 25339,    11,   73000000,   18943351,        0,  -54056649,          0
 25339,    12,   73000000,   18646156,        0,  -54353844,          0
 25339,    13,   73000000,   18666349,        0,  -54333651,          0
 25339,    14,   73000000,   18693723,        0,  -54306277,          0
 25339,    15,   73000000,   18668308,        0,  -54331692,          0
 25339,    16,   73000000,   18946339,        0,  -54053661,          0
 25339,    17,   73000000,   18697059,        0,  -54302941,          0
 25339,    18,   73000000,   18647017,        0,  -54352983,          0
 25339,    19,   73000000,   18661431,        0,  -54338569,          0
 25339,    20,   73000000,   18707291,        0,  -54292709,          0
 25339,    21,   73000000,   18678017,        0,  -54321983,          0
 25339,    22,   73000000,   19771464,        0,  -53228536,          0
 25339,    23,   73000000,   18661657,        0,  -54338343,          0
 25339,    24,   73000000,   18698830,        0,  -54301170,          0
 25339,    25,   73000000,   18638103,        0,  -54361897,          0
 25339,    26,   73000000,   18685891,        0,  -54314109,          0
 25339,    27,   73000000,   18649176,        0,  -54350824,          0
 25339,    28,   73000000,   18919542,        0,  -54080458,          0
 25339,    29,   73000000,   18662045,        0,  -54337955,          0
 25339,    30,   73000000,   18641644,        0,  -54358356,          0
 25339,    31,   73000000,   19301158,        0,  -53698842,          0
 25339,    32,   73000000,   18654262,        0,  -54345738,          0
 25339,    33,   73000000,   18659450,        0,  -54340550,          0
 25339,    34,   73000000,   18664553,        0,  -54335447,          0
 25339,    35,   73000000,   18648655,        0,  -54351345,          0
 25339,    36,   73000000,   18725930,        0,  -54274070,          0
 25339,    37,   73000000,   18719111,        0,  -54280889,          0
 25339,    38,   73000000,   18647687,        0,  -54352313,          0
 25339,    39,   73000000,   18650152,        0,  -54349848,          0
 25339,    40,   73000000,   18931892,        0,  -54068108,          0
 25339,    41,   73000000,   18770490,        0,  -54229510,          0
 25339,    42,   73000000,   18731760,        0,  -54268240,          0
 25339,    43,   73000000,   18649745,        0,  -54350255,          0
 25339,    44,   73000000,   18678851,        0,  -54321149,          0
 25339,    45,   73000000,   18967329,        0,  -54032671,          0
 25339,    46,   73000000,   18706235,        0,  -54293765,          0
 25339,    47,   73000000,   18646071,        0,  -54353929,          0
 25339,    48,   73000000,   18737702,        0,  -54262298,          0
 25339,    49,   73000000,   18699974,        0,  -54300026,          0
 25339,    50,   73000000,   18917521,        0,  -54082479,          0
 25339,    51,   73000000,   18735110,        0,  -54264890,          0
 25339,    52,   73000000,   19026689,        0,  -53973311,          0
 25339,    53,   73000000,   18655068,        0,  -54344932,          0
 25339,    54,   73000000,   18671038,        0,  -54328962,          0
 25339,    55,   73000000,   18756428,        0,  -54243572,          0
 25339,    56,   73000000,   18727944,        0,  -54272056,          0
 25339,    57,   73000000,   18934453,        0,  -54065547,          0
 25339,    58,   73000000,   18665875,        0,  -54334125,          0
 25339,    59,   73000000,   18721182,        0,  -54278818,          0
 25339,    60,   73000000,   18731760,        0,  -54268240,          0
 25339,    61,   73000000,   18675552,        0,  -54324448,          0
 25339,    62,   73000000,   18719494,        0,  -54280506,          0
 25339,    63,   73000000,   18730225,        0,  -54269775,          0
 25339,    64,   73000000,   19019669,        0,  -53980331,          0
 25339,    65,   73000000,   18664106,        0,  -54335894,          0
 25339,    66,   73000000,   18643465,        0,  -54356535,          0
 25339,    67,   73000000,   18729419,        0,  -54270581,          0
 25339,    68,   73000000,   18672556,        0,  -54327444,          0
 25339,    69,   73000000,   19002409,        0,  -53997591,          0
 25339,    70,   73000000,   18682375,        0,  -54317625,          0
 25339,    71,   73000000,   18651485,        0,  -54348515,          0
 25339,    72,   73000000,   18663874,        0,  -54336126,          0
 25339,    73,   73000000,   18703933,        0,  -54296067,          0
 25339,    74,   73000000,   18689147,        0,  -54310853,          0
 25339,    75,   73000000,   22867138,        0,  -50132862,          0
 25339,    76,   73000000,   18923469,        0,  -54076531,          0
 25339,    77,   73000000,   18654910,        0,  -54345090,          0
 25339,    78,   73000000,   18628693,        0,  -54371307,          0
 25339,    79,   73000000,   18637748,        0,  -54362252,          0
 25339,    80,   73000000,   18662191,        0,  -54337809,          0
 25339,    81,   73000000,   19003649,        0,  -53996351,          0
 25339,    82,   73000000,   18656270,        0,  -54343730,          0
 25339,    83,   73000000,   18751758,        0,  -54248242,          0
 25339,    84,   73000000,   18653572,        0,  -54346428,          0
 25339,    85,   73000000,   18658437,        0,  -54341563,          0
 25339,    86,   73000000,   18677494,        0,  -54322506,          0
 25339,    87,   73000000,   18677046,        0,  -54322954,          0
 25339,    88,   73000000,   18935611,        0,  -54064389,          0
 25339,    89,   73000000,   18657551,        0,  -54342449,          0
 25339,    90,   73000000,   18646133,        0,  -54353867,          0
 25339,    91,   73000000,   18659149,        0,  -54340851,          0
 25339,    92,   73000000,   18636430,        0,  -54363570,          0
 25339,    93,   73000000,   18917625,        0,  -54082375,          0
 25339,    94,   73000000,   20686727,        0,  -52313273,          0
 25339,    95,   73000000,   18746514,        0,  -54253486,          0
 25339,    96,   73000000,   18643773,        0,  -54356227,          0
 25339,    97,   73000000,   18714119,        0,  -54285881,          0
 25339,    98,   73000000,   18761493,        0,  -54238507,          0
 25339,    99,   73000000,   18668738,        0,  -54331262,          0
 25339,   100,   73000000,   18940346,        0,  -54059654,          0
 25339,   101,   73000000,   18645789,        0,  -54354211,          0
 25339,   102,   73000000,   18684620,        0,  -54315380,          0
 25339,   103,   73000000,   18670837,        0,  -54329163,          0
 25339,   104,   73000000,   18665155,        0,  -54334845,          0
 25339,   105,   73000000,   19041789,        0,  -53958211,          0
 25339,   106,   73000000,   18653830,        0,  -54346170,          0
 25339,   107,   73000000,   18684573,        0,  -54315427,          0
 25339,   108,   73000000,   18803022,        0,  -54196978,          0
 25339,   109,   73000000,   19596574,        0,  -53403426,          0
 25339,   110,   73000000,   19680962,        0,  -53319038,          0
 25339,   111,   73000000,   18641818,        0,  -54358182,          0
 25339,   112,   73000000,   19004215,        0,  -53995785,          0
 25339,   113,   73000000,   18644904,        0,  -54355096,          0
 25339,   114,   73000000,   18678643,        0,  -54321357,          0
 25339,   115,   73000000,   18737653,        0,  -54262347,          0
 25339,   116,   73000000,   18661475,        0,  -54338525,          0
 25339,   117,   73000000,   19185393,        0,  -53814607,          0
 25339,   118,   73000000,   18667292,        0,  -54332708,          0
 25339,   119,   73000000,   18741279,        0,  -54258721,          0
 25339,   120,   73000000,   18657409,        0,  -54342591,          0
 25339,   121,   73000000,   18698241,        0,  -54301759,          0
 25339,   122,   73000000,   18677420,        0,  -54322580,          0
 25339,   123,   73000000,   18764231,        0,  -54235769,          0
 25339,   124,   73000000,   19025366,        0,  -53974634,          0
 25339,   125,   73000000,   18741626,        0,  -54258374,          0
 25339,   126,   73000000,   18681044,        0,  -54318956,          0
 25339,   127,   73000000,   18651309,        0,  -54348691,          0
 25339,   128,   73000000,   18714861,        0,  -54285139,          0
 25339,   129,   73000000,   18954280,        0,  -54045720,          0
 25339,   130,   73000000,   18730312,        0,  -54269688,          0
 25339,   131,   73000000,   18682031,        0,  -54317969,          0
 25339,   132,   73000000,   18645692,        0,  -54354308,          0
 25339,   133,   73000000,   18677274,        0,  -54322726,          0
 25339,   134,   73000000,   18684226,        0,  -54315774,          0
 25339,   135,   73000000,   18658456,        0,  -54341544,          0
 25339,   136,   73000000,   19036056,        0,  -53963944,          0
 25339,   137,   73000000,   18759900,        0,  -54240100,          0
 25339,   138,   73000000,   18759433,        0,  -54240567,          0
 25339,   139,   73000000,   18667977,        0,  -54332023,          0
 25339,   140,   73000000,   18658630,        0,  -54341370,          0
