# Task,   Job,     Period,   Response, DL Miss?,   Lateness,  Tardiness
# task NAME=myapp PID=7117 COST=49387000 PERIOD=90000000 CPU=0
  7117,     2,   90000000,       8629,        0,  -89991371,          0
  7117,     3,   90000000,      56554,        0,  -89943446,          0
  7117,     4,   90000000,   49777215,        0,  -40222785,          0
  7117,     5,   90000000,   48740287,        0,  -41259713,          0
  7117,     6,   90000000,   48500602,        0,  -41499398,          0
  7117,     7,   90000000,   48499950,        0,  -41500050,          0
  7117,     8,   90000000,   48760703,        0,  -41239297,          0
  7117,     9,   90000000,   48466751,        0,  -41533249,          0
  7117,    10,   90000000,   48465386,        0,  -41534614,          0
  7117,    11,   90000000,   48469899,        0,  -41530101,          0
  7117,    12,   90000000,   48759055,        0,  -41240945,          0
  7117,    13,   90000000,   48442307,        0,  -41557693,          0
  7117,    14,   90000000,   48603020,        0,  -41396980,          0
  7117,    15,   90000000,   48762661,        0,  -41237339,          0
  7117,    16,   90000000,   48749355,        0,  -41250645,          0
  7117,    17,   90000000,   48442736,        0,  -41557264,          0
  7117,    18,   90000000,   48477996,        0,  -41522004,          0
  7117,    19,   90000000,   48740403,        0,  -41259597,          0
  7117,    20,   90000000,   48464811,        0,  -41535189,          0
  7117,    21,   90000000,   48464340,        0,  -41535660,          0
  7117,    22,   90000000,   48736247,        0,  -41263753,          0
  7117,    23,   90000000,   48726506,        0,  -41273494,          0
  7117,    24,   90000000,   48532805,        0,  -41467195,          0
  7117,    25,   90000000,   48563187,        0,  -41436813,          0
  7117,    26,   90000000,   48766944,        0,  -41233056,          0
  7117,    27,   90000000,   48476727,        0,  -41523273,          0
  7117,    28,   90000000,   48456481,        0,  -41543519,          0
  7117,    29,   90000000,   48637917,        0,  -41362083,          0
  7117,    30,   90000000,   48778343,        0,  -41221657,          0
  7117,    31,   90000000,   48480375,        0,  -41519625,          0
  7117,    32,   90000000,   48477023,        0,  -41522977,          0
  7117,    33,   90000000,   48665833,        0,  -41334167,          0
  7117,    34,   90000000,   48445486,        0,  -41554514,          0
  7117,    35,   90000000,   48484477,        0,  -41515523,          0
  7117,    36,   90000000,   48482587,        0,  -41517413,          0
  7117,    37,   90000000,   48730657,        0,  -41269343,          0
  7117,    38,   90000000,   48448001,        0,  -41551999,          0
  7117,    39,   90000000,   48501986,        0,  -41498014,          0
  7117,    40,   90000000,   48746628,        0,  -41253372,          0
  7117,    41,   90000000,   48753868,        0,  -41246132,          0
  7117,    42,   90000000,   48550978,        0,  -41449022,          0
  7117,    43,   90000000,   48453620,        0,  -41546380,          0
  7117,    44,   90000000,   48720552,        0,  -41279448,          0
  7117,    45,   90000000,   48461339,        0,  -41538661,          0
  7117,    46,   90000000,   48475390,        0,  -41524610,          0
  7117,    47,   90000000,   48814440,        0,  -41185560,          0
  7117,    48,   90000000,   48769168,        0,  -41230832,          0
  7117,    49,   90000000,   48458934,        0,  -41541066,          0
  7117,    50,   90000000,   48488878,        0,  -41511122,          0
  7117,    51,   90000000,   48759707,        0,  -41240293,          0
  7117,    52,   90000000,   48463824,        0,  -41536176,          0
  7117,    53,   90000000,   48459570,        0,  -41540430,          0
  7117,    54,   90000000,   48774013,        0,  -41225987,          0
  7117,    55,   90000000,   48743316,        0,  -41256684,          0
  7117,    56,   90000000,   48454516,        0,  -41545484,          0
  7117,    57,   90000000,   48525537,        0,  -41474463,          0
  7117,    58,   90000000,   48762543,        0,  -41237457,          0
  7117,    59,   90000000,   48460482,        0,  -41539518,          0
  7117,    60,   90000000,   48482633,        0,  -41517367,          0
  7117,    61,   90000000,   48477278,        0,  -41522722,          0
  7117,    62,   90000000,   49025626,        0,  -40974374,          0
  7117,    63,   90000000,   48528552,        0,  -41471448,          0
  7117,    64,   90000000,   48490706,        0,  -41509294,          0
  7117,    65,   90000000,   48780055,        0,  -41219945,          0
  7117,    66,   90000000,   48752596,        0,  -41247404,          0
  7117,    67,   90000000,   48469940,        0,  -41530060,          0
  7117,    68,   90000000,   48479784,        0,  -41520216,          0
  7117,    69,   90000000,   48761932,        0,  -41238068,          0
  7117,    70,   90000000,   48469475,        0,  -41530525,          0
  7117,    71,   90000000,   48440673,        0,  -41559327,          0
  7117,    72,   90000000,   48785103,        0,  -41214897,          0
  7117,    73,   90000000,   48773431,        0,  -41226569,          0
  7117,    74,   90000000,   48481241,        0,  -41518759,          0
  7117,    75,   90000000,   48470730,        0,  -41529270,          0
  7117,    76,   90000000,   48762261,        0,  -41237739,          0
  7117,    77,   90000000,   48463886,        0,  -41536114,          0
  7117,    78,   90000000,   48464361,        0,  -41535639,          0
  7117,    79,   90000000,   48725196,        0,  -41274804,          0
  7117,    80,   90000000,   48820537,        0,  -41179463,          0
  7117,    81,   90000000,   48532859,        0,  -41467141,          0
  7117,    82,   90000000,   48437177,        0,  -41562823,          0
  7117,    83,   90000000,   48798903,        0,  -41201097,          0
  7117,    84,   90000000,   48476448,        0,  -41523552,          0
  7117,    85,   90000000,   48458628,        0,  -41541372,          0
  7117,    86,   90000000,   48469807,        0,  -41530193,          0
  7117,    87,   90000000,   48771501,        0,  -41228499,          0
  7117,    88,   90000000,   48460514,        0,  -41539486,          0
  7117,    89,   90000000,   48476589,        0,  -41523411,          0
  7117,    90,   90000000,   48818876,        0,  -41181124,          0
  7117,    91,   90000000,   48746303,        0,  -41253697,          0
  7117,    92,   90000000,   48542518,        0,  -41457482,          0
  7117,    93,   90000000,   48495601,        0,  -41504399,          0
  7117,    94,   90000000,   48730047,        0,  -41269953,          0
  7117,    95,   90000000,   48466082,        0,  -41533918,          0
  7117,    96,   90000000,   48496414,        0,  -41503586,          0
  7117,    97,   90000000,   48790780,        0,  -41209220,          0
  7117,    98,   90000000,   48763994,        0,  -41236006,          0
  7117,    99,   90000000,   48473913,        0,  -41526087,          0
  7117,   100,   90000000,   48463432,        0,  -41536568,          0
  7117,   101,   90000000,   48753561,        0,  -41246439,          0
  7117,   102,   90000000,   48480809,        0,  -41519191,          0
  7117,   103,   90000000,   48517179,        0,  -41482821,          0
  7117,   104,   90000000,   48749528,        0,  -41250472,          0
  7117,   105,   90000000,   48794285,        0,  -41205715,          0
  7117,   106,   90000000,   48494238,        0,  -41505762,          0
  7117,   107,   90000000,   48491044,        0,  -41508956,          0
  7117,   108,   90000000,   48754991,        0,  -41245009,          0
  7117,   109,   90000000,   48482067,        0,  -41517933,          0
  7117,   110,   90000000,   48455099,        0,  -41544901,          0
  7117,   111,   90000000,   48465971,        0,  -41534029,          0
  7117,   112,   90000000,   48753397,        0,  -41246603,          0
  7117,   113,   90000000,   48533349,        0,  -41466651,          0
  7117,   114,   90000000,   48547649,        0,  -41452351,          0
  7117,   115,   90000000,   48752974,        0,  -41247026,          0
# task NAME=myapp PID=7120 COST=19681000 PERIOD=22000000 CPU=0
  7120,     2,   22000000,       9216,        0,  -21990784,          0
  7120,     3,   22000000,      52859,        0,  -21947141,          0
  7120,     4,   22000000,   20470670,        0,   -1529330,          0
  7120,     5,   22000000,   19341952,        0,   -2658048,          0
  7120,     6,   22000000,   19302936,        0,   -2697064,          0
  7120,     7,   22000000,   19602330,        0,   -2397670,          0
  7120,     8,   22000000,   19331117,        0,   -2668883,          0
  7120,     9,   22000000,   19314604,        0,   -2685396,          0
  7120,    10,   22000000,   19325888,        0,   -2674112,          0
  7120,    11,   22000000,   19313900,        0,   -2686100,          0
  7120,    12,   22000000,   19595393,        0,   -2404607,          0
  7120,    13,   22000000,   19307627,        0,   -2692373,          0
  7120,    14,   22000000,   19344808,        0,   -2655192,          0
  7120,    15,   22000000,   19341593,        0,   -2658407,          0
  7120,    16,   22000000,   19335419,        0,   -2664581,          0
  7120,    17,   22000000,   19307580,        0,   -2692420,          0
  7120,    18,   22000000,   19582393,        0,   -2417607,          0
  7120,    19,   22000000,   19316815,        0,   -2683185,          0
  7120,    20,   22000000,   19321227,        0,   -2678773,          0
  7120,    21,   22000000,   19325920,        0,   -2674080,          0
  7120,    22,   22000000,   19314530,        0,   -2685470,          0
  7120,    23,   22000000,   19317973,        0,   -2682027,          0
  7120,    24,   22000000,   19607614,        0,   -2392386,          0
  7120,    25,   22000000,   19318554,        0,   -2681446,          0
  7120,    26,   22000000,   19343919,        0,   -2656081,          0
  7120,    27,   22000000,   19339702,        0,   -2660298,          0
  7120,    28,   22000000,   19317225,        0,   -2682775,          0
  7120,    29,   22000000,   19605393,        0,   -2394607,          0
  7120,    30,   22000000,   19374938,        0,   -2625062,          0
  7120,    31,   22000000,   19358374,        0,   -2641626,          0
  7120,    32,   22000000,   19336424,        0,   -2663576,          0
  7120,    33,   22000000,   19326098,        0,   -2673902,          0
  7120,    34,   22000000,   19325309,        0,   -2674691,          0
  7120,    35,   22000000,   19611295,        0,   -2388705,          0
  7120,    36,   22000000,   19337570,        0,   -2662430,          0
  7120,    37,   22000000,   19341472,        0,   -2658528,          0
  7120,    38,   22000000,   19326690,        0,   -2673310,          0
  7120,    39,   22000000,   19324383,        0,   -2675617,          0
  7120,    40,   22000000,   19343058,        0,   -2656942,          0
  7120,    41,   22000000,   19618064,        0,   -2381936,          0
  7120,    42,   22000000,   19327717,        0,   -2672283,          0
  7120,    43,   22000000,   19363225,        0,   -2636775,          0
  7120,    44,   22000000,   19338493,        0,   -2661507,          0
  7120,    45,   22000000,   19346084,        0,   -2653916,          0
  7120,    46,   22000000,   19328494,        0,   -2671506,          0
  7120,    47,   22000000,   19365086,        0,   -2634914,          0
  7120,    48,   22000000,   19368295,        0,   -2631705,          0
  7120,    49,   22000000,   19398196,        0,   -2601804,          0
  7120,    50,   22000000,   19298182,        0,   -2701818,          0
  7120,    51,   22000000,   19294961,        0,   -2705039,          0
  7120,    52,   22000000,   19634120,        0,   -2365880,          0
  7120,    53,   22000000,   19310772,        0,   -2689228,          0
  7120,    54,   22000000,   19311162,        0,   -2688838,          0
  7120,    55,   22000000,   19292817,        0,   -2707183,          0
  7120,    56,   22000000,   19309957,        0,   -2690043,          0
  7120,    57,   22000000,   19356655,        0,   -2643345,          0
  7120,    58,   22000000,   19626240,        0,   -2373760,          0
  7120,    59,   22000000,   19362895,        0,   -2637105,          0
  7120,    60,   22000000,   19329998,        0,   -2670002,          0
  7120,    61,   22000000,   19323611,        0,   -2676389,          0
  7120,    62,   22000000,   19328979,        0,   -2671021,          0
  7120,    63,   22000000,   19364857,        0,   -2635143,          0
  7120,    64,   22000000,   19359616,        0,   -2640384,          0
  7120,    65,   22000000,   19336836,        0,   -2663164,          0
  7120,    66,   22000000,   19337099,        0,   -2662901,          0
  7120,    67,   22000000,   19319113,        0,   -2680887,          0
  7120,    68,   22000000,   19366788,        0,   -2633212,          0
  7120,    69,   22000000,   19609938,        0,   -2390062,          0
  7120,    70,   22000000,   19335555,        0,   -2664445,          0
  7120,    71,   22000000,   19323461,        0,   -2676539,          0
  7120,    72,   22000000,   19333933,        0,   -2666067,          0
  7120,    73,   22000000,   19341225,        0,   -2658775,          0
  7120,    74,   22000000,   19332639,        0,   -2667361,          0
  7120,    75,   22000000,   19641191,        0,   -2358809,          0
  7120,    76,   22000000,   19319888,        0,   -2680112,          0
  7120,    77,   22000000,   19330765,        0,   -2669235,          0
  7120,    78,   22000000,   19335752,        0,   -2664248,          0
  7120,    79,   22000000,   19355989,        0,   -2644011,          0
  7120,    80,   22000000,   19367485,        0,   -2632515,          0
  7120,    81,   22000000,   19333411,        0,   -2666589,          0
  7120,    82,   22000000,   19338036,        0,   -2661964,          0
  7120,    83,   22000000,   19326814,        0,   -2673186,          0
  7120,    84,   22000000,   19361602,        0,   -2638398,          0
  7120,    85,   22000000,   19336952,        0,   -2663048,          0
  7120,    86,   22000000,   19596076,        0,   -2403924,          0
  7120,    87,   22000000,   19293460,        0,   -2706540,          0
  7120,    88,   22000000,   19291432,        0,   -2708568,          0
  7120,    89,   22000000,   19330564,        0,   -2669436,          0
  7120,    90,   22000000,   19326417,        0,   -2673583,          0
  7120,    91,   22000000,   19307543,        0,   -2692457,          0
  7120,    92,   22000000,   19570151,        0,   -2429849,          0
  7120,    93,   22000000,   19346269,        0,   -2653731,          0
  7120,    94,   22000000,   19337543,        0,   -2662457,          0
  7120,    95,   22000000,   19326970,        0,   -2673030,          0
  7120,    96,   22000000,   19361465,        0,   -2638535,          0
  7120,    97,   22000000,   19364237,        0,   -2635763,          0
  7120,    98,   22000000,   19615658,        0,   -2384342,          0
  7120,    99,   22000000,   19317252,        0,   -2682748,          0
  7120,   100,   22000000,   19329608,        0,   -2670392,          0
  7120,   101,   22000000,   19364789,        0,   -2635211,          0
  7120,   102,   22000000,   19335721,        0,   -2664279,          0
  7120,   103,   22000000,   19612633,        0,   -2387367,          0
  7120,   104,   22000000,   19329100,        0,   -2670900,          0
  7120,   105,   22000000,   19331351,        0,   -2668649,          0
  7120,   106,   22000000,   19340457,        0,   -2659543,          0
  7120,   107,   22000000,   19338120,        0,   -2661880,          0
  7120,   108,   22000000,   19357194,        0,   -2642806,          0
  7120,   109,   22000000,   19610118,        0,   -2389882,          0
  7120,   110,   22000000,   19325611,        0,   -2674389,          0
  7120,   111,   22000000,   19331010,        0,   -2668990,          0
  7120,   112,   22000000,   19335809,        0,   -2664191,          0
  7120,   113,   22000000,   19342596,        0,   -2657404,          0
  7120,   114,   22000000,   19323617,        0,   -2676383,          0
  7120,   115,   22000000,   19587685,        0,   -2412315,          0
  7120,   116,   22000000,   19303904,        0,   -2696096,          0
  7120,   117,   22000000,   19344796,        0,   -2655204,          0
  7120,   118,   22000000,   19319503,        0,   -2680497,          0
  7120,   119,   22000000,   19321442,        0,   -2678558,          0
  7120,   120,   22000000,   19570494,        0,   -2429506,          0
  7120,   121,   22000000,   19309910,        0,   -2690090,          0
  7120,   122,   22000000,   19325628,        0,   -2674372,          0
  7120,   123,   22000000,   19325495,        0,   -2674505,          0
  7120,   124,   22000000,   19313529,        0,   -2686471,          0
  7120,   125,   22000000,   19296048,        0,   -2703952,          0
  7120,   126,   22000000,   19601693,        0,   -2398307,          0
  7120,   127,   22000000,   19308066,        0,   -2691934,          0
  7120,   128,   22000000,   19330280,        0,   -2669720,          0
  7120,   129,   22000000,   19337466,        0,   -2662534,          0
  7120,   130,   22000000,   19315226,        0,   -2684774,          0
  7120,   131,   22000000,   19314623,        0,   -2685377,          0
  7120,   132,   22000000,   19567370,        0,   -2432630,          0
  7120,   133,   22000000,   19328325,        0,   -2671675,          0
  7120,   134,   22000000,   19327222,        0,   -2672778,          0
  7120,   135,   22000000,   19314530,        0,   -2685470,          0
  7120,   136,   22000000,   19301193,        0,   -2698807,          0
  7120,   137,   22000000,   19576734,        0,   -2423266,          0
  7120,   138,   22000000,   19359125,        0,   -2640875,          0
  7120,   139,   22000000,   19319441,        0,   -2680559,          0
  7120,   140,   22000000,   19384372,        0,   -2615628,          0
  7120,   141,   22000000,   19303331,        0,   -2696669,          0
  7120,   142,   22000000,   19325609,        0,   -2674391,          0
  7120,   143,   22000000,   19580006,        0,   -2419994,          0
  7120,   144,   22000000,   19302039,        0,   -2697961,          0
  7120,   145,   22000000,   19322773,        0,   -2677227,          0
  7120,   146,   22000000,   19306425,        0,   -2693575,          0
  7120,   147,   22000000,   19320449,        0,   -2679551,          0
  7120,   148,   22000000,   19306597,        0,   -2693403,          0
  7120,   149,   22000000,   19585257,        0,   -2414743,          0
  7120,   150,   22000000,   19350870,        0,   -2649130,          0
  7120,   151,   22000000,   19329179,        0,   -2670821,          0
  7120,   152,   22000000,   19310680,        0,   -2689320,          0
  7120,   153,   22000000,   19298658,        0,   -2701342,          0
  7120,   154,   22000000,   19598693,        0,   -2401307,          0
  7120,   155,   22000000,   19307843,        0,   -2692157,          0
  7120,   156,   22000000,   19328625,        0,   -2671375,          0
  7120,   157,   22000000,   19297039,        0,   -2702961,          0
  7120,   158,   22000000,   19302741,        0,   -2697259,          0
  7120,   159,   22000000,   19319209,        0,   -2680791,          0
  7120,   160,   22000000,   19582840,        0,   -2417160,          0
  7120,   161,   22000000,   19335153,        0,   -2664847,          0
  7120,   162,   22000000,   19325655,        0,   -2674345,          0
  7120,   163,   22000000,   19313778,        0,   -2686222,          0
  7120,   164,   22000000,   19385261,        0,   -2614739,          0
  7120,   165,   22000000,   19368800,        0,   -2631200,          0
  7120,   166,   22000000,   19592235,        0,   -2407765,          0
  7120,   167,   22000000,   19329917,        0,   -2670083,          0
  7120,   168,   22000000,   19334397,        0,   -2665603,          0
  7120,   169,   22000000,   19318107,        0,   -2681893,          0
  7120,   170,   22000000,   19337311,        0,   -2662689,          0
  7120,   171,   22000000,   19331438,        0,   -2668562,          0
  7120,   172,   22000000,   19333915,        0,   -2666085,          0
  7120,   173,   22000000,   19323629,        0,   -2676371,          0
  7120,   174,   22000000,   19328636,        0,   -2671364,          0
  7120,   175,   22000000,   19345914,        0,   -2654086,          0
  7120,   176,   22000000,   19333888,        0,   -2666112,          0
  7120,   177,   22000000,   19581158,        0,   -2418842,          0
  7120,   178,   22000000,   19351924,        0,   -2648076,          0
  7120,   179,   22000000,   19341007,        0,   -2658993,          0
  7120,   180,   22000000,   19331868,        0,   -2668132,          0
  7120,   181,   22000000,   19335606,        0,   -2664394,          0
  7120,   182,   22000000,   19365955,        0,   -2634045,          0
  7120,   183,   22000000,   19653791,        0,   -2346209,          0
  7120,   184,   22000000,   19315340,        0,   -2684660,          0
  7120,   185,   22000000,   19363974,        0,   -2636026,          0
  7120,   186,   22000000,   19307781,        0,   -2692219,          0
  7120,   187,   22000000,   19353298,        0,   -2646702,          0
  7120,   188,   22000000,   19314026,        0,   -2685974,          0
  7120,   189,   22000000,   19306986,        0,   -2693014,          0
  7120,   190,   22000000,   19302969,        0,   -2697031,          0
  7120,   191,   22000000,   19312482,        0,   -2687518,          0
  7120,   192,   22000000,   19350165,        0,   -2649835,          0
  7120,   193,   22000000,   19331944,        0,   -2668056,          0
  7120,   194,   22000000,   19637920,        0,   -2362080,          0
  7120,   195,   22000000,   19331254,        0,   -2668746,          0
  7120,   196,   22000000,   19330239,        0,   -2669761,          0
  7120,   197,   22000000,   19329881,        0,   -2670119,          0
  7120,   198,   22000000,   19359460,        0,   -2640540,          0
  7120,   199,   22000000,   19361736,        0,   -2638264,          0
  7120,   200,   22000000,   19613785,        0,   -2386215,          0
  7120,   201,   22000000,   19341910,        0,   -2658090,          0
  7120,   202,   22000000,   19321250,        0,   -2678750,          0
  7120,   203,   22000000,   19366446,        0,   -2633554,          0
  7120,   204,   22000000,   19333014,        0,   -2666986,          0
  7120,   205,   22000000,   19332850,        0,   -2667150,          0
  7120,   206,   22000000,   19352231,        0,   -2647769,          0
  7120,   207,   22000000,   19333968,        0,   -2666032,          0
  7120,   208,   22000000,   19337112,        0,   -2662888,          0
  7120,   209,   22000000,   19332007,        0,   -2667993,          0
  7120,   210,   22000000,   19361572,        0,   -2638428,          0
  7120,   211,   22000000,   19602234,        0,   -2397766,          0
  7120,   212,   22000000,   19333056,        0,   -2666944,          0
  7120,   213,   22000000,   19338327,        0,   -2661673,          0
  7120,   214,   22000000,   19365900,        0,   -2634100,          0
  7120,   215,   22000000,   19351649,        0,   -2648351,          0
  7120,   216,   22000000,   19333622,        0,   -2666378,          0
  7120,   217,   22000000,   19619783,        0,   -2380217,          0
  7120,   218,   22000000,   19329975,        0,   -2670025,          0
  7120,   219,   22000000,   19362913,        0,   -2637087,          0
  7120,   220,   22000000,   19326537,        0,   -2673463,          0
  7120,   221,   22000000,   19321498,        0,   -2678502,          0
  7120,   222,   22000000,   19305107,        0,   -2694893,          0
  7120,   223,   22000000,   19579101,        0,   -2420899,          0
  7120,   224,   22000000,   19325107,        0,   -2674893,          0
  7120,   225,   22000000,   19316557,        0,   -2683443,          0
  7120,   226,   22000000,   19306231,        0,   -2693769,          0
  7120,   227,   22000000,   19299881,        0,   -2700119,          0
  7120,   228,   22000000,   19631782,        0,   -2368218,          0
  7120,   229,   22000000,   19330956,        0,   -2669044,          0
  7120,   230,   22000000,   19329822,        0,   -2670178,          0
  7120,   231,   22000000,   19421049,        0,   -2578951,          0
  7120,   232,   22000000,   19370523,        0,   -2629477,          0
  7120,   233,   22000000,   19331305,        0,   -2668695,          0
  7120,   234,   22000000,   19610557,        0,   -2389443,          0
  7120,   235,   22000000,   19321824,        0,   -2678176,          0
  7120,   236,   22000000,   19365077,        0,   -2634923,          0
  7120,   237,   22000000,   19340941,        0,   -2659059,          0
  7120,   238,   22000000,   19332888,        0,   -2667112,          0
  7120,   239,   22000000,   19332733,        0,   -2667267,          0
  7120,   240,   22000000,   19619998,        0,   -2380002,          0
  7120,   241,   22000000,   19342722,        0,   -2657278,          0
  7120,   242,   22000000,   19340119,        0,   -2659881,          0
  7120,   243,   22000000,   19358684,        0,   -2641316,          0
  7120,   244,   22000000,   19339866,        0,   -2660134,          0
  7120,   245,   22000000,   19891152,        0,   -2108848,          0
  7120,   246,   22000000,   19337891,        0,   -2662109,          0
  7120,   247,   22000000,   19344716,        0,   -2655284,          0
  7120,   248,   22000000,   19338504,        0,   -2661496,          0
  7120,   249,   22000000,   19311582,        0,   -2688418,          0
  7120,   250,   22000000,   19315641,        0,   -2684359,          0
  7120,   251,   22000000,   19580509,        0,   -2419491,          0
  7120,   252,   22000000,   19350806,        0,   -2649194,          0
  7120,   253,   22000000,   19327874,        0,   -2672126,          0
  7120,   254,   22000000,   19319776,        0,   -2680224,          0
  7120,   255,   22000000,   19291044,        0,   -2708956,          0
  7120,   256,   22000000,   19297216,        0,   -2702784,          0
  7120,   257,   22000000,   19597861,        0,   -2402139,          0
  7120,   258,   22000000,   19321254,        0,   -2678746,          0
  7120,   259,   22000000,   19318641,        0,   -2681359,          0
  7120,   260,   22000000,   19296700,        0,   -2703300,          0
  7120,   261,   22000000,   19311385,        0,   -2688615,          0
  7120,   262,   22000000,   19598833,        0,   -2401167,          0
  7120,   263,   22000000,   19348195,        0,   -2651805,          0
  7120,   264,   22000000,   19343829,        0,   -2656171,          0
  7120,   265,   22000000,   19318792,        0,   -2681208,          0
  7120,   266,   22000000,   19316175,        0,   -2683825,          0
  7120,   267,   22000000,   19304660,        0,   -2695340,          0
  7120,   268,   22000000,   19615463,        0,   -2384537,          0
  7120,   269,   22000000,   19317135,        0,   -2682865,          0
  7120,   270,   22000000,   19315815,        0,   -2684185,          0
  7120,   271,   22000000,   19316686,        0,   -2683314,          0
  7120,   272,   22000000,   19297615,        0,   -2702385,          0
  7120,   273,   22000000,   19379894,        0,   -2620106,          0
  7120,   274,   22000000,   19605412,        0,   -2394588,          0
  7120,   275,   22000000,   19313963,        0,   -2686037,          0
  7120,   276,   22000000,   19368540,        0,   -2631460,          0
  7120,   277,   22000000,   19321276,        0,   -2678724,          0
  7120,   278,   22000000,   19323484,        0,   -2676516,          0
  7120,   279,   22000000,   19602710,        0,   -2397290,          0
  7120,   280,   22000000,   19335256,        0,   -2664744,          0
  7120,   281,   22000000,   19314796,        0,   -2685204,          0
  7120,   282,   22000000,   19320113,        0,   -2679887,          0
  7120,   283,   22000000,   19313394,        0,   -2686606,          0
  7120,   284,   22000000,   19348741,        0,   -2651259,          0
  7120,   285,   22000000,   19632752,        0,   -2367248,          0
  7120,   286,   22000000,   19327588,        0,   -2672412,          0
  7120,   287,   22000000,   19308525,        0,   -2691475,          0
  7120,   288,   22000000,   19296217,        0,   -2703783,          0
  7120,   289,   22000000,   19316013,        0,   -2683987,          0
  7120,   290,   22000000,   19331497,        0,   -2668503,          0
  7120,   291,   22000000,   19598934,        0,   -2401066,          0
  7120,   292,   22000000,   19293345,        0,   -2706655,          0
  7120,   293,   22000000,   19316517,        0,   -2683483,          0
  7120,   294,   22000000,   19330782,        0,   -2669218,          0
  7120,   295,   22000000,   19334987,        0,   -2665013,          0
  7120,   296,   22000000,   19332333,        0,   -2667667,          0
  7120,   297,   22000000,   19313686,        0,   -2686314,          0
  7120,   298,   22000000,   19324580,        0,   -2675420,          0
  7120,   299,   22000000,   19324790,        0,   -2675210,          0
  7120,   300,   22000000,   19369170,        0,   -2630830,          0
  7120,   301,   22000000,   19364660,        0,   -2635340,          0
  7120,   302,   22000000,   19609927,        0,   -2390073,          0
  7120,   303,   22000000,   19333115,        0,   -2666885,          0
  7120,   304,   22000000,   19330632,        0,   -2669368,          0
  7120,   305,   22000000,   19329929,        0,   -2670071,          0
  7120,   306,   22000000,   19338873,        0,   -2661127,          0
  7120,   307,   22000000,   19332234,        0,   -2667766,          0
  7120,   308,   22000000,   19612438,        0,   -2387562,          0
  7120,   309,   22000000,   19325750,        0,   -2674250,          0
  7120,   310,   22000000,   19337420,        0,   -2662580,          0
  7120,   311,   22000000,   19333953,        0,   -2666047,          0
  7120,   312,   22000000,   19336706,        0,   -2663294,          0
  7120,   313,   22000000,   19360109,        0,   -2639891,          0
  7120,   314,   22000000,   19338536,        0,   -2661464,          0
  7120,   315,   22000000,   19335259,        0,   -2664741,          0
  7120,   316,   22000000,   19340410,        0,   -2659590,          0
  7120,   317,   22000000,   19364917,        0,   -2635083,          0
  7120,   318,   22000000,   19368150,        0,   -2631850,          0
  7120,   319,   22000000,   19592972,        0,   -2407028,          0
  7120,   320,   22000000,   19307752,        0,   -2692248,          0
  7120,   321,   22000000,   19295874,        0,   -2704126,          0
  7120,   322,   22000000,   19424462,        0,   -2575538,          0
  7120,   323,   22000000,   19319738,        0,   -2680262,          0
  7120,   324,   22000000,   19314271,        0,   -2685729,          0
  7120,   325,   22000000,   19575212,        0,   -2424788,          0
  7120,   326,   22000000,   19319004,        0,   -2680996,          0
  7120,   327,   22000000,   19347076,        0,   -2652924,          0
  7120,   328,   22000000,   19328156,        0,   -2671844,          0
  7120,   329,   22000000,   19352771,        0,   -2647229,          0
  7120,   330,   22000000,   19324970,        0,   -2675030,          0
  7120,   331,   22000000,   19502788,        0,   -2497212,          0
  7120,   332,   22000000,   19340723,        0,   -2659277,          0
  7120,   333,   22000000,   19361782,        0,   -2638218,          0
  7120,   334,   22000000,   19359561,        0,   -2640439,          0
  7120,   335,   22000000,   19327730,        0,   -2672270,          0
  7120,   336,   22000000,   19617642,        0,   -2382358,          0
  7120,   337,   22000000,   19330943,        0,   -2669057,          0
  7120,   338,   22000000,   19371330,        0,   -2628670,          0
  7120,   339,   22000000,   19334908,        0,   -2665092,          0
  7120,   340,   22000000,   19328211,        0,   -2671789,          0
  7120,   341,   22000000,   19318252,        0,   -2681748,          0
  7120,   342,   22000000,   19610652,        0,   -2389348,          0
  7120,   343,   22000000,   19338769,        0,   -2661231,          0
  7120,   344,   22000000,   19326388,        0,   -2673612,          0
  7120,   345,   22000000,   19352142,        0,   -2647858,          0
  7120,   346,   22000000,   19336634,        0,   -2663366,          0
  7120,   347,   22000000,   19343257,        0,   -2656743,          0
  7120,   348,   22000000,   19618231,        0,   -2381769,          0
  7120,   349,   22000000,   19362997,        0,   -2637003,          0
  7120,   350,   22000000,   19361739,        0,   -2638261,          0
  7120,   351,   22000000,   19329856,        0,   -2670144,          0
  7120,   352,   22000000,   19334568,        0,   -2665432,          0
  7120,   353,   22000000,   19615741,        0,   -2384259,          0
  7120,   354,   22000000,   19365102,        0,   -2634898,          0
  7120,   355,   22000000,   19330545,        0,   -2669455,          0
  7120,   356,   22000000,   19316071,        0,   -2683929,          0
  7120,   357,   22000000,   19297375,        0,   -2702625,          0
  7120,   358,   22000000,   19291384,        0,   -2708616,          0
  7120,   359,   22000000,   19614979,        0,   -2385021,          0
  7120,   360,   22000000,   19326315,        0,   -2673685,          0
  7120,   361,   22000000,   19305079,        0,   -2694921,          0
  7120,   362,   22000000,   19294697,        0,   -2705303,          0
  7120,   363,   22000000,   19351457,        0,   -2648543,          0
  7120,   364,   22000000,   19335762,        0,   -2664238,          0
  7120,   365,   22000000,   19615006,        0,   -2384994,          0
  7120,   366,   22000000,   19358546,        0,   -2641454,          0
  7120,   367,   22000000,   19435497,        0,   -2564503,          0
  7120,   368,   22000000,   19340185,        0,   -2659815,          0
  7120,   369,   22000000,   19338494,        0,   -2661506,          0
  7120,   370,   22000000,   19592231,        0,   -2407769,          0
  7120,   371,   22000000,   19372909,        0,   -2627091,          0
  7120,   372,   22000000,   19332929,        0,   -2667071,          0
  7120,   373,   22000000,   19335235,        0,   -2664765,          0
  7120,   374,   22000000,   19322712,        0,   -2677288,          0
  7120,   375,   22000000,   19337109,        0,   -2662891,          0
  7120,   376,   22000000,   19611213,        0,   -2388787,          0
  7120,   377,   22000000,   19342931,        0,   -2657069,          0
  7120,   378,   22000000,   19359583,        0,   -2640417,          0
  7120,   379,   22000000,   19329442,        0,   -2670558,          0
  7120,   380,   22000000,   19335938,        0,   -2664062,          0
  7120,   381,   22000000,   19329548,        0,   -2670452,          0
  7120,   382,   22000000,   19631283,        0,   -2368717,          0
  7120,   383,   22000000,   19342454,        0,   -2657546,          0
  7120,   384,   22000000,   19313887,        0,   -2686113,          0
  7120,   385,   22000000,   19316436,        0,   -2683564,          0
  7120,   386,   22000000,   19303239,        0,   -2696761,          0
  7120,   387,   22000000,   19618132,        0,   -2381868,          0
  7120,   388,   22000000,   19312964,        0,   -2687036,          0
  7120,   389,   22000000,   19325960,        0,   -2674040,          0
  7120,   390,   22000000,   19295580,        0,   -2704420,          0
  7120,   391,   22000000,   19312455,        0,   -2687545,          0
  7120,   392,   22000000,   19319170,        0,   -2680830,          0
  7120,   393,   22000000,   19596630,        0,   -2403370,          0
  7120,   394,   22000000,   19314961,        0,   -2685039,          0
  7120,   395,   22000000,   19295985,        0,   -2704015,          0
  7120,   396,   22000000,   19316364,        0,   -2683636,          0
  7120,   397,   22000000,   19318749,        0,   -2681251,          0
  7120,   398,   22000000,   19322412,        0,   -2677588,          0
  7120,   399,   22000000,   19625776,        0,   -2374224,          0
  7120,   400,   22000000,   19317953,        0,   -2682047,          0
  7120,   401,   22000000,   19314873,        0,   -2685127,          0
  7120,   402,   22000000,   19297652,        0,   -2702348,          0
  7120,   403,   22000000,   19334441,        0,   -2665559,          0
  7120,   404,   22000000,   19601291,        0,   -2398709,          0
  7120,   405,   22000000,   19315497,        0,   -2684503,          0
  7120,   406,   22000000,   19291585,        0,   -2708415,          0
  7120,   407,   22000000,   19296642,        0,   -2703358,          0
  7120,   408,   22000000,   19365308,        0,   -2634692,          0
  7120,   409,   22000000,   19324678,        0,   -2675322,          0
  7120,   410,   22000000,   19593548,        0,   -2406452,          0
  7120,   411,   22000000,   19304265,        0,   -2695735,          0
  7120,   412,   22000000,   19310202,        0,   -2689798,          0
  7120,   413,   22000000,   19396782,        0,   -2603218,          0
  7120,   414,   22000000,   19321538,        0,   -2678462,          0
  7120,   415,   22000000,   19343944,        0,   -2656056,          0
  7120,   416,   22000000,   19595360,        0,   -2404640,          0
  7120,   417,   22000000,   19313273,        0,   -2686727,          0
  7120,   418,   22000000,   19313035,        0,   -2686965,          0
  7120,   419,   22000000,   19338127,        0,   -2661873,          0
  7120,   420,   22000000,   19348070,        0,   -2651930,          0
  7120,   421,   22000000,   19325100,        0,   -2674900,          0
  7120,   422,   22000000,   19314197,        0,   -2685803,          0
  7120,   423,   22000000,   19294276,        0,   -2705724,          0
  7120,   424,   22000000,   19328158,        0,   -2671842,          0
  7120,   425,   22000000,   19321278,        0,   -2678722,          0
  7120,   426,   22000000,   19314338,        0,   -2685662,          0
  7120,   427,   22000000,   19584204,        0,   -2415796,          0
  7120,   428,   22000000,   19311108,        0,   -2688892,          0
  7120,   429,   22000000,   19331291,        0,   -2668709,          0
  7120,   430,   22000000,   19328583,        0,   -2671417,          0
  7120,   431,   22000000,   19325417,        0,   -2674583,          0
  7120,   432,   22000000,   19337951,        0,   -2662049,          0
  7120,   433,   22000000,   19608042,        0,   -2391958,          0
  7120,   434,   22000000,   19313360,        0,   -2686640,          0
  7120,   435,   22000000,   19361680,        0,   -2638320,          0
  7120,   436,   22000000,   19374012,        0,   -2625988,          0
  7120,   437,   22000000,   19325301,        0,   -2674699,          0
  7120,   438,   22000000,   19338044,        0,   -2661956,          0
  7120,   439,   22000000,   19328921,        0,   -2671079,          0
  7120,   440,   22000000,   19333188,        0,   -2666812,          0
  7120,   441,   22000000,   19335220,        0,   -2664780,          0
  7120,   442,   22000000,   19341039,        0,   -2658961,          0
  7120,   443,   22000000,   19323117,        0,   -2676883,          0
  7120,   444,   22000000,   19606252,        0,   -2393748,          0
  7120,   445,   22000000,   19343126,        0,   -2656874,          0
  7120,   446,   22000000,   19329476,        0,   -2670524,          0
  7120,   447,   22000000,   19329208,        0,   -2670792,          0
  7120,   448,   22000000,   19362250,        0,   -2637750,          0
  7120,   449,   22000000,   19335689,        0,   -2664311,          0
  7120,   450,   22000000,   19621547,        0,   -2378453,          0
  7120,   451,   22000000,   19333161,        0,   -2666839,          0
  7120,   452,   22000000,   19362816,        0,   -2637184,          0
  7120,   453,   22000000,   19362188,        0,   -2637812,          0
  7120,   454,   22000000,   19319553,        0,   -2680447,          0
  7120,   455,   22000000,   19303818,        0,   -2696182,          0
  7120,   456,   22000000,   19587661,        0,   -2412339,          0
  7120,   457,   22000000,   19357959,        0,   -2642041,          0
  7120,   458,   22000000,   19388456,        0,   -2611544,          0
# task NAME=myapp PID=7124 COST=15029000 PERIOD=27000000 CPU=0
  7124,     2,   27000000,      16176,        0,  -26983824,          0
  7124,     3,   27000000,      49072,        0,  -26950928,          0
  7124,     4,   27000000,   15791356,        0,  -11208644,          0
  7124,     5,   27000000,   14777834,        0,  -12222166,          0
  7124,     6,   27000000,   15053370,        0,  -11946630,          0
  7124,     7,   27000000,   14769206,        0,  -12230794,          0
  7124,     8,   27000000,   14775754,        0,  -12224246,          0
  7124,     9,   27000000,   14762643,        0,  -12237357,          0
  7124,    10,   27000000,   14772562,        0,  -12227438,          0
  7124,    11,   27000000,   14775616,        0,  -12224384,          0
  7124,    12,   27000000,   14766703,        0,  -12233297,          0
  7124,    13,   27000000,   14764006,        0,  -12235994,          0
  7124,    14,   27000000,   14768267,        0,  -12231733,          0
  7124,    15,   27000000,   14754479,        0,  -12245521,          0
  7124,    16,   27000000,   14790142,        0,  -12209858,          0
  7124,    17,   27000000,   14763305,        0,  -12236695,          0
  7124,    18,   27000000,   14761762,        0,  -12238238,          0
  7124,    19,   27000000,   14753754,        0,  -12246246,          0
  7124,    20,   27000000,   15055833,        0,  -11944167,          0
  7124,    21,   27000000,   14775079,        0,  -12224921,          0
  7124,    22,   27000000,   14751936,        0,  -12248064,          0
  7124,    23,   27000000,   14769786,        0,  -12230214,          0
  7124,    24,   27000000,   14773180,        0,  -12226820,          0
  7124,    25,   27000000,   14795047,        0,  -12204953,          0
  7124,    26,   27000000,   14768152,        0,  -12231848,          0
  7124,    27,   27000000,   14771184,        0,  -12228816,          0
  7124,    28,   27000000,   14748336,        0,  -12251664,          0
  7124,    29,   27000000,   15077018,        0,  -11922982,          0
  7124,    30,   27000000,   14766469,        0,  -12233531,          0
  7124,    31,   27000000,   14772133,        0,  -12227867,          0
  7124,    32,   27000000,   14750785,        0,  -12249215,          0
  7124,    33,   27000000,   14768478,        0,  -12231522,          0
  7124,    34,   27000000,   15062465,        0,  -11937535,          0
  7124,    35,   27000000,   14750347,        0,  -12249653,          0
  7124,    36,   27000000,   14771883,        0,  -12228117,          0
  7124,    37,   27000000,   14773337,        0,  -12226663,          0
  7124,    38,   27000000,   14767957,        0,  -12232043,          0
  7124,    39,   27000000,   14760791,        0,  -12239209,          0
  7124,    40,   27000000,   14774715,        0,  -12225285,          0
  7124,    41,   27000000,   14763754,        0,  -12236246,          0
  7124,    42,   27000000,   14742755,        0,  -12257245,          0
  7124,    43,   27000000,   15066232,        0,  -11933768,          0
  7124,    44,   27000000,   14773387,        0,  -12226613,          0
  7124,    45,   27000000,   14767979,        0,  -12232021,          0
  7124,    46,   27000000,   14768688,        0,  -12231312,          0
  7124,    47,   27000000,   14787102,        0,  -12212898,          0
  7124,    48,   27000000,   15053526,        0,  -11946474,          0
  7124,    49,   27000000,   14762429,        0,  -12237571,          0
  7124,    50,   27000000,   14766855,        0,  -12233145,          0
  7124,    51,   27000000,   14764959,        0,  -12235041,          0
  7124,    52,   27000000,   14763145,        0,  -12236855,          0
  7124,    53,   27000000,   14783759,        0,  -12216241,          0
  7124,    54,   27000000,   14765681,        0,  -12234319,          0
  7124,    55,   27000000,   14762354,        0,  -12237646,          0
  7124,    56,   27000000,   14764554,        0,  -12235446,          0
  7124,    57,   27000000,   15055732,        0,  -11944268,          0
  7124,    58,   27000000,   14761933,        0,  -12238067,          0
  7124,    59,   27000000,   14756100,        0,  -12243900,          0
  7124,    60,   27000000,   14770453,        0,  -12229547,          0
  7124,    61,   27000000,   14770943,        0,  -12229057,          0
  7124,    62,   27000000,   14752803,        0,  -12247197,          0
  7124,    63,   27000000,   14778938,        0,  -12221062,          0
  7124,    64,   27000000,   14769799,        0,  -12230201,          0
  7124,    65,   27000000,   14765441,        0,  -12234559,          0
  7124,    66,   27000000,   15048939,        0,  -11951061,          0
  7124,    67,   27000000,   14768604,        0,  -12231396,          0
  7124,    68,   27000000,   14758557,        0,  -12241443,          0
  7124,    69,   27000000,   14802348,        0,  -12197652,          0
  7124,    70,   27000000,   14773372,        0,  -12226628,          0
  7124,    71,   27000000,   15061052,        0,  -11938948,          0
  7124,    72,   27000000,   14769336,        0,  -12230664,          0
  7124,    73,   27000000,   14797544,        0,  -12202456,          0
  7124,    74,   27000000,   14777761,        0,  -12222239,          0
  7124,    75,   27000000,   14753927,        0,  -12246073,          0
  7124,    76,   27000000,   14765141,        0,  -12234859,          0
  7124,    77,   27000000,   14766902,        0,  -12233098,          0
  7124,    78,   27000000,   14772211,        0,  -12227789,          0
  7124,    79,   27000000,   14755591,        0,  -12244409,          0
  7124,    80,   27000000,   15047661,        0,  -11952339,          0
  7124,    81,   27000000,   14750165,        0,  -12249835,          0
  7124,    82,   27000000,   14780625,        0,  -12219375,          0
  7124,    83,   27000000,   14771353,        0,  -12228647,          0
  7124,    84,   27000000,   14775883,        0,  -12224117,          0
  7124,    85,   27000000,   15043471,        0,  -11956529,          0
  7124,    86,   27000000,   14770359,        0,  -12229641,          0
  7124,    87,   27000000,   14766000,        0,  -12234000,          0
  7124,    88,   27000000,   14762795,        0,  -12237205,          0
  7124,    89,   27000000,   14758533,        0,  -12241467,          0
  7124,    90,   27000000,   14758534,        0,  -12241466,          0
  7124,    91,   27000000,   14762248,        0,  -12237752,          0
  7124,    92,   27000000,   14773796,        0,  -12226204,          0
  7124,    93,   27000000,   14763005,        0,  -12236995,          0
  7124,    94,   27000000,   15043270,        0,  -11956730,          0
  7124,    95,   27000000,   14774747,        0,  -12225253,          0
  7124,    96,   27000000,   14759008,        0,  -12240992,          0
  7124,    97,   27000000,   14770270,        0,  -12229730,          0
  7124,    98,   27000000,   14757921,        0,  -12242079,          0
  7124,    99,   27000000,   14745891,        0,  -12254109,          0
  7124,   100,   27000000,   14769915,        0,  -12230085,          0
  7124,   101,   27000000,   14767115,        0,  -12232885,          0
  7124,   102,   27000000,   14745418,        0,  -12254582,          0
  7124,   103,   27000000,   14765824,        0,  -12234176,          0
  7124,   104,   27000000,   14771332,        0,  -12228668,          0
  7124,   105,   27000000,   14772148,        0,  -12227852,          0
  7124,   106,   27000000,   14770574,        0,  -12229426,          0
  7124,   107,   27000000,   14765402,        0,  -12234598,          0
  7124,   108,   27000000,   15040939,        0,  -11959061,          0
  7124,   109,   27000000,   14766029,        0,  -12233971,          0
  7124,   110,   27000000,   14777160,        0,  -12222840,          0
  7124,   111,   27000000,   14771530,        0,  -12228470,          0
  7124,   112,   27000000,   14759273,        0,  -12240727,          0
  7124,   113,   27000000,   14785659,        0,  -12214341,          0
  7124,   114,   27000000,   14767659,        0,  -12232341,          0
  7124,   115,   27000000,   14769587,        0,  -12230413,          0
  7124,   116,   27000000,   14771457,        0,  -12228543,          0
  7124,   117,   27000000,   15057505,        0,  -11942495,          0
  7124,   118,   27000000,   14764373,        0,  -12235627,          0
  7124,   119,   27000000,   14768919,        0,  -12231081,          0
  7124,   120,   27000000,   14772386,        0,  -12227614,          0
  7124,   121,   27000000,   14770260,        0,  -12229740,          0
  7124,   122,   27000000,   15022010,        0,  -11977990,          0
  7124,   123,   27000000,   14792310,        0,  -12207690,          0
  7124,   124,   27000000,   14772650,        0,  -12227350,          0
  7124,   125,   27000000,   14757781,        0,  -12242219,          0
  7124,   126,   27000000,   14784558,        0,  -12215442,          0
  7124,   127,   27000000,   14764675,        0,  -12235325,          0
  7124,   128,   27000000,   14764207,        0,  -12235793,          0
  7124,   129,   27000000,   14751315,        0,  -12248685,          0
  7124,   130,   27000000,   14772725,        0,  -12227275,          0
  7124,   131,   27000000,   15041680,        0,  -11958320,          0
  7124,   132,   27000000,   14747630,        0,  -12252370,          0
  7124,   133,   27000000,   14777484,        0,  -12222516,          0
  7124,   134,   27000000,   14782236,        0,  -12217764,          0
  7124,   135,   27000000,   14783787,        0,  -12216213,          0
  7124,   136,   27000000,   14753838,        0,  -12246162,          0
  7124,   137,   27000000,   14776415,        0,  -12223585,          0
  7124,   138,   27000000,   14763511,        0,  -12236489,          0
  7124,   139,   27000000,   14791859,        0,  -12208141,          0
  7124,   140,   27000000,   14769208,        0,  -12230792,          0
  7124,   141,   27000000,   14765193,        0,  -12234807,          0
  7124,   142,   27000000,   14753709,        0,  -12246291,          0
  7124,   143,   27000000,   14774944,        0,  -12225056,          0
  7124,   144,   27000000,   14772086,        0,  -12227914,          0
  7124,   145,   27000000,   15035911,        0,  -11964089,          0
  7124,   146,   27000000,   14768034,        0,  -12231966,          0
  7124,   147,   27000000,   14767461,        0,  -12232539,          0
  7124,   148,   27000000,   14767047,        0,  -12232953,          0
  7124,   149,   27000000,   14755827,        0,  -12244173,          0
  7124,   150,   27000000,   14772698,        0,  -12227302,          0
  7124,   151,   27000000,   14765221,        0,  -12234779,          0
  7124,   152,   27000000,   14821438,        0,  -12178562,          0
  7124,   153,   27000000,   14776231,        0,  -12223769,          0
  7124,   154,   27000000,   15058743,        0,  -11941257,          0
  7124,   155,   27000000,   14758546,        0,  -12241454,          0
  7124,   156,   27000000,   14766721,        0,  -12233279,          0
  7124,   157,   27000000,   14771248,        0,  -12228752,          0
  7124,   158,   27000000,   14764352,        0,  -12235648,          0
  7124,   159,   27000000,   15035497,        0,  -11964503,          0
  7124,   160,   27000000,   14769226,        0,  -12230774,          0
  7124,   161,   27000000,   14765163,        0,  -12234837,          0
  7124,   162,   27000000,   14767876,        0,  -12232124,          0
  7124,   163,   27000000,   14775619,        0,  -12224381,          0
  7124,   164,   27000000,   14771807,        0,  -12228193,          0
  7124,   165,   27000000,   14760352,        0,  -12239648,          0
  7124,   166,   27000000,   14769305,        0,  -12230695,          0
  7124,   167,   27000000,   14775498,        0,  -12224502,          0
  7124,   168,   27000000,   15043181,        0,  -11956819,          0
  7124,   169,   27000000,   14766611,        0,  -12233389,          0
  7124,   170,   27000000,   14768355,        0,  -12231645,          0
  7124,   171,   27000000,   14771093,        0,  -12228907,          0
  7124,   172,   27000000,   14762710,        0,  -12237290,          0
  7124,   173,   27000000,   15052886,        0,  -11947114,          0
  7124,   174,   27000000,   14766671,        0,  -12233329,          0
  7124,   175,   27000000,   14768235,        0,  -12231765,          0
  7124,   176,   27000000,   14762823,        0,  -12237177,          0
  7124,   177,   27000000,   14768748,        0,  -12231252,          0
  7124,   178,   27000000,   14764715,        0,  -12235285,          0
  7124,   179,   27000000,   14800110,        0,  -12199890,          0
  7124,   180,   27000000,   14780446,        0,  -12219554,          0
  7124,   181,   27000000,   14769599,        0,  -12230401,          0
  7124,   182,   27000000,   15058861,        0,  -11941139,          0
  7124,   183,   27000000,   14798818,        0,  -12201182,          0
  7124,   184,   27000000,   14768328,        0,  -12231672,          0
  7124,   185,   27000000,   14753396,        0,  -12246604,          0
  7124,   186,   27000000,   14756586,        0,  -12243414,          0
  7124,   187,   27000000,   14771332,        0,  -12228668,          0
  7124,   188,   27000000,   14765098,        0,  -12234902,          0
  7124,   189,   27000000,   14837554,        0,  -12162446,          0
  7124,   190,   27000000,   14773682,        0,  -12226318,          0
  7124,   191,   27000000,   14759740,        0,  -12240260,          0
  7124,   192,   27000000,   14789938,        0,  -12210062,          0
  7124,   193,   27000000,   14771100,        0,  -12228900,          0
  7124,   194,   27000000,   14770031,        0,  -12229969,          0
  7124,   195,   27000000,   14765007,        0,  -12234993,          0
  7124,   196,   27000000,   15047626,        0,  -11952374,          0
  7124,   197,   27000000,   14775953,        0,  -12224047,          0
  7124,   198,   27000000,   14766483,        0,  -12233517,          0
  7124,   199,   27000000,   14758780,        0,  -12241220,          0
  7124,   200,   27000000,   14761170,        0,  -12238830,          0
  7124,   201,   27000000,   14775774,        0,  -12224226,          0
  7124,   202,   27000000,   14771901,        0,  -12228099,          0
  7124,   203,   27000000,   14773634,        0,  -12226366,          0
  7124,   204,   27000000,   14768617,        0,  -12231383,          0
  7124,   205,   27000000,   15073791,        0,  -11926209,          0
  7124,   206,   27000000,   14757063,        0,  -12242937,          0
  7124,   207,   27000000,   14770857,        0,  -12229143,          0
  7124,   208,   27000000,   14757790,        0,  -12242210,          0
  7124,   209,   27000000,   14749606,        0,  -12250394,          0
  7124,   210,   27000000,   15056991,        0,  -11943009,          0
  7124,   211,   27000000,   14766363,        0,  -12233637,          0
  7124,   212,   27000000,   14755159,        0,  -12244841,          0
  7124,   213,   27000000,   14773772,        0,  -12226228,          0
  7124,   214,   27000000,   14774096,        0,  -12225904,          0
  7124,   215,   27000000,   14768838,        0,  -12231162,          0
  7124,   216,   27000000,   14770240,        0,  -12229760,          0
  7124,   217,   27000000,   14771334,        0,  -12228666,          0
  7124,   218,   27000000,   14769085,        0,  -12230915,          0
  7124,   219,   27000000,   15060454,        0,  -11939546,          0
  7124,   220,   27000000,   14770604,        0,  -12229396,          0
  7124,   221,   27000000,   14778480,        0,  -12221520,          0
  7124,   222,   27000000,   14846188,        0,  -12153812,          0
  7124,   223,   27000000,   14800522,        0,  -12199478,          0
  7124,   224,   27000000,   14777979,        0,  -12222021,          0
  7124,   225,   27000000,   14769057,        0,  -12230943,          0
  7124,   226,   27000000,   14844071,        0,  -12155929,          0
  7124,   227,   27000000,   14766170,        0,  -12233830,          0
  7124,   228,   27000000,   14773638,        0,  -12226362,          0
  7124,   229,   27000000,   14777156,        0,  -12222844,          0
  7124,   230,   27000000,   14777543,        0,  -12222457,          0
  7124,   231,   27000000,   14769796,        0,  -12230204,          0
  7124,   232,   27000000,   14765502,        0,  -12234498,          0
  7124,   233,   27000000,   15064106,        0,  -11935894,          0
  7124,   234,   27000000,   14767881,        0,  -12232119,          0
  7124,   235,   27000000,   14744428,        0,  -12255572,          0
  7124,   236,   27000000,   14793376,        0,  -12206624,          0
  7124,   237,   27000000,   14769458,        0,  -12230542,          0
  7124,   238,   27000000,   14755930,        0,  -12244070,          0
  7124,   239,   27000000,   14755253,        0,  -12244747,          0
  7124,   240,   27000000,   14766687,        0,  -12233313,          0
  7124,   241,   27000000,   14766734,        0,  -12233266,          0
  7124,   242,   27000000,   15031494,        0,  -11968506,          0
  7124,   243,   27000000,   14770008,        0,  -12229992,          0
  7124,   244,   27000000,   14773795,        0,  -12226205,          0
  7124,   245,   27000000,   14786831,        0,  -12213169,          0
  7124,   246,   27000000,   14769521,        0,  -12230479,          0
  7124,   247,   27000000,   15059356,        0,  -11940644,          0
  7124,   248,   27000000,   14754759,        0,  -12245241,          0
  7124,   249,   27000000,   14786720,        0,  -12213280,          0
  7124,   250,   27000000,   14768046,        0,  -12231954,          0
  7124,   251,   27000000,   14758960,        0,  -12241040,          0
  7124,   252,   27000000,   14757790,        0,  -12242210,          0
  7124,   253,   27000000,   14774424,        0,  -12225576,          0
  7124,   254,   27000000,   14774084,        0,  -12225916,          0
  7124,   255,   27000000,   14762190,        0,  -12237810,          0
  7124,   256,   27000000,   15054850,        0,  -11945150,          0
  7124,   257,   27000000,   14765482,        0,  -12234518,          0
  7124,   258,   27000000,   14760940,        0,  -12239060,          0
  7124,   259,   27000000,   14774864,        0,  -12225136,          0
  7124,   260,   27000000,   14775472,        0,  -12224528,          0
  7124,   261,   27000000,   14898684,        0,  -12101316,          0
  7124,   262,   27000000,   14751711,        0,  -12248289,          0
  7124,   263,   27000000,   14838514,        0,  -12161486,          0
  7124,   264,   27000000,   14777212,        0,  -12222788,          0
  7124,   265,   27000000,   14764954,        0,  -12235046,          0
  7124,   266,   27000000,   14766581,        0,  -12233419,          0
  7124,   267,   27000000,   14777880,        0,  -12222120,          0
  7124,   268,   27000000,   14753724,        0,  -12246276,          0
  7124,   269,   27000000,   14761567,        0,  -12238433,          0
  7124,   270,   27000000,   15055660,        0,  -11944340,          0
  7124,   271,   27000000,   14779383,        0,  -12220617,          0
  7124,   272,   27000000,   14761421,        0,  -12238579,          0
  7124,   273,   27000000,   14770387,        0,  -12229613,          0
  7124,   274,   27000000,   14762421,        0,  -12237579,          0
  7124,   275,   27000000,   14753414,        0,  -12246586,          0
  7124,   276,   27000000,   14768519,        0,  -12231481,          0
  7124,   277,   27000000,   14771373,        0,  -12228627,          0
  7124,   278,   27000000,   14762560,        0,  -12237440,          0
  7124,   279,   27000000,   15050794,        0,  -11949206,          0
  7124,   280,   27000000,   14768216,        0,  -12231784,          0
  7124,   281,   27000000,   14769157,        0,  -12230843,          0
  7124,   282,   27000000,   14759819,        0,  -12240181,          0
  7124,   283,   27000000,   14768541,        0,  -12231459,          0
  7124,   284,   27000000,   15062570,        0,  -11937430,          0
  7124,   285,   27000000,   14759324,        0,  -12240676,          0
  7124,   286,   27000000,   14756605,        0,  -12243395,          0
  7124,   287,   27000000,   14767191,        0,  -12232809,          0
  7124,   288,   27000000,   14764639,        0,  -12235361,          0
  7124,   289,   27000000,   14805161,        0,  -12194839,          0
  7124,   290,   27000000,   14773614,        0,  -12226386,          0
  7124,   291,   27000000,   14770937,        0,  -12229063,          0
  7124,   292,   27000000,   14766525,        0,  -12233475,          0
  7124,   293,   27000000,   15082619,        0,  -11917381,          0
  7124,   294,   27000000,   14769568,        0,  -12230432,          0
  7124,   295,   27000000,   14752624,        0,  -12247376,          0
  7124,   296,   27000000,   14761871,        0,  -12238129,          0
  7124,   297,   27000000,   14760027,        0,  -12239973,          0
  7124,   298,   27000000,   15056158,        0,  -11943842,          0
  7124,   299,   27000000,   14764508,        0,  -12235492,          0
  7124,   300,   27000000,   14851539,        0,  -12148461,          0
  7124,   301,   27000000,   14764745,        0,  -12235255,          0
  7124,   302,   27000000,   14787249,        0,  -12212751,          0
  7124,   303,   27000000,   14775560,        0,  -12224440,          0
  7124,   304,   27000000,   14762299,        0,  -12237701,          0
  7124,   305,   27000000,   14758114,        0,  -12241886,          0
  7124,   306,   27000000,   14757556,        0,  -12242444,          0
  7124,   307,   27000000,   15050781,        0,  -11949219,          0
  7124,   308,   27000000,   14771031,        0,  -12228969,          0
  7124,   309,   27000000,   14748242,        0,  -12251758,          0
  7124,   310,   27000000,   14770435,        0,  -12229565,          0
  7124,   311,   27000000,   14771996,        0,  -12228004,          0
  7124,   312,   27000000,   14777913,        0,  -12222087,          0
  7124,   313,   27000000,   14776881,        0,  -12223119,          0
  7124,   314,   27000000,   14765435,        0,  -12234565,          0
  7124,   315,   27000000,   14787462,        0,  -12212538,          0
  7124,   316,   27000000,   14761840,        0,  -12238160,          0
  7124,   317,   27000000,   14767544,        0,  -12232456,          0
  7124,   318,   27000000,   14754826,        0,  -12245174,          0
  7124,   319,   27000000,   14751066,        0,  -12248934,          0
  7124,   320,   27000000,   14772173,        0,  -12227827,          0
  7124,   321,   27000000,   15051895,        0,  -11948105,          0
  7124,   322,   27000000,   14760796,        0,  -12239204,          0
  7124,   323,   27000000,   14770189,        0,  -12229811,          0
  7124,   324,   27000000,   14771525,        0,  -12228475,          0
  7124,   325,   27000000,   14768932,        0,  -12231068,          0
  7124,   326,   27000000,   14774616,        0,  -12225384,          0
  7124,   327,   27000000,   14770573,        0,  -12229427,          0
  7124,   328,   27000000,   14769363,        0,  -12230637,          0
  7124,   329,   27000000,   14768359,        0,  -12231641,          0
  7124,   330,   27000000,   15060941,        0,  -11939059,          0
  7124,   331,   27000000,   14769841,        0,  -12230159,          0
  7124,   332,   27000000,   14770886,        0,  -12229114,          0
  7124,   333,   27000000,   14795698,        0,  -12204302,          0
  7124,   334,   27000000,   14773824,        0,  -12226176,          0
  7124,   335,   27000000,   15055550,        0,  -11944450,          0
  7124,   336,   27000000,   14765298,        0,  -12234702,          0
  7124,   337,   27000000,   14841565,        0,  -12158435,          0
  7124,   338,   27000000,   14768490,        0,  -12231510,          0
  7124,   339,   27000000,   14771273,        0,  -12228727,          0
  7124,   340,   27000000,   14767229,        0,  -12232771,          0
  7124,   341,   27000000,   14774537,        0,  -12225463,          0
  7124,   342,   27000000,   14765472,        0,  -12234528,          0
  7124,   343,   27000000,   14771641,        0,  -12228359,          0
  7124,   344,   27000000,   15049414,        0,  -11950586,          0
  7124,   345,   27000000,   14751918,        0,  -12248082,          0
  7124,   346,   27000000,   14778091,        0,  -12221909,          0
  7124,   347,   27000000,   14762796,        0,  -12237204,          0
  7124,   348,   27000000,   14754970,        0,  -12245030,          0
  7124,   349,   27000000,   14750203,        0,  -12249797,          0
  7124,   350,   27000000,   14770965,        0,  -12229035,          0
  7124,   351,   27000000,   14762923,        0,  -12237077,          0
  7124,   352,   27000000,   14748205,        0,  -12251795,          0
  7124,   353,   27000000,   14769005,        0,  -12230995,          0
  7124,   354,   27000000,   14772580,        0,  -12227420,          0
  7124,   355,   27000000,   14778156,        0,  -12221844,          0
  7124,   356,   27000000,   14769609,        0,  -12230391,          0
  7124,   357,   27000000,   14763507,        0,  -12236493,          0
  7124,   358,   27000000,   15040644,        0,  -11959356,          0
  7124,   359,   27000000,   14799500,        0,  -12200500,          0
  7124,   360,   27000000,   14760871,        0,  -12239129,          0
  7124,   361,   27000000,   14764868,        0,  -12235132,          0
  7124,   362,   27000000,   14754967,        0,  -12245033,          0
  7124,   363,   27000000,   14766810,        0,  -12233190,          0
  7124,   364,   27000000,   14773807,        0,  -12226193,          0
  7124,   365,   27000000,   14765779,        0,  -12234221,          0
  7124,   366,   27000000,   14760994,        0,  -12239006,          0
  7124,   367,   27000000,   15050848,        0,  -11949152,          0
  7124,   368,   27000000,   14762243,        0,  -12237757,          0
  7124,   369,   27000000,   14758837,        0,  -12241163,          0
  7124,   370,   27000000,   14770069,        0,  -12229931,          0
  7124,   371,   27000000,   14770387,        0,  -12229613,          0
  7124,   372,   27000000,   15040784,        0,  -11959216,          0
  7124,   373,   27000000,   14782746,        0,  -12217254,          0
  7124,   374,   27000000,   14845666,        0,  -12154334,          0
