# Task,   Job,     Period,   Response, DL Miss?,   Lateness,  Tardiness
# task NAME=myapp PID=21206 COST=14656000 PERIOD=40000000 CPU=0
 21206,     2,   40000000,       9156,        0,  -39990844,          0
 21206,     3,   40000000,      98802,        0,  -39901198,          0
 21206,     4,   40000000,   15692238,        0,  -24307762,          0
 21206,     5,   40000000,   16468119,        0,  -23531881,          0
 21206,     6,   40000000,   14406387,        0,  -25593613,          0
 21206,     7,   40000000,   14682258,        0,  -25317742,          0
 21206,     8,   40000000,   14482910,        0,  -25517090,          0
 21206,     9,   40000000,   14397342,        0,  -25602658,          0
 21206,    10,   40000000,   14373917,        0,  -25626083,          0
 21206,    11,   40000000,   14425306,        0,  -25574694,          0
 21206,    12,   40000000,   14381801,        0,  -25618199,          0
 21206,    13,   40000000,   14407724,        0,  -25592276,          0
 21206,    14,   40000000,   14390910,        0,  -25609090,          0
 21206,    15,   40000000,   14395121,        0,  -25604879,          0
 21206,    16,   40000000,   14484147,        0,  -25515853,          0
 21206,    17,   40000000,   14397737,        0,  -25602263,          0
 21206,    18,   40000000,   14398183,        0,  -25601817,          0
 21206,    19,   40000000,   14409392,        0,  -25590608,          0
 21206,    20,   40000000,   14392972,        0,  -25607028,          0
 21206,    21,   40000000,   14419867,        0,  -25580133,          0
 21206,    22,   40000000,   14392523,        0,  -25607477,          0
 21206,    23,   40000000,   14489395,        0,  -25510605,          0
 21206,    24,   40000000,   14458801,        0,  -25541199,          0
 21206,    25,   40000000,   14405571,        0,  -25594429,          0
 21206,    26,   40000000,   14402810,        0,  -25597190,          0
 21206,    27,   40000000,   14392147,        0,  -25607853,          0
 21206,    28,   40000000,   14401260,        0,  -25598740,          0
 21206,    29,   40000000,   15177548,        0,  -24822452,          0
 21206,    30,   40000000,   15056832,        0,  -24943168,          0
 21206,    31,   40000000,   14391998,        0,  -25608002,          0
 21206,    32,   40000000,   14843171,        0,  -25156829,          0
 21206,    33,   40000000,   14396624,        0,  -25603376,          0
 21206,    34,   40000000,   14769287,        0,  -25230713,          0
 21206,    35,   40000000,   14413622,        0,  -25586378,          0
 21206,    36,   40000000,   14436195,        0,  -25563805,          0
 21206,    37,   40000000,   14381203,        0,  -25618797,          0
 21206,    38,   40000000,   14390516,        0,  -25609484,          0
 21206,    39,   40000000,   14397630,        0,  -25602370,          0
 21206,    40,   40000000,   14446801,        0,  -25553199,          0
 21206,    41,   40000000,   14445194,        0,  -25554806,          0
 21206,    42,   40000000,   14397065,        0,  -25602935,          0
 21206,    43,   40000000,   14469122,        0,  -25530878,          0
 21206,    44,   40000000,   14428771,        0,  -25571229,          0
 21206,    45,   40000000,   14468685,        0,  -25531315,          0
 21206,    46,   40000000,   14369845,        0,  -25630155,          0
 21206,    47,   40000000,   14385088,        0,  -25614912,          0
 21206,    48,   40000000,   15035229,        0,  -24964771,          0
 21206,    49,   40000000,   14495664,        0,  -25504336,          0
 21206,    50,   40000000,   14376237,        0,  -25623763,          0
 21206,    51,   40000000,   14465071,        0,  -25534929,          0
 21206,    52,   40000000,   14666401,        0,  -25333599,          0
 21206,    53,   40000000,   14417907,        0,  -25582093,          0
 21206,    54,   40000000,   14640874,        0,  -25359126,          0
 21206,    55,   40000000,   14387332,        0,  -25612668,          0
 21206,    56,   40000000,   14376549,        0,  -25623451,          0
 21206,    57,   40000000,   14745910,        0,  -25254090,          0
 21206,    58,   40000000,   14401868,        0,  -25598132,          0
 21206,    59,   40000000,   14451361,        0,  -25548639,          0
 21206,    60,   40000000,   14414051,        0,  -25585949,          0
 21206,    61,   40000000,   15065457,        0,  -24934543,          0
 21206,    62,   40000000,   14393660,        0,  -25606340,          0
 21206,    63,   40000000,   14434153,        0,  -25565847,          0
 21206,    64,   40000000,   14438310,        0,  -25561690,          0
 21206,    65,   40000000,   14401856,        0,  -25598144,          0
 21206,    66,   40000000,   14391875,        0,  -25608125,          0
 21206,    67,   40000000,   14406288,        0,  -25593712,          0
 21206,    68,   40000000,   14411132,        0,  -25588868,          0
 21206,    69,   40000000,   14436523,        0,  -25563477,          0
 21206,    70,   40000000,   14478429,        0,  -25521571,          0
 21206,    71,   40000000,   14396117,        0,  -25603883,          0
 21206,    72,   40000000,   14468532,        0,  -25531468,          0
 21206,    73,   40000000,   14437675,        0,  -25562325,          0
 21206,    74,   40000000,   14480428,        0,  -25519572,          0
 21206,    75,   40000000,   15110969,        0,  -24889031,          0
 21206,    76,   40000000,   14538670,        0,  -25461330,          0
 21206,    77,   40000000,   14404322,        0,  -25595678,          0
 21206,    78,   40000000,   14400000,        0,  -25600000,          0
 21206,    79,   40000000,   14685436,        0,  -25314564,          0
 21206,    80,   40000000,   14374361,        0,  -25625639,          0
 21206,    81,   40000000,   14428853,        0,  -25571147,          0
 21206,    82,   40000000,   14697730,        0,  -25302270,          0
 21206,    83,   40000000,   14471859,        0,  -25528141,          0
 21206,    84,   40000000,   14401102,        0,  -25598898,          0
 21206,    85,   40000000,   14440899,        0,  -25559101,          0
 21206,    86,   40000000,   14407515,        0,  -25592485,          0
 21206,    87,   40000000,   14395840,        0,  -25604160,          0
 21206,    88,   40000000,   14435801,        0,  -25564199,          0
 21206,    89,   40000000,   14408124,        0,  -25591876,          0
 21206,    90,   40000000,   14369267,        0,  -25630733,          0
 21206,    91,   40000000,   14412386,        0,  -25587614,          0
 21206,    92,   40000000,   14422306,        0,  -25577694,          0
 21206,    93,   40000000,   14408741,        0,  -25591259,          0
 21206,    94,   40000000,   14447626,        0,  -25552374,          0
 21206,    95,   40000000,   14422527,        0,  -25577473,          0
 21206,    96,   40000000,   14411538,        0,  -25588462,          0
 21206,    97,   40000000,   14458380,        0,  -25541620,          0
 21206,    98,   40000000,   14369191,        0,  -25630809,          0
 21206,    99,   40000000,   14494707,        0,  -25505293,          0
 21206,   100,   40000000,   14422501,        0,  -25577499,          0
 21206,   101,   40000000,   14591362,        0,  -25408638,          0
 21206,   102,   40000000,   14382509,        0,  -25617491,          0
 21206,   103,   40000000,   14461151,        0,  -25538849,          0
 21206,   104,   40000000,   14674578,        0,  -25325422,          0
 21206,   105,   40000000,   14394975,        0,  -25605025,          0
 21206,   106,   40000000,   14481672,        0,  -25518328,          0
 21206,   107,   40000000,   14694708,        0,  -25305292,          0
 21206,   108,   40000000,   14414017,        0,  -25585983,          0
 21206,   109,   40000000,   14401109,        0,  -25598891,          0
 21206,   110,   40000000,   14419832,        0,  -25580168,          0
 21206,   111,   40000000,   14441055,        0,  -25558945,          0
 21206,   112,   40000000,   14385765,        0,  -25614235,          0
 21206,   113,   40000000,   14411687,        0,  -25588313,          0
 21206,   114,   40000000,   14455338,        0,  -25544662,          0
 21206,   115,   40000000,   14396150,        0,  -25603850,          0
 21206,   116,   40000000,   14446085,        0,  -25553915,          0
 21206,   117,   40000000,   14514196,        0,  -25485804,          0
 21206,   118,   40000000,   15122131,        0,  -24877869,          0
 21206,   119,   40000000,   14517832,        0,  -25482168,          0
 21206,   120,   40000000,   14398991,        0,  -25601009,          0
 21206,   121,   40000000,   14441631,        0,  -25558369,          0
 21206,   122,   40000000,   14379548,        0,  -25620452,          0
 21206,   123,   40000000,   14388919,        0,  -25611081,          0
 21206,   124,   40000000,   14496844,        0,  -25503156,          0
 21206,   125,   40000000,   14424190,        0,  -25575810,          0
 21206,   126,   40000000,   14609984,        0,  -25390016,          0
 21206,   127,   40000000,   14425128,        0,  -25574872,          0
 21206,   128,   40000000,   14873332,        0,  -25126668,          0
 21206,   129,   40000000,   14706022,        0,  -25293978,          0
 21206,   130,   40000000,   14416411,        0,  -25583589,          0
 21206,   131,   40000000,   14377668,        0,  -25622332,          0
 21206,   132,   40000000,   14678639,        0,  -25321361,          0
 21206,   133,   40000000,   14392982,        0,  -25607018,          0
 21206,   134,   40000000,   14408927,        0,  -25591073,          0
 21206,   135,   40000000,   14386478,        0,  -25613522,          0
 21206,   136,   40000000,   15098478,        0,  -24901522,          0
 21206,   137,   40000000,   14392631,        0,  -25607369,          0
 21206,   138,   40000000,   14438632,        0,  -25561368,          0
 21206,   139,   40000000,   14383272,        0,  -25616728,          0
 21206,   140,   40000000,   14384608,        0,  -25615392,          0
 21206,   141,   40000000,   14392952,        0,  -25607048,          0
 21206,   142,   40000000,   14384086,        0,  -25615914,          0
 21206,   143,   40000000,   14385164,        0,  -25614836,          0
 21206,   144,   40000000,   14519018,        0,  -25480982,          0
 21206,   145,   40000000,   14444123,        0,  -25555877,          0
 21206,   146,   40000000,   14378705,        0,  -25621295,          0
 21206,   147,   40000000,   14386007,        0,  -25613993,          0
 21206,   148,   40000000,   14365557,        0,  -25634443,          0
 21206,   149,   40000000,   14469930,        0,  -25530070,          0
 21206,   150,   40000000,   14461515,        0,  -25538485,          0
 21206,   151,   40000000,   14664878,        0,  -25335122,          0
 21206,   152,   40000000,   14411263,        0,  -25588737,          0
 21206,   153,   40000000,   14445990,        0,  -25554010,          0
 21206,   154,   40000000,   14640346,        0,  -25359654,          0
 21206,   155,   40000000,   14443009,        0,  -25556991,          0
 21206,   156,   40000000,   14383334,        0,  -25616666,          0
 21206,   157,   40000000,   14999641,        0,  -25000359,          0
 21206,   158,   40000000,   14450950,        0,  -25549050,          0
 21206,   159,   40000000,   14389018,        0,  -25610982,          0
 21206,   160,   40000000,   14413583,        0,  -25586417,          0
 21206,   161,   40000000,   15148221,        0,  -24851779,          0
 21206,   162,   40000000,   14468353,        0,  -25531647,          0
 21206,   163,   40000000,   14384075,        0,  -25615925,          0
 21206,   164,   40000000,   14385109,        0,  -25614891,          0
 21206,   165,   40000000,   14373959,        0,  -25626041,          0
 21206,   166,   40000000,   14398376,        0,  -25601624,          0
 21206,   167,   40000000,   14398465,        0,  -25601535,          0
 21206,   168,   40000000,   14467888,        0,  -25532112,          0
 21206,   169,   40000000,   14584313,        0,  -25415687,          0
 21206,   170,   40000000,   14429310,        0,  -25570690,          0
 21206,   171,   40000000,   14424177,        0,  -25575823,          0
 21206,   172,   40000000,   14453822,        0,  -25546178,          0
 21206,   173,   40000000,   14457511,        0,  -25542489,          0
 21206,   174,   40000000,   14492511,        0,  -25507489,          0
 21206,   175,   40000000,   14421706,        0,  -25578294,          0
 21206,   176,   40000000,   14666155,        0,  -25333845,          0
 21206,   177,   40000000,   14405503,        0,  -25594497,          0
 21206,   178,   40000000,   14436317,        0,  -25563683,          0
 21206,   179,   40000000,   14742943,        0,  -25257057,          0
 21206,   180,   40000000,   14422430,        0,  -25577570,          0
 21206,   181,   40000000,   14465226,        0,  -25534774,          0
 21206,   182,   40000000,   14744587,        0,  -25255413,          0
 21206,   183,   40000000,   14441435,        0,  -25558565,          0
 21206,   184,   40000000,   14376369,        0,  -25623631,          0
 21206,   185,   40000000,   14437912,        0,  -25562088,          0
 21206,   186,   40000000,   14384729,        0,  -25615271,          0
 21206,   187,   40000000,   14465762,        0,  -25534238,          0
 21206,   188,   40000000,   14432686,        0,  -25567314,          0
 21206,   189,   40000000,   14435375,        0,  -25564625,          0
 21206,   190,   40000000,   14373966,        0,  -25626034,          0
 21206,   191,   40000000,   14469478,        0,  -25530522,          0
 21206,   192,   40000000,   14390481,        0,  -25609519,          0
 21206,   193,   40000000,   14435950,        0,  -25564050,          0
 21206,   194,   40000000,   14485494,        0,  -25514506,          0
 21206,   195,   40000000,   14412265,        0,  -25587735,          0
 21206,   196,   40000000,   14383975,        0,  -25616025,          0
 21206,   197,   40000000,   14403239,        0,  -25596761,          0
 21206,   198,   40000000,   14377643,        0,  -25622357,          0
 21206,   199,   40000000,   14405157,        0,  -25594843,          0
 21206,   200,   40000000,   14442834,        0,  -25557166,          0
 21206,   201,   40000000,   14721047,        0,  -25278953,          0
 21206,   202,   40000000,   14435166,        0,  -25564834,          0
 21206,   203,   40000000,   14462022,        0,  -25537978,          0
 21206,   204,   40000000,   14685387,        0,  -25314613,          0
 21206,   205,   40000000,   14451894,        0,  -25548106,          0
 21206,   206,   40000000,   14396567,        0,  -25603433,          0
 21206,   207,   40000000,   14692486,        0,  -25307514,          0
 21206,   208,   40000000,   14449527,        0,  -25550473,          0
 21206,   209,   40000000,   14418702,        0,  -25581298,          0
 21206,   210,   40000000,   14370833,        0,  -25629167,          0
 21206,   211,   40000000,   14371033,        0,  -25628967,          0
 21206,   212,   40000000,   14428241,        0,  -25571759,          0
 21206,   213,   40000000,   14424685,        0,  -25575315,          0
 21206,   214,   40000000,   14377747,        0,  -25622253,          0
 21206,   215,   40000000,   14455873,        0,  -25544127,          0
 21206,   216,   40000000,   14393009,        0,  -25606991,          0
 21206,   217,   40000000,   14434933,        0,  -25565067,          0
 21206,   218,   40000000,   14386765,        0,  -25613235,          0
 21206,   219,   40000000,   14454741,        0,  -25545259,          0
 21206,   220,   40000000,   14490561,        0,  -25509439,          0
 21206,   221,   40000000,   15076975,        0,  -24923025,          0
 21206,   222,   40000000,   14402325,        0,  -25597675,          0
 21206,   223,   40000000,   14477158,        0,  -25522842,          0
 21206,   224,   40000000,   14376518,        0,  -25623482,          0
 21206,   225,   40000000,   14667126,        0,  -25332874,          0
 21206,   226,   40000000,   14665808,        0,  -25334192,          0
 21206,   227,   40000000,   14413274,        0,  -25586726,          0
 21206,   228,   40000000,   14403391,        0,  -25596609,          0
 21206,   229,   40000000,   14775154,        0,  -25224846,          0
 21206,   230,   40000000,   14442407,        0,  -25557593,          0
 21206,   231,   40000000,   14589717,        0,  -25410283,          0
 21206,   232,   40000000,   14710693,        0,  -25289307,          0
 21206,   233,   40000000,   14415642,        0,  -25584358,          0
 21206,   234,   40000000,   14384236,        0,  -25615764,          0
 21206,   235,   40000000,   14389147,        0,  -25610853,          0
 21206,   236,   40000000,   14417912,        0,  -25582088,          0
 21206,   237,   40000000,   14425485,        0,  -25574515,          0
 21206,   238,   40000000,   14387038,        0,  -25612962,          0
 21206,   239,   40000000,   14454707,        0,  -25545293,          0
 21206,   240,   40000000,   15030187,        0,  -24969813,          0
 21206,   241,   40000000,   14392149,        0,  -25607851,          0
 21206,   242,   40000000,   14465918,        0,  -25534082,          0
 21206,   243,   40000000,   14390807,        0,  -25609193,          0
 21206,   244,   40000000,   14682221,        0,  -25317779,          0
 21206,   245,   40000000,   14405002,        0,  -25594998,          0
 21206,   246,   40000000,   14403858,        0,  -25596142,          0
 21206,   247,   40000000,   14431906,        0,  -25568094,          0
 21206,   248,   40000000,   15124700,        0,  -24875300,          0
 21206,   249,   40000000,   14431715,        0,  -25568285,          0
 21206,   250,   40000000,   14423792,        0,  -25576208,          0
 21206,   251,   40000000,   14858330,        0,  -25141670,          0
 21206,   252,   40000000,   14955892,        0,  -25044108,          0
 21206,   253,   40000000,   14391973,        0,  -25608027,          0
 21206,   254,   40000000,   14690660,        0,  -25309340,          0
# task NAME=myapp PID=21209 COST=672000 PERIOD=20000000 CPU=0
 21209,     2,   20000000,      15815,        0,  -19984185,          0
 21209,     3,   20000000,      76778,        0,  -19923222,          0
 21209,     4,   20000000,     688458,        0,  -19311542,          0
 21209,     5,   20000000,     681716,        0,  -19318284,          0
 21209,     6,   20000000,     678078,        0,  -19321922,          0
 21209,     7,   20000000,     728963,        0,  -19271037,          0
 21209,     8,   20000000,     691741,        0,  -19308259,          0
 21209,     9,   20000000,     681880,        0,  -19318120,          0
 21209,    10,   20000000,     680766,        0,  -19319234,          0
 21209,    11,   20000000,     686967,        0,  -19313033,          0
 21209,    12,   20000000,     673367,        0,  -19326633,          0
 21209,    13,   20000000,     706277,        0,  -19293723,          0
 21209,    14,   20000000,     683396,        0,  -19316604,          0
 21209,    15,   20000000,     709997,        0,  -19290003,          0
 21209,    16,   20000000,     697817,        0,  -19302183,          0
 21209,    17,   20000000,     689654,        0,  -19310346,          0
 21209,    18,   20000000,     701225,        0,  -19298775,          0
 21209,    19,   20000000,     686094,        0,  -19313906,          0
 21209,    20,   20000000,     681991,        0,  -19318009,          0
 21209,    21,   20000000,     680898,        0,  -19319102,          0
 21209,    22,   20000000,     673511,        0,  -19326489,          0
 21209,    23,   20000000,     700397,        0,  -19299603,          0
 21209,    24,   20000000,     747574,        0,  -19252426,          0
 21209,    25,   20000000,     710699,        0,  -19289301,          0
 21209,    26,   20000000,     673136,        0,  -19326864,          0
 21209,    27,   20000000,     694611,        0,  -19305389,          0
 21209,    28,   20000000,     683509,        0,  -19316491,          0
 21209,    29,   20000000,     704959,        0,  -19295041,          0
 21209,    30,   20000000,     681982,        0,  -19318018,          0
 21209,    31,   20000000,     709823,        0,  -19290177,          0
 21209,    32,   20000000,     682116,        0,  -19317884,          0
 21209,    33,   20000000,     687240,        0,  -19312760,          0
 21209,    34,   20000000,     690953,        0,  -19309047,          0
 21209,    35,   20000000,     710103,        0,  -19289897,          0
 21209,    36,   20000000,     701178,        0,  -19298822,          0
 21209,    37,   20000000,     699553,        0,  -19300447,          0
 21209,    38,   20000000,     704990,        0,  -19295010,          0
 21209,    39,   20000000,     688245,        0,  -19311755,          0
 21209,    40,   20000000,     699566,        0,  -19300434,          0
 21209,    41,   20000000,     703833,        0,  -19296167,          0
 21209,    42,   20000000,     673371,        0,  -19326629,          0
 21209,    43,   20000000,     680394,        0,  -19319606,          0
 21209,    44,   20000000,     710933,        0,  -19289067,          0
 21209,    45,   20000000,     711663,        0,  -19288337,          0
 21209,    46,   20000000,     687812,        0,  -19312188,          0
 21209,    47,   20000000,     691114,        0,  -19308886,          0
 21209,    48,   20000000,     679281,        0,  -19320719,          0
 21209,    49,   20000000,     699449,        0,  -19300551,          0
 21209,    50,   20000000,     692098,        0,  -19307902,          0
 21209,    51,   20000000,     686782,        0,  -19313218,          0
 21209,    52,   20000000,     681217,        0,  -19318783,          0
 21209,    53,   20000000,     688579,        0,  -19311421,          0
 21209,    54,   20000000,     682639,        0,  -19317361,          0
 21209,    55,   20000000,     710421,        0,  -19289579,          0
 21209,    56,   20000000,     728807,        0,  -19271193,          0
 21209,    57,   20000000,     682780,        0,  -19317220,          0
 21209,    58,   20000000,     695824,        0,  -19304176,          0
 21209,    59,   20000000,     684130,        0,  -19315870,          0
 21209,    60,   20000000,     693182,        0,  -19306818,          0
 21209,    61,   20000000,     685627,        0,  -19314373,          0
 21209,    62,   20000000,     682512,        0,  -19317488,          0
 21209,    63,   20000000,     705942,        0,  -19294058,          0
 21209,    64,   20000000,     705373,        0,  -19294627,          0
 21209,    65,   20000000,     695694,        0,  -19304306,          0
 21209,    66,   20000000,     683720,        0,  -19316280,          0
 21209,    67,   20000000,     679384,        0,  -19320616,          0
 21209,    68,   20000000,     683691,        0,  -19316309,          0
 21209,    69,   20000000,     690973,        0,  -19309027,          0
 21209,    70,   20000000,     692843,        0,  -19307157,          0
 21209,    71,   20000000,     693048,        0,  -19306952,          0
 21209,    72,   20000000,     673949,        0,  -19326051,          0
 21209,    73,   20000000,     700475,        0,  -19299525,          0
 21209,    74,   20000000,     693843,        0,  -19306157,          0
 21209,    75,   20000000,     695656,        0,  -19304344,          0
 21209,    76,   20000000,     686012,        0,  -19313988,          0
 21209,    77,   20000000,     693450,        0,  -19306550,          0
 21209,    78,   20000000,     673485,        0,  -19326515,          0
 21209,    79,   20000000,     695970,        0,  -19304030,          0
 21209,    80,   20000000,     690863,        0,  -19309137,          0
 21209,    81,   20000000,     707863,        0,  -19292137,          0
 21209,    82,   20000000,     682393,        0,  -19317607,          0
 21209,    83,   20000000,     710121,        0,  -19289879,          0
 21209,    84,   20000000,     705108,        0,  -19294892,          0
 21209,    85,   20000000,     695512,        0,  -19304488,          0
 21209,    86,   20000000,     724958,        0,  -19275042,          0
 21209,    87,   20000000,     738430,        0,  -19261570,          0
 21209,    88,   20000000,     698436,        0,  -19301564,          0
 21209,    89,   20000000,     681857,        0,  -19318143,          0
 21209,    90,   20000000,     680596,        0,  -19319404,          0
 21209,    91,   20000000,     683347,        0,  -19316653,          0
 21209,    92,   20000000,     682499,        0,  -19317501,          0
 21209,    93,   20000000,     755788,        0,  -19244212,          0
 21209,    94,   20000000,     685217,        0,  -19314783,          0
 21209,    95,   20000000,     690325,        0,  -19309675,          0
 21209,    96,   20000000,     695751,        0,  -19304249,          0
 21209,    97,   20000000,     689534,        0,  -19310466,          0
 21209,    98,   20000000,     727729,        0,  -19272271,          0
 21209,    99,   20000000,     759499,        0,  -19240501,          0
 21209,   100,   20000000,     693852,        0,  -19306148,          0
 21209,   101,   20000000,     709345,        0,  -19290655,          0
 21209,   102,   20000000,     683460,        0,  -19316540,          0
 21209,   103,   20000000,     701158,        0,  -19298842,          0
 21209,   104,   20000000,     681245,        0,  -19318755,          0
 21209,   105,   20000000,     683082,        0,  -19316918,          0
 21209,   106,   20000000,     681914,        0,  -19318086,          0
 21209,   107,   20000000,     686872,        0,  -19313128,          0
 21209,   108,   20000000,     686832,        0,  -19313168,          0
 21209,   109,   20000000,     681692,        0,  -19318308,          0
 21209,   110,   20000000,     692691,        0,  -19307309,          0
 21209,   111,   20000000,     742491,        0,  -19257509,          0
 21209,   112,   20000000,     682475,        0,  -19317525,          0
 21209,   113,   20000000,     701044,        0,  -19298956,          0
 21209,   114,   20000000,     681195,        0,  -19318805,          0
 21209,   115,   20000000,     735737,        0,  -19264263,          0
 21209,   116,   20000000,     683874,        0,  -19316126,          0
 21209,   117,   20000000,     711498,        0,  -19288502,          0
 21209,   118,   20000000,     672931,        0,  -19327069,          0
 21209,   119,   20000000,     715466,        0,  -19284534,          0
 21209,   120,   20000000,     706926,        0,  -19293074,          0
 21209,   121,   20000000,     683118,        0,  -19316882,          0
 21209,   122,   20000000,     683658,        0,  -19316342,          0
 21209,   123,   20000000,     708772,        0,  -19291228,          0
 21209,   124,   20000000,     753408,        0,  -19246592,          0
 21209,   125,   20000000,     689555,        0,  -19310445,          0
 21209,   126,   20000000,     673732,        0,  -19326268,          0
 21209,   127,   20000000,     698267,        0,  -19301733,          0
 21209,   128,   20000000,     674352,        0,  -19325648,          0
 21209,   129,   20000000,     710053,        0,  -19289947,          0
 21209,   130,   20000000,     675720,        0,  -19324280,          0
 21209,   131,   20000000,     687561,        0,  -19312439,          0
 21209,   132,   20000000,     687884,        0,  -19312116,          0
 21209,   133,   20000000,     715223,        0,  -19284777,          0
 21209,   134,   20000000,     682953,        0,  -19317047,          0
 21209,   135,   20000000,     712271,        0,  -19287729,          0
 21209,   136,   20000000,     727127,        0,  -19272873,          0
 21209,   137,   20000000,     696436,        0,  -19303564,          0
 21209,   138,   20000000,     673624,        0,  -19326376,          0
 21209,   139,   20000000,     707265,        0,  -19292735,          0
 21209,   140,   20000000,     702482,        0,  -19297518,          0
 21209,   141,   20000000,     696917,        0,  -19303083,          0
 21209,   142,   20000000,     708364,        0,  -19291636,          0
 21209,   143,   20000000,     676555,        0,  -19323445,          0
 21209,   144,   20000000,     675160,        0,  -19324840,          0
 21209,   145,   20000000,     691764,        0,  -19308236,          0
 21209,   146,   20000000,     672903,        0,  -19327097,          0
 21209,   147,   20000000,     716386,        0,  -19283614,          0
 21209,   148,   20000000,     683507,        0,  -19316493,          0
 21209,   149,   20000000,     824544,        0,  -19175456,          0
 21209,   150,   20000000,     694796,        0,  -19305204,          0
 21209,   151,   20000000,     699766,        0,  -19300234,          0
 21209,   152,   20000000,     681315,        0,  -19318685,          0
 21209,   153,   20000000,     701066,        0,  -19298934,          0
 21209,   154,   20000000,     681083,        0,  -19318917,          0
 21209,   155,   20000000,     697116,        0,  -19302884,          0
 21209,   156,   20000000,     702854,        0,  -19297146,          0
 21209,   157,   20000000,     690110,        0,  -19309890,          0
 21209,   158,   20000000,     680578,        0,  -19319422,          0
 21209,   159,   20000000,     687560,        0,  -19312440,          0
 21209,   160,   20000000,     680833,        0,  -19319167,          0
 21209,   161,   20000000,     694235,        0,  -19305765,          0
 21209,   162,   20000000,     696403,        0,  -19303597,          0
 21209,   163,   20000000,     703390,        0,  -19296610,          0
 21209,   164,   20000000,     689930,        0,  -19310070,          0
 21209,   165,   20000000,     682252,        0,  -19317748,          0
 21209,   166,   20000000,     693355,        0,  -19306645,          0
 21209,   167,   20000000,     717457,        0,  -19282543,          0
 21209,   168,   20000000,     698837,        0,  -19301163,          0
 21209,   169,   20000000,     709787,        0,  -19290213,          0
 21209,   170,   20000000,     694924,        0,  -19305076,          0
 21209,   171,   20000000,     687078,        0,  -19312922,          0
 21209,   172,   20000000,     686738,        0,  -19313262,          0
 21209,   173,   20000000,     701475,        0,  -19298525,          0
 21209,   174,   20000000,     809269,        0,  -19190731,          0
 21209,   175,   20000000,     706746,        0,  -19293254,          0
 21209,   176,   20000000,     679512,        0,  -19320488,          0
 21209,   177,   20000000,     678969,        0,  -19321031,          0
 21209,   178,   20000000,     683783,        0,  -19316217,          0
 21209,   179,   20000000,     715635,        0,  -19284365,          0
 21209,   180,   20000000,     681262,        0,  -19318738,          0
 21209,   181,   20000000,     710796,        0,  -19289204,          0
 21209,   182,   20000000,     680866,        0,  -19319134,          0
 21209,   183,   20000000,     679473,        0,  -19320527,          0
 21209,   184,   20000000,     686480,        0,  -19313520,          0
 21209,   185,   20000000,     706474,        0,  -19293526,          0
 21209,   186,   20000000,     678145,        0,  -19321855,          0
 21209,   187,   20000000,     701049,        0,  -19298951,          0
 21209,   188,   20000000,     693049,        0,  -19306951,          0
 21209,   189,   20000000,     693480,        0,  -19306520,          0
 21209,   190,   20000000,     694453,        0,  -19305547,          0
 21209,   191,   20000000,     731239,        0,  -19268761,          0
 21209,   192,   20000000,     714102,        0,  -19285898,          0
 21209,   193,   20000000,     680357,        0,  -19319643,          0
 21209,   194,   20000000,     693352,        0,  -19306648,          0
 21209,   195,   20000000,     681442,        0,  -19318558,          0
 21209,   196,   20000000,     682914,        0,  -19317086,          0
 21209,   197,   20000000,     695245,        0,  -19304755,          0
 21209,   198,   20000000,     680695,        0,  -19319305,          0
 21209,   199,   20000000,     882280,        0,  -19117720,          0
 21209,   200,   20000000,     700301,        0,  -19299699,          0
 21209,   201,   20000000,     688499,        0,  -19311501,          0
 21209,   202,   20000000,     682339,        0,  -19317661,          0
 21209,   203,   20000000,     689159,        0,  -19310841,          0
 21209,   204,   20000000,     702002,        0,  -19297998,          0
 21209,   205,   20000000,     710122,        0,  -19289878,          0
 21209,   206,   20000000,     684147,        0,  -19315853,          0
 21209,   207,   20000000,     685767,        0,  -19314233,          0
 21209,   208,   20000000,     674196,        0,  -19325804,          0
 21209,   209,   20000000,     689440,        0,  -19310560,          0
 21209,   210,   20000000,     692644,        0,  -19307356,          0
 21209,   211,   20000000,     683924,        0,  -19316076,          0
 21209,   212,   20000000,     679873,        0,  -19320127,          0
 21209,   213,   20000000,     717547,        0,  -19282453,          0
 21209,   214,   20000000,     694324,        0,  -19305676,          0
 21209,   215,   20000000,     693147,        0,  -19306853,          0
 21209,   216,   20000000,     694475,        0,  -19305525,          0
 21209,   217,   20000000,     680536,        0,  -19319464,          0
 21209,   218,   20000000,     697383,        0,  -19302617,          0
 21209,   219,   20000000,     711116,        0,  -19288884,          0
 21209,   220,   20000000,     681760,        0,  -19318240,          0
 21209,   221,   20000000,     697945,        0,  -19302055,          0
 21209,   222,   20000000,     696606,        0,  -19303394,          0
 21209,   223,   20000000,     713848,        0,  -19286152,          0
 21209,   224,   20000000,     872330,        0,  -19127670,          0
 21209,   225,   20000000,     703061,        0,  -19296939,          0
 21209,   226,   20000000,     696919,        0,  -19303081,          0
 21209,   227,   20000000,     698627,        0,  -19301373,          0
 21209,   228,   20000000,     707047,        0,  -19292953,          0
 21209,   229,   20000000,     717236,        0,  -19282764,          0
 21209,   230,   20000000,     681686,        0,  -19318314,          0
 21209,   231,   20000000,     731601,        0,  -19268399,          0
 21209,   232,   20000000,     682082,        0,  -19317918,          0
 21209,   233,   20000000,     705458,        0,  -19294542,          0
 21209,   234,   20000000,     691525,        0,  -19308475,          0
 21209,   235,   20000000,     698283,        0,  -19301717,          0
 21209,   236,   20000000,     693797,        0,  -19306203,          0
 21209,   237,   20000000,     696698,        0,  -19303302,          0
 21209,   238,   20000000,     672826,        0,  -19327174,          0
 21209,   239,   20000000,     694083,        0,  -19305917,          0
 21209,   240,   20000000,     681055,        0,  -19318945,          0
 21209,   241,   20000000,     700517,        0,  -19299483,          0
 21209,   242,   20000000,     687667,        0,  -19312333,          0
 21209,   243,   20000000,     702575,        0,  -19297425,          0
 21209,   244,   20000000,     675068,        0,  -19324932,          0
 21209,   245,   20000000,     681361,        0,  -19318639,          0
 21209,   246,   20000000,     676221,        0,  -19323779,          0
 21209,   247,   20000000,     695676,        0,  -19304324,          0
 21209,   248,   20000000,     697055,        0,  -19302945,          0
 21209,   249,   20000000,     919433,        0,  -19080567,          0
 21209,   250,   20000000,     686597,        0,  -19313403,          0
 21209,   251,   20000000,     688280,        0,  -19311720,          0
 21209,   252,   20000000,     688059,        0,  -19311941,          0
 21209,   253,   20000000,     696500,        0,  -19303500,          0
 21209,   254,   20000000,     681194,        0,  -19318806,          0
 21209,   255,   20000000,     689071,        0,  -19310929,          0
 21209,   256,   20000000,     673647,        0,  -19326353,          0
 21209,   257,   20000000,     698426,        0,  -19301574,          0
 21209,   258,   20000000,     675440,        0,  -19324560,          0
 21209,   259,   20000000,     681022,        0,  -19318978,          0
 21209,   260,   20000000,     672249,        0,  -19327751,          0
 21209,   261,   20000000,     698359,        0,  -19301641,          0
 21209,   262,   20000000,     692380,        0,  -19307620,          0
 21209,   263,   20000000,     690307,        0,  -19309693,          0
 21209,   264,   20000000,     682349,        0,  -19317651,          0
 21209,   265,   20000000,     710538,        0,  -19289462,          0
 21209,   266,   20000000,     697305,        0,  -19302695,          0
 21209,   267,   20000000,     691876,        0,  -19308124,          0
 21209,   268,   20000000,     684760,        0,  -19315240,          0
 21209,   269,   20000000,     696005,        0,  -19303995,          0
 21209,   270,   20000000,     691699,        0,  -19308301,          0
 21209,   271,   20000000,     708319,        0,  -19291681,          0
 21209,   272,   20000000,     682727,        0,  -19317273,          0
 21209,   273,   20000000,     689724,        0,  -19310276,          0
 21209,   274,   20000000,     914058,        0,  -19085942,          0
 21209,   275,   20000000,     684853,        0,  -19315147,          0
 21209,   276,   20000000,     680918,        0,  -19319082,          0
 21209,   277,   20000000,     686764,        0,  -19313236,          0
 21209,   278,   20000000,     705036,        0,  -19294964,          0
 21209,   279,   20000000,     689363,        0,  -19310637,          0
 21209,   280,   20000000,     695801,        0,  -19304199,          0
 21209,   281,   20000000,     686641,        0,  -19313359,          0
 21209,   282,   20000000,     686864,        0,  -19313136,          0
 21209,   283,   20000000,     701626,        0,  -19298374,          0
 21209,   284,   20000000,     682020,        0,  -19317980,          0
 21209,   285,   20000000,     689203,        0,  -19310797,          0
 21209,   286,   20000000,     672650,        0,  -19327350,          0
 21209,   287,   20000000,     690585,        0,  -19309415,          0
 21209,   288,   20000000,     679784,        0,  -19320216,          0
 21209,   289,   20000000,     679405,        0,  -19320595,          0
 21209,   290,   20000000,     674745,        0,  -19325255,          0
 21209,   291,   20000000,     703467,        0,  -19296533,          0
 21209,   292,   20000000,     676891,        0,  -19323109,          0
 21209,   293,   20000000,     694423,        0,  -19305577,          0
 21209,   294,   20000000,     686755,        0,  -19313245,          0
 21209,   295,   20000000,     687862,        0,  -19312138,          0
 21209,   296,   20000000,     683817,        0,  -19316183,          0
 21209,   297,   20000000,     709773,        0,  -19290227,          0
 21209,   298,   20000000,     680753,        0,  -19319247,          0
 21209,   299,   20000000,     956562,        0,  -19043438,          0
 21209,   300,   20000000,     689919,        0,  -19310081,          0
 21209,   301,   20000000,     684633,        0,  -19315367,          0
 21209,   302,   20000000,     685385,        0,  -19314615,          0
 21209,   303,   20000000,     700624,        0,  -19299376,          0
 21209,   304,   20000000,     691380,        0,  -19308620,          0
 21209,   305,   20000000,     684787,        0,  -19315213,          0
 21209,   306,   20000000,     687362,        0,  -19312638,          0
 21209,   307,   20000000,     745652,        0,  -19254348,          0
 21209,   308,   20000000,     709844,        0,  -19290156,          0
 21209,   309,   20000000,     690472,        0,  -19309528,          0
 21209,   310,   20000000,     696325,        0,  -19303675,          0
 21209,   311,   20000000,     702790,        0,  -19297210,          0
 21209,   312,   20000000,     682615,        0,  -19317385,          0
 21209,   313,   20000000,     684203,        0,  -19315797,          0
 21209,   314,   20000000,     695073,        0,  -19304927,          0
 21209,   315,   20000000,     683769,        0,  -19316231,          0
 21209,   316,   20000000,     679246,        0,  -19320754,          0
 21209,   317,   20000000,     714069,        0,  -19285931,          0
 21209,   318,   20000000,     692817,        0,  -19307183,          0
 21209,   319,   20000000,     712956,        0,  -19287044,          0
 21209,   320,   20000000,     682790,        0,  -19317210,          0
 21209,   321,   20000000,     732866,        0,  -19267134,          0
 21209,   322,   20000000,     677539,        0,  -19322461,          0
 21209,   323,   20000000,     692090,        0,  -19307910,          0
 21209,   324,   20000000,     945359,        0,  -19054641,          0
 21209,   325,   20000000,     686323,        0,  -19313677,          0
 21209,   326,   20000000,     691746,        0,  -19308254,          0
 21209,   327,   20000000,     689523,        0,  -19310477,          0
 21209,   328,   20000000,     674809,        0,  -19325191,          0
 21209,   329,   20000000,     695614,        0,  -19304386,          0
 21209,   330,   20000000,     679549,        0,  -19320451,          0
 21209,   331,   20000000,     688314,        0,  -19311686,          0
 21209,   332,   20000000,     682589,        0,  -19317411,          0
 21209,   333,   20000000,     706939,        0,  -19293061,          0
 21209,   334,   20000000,     697483,        0,  -19302517,          0
 21209,   335,   20000000,     712501,        0,  -19287499,          0
 21209,   336,   20000000,     681255,        0,  -19318745,          0
 21209,   337,   20000000,     701598,        0,  -19298402,          0
 21209,   338,   20000000,     700672,        0,  -19299328,          0
 21209,   339,   20000000,     699163,        0,  -19300837,          0
 21209,   340,   20000000,     680024,        0,  -19319976,          0
 21209,   341,   20000000,     700587,        0,  -19299413,          0
 21209,   342,   20000000,     694148,        0,  -19305852,          0
 21209,   343,   20000000,     733818,        0,  -19266182,          0
 21209,   344,   20000000,     693311,        0,  -19306689,          0
 21209,   345,   20000000,     699075,        0,  -19300925,          0
 21209,   346,   20000000,     686313,        0,  -19313687,          0
 21209,   347,   20000000,     683358,        0,  -19316642,          0
 21209,   348,   20000000,     682875,        0,  -19317125,          0
 21209,   349,   20000000,     964061,        0,  -19035939,          0
 21209,   350,   20000000,     678891,        0,  -19321109,          0
 21209,   351,   20000000,     697124,        0,  -19302876,          0
 21209,   352,   20000000,     680752,        0,  -19319248,          0
 21209,   353,   20000000,     719554,        0,  -19280446,          0
 21209,   354,   20000000,     681757,        0,  -19318243,          0
 21209,   355,   20000000,     731249,        0,  -19268751,          0
 21209,   356,   20000000,     683713,        0,  -19316287,          0
 21209,   357,   20000000,     678904,        0,  -19321096,          0
 21209,   358,   20000000,     686492,        0,  -19313508,          0
 21209,   359,   20000000,     720615,        0,  -19279385,          0
 21209,   360,   20000000,     689560,        0,  -19310440,          0
 21209,   361,   20000000,     689330,        0,  -19310670,          0
 21209,   362,   20000000,     693284,        0,  -19306716,          0
 21209,   363,   20000000,     699210,        0,  -19300790,          0
 21209,   364,   20000000,     692475,        0,  -19307525,          0
 21209,   365,   20000000,     684590,        0,  -19315410,          0
 21209,   366,   20000000,     682792,        0,  -19317208,          0
 21209,   367,   20000000,     685487,        0,  -19314513,          0
 21209,   368,   20000000,     698817,        0,  -19301183,          0
 21209,   369,   20000000,     702196,        0,  -19297804,          0
 21209,   370,   20000000,     710329,        0,  -19289671,          0
 21209,   371,   20000000,     690793,        0,  -19309207,          0
 21209,   372,   20000000,     680361,        0,  -19319639,          0
 21209,   373,   20000000,     679529,        0,  -19320471,          0
 21209,   374,   20000000,     958327,        0,  -19041673,          0
 21209,   375,   20000000,     706546,        0,  -19293454,          0
 21209,   376,   20000000,     680723,        0,  -19319277,          0
 21209,   377,   20000000,     684611,        0,  -19315389,          0
 21209,   378,   20000000,     688893,        0,  -19311107,          0
 21209,   379,   20000000,     716626,        0,  -19283374,          0
 21209,   380,   20000000,     695913,        0,  -19304087,          0
 21209,   381,   20000000,     701972,        0,  -19298028,          0
 21209,   382,   20000000,     697676,        0,  -19302324,          0
 21209,   383,   20000000,     736224,        0,  -19263776,          0
 21209,   384,   20000000,     681899,        0,  -19318101,          0
 21209,   385,   20000000,     679803,        0,  -19320197,          0
 21209,   386,   20000000,     683255,        0,  -19316745,          0
 21209,   387,   20000000,     699226,        0,  -19300774,          0
 21209,   388,   20000000,     680008,        0,  -19319992,          0
 21209,   389,   20000000,     686378,        0,  -19313622,          0
 21209,   390,   20000000,     674650,        0,  -19325350,          0
 21209,   391,   20000000,     695163,        0,  -19304837,          0
 21209,   392,   20000000,     671694,        0,  -19328306,          0
 21209,   393,   20000000,     691742,        0,  -19308258,          0
 21209,   394,   20000000,     689006,        0,  -19310994,          0
 21209,   395,   20000000,     692904,        0,  -19307096,          0
 21209,   396,   20000000,     682366,        0,  -19317634,          0
 21209,   397,   20000000,     700257,        0,  -19299743,          0
 21209,   398,   20000000,     673353,        0,  -19326647,          0
 21209,   399,   20000000,     979811,        0,  -19020189,          0
 21209,   400,   20000000,     702788,        0,  -19297212,          0
 21209,   401,   20000000,     691966,        0,  -19308034,          0
 21209,   402,   20000000,     681027,        0,  -19318973,          0
 21209,   403,   20000000,     698120,        0,  -19301880,          0
 21209,   404,   20000000,     675224,        0,  -19324776,          0
 21209,   405,   20000000,     680922,        0,  -19319078,          0
 21209,   406,   20000000,     673288,        0,  -19326712,          0
 21209,   407,   20000000,     691115,        0,  -19308885,          0
 21209,   408,   20000000,     676412,        0,  -19323588,          0
 21209,   409,   20000000,     679767,        0,  -19320233,          0
 21209,   410,   20000000,     696765,        0,  -19303235,          0
 21209,   411,   20000000,     689007,        0,  -19310993,          0
 21209,   412,   20000000,     682172,        0,  -19317828,          0
 21209,   413,   20000000,     689495,        0,  -19310505,          0
 21209,   414,   20000000,     682287,        0,  -19317713,          0
 21209,   415,   20000000,     686565,        0,  -19313435,          0
 21209,   416,   20000000,     691712,        0,  -19308288,          0
 21209,   417,   20000000,     679968,        0,  -19320032,          0
 21209,   418,   20000000,     682713,        0,  -19317287,          0
 21209,   419,   20000000,     681934,        0,  -19318066,          0
 21209,   420,   20000000,     675040,        0,  -19324960,          0
 21209,   421,   20000000,     704729,        0,  -19295271,          0
 21209,   422,   20000000,     676318,        0,  -19323682,          0
 21209,   423,   20000000,     702171,        0,  -19297829,          0
 21209,   424,   20000000,     949284,        0,  -19050716,          0
 21209,   425,   20000000,     686501,        0,  -19313499,          0
 21209,   426,   20000000,     698544,        0,  -19301456,          0
 21209,   427,   20000000,     717383,        0,  -19282617,          0
 21209,   428,   20000000,     674840,        0,  -19325160,          0
 21209,   429,   20000000,     689255,        0,  -19310745,          0
 21209,   430,   20000000,     677317,        0,  -19322683,          0
 21209,   431,   20000000,     681511,        0,  -19318489,          0
 21209,   432,   20000000,     675752,        0,  -19324248,          0
 21209,   433,   20000000,     692703,        0,  -19307297,          0
 21209,   434,   20000000,     685278,        0,  -19314722,          0
 21209,   435,   20000000,     690069,        0,  -19309931,          0
 21209,   436,   20000000,     685782,        0,  -19314218,          0
 21209,   437,   20000000,     706814,        0,  -19293186,          0
 21209,   438,   20000000,     677384,        0,  -19322616,          0
 21209,   439,   20000000,     702949,        0,  -19297051,          0
 21209,   440,   20000000,     705354,        0,  -19294646,          0
 21209,   441,   20000000,     683011,        0,  -19316989,          0
 21209,   442,   20000000,     676522,        0,  -19323478,          0
 21209,   443,   20000000,     721900,        0,  -19278100,          0
 21209,   444,   20000000,     726724,        0,  -19273276,          0
 21209,   445,   20000000,     679817,        0,  -19320183,          0
 21209,   446,   20000000,     760659,        0,  -19239341,          0
 21209,   447,   20000000,     688984,        0,  -19311016,          0
 21209,   448,   20000000,     680911,        0,  -19319089,          0
 21209,   449,   20000000,     985364,        0,  -19014636,          0
 21209,   450,   20000000,     680972,        0,  -19319028,          0
 21209,   451,   20000000,     692991,        0,  -19307009,          0
 21209,   452,   20000000,     696195,        0,  -19303805,          0
 21209,   453,   20000000,     680073,        0,  -19319927,          0
 21209,   454,   20000000,     675061,        0,  -19324939,          0
 21209,   455,   20000000,     740263,        0,  -19259737,          0
 21209,   456,   20000000,     679489,        0,  -19320511,          0
 21209,   457,   20000000,     706363,        0,  -19293637,          0
 21209,   458,   20000000,     677210,        0,  -19322790,          0
 21209,   459,   20000000,     704782,        0,  -19295218,          0
 21209,   460,   20000000,     697465,        0,  -19302535,          0
 21209,   461,   20000000,     681113,        0,  -19318887,          0
 21209,   462,   20000000,     692883,        0,  -19307117,          0
 21209,   463,   20000000,     690261,        0,  -19309739,          0
 21209,   464,   20000000,     689405,        0,  -19310595,          0
 21209,   465,   20000000,     691854,        0,  -19308146,          0
 21209,   466,   20000000,     680892,        0,  -19319108,          0
 21209,   467,   20000000,     689920,        0,  -19310080,          0
 21209,   468,   20000000,     679287,        0,  -19320713,          0
 21209,   469,   20000000,     726080,        0,  -19273920,          0
 21209,   470,   20000000,     686046,        0,  -19313954,          0
 21209,   471,   20000000,     702854,        0,  -19297146,          0
 21209,   472,   20000000,     691069,        0,  -19308931,          0
 21209,   473,   20000000,     705074,        0,  -19294926,          0
 21209,   474,   20000000,     986939,        0,  -19013061,          0
 21209,   475,   20000000,     722214,        0,  -19277786,          0
 21209,   476,   20000000,     684246,        0,  -19315754,          0
 21209,   477,   20000000,     718712,        0,  -19281288,          0
 21209,   478,   20000000,     684361,        0,  -19315639,          0
 21209,   479,   20000000,     685739,        0,  -19314261,          0
 21209,   480,   20000000,     704213,        0,  -19295787,          0
 21209,   481,   20000000,     704644,        0,  -19295356,          0
 21209,   482,   20000000,     682560,        0,  -19317440,          0
 21209,   483,   20000000,     681526,        0,  -19318474,          0
 21209,   484,   20000000,     692960,        0,  -19307040,          0
 21209,   485,   20000000,     696224,        0,  -19303776,          0
 21209,   486,   20000000,     697343,        0,  -19302657,          0
 21209,   487,   20000000,     706445,        0,  -19293555,          0
 21209,   488,   20000000,     678876,        0,  -19321124,          0
 21209,   489,   20000000,     705010,        0,  -19294990,          0
 21209,   490,   20000000,     681784,        0,  -19318216,          0
 21209,   491,   20000000,     703882,        0,  -19296118,          0
 21209,   492,   20000000,     684314,        0,  -19315686,          0
 21209,   493,   20000000,     708249,        0,  -19291751,          0
 21209,   494,   20000000,     697943,        0,  -19302057,          0
 21209,   495,   20000000,     735076,        0,  -19264924,          0
 21209,   496,   20000000,     683187,        0,  -19316813,          0
 21209,   497,   20000000,     730191,        0,  -19269809,          0
 21209,   498,   20000000,     678853,        0,  -19321147,          0
 21209,   499,   20000000,     967113,        0,  -19032887,          0
 21209,   500,   20000000,     688467,        0,  -19311533,          0
 21209,   501,   20000000,     710016,        0,  -19289984,          0
 21209,   502,   20000000,     674839,        0,  -19325161,          0
 21209,   503,   20000000,     698474,        0,  -19301526,          0
 21209,   504,   20000000,     722768,        0,  -19277232,          0
