# Task,   Job,     Period,   Response, DL Miss?,   Lateness,  Tardiness
# task NAME=myapp PID=19787 COST=12400000 PERIOD=31000000 CPU=0
 19787,     2,   31000000,      11065,        0,  -30988935,          0
 19787,     3,   31000000,      36653,        0,  -30963347,          0
 19787,     4,   31000000,   13249725,        0,  -17750275,          0
 19787,     5,   31000000,   12167421,        0,  -18832579,          0
 19787,     6,   31000000,   12431183,        0,  -18568817,          0
 19787,     7,   31000000,   12174923,        0,  -18825077,          0
 19787,     8,   31000000,   12152253,        0,  -18847747,          0
 19787,     9,   31000000,   12151639,        0,  -18848361,          0
 19787,    10,   31000000,   12445777,        0,  -18554223,          0
 19787,    11,   31000000,   12158134,        0,  -18841866,          0
 19787,    12,   31000000,   12169166,        0,  -18830834,          0
 19787,    13,   31000000,   12173314,        0,  -18826686,          0
 19787,    14,   31000000,   12442665,        0,  -18557335,          0
 19787,    15,   31000000,   12190164,        0,  -18809836,          0
 19787,    16,   31000000,   12204548,        0,  -18795452,          0
 19787,    17,   31000000,   12176802,        0,  -18823198,          0
 19787,    18,   31000000,   12493898,        0,  -18506102,          0
 19787,    19,   31000000,   12217412,        0,  -18782588,          0
 19787,    20,   31000000,   12164926,        0,  -18835074,          0
 19787,    21,   31000000,   12201903,        0,  -18798097,          0
 19787,    22,   31000000,   12445609,        0,  -18554391,          0
 19787,    23,   31000000,   12227704,        0,  -18772296,          0
 19787,    24,   31000000,   12156710,        0,  -18843290,          0
 19787,    25,   31000000,   12145373,        0,  -18854627,          0
 19787,    26,   31000000,   12505181,        0,  -18494819,          0
 19787,    27,   31000000,   12195641,        0,  -18804359,          0
 19787,    28,   31000000,   12145139,        0,  -18854861,          0
 19787,    29,   31000000,   12177917,        0,  -18822083,          0
 19787,    30,   31000000,   12497154,        0,  -18502846,          0
 19787,    31,   31000000,   12209674,        0,  -18790326,          0
 19787,    32,   31000000,   12146267,        0,  -18853733,          0
 19787,    33,   31000000,   12217544,        0,  -18782456,          0
 19787,    34,   31000000,   12570606,        0,  -18429394,          0
 19787,    35,   31000000,   12208976,        0,  -18791024,          0
 19787,    36,   31000000,   12189299,        0,  -18810701,          0
 19787,    37,   31000000,   12158957,        0,  -18841043,          0
 19787,    38,   31000000,   12435585,        0,  -18564415,          0
 19787,    39,   31000000,   12260935,        0,  -18739065,          0
 19787,    40,   31000000,   12202959,        0,  -18797041,          0
 19787,    41,   31000000,   12174626,        0,  -18825374,          0
 19787,    42,   31000000,   12427245,        0,  -18572755,          0
 19787,    43,   31000000,   12160849,        0,  -18839151,          0
 19787,    44,   31000000,   12172547,        0,  -18827453,          0
 19787,    45,   31000000,   12140793,        0,  -18859207,          0
 19787,    46,   31000000,   12163651,        0,  -18836349,          0
 19787,    47,   31000000,   12199645,        0,  -18800355,          0
 19787,    48,   31000000,   12144558,        0,  -18855442,          0
 19787,    49,   31000000,   12171365,        0,  -18828635,          0
 19787,    50,   31000000,   12157765,        0,  -18842235,          0
 19787,    51,   31000000,   12236480,        0,  -18763520,          0
 19787,    52,   31000000,   12216947,        0,  -18783053,          0
 19787,    53,   31000000,   12158689,        0,  -18841311,          0
 19787,    54,   31000000,   12171321,        0,  -18828679,          0
 19787,    55,   31000000,   12150988,        0,  -18849012,          0
 19787,    56,   31000000,   12148845,        0,  -18851155,          0
 19787,    57,   31000000,   12157987,        0,  -18842013,          0
 19787,    58,   31000000,   12152298,        0,  -18847702,          0
 19787,    59,   31000000,   12175157,        0,  -18824843,          0
 19787,    60,   31000000,   12221384,        0,  -18778616,          0
 19787,    61,   31000000,   12201880,        0,  -18798120,          0
 19787,    62,   31000000,   12168972,        0,  -18831028,          0
 19787,    63,   31000000,   12153637,        0,  -18846363,          0
 19787,    64,   31000000,   12150405,        0,  -18849595,          0
 19787,    65,   31000000,   12151825,        0,  -18848175,          0
 19787,    66,   31000000,   12165912,        0,  -18834088,          0
 19787,    67,   31000000,   12157937,        0,  -18842063,          0
 19787,    68,   31000000,   12166042,        0,  -18833958,          0
 19787,    69,   31000000,   12143569,        0,  -18856431,          0
 19787,    70,   31000000,   12171341,        0,  -18828659,          0
 19787,    71,   31000000,   12149290,        0,  -18850710,          0
 19787,    72,   31000000,   12245885,        0,  -18754115,          0
 19787,    73,   31000000,   12160490,        0,  -18839510,          0
 19787,    74,   31000000,   12181312,        0,  -18818688,          0
 19787,    75,   31000000,   12171065,        0,  -18828935,          0
 19787,    76,   31000000,   12208151,        0,  -18791849,          0
 19787,    77,   31000000,   12186558,        0,  -18813442,          0
 19787,    78,   31000000,   12147768,        0,  -18852232,          0
 19787,    79,   31000000,   12148674,        0,  -18851326,          0
 19787,    80,   31000000,   12167400,        0,  -18832600,          0
 19787,    81,   31000000,   12167480,        0,  -18832520,          0
 19787,    82,   31000000,   12224473,        0,  -18775527,          0
 19787,    83,   31000000,   12171450,        0,  -18828550,          0
 19787,    84,   31000000,   12155969,        0,  -18844031,          0
 19787,    85,   31000000,   12214423,        0,  -18785577,          0
 19787,    86,   31000000,   12216352,        0,  -18783648,          0
 19787,    87,   31000000,   12147633,        0,  -18852367,          0
 19787,    88,   31000000,   12145532,        0,  -18854468,          0
 19787,    89,   31000000,   12233159,        0,  -18766841,          0
 19787,    90,   31000000,   12279521,        0,  -18720479,          0
 19787,    91,   31000000,   12150002,        0,  -18849998,          0
 19787,    92,   31000000,   12170204,        0,  -18829796,          0
 19787,    93,   31000000,   12164845,        0,  -18835155,          0
 19787,    94,   31000000,   12184092,        0,  -18815908,          0
 19787,    95,   31000000,   12147459,        0,  -18852541,          0
 19787,    96,   31000000,   12184207,        0,  -18815793,          0
 19787,    97,   31000000,   12155486,        0,  -18844514,          0
 19787,    98,   31000000,   12144077,        0,  -18855923,          0
 19787,    99,   31000000,   12156817,        0,  -18843183,          0
 19787,   100,   31000000,   12158182,        0,  -18841818,          0
 19787,   101,   31000000,   12153990,        0,  -18846010,          0
 19787,   102,   31000000,   12150151,        0,  -18849849,          0
 19787,   103,   31000000,   12206092,        0,  -18793908,          0
 19787,   104,   31000000,   12165674,        0,  -18834326,          0
 19787,   105,   31000000,   12167985,        0,  -18832015,          0
 19787,   106,   31000000,   12146737,        0,  -18853263,          0
 19787,   107,   31000000,   12185759,        0,  -18814241,          0
 19787,   108,   31000000,   12184378,        0,  -18815622,          0
 19787,   109,   31000000,   12184430,        0,  -18815570,          0
 19787,   110,   31000000,   12150058,        0,  -18849942,          0
 19787,   111,   31000000,   12197689,        0,  -18802311,          0
 19787,   112,   31000000,   12153568,        0,  -18846432,          0
 19787,   113,   31000000,   12170623,        0,  -18829377,          0
 19787,   114,   31000000,   12165699,        0,  -18834301,          0
 19787,   115,   31000000,   12156788,        0,  -18843212,          0
 19787,   116,   31000000,   12157191,        0,  -18842809,          0
 19787,   117,   31000000,   12178270,        0,  -18821730,          0
 19787,   118,   31000000,   12167312,        0,  -18832688,          0
 19787,   119,   31000000,   12459157,        0,  -18540843,          0
 19787,   120,   31000000,   12172641,        0,  -18827359,          0
 19787,   121,   31000000,   12156146,        0,  -18843854,          0
 19787,   122,   31000000,   12246868,        0,  -18753132,          0
 19787,   123,   31000000,   12444093,        0,  -18555907,          0
 19787,   124,   31000000,   12175197,        0,  -18824803,          0
 19787,   125,   31000000,   12176907,        0,  -18823093,          0
 19787,   126,   31000000,   12145944,        0,  -18854056,          0
 19787,   127,   31000000,   12448610,        0,  -18551390,          0
 19787,   128,   31000000,   12146182,        0,  -18853818,          0
 19787,   129,   31000000,   12165145,        0,  -18834855,          0
 19787,   130,   31000000,   12163848,        0,  -18836152,          0
 19787,   131,   31000000,   12441053,        0,  -18558947,          0
 19787,   132,   31000000,   12145356,        0,  -18854644,          0
 19787,   133,   31000000,   12166789,        0,  -18833211,          0
 19787,   134,   31000000,   12155879,        0,  -18844121,          0
 19787,   135,   31000000,   12437767,        0,  -18562233,          0
 19787,   136,   31000000,   12173813,        0,  -18826187,          0
 19787,   137,   31000000,   12146155,        0,  -18853845,          0
 19787,   138,   31000000,   12154002,        0,  -18845998,          0
 19787,   139,   31000000,   12484794,        0,  -18515206,          0
 19787,   140,   31000000,   12204555,        0,  -18795445,          0
 19787,   141,   31000000,   12159290,        0,  -18840710,          0
 19787,   142,   31000000,   12215207,        0,  -18784793,          0
 19787,   143,   31000000,   12483252,        0,  -18516748,          0
 19787,   144,   31000000,   12171386,        0,  -18828614,          0
 19787,   145,   31000000,   12164891,        0,  -18835109,          0
 19787,   146,   31000000,   12218137,        0,  -18781863,          0
 19787,   147,   31000000,   12503450,        0,  -18496550,          0
 19787,   148,   31000000,   12173154,        0,  -18826846,          0
 19787,   149,   31000000,   12142858,        0,  -18857142,          0
 19787,   150,   31000000,   12225815,        0,  -18774185,          0
 19787,   151,   31000000,   12432780,        0,  -18567220,          0
 19787,   152,   31000000,   12194184,        0,  -18805816,          0
 19787,   153,   31000000,   12190976,        0,  -18809024,          0
 19787,   154,   31000000,   12145512,        0,  -18854488,          0
 19787,   155,   31000000,   12461556,        0,  -18538444,          0
 19787,   156,   31000000,   12170382,        0,  -18829618,          0
 19787,   157,   31000000,   12147251,        0,  -18852749,          0
 19787,   158,   31000000,   12161589,        0,  -18838411,          0
 19787,   159,   31000000,   12452635,        0,  -18547365,          0
 19787,   160,   31000000,   12145005,        0,  -18854995,          0
 19787,   161,   31000000,   12158968,        0,  -18841032,          0
 19787,   162,   31000000,   12159726,        0,  -18840274,          0
 19787,   163,   31000000,   12438914,        0,  -18561086,          0
 19787,   164,   31000000,   12159449,        0,  -18840551,          0
 19787,   165,   31000000,   12184693,        0,  -18815307,          0
 19787,   166,   31000000,   12145544,        0,  -18854456,          0
 19787,   167,   31000000,   12428778,        0,  -18571222,          0
 19787,   168,   31000000,   12148134,        0,  -18851866,          0
 19787,   169,   31000000,   12153218,        0,  -18846782,          0
 19787,   170,   31000000,   12164661,        0,  -18835339,          0
 19787,   171,   31000000,   12184642,        0,  -18815358,          0
 19787,   172,   31000000,   12169131,        0,  -18830869,          0
 19787,   173,   31000000,   12157345,        0,  -18842655,          0
 19787,   174,   31000000,   12159638,        0,  -18840362,          0
 19787,   175,   31000000,   12216577,        0,  -18783423,          0
 19787,   176,   31000000,   12221270,        0,  -18778730,          0
 19787,   177,   31000000,   12170686,        0,  -18829314,          0
 19787,   178,   31000000,   12165049,        0,  -18834951,          0
 19787,   179,   31000000,   12152665,        0,  -18847335,          0
 19787,   180,   31000000,   12163070,        0,  -18836930,          0
 19787,   181,   31000000,   12159610,        0,  -18840390,          0
 19787,   182,   31000000,   12145294,        0,  -18854706,          0
 19787,   183,   31000000,   12165064,        0,  -18834936,          0
 19787,   184,   31000000,   12153685,        0,  -18846315,          0
 19787,   185,   31000000,   12173292,        0,  -18826708,          0
 19787,   186,   31000000,   12199123,        0,  -18800877,          0
 19787,   187,   31000000,   12161199,        0,  -18838801,          0
 19787,   188,   31000000,   12162931,        0,  -18837069,          0
 19787,   189,   31000000,   12182316,        0,  -18817684,          0
 19787,   190,   31000000,   12152183,        0,  -18847817,          0
 19787,   191,   31000000,   12162604,        0,  -18837396,          0
 19787,   192,   31000000,   12198168,        0,  -18801832,          0
 19787,   193,   31000000,   12184824,        0,  -18815176,          0
 19787,   194,   31000000,   12201963,        0,  -18798037,          0
 19787,   195,   31000000,   12218035,        0,  -18781965,          0
 19787,   196,   31000000,   12169325,        0,  -18830675,          0
 19787,   197,   31000000,   12155522,        0,  -18844478,          0
 19787,   198,   31000000,   12168543,        0,  -18831457,          0
 19787,   199,   31000000,   12149043,        0,  -18850957,          0
 19787,   200,   31000000,   12144732,        0,  -18855268,          0
 19787,   201,   31000000,   12221566,        0,  -18778434,          0
 19787,   202,   31000000,   12178404,        0,  -18821596,          0
 19787,   203,   31000000,   12175236,        0,  -18824764,          0
 19787,   204,   31000000,   12149894,        0,  -18850106,          0
 19787,   205,   31000000,   12163152,        0,  -18836848,          0
 19787,   206,   31000000,   12147681,        0,  -18852319,          0
 19787,   207,   31000000,   12149210,        0,  -18850790,          0
 19787,   208,   31000000,   12204551,        0,  -18795449,          0
 19787,   209,   31000000,   12159224,        0,  -18840776,          0
 19787,   210,   31000000,   12151207,        0,  -18848793,          0
 19787,   211,   31000000,   12154124,        0,  -18845876,          0
 19787,   212,   31000000,   12260075,        0,  -18739925,          0
 19787,   213,   31000000,   12252805,        0,  -18747195,          0
 19787,   214,   31000000,   12170448,        0,  -18829552,          0
 19787,   215,   31000000,   12195457,        0,  -18804543,          0
 19787,   216,   31000000,   12149628,        0,  -18850372,          0
 19787,   217,   31000000,   12166703,        0,  -18833297,          0
 19787,   218,   31000000,   12147229,        0,  -18852771,          0
 19787,   219,   31000000,   12286157,        0,  -18713843,          0
 19787,   220,   31000000,   12204910,        0,  -18795090,          0
 19787,   221,   31000000,   12194006,        0,  -18805994,          0
 19787,   222,   31000000,   12159975,        0,  -18840025,          0
 19787,   223,   31000000,   12166422,        0,  -18833578,          0
 19787,   224,   31000000,   12221701,        0,  -18778299,          0
 19787,   225,   31000000,   12163834,        0,  -18836166,          0
 19787,   226,   31000000,   12167741,        0,  -18832259,          0
 19787,   227,   31000000,   12144773,        0,  -18855227,          0
 19787,   228,   31000000,   12204180,        0,  -18795820,          0
 19787,   229,   31000000,   12167775,        0,  -18832225,          0
 19787,   230,   31000000,   12166362,        0,  -18833638,          0
 19787,   231,   31000000,   12162025,        0,  -18837975,          0
 19787,   232,   31000000,   12150167,        0,  -18849833,          0
 19787,   233,   31000000,   12149960,        0,  -18850040,          0
 19787,   234,   31000000,   12177993,        0,  -18822007,          0
 19787,   235,   31000000,   12219511,        0,  -18780489,          0
 19787,   236,   31000000,   12184177,        0,  -18815823,          0
 19787,   237,   31000000,   12154509,        0,  -18845491,          0
 19787,   238,   31000000,   12163813,        0,  -18836187,          0
 19787,   239,   31000000,   12170074,        0,  -18829926,          0
 19787,   240,   31000000,   12156102,        0,  -18843898,          0
 19787,   241,   31000000,   12226006,        0,  -18773994,          0
 19787,   242,   31000000,   12178914,        0,  -18821086,          0
 19787,   243,   31000000,   12208833,        0,  -18791167,          0
 19787,   244,   31000000,   12429256,        0,  -18570744,          0
 19787,   245,   31000000,   12154197,        0,  -18845803,          0
 19787,   246,   31000000,   12149663,        0,  -18850337,          0
 19787,   247,   31000000,   12156972,        0,  -18843028,          0
 19787,   248,   31000000,   12637257,        0,  -18362743,          0
 19787,   249,   31000000,   12160640,        0,  -18839360,          0
 19787,   250,   31000000,   12142830,        0,  -18857170,          0
 19787,   251,   31000000,   12236164,        0,  -18763836,          0
 19787,   252,   31000000,   12477009,        0,  -18522991,          0
 19787,   253,   31000000,   12199864,        0,  -18800136,          0
 19787,   254,   31000000,   12164949,        0,  -18835051,          0
 19787,   255,   31000000,   12158205,        0,  -18841795,          0
 19787,   256,   31000000,   12465802,        0,  -18534198,          0
 19787,   257,   31000000,   12184048,        0,  -18815952,          0
 19787,   258,   31000000,   12220232,        0,  -18779768,          0
 19787,   259,   31000000,   12165720,        0,  -18834280,          0
 19787,   260,   31000000,   12425867,        0,  -18574133,          0
 19787,   261,   31000000,   12180409,        0,  -18819591,          0
 19787,   262,   31000000,   12144171,        0,  -18855829,          0
 19787,   263,   31000000,   12172955,        0,  -18827045,          0
 19787,   264,   31000000,   12455740,        0,  -18544260,          0
 19787,   265,   31000000,   12197050,        0,  -18802950,          0
 19787,   266,   31000000,   12169797,        0,  -18830203,          0
 19787,   267,   31000000,   12158432,        0,  -18841568,          0
 19787,   268,   31000000,   12518558,        0,  -18481442,          0
 19787,   269,   31000000,   12236457,        0,  -18763543,          0
 19787,   270,   31000000,   12244382,        0,  -18755618,          0
 19787,   271,   31000000,   12221385,        0,  -18778615,          0
 19787,   272,   31000000,   12483076,        0,  -18516924,          0
 19787,   273,   31000000,   12197935,        0,  -18802065,          0
 19787,   274,   31000000,   12165514,        0,  -18834486,          0
 19787,   275,   31000000,   12214023,        0,  -18785977,          0
 19787,   276,   31000000,   12438325,        0,  -18561675,          0
 19787,   277,   31000000,   12156673,        0,  -18843327,          0
 19787,   278,   31000000,   12173260,        0,  -18826740,          0
 19787,   279,   31000000,   12176325,        0,  -18823675,          0
 19787,   280,   31000000,   12429201,        0,  -18570799,          0
 19787,   281,   31000000,   12167007,        0,  -18832993,          0
 19787,   282,   31000000,   12162069,        0,  -18837931,          0
 19787,   283,   31000000,   12142886,        0,  -18857114,          0
 19787,   284,   31000000,   12446255,        0,  -18553745,          0
 19787,   285,   31000000,   12162107,        0,  -18837893,          0
 19787,   286,   31000000,   12199471,        0,  -18800529,          0
 19787,   287,   31000000,   12159344,        0,  -18840656,          0
 19787,   288,   31000000,   12478657,        0,  -18521343,          0
 19787,   289,   31000000,   12197508,        0,  -18802492,          0
 19787,   290,   31000000,   12161507,        0,  -18838493,          0
 19787,   291,   31000000,   12168950,        0,  -18831050,          0
 19787,   292,   31000000,   12172238,        0,  -18827762,          0
 19787,   293,   31000000,   12147644,        0,  -18852356,          0
 19787,   294,   31000000,   12162342,        0,  -18837658,          0
 19787,   295,   31000000,   12170197,        0,  -18829803,          0
 19787,   296,   31000000,   12168390,        0,  -18831610,          0
 19787,   297,   31000000,   12201938,        0,  -18798062,          0
 19787,   298,   31000000,   12156921,        0,  -18843079,          0
 19787,   299,   31000000,   12171379,        0,  -18828621,          0
 19787,   300,   31000000,   12161169,        0,  -18838831,          0
 19787,   301,   31000000,   12145087,        0,  -18854913,          0
 19787,   302,   31000000,   12165788,        0,  -18834212,          0
 19787,   303,   31000000,   12146362,        0,  -18853638,          0
 19787,   304,   31000000,   12145116,        0,  -18854884,          0
 19787,   305,   31000000,   12147466,        0,  -18852534,          0
 19787,   306,   31000000,   12185195,        0,  -18814805,          0
 19787,   307,   31000000,   12169953,        0,  -18830047,          0
 19787,   308,   31000000,   12161433,        0,  -18838567,          0
 19787,   309,   31000000,   12147782,        0,  -18852218,          0
 19787,   310,   31000000,   12171755,        0,  -18828245,          0
 19787,   311,   31000000,   12205030,        0,  -18794970,          0
 19787,   312,   31000000,   12147772,        0,  -18852228,          0
 19787,   313,   31000000,   12152864,        0,  -18847136,          0
 19787,   314,   31000000,   12180596,        0,  -18819404,          0
 19787,   315,   31000000,   12201190,        0,  -18798810,          0
 19787,   316,   31000000,   12169815,        0,  -18830185,          0
 19787,   317,   31000000,   12156401,        0,  -18843599,          0
 19787,   318,   31000000,   12201746,        0,  -18798254,          0
 19787,   319,   31000000,   12156575,        0,  -18843425,          0
 19787,   320,   31000000,   12222127,        0,  -18777873,          0
 19787,   321,   31000000,   12163247,        0,  -18836753,          0
 19787,   322,   31000000,   12251276,        0,  -18748724,          0
 19787,   323,   31000000,   12184319,        0,  -18815681,          0
 19787,   324,   31000000,   12156220,        0,  -18843780,          0
 19787,   325,   31000000,   12155422,        0,  -18844578,          0
 19787,   326,   31000000,   12152002,        0,  -18847998,          0
