# Task,   Job,     Period,   Response, DL Miss?,   Lateness,  Tardiness
# task NAME=myapp PID=8768 COST=19608000 PERIOD=23000000 CPU=0
  8768,     2,   23000000,       9196,        0,  -22990804,          0
  8768,     3,   23000000,      54792,        0,  -22945208,          0
  8768,     4,   23000000,   20315619,        0,   -2684381,          0
  8768,     5,   23000000,   19257052,        0,   -3742948,          0
  8768,     6,   23000000,   19251121,        0,   -3748879,          0
  8768,     7,   23000000,   19527907,        0,   -3472093,          0
  8768,     8,   23000000,   19247312,        0,   -3752688,          0
  8768,     9,   23000000,   19251692,        0,   -3748308,          0
  8768,    10,   23000000,   19267563,        0,   -3732437,          0
  8768,    11,   23000000,   19238226,        0,   -3761774,          0
  8768,    12,   23000000,   19260041,        0,   -3739959,          0
  8768,    13,   23000000,   19511694,        0,   -3488306,          0
  8768,    14,   23000000,   19262506,        0,   -3737494,          0
  8768,    15,   23000000,   19256342,        0,   -3743658,          0
  8768,    16,   23000000,   19249296,        0,   -3750704,          0
  8768,    17,   23000000,   19222091,        0,   -3777909,          0
  8768,    18,   23000000,   19527395,        0,   -3472605,          0
  8768,    19,   23000000,   19232398,        0,   -3767602,          0
  8768,    20,   23000000,   19239432,        0,   -3760568,          0
  8768,    21,   23000000,   19256335,        0,   -3743665,          0
  8768,    22,   23000000,   19240184,        0,   -3759816,          0
  8768,    23,   23000000,   19237962,        0,   -3762038,          0
  8768,    24,   23000000,   19254354,        0,   -3745646,          0
  8768,    25,   23000000,   19264543,        0,   -3735457,          0
  8768,    26,   23000000,   19239720,        0,   -3760280,          0
  8768,    27,   23000000,   19260466,        0,   -3739534,          0
  8768,    28,   23000000,   19235983,        0,   -3764017,          0
  8768,    29,   23000000,   19551712,        0,   -3448288,          0
  8768,    30,   23000000,   19262128,        0,   -3737872,          0
  8768,    31,   23000000,   19243699,        0,   -3756301,          0
  8768,    32,   23000000,   19228873,        0,   -3771127,          0
  8768,    33,   23000000,   19245596,        0,   -3754404,          0
  8768,    34,   23000000,   19516795,        0,   -3483205,          0
  8768,    35,   23000000,   19253232,        0,   -3746768,          0
  8768,    36,   23000000,   19233134,        0,   -3766866,          0
  8768,    37,   23000000,   19230168,        0,   -3769832,          0
  8768,    38,   23000000,   19253091,        0,   -3746909,          0
  8768,    39,   23000000,   19246236,        0,   -3753764,          0
  8768,    40,   23000000,   19533899,        0,   -3466101,          0
  8768,    41,   23000000,   19246387,        0,   -3753613,          0
  8768,    42,   23000000,   19253072,        0,   -3746928,          0
  8768,    43,   23000000,   19227488,        0,   -3772512,          0
  8768,    44,   23000000,   19279263,        0,   -3720737,          0
  8768,    45,   23000000,   19528055,        0,   -3471945,          0
  8768,    46,   23000000,   19244657,        0,   -3755343,          0
  8768,    47,   23000000,   19249283,        0,   -3750717,          0
  8768,    48,   23000000,   19251544,        0,   -3748456,          0
  8768,    49,   23000000,   19245108,        0,   -3754892,          0
  8768,    50,   23000000,   19253623,        0,   -3746377,          0
  8768,    51,   23000000,   19499743,        0,   -3500257,          0
  8768,    52,   23000000,   19246703,        0,   -3753297,          0
  8768,    53,   23000000,   19260210,        0,   -3739790,          0
  8768,    54,   23000000,   19241403,        0,   -3758597,          0
  8768,    55,   23000000,   19269763,        0,   -3730237,          0
  8768,    56,   23000000,   19524684,        0,   -3475316,          0
  8768,    57,   23000000,   19251697,        0,   -3748303,          0
  8768,    58,   23000000,   19236520,        0,   -3763480,          0
  8768,    59,   23000000,   19296881,        0,   -3703119,          0
  8768,    60,   23000000,   19250586,        0,   -3749414,          0
  8768,    61,   23000000,   19246114,        0,   -3753886,          0
  8768,    62,   23000000,   19248625,        0,   -3751375,          0
  8768,    63,   23000000,   19247486,        0,   -3752514,          0
  8768,    64,   23000000,   19244624,        0,   -3755376,          0
  8768,    65,   23000000,   19260176,        0,   -3739824,          0
  8768,    66,   23000000,   19223376,        0,   -3776624,          0
  8768,    67,   23000000,   19520704,        0,   -3479296,          0
  8768,    68,   23000000,   19262043,        0,   -3737957,          0
  8768,    69,   23000000,   19231216,        0,   -3768784,          0
  8768,    70,   23000000,   19276106,        0,   -3723894,          0
  8768,    71,   23000000,   19274414,        0,   -3725586,          0
  8768,    72,   23000000,   19260836,        0,   -3739164,          0
  8768,    73,   23000000,   19251263,        0,   -3748737,          0
  8768,    74,   23000000,   19259199,        0,   -3740801,          0
  8768,    75,   23000000,   19254531,        0,   -3745469,          0
  8768,    76,   23000000,   19264785,        0,   -3735215,          0
  8768,    77,   23000000,   19261745,        0,   -3738255,          0
  8768,    78,   23000000,   19544243,        0,   -3455757,          0
  8768,    79,   23000000,   19256665,        0,   -3743335,          0
  8768,    80,   23000000,   19257324,        0,   -3742676,          0
  8768,    81,   23000000,   19366581,        0,   -3633419,          0
  8768,    82,   23000000,   19256202,        0,   -3743798,          0
  8768,    83,   23000000,   19546398,        0,   -3453602,          0
  8768,    84,   23000000,   19253157,        0,   -3746843,          0
  8768,    85,   23000000,   19291774,        0,   -3708226,          0
  8768,    86,   23000000,   19268839,        0,   -3731161,          0
  8768,    87,   23000000,   19257679,        0,   -3742321,          0
  8768,    88,   23000000,   19259437,        0,   -3740563,          0
  8768,    89,   23000000,   19548041,        0,   -3451959,          0
  8768,    90,   23000000,   19220805,        0,   -3779195,          0
  8768,    91,   23000000,   19241808,        0,   -3758192,          0
  8768,    92,   23000000,   19249265,        0,   -3750735,          0
  8768,    93,   23000000,   19248326,        0,   -3751674,          0
  8768,    94,   23000000,   19542725,        0,   -3457275,          0
  8768,    95,   23000000,   19236312,        0,   -3763688,          0
  8768,    96,   23000000,   19254135,        0,   -3745865,          0
  8768,    97,   23000000,   19255993,        0,   -3744007,          0
  8768,    98,   23000000,   19259563,        0,   -3740437,          0
  8768,    99,   23000000,   19229641,        0,   -3770359,          0
  8768,   100,   23000000,   19519941,        0,   -3480059,          0
  8768,   101,   23000000,   19260761,        0,   -3739239,          0
  8768,   102,   23000000,   19249257,        0,   -3750743,          0
  8768,   103,   23000000,   19228968,        0,   -3771032,          0
  8768,   104,   23000000,   19251635,        0,   -3748365,          0
  8768,   105,   23000000,   19531048,        0,   -3468952,          0
  8768,   106,   23000000,   19232831,        0,   -3767169,          0
  8768,   107,   23000000,   19236242,        0,   -3763758,          0
  8768,   108,   23000000,   19246453,        0,   -3753547,          0
  8768,   109,   23000000,   19257379,        0,   -3742621,          0
  8768,   110,   23000000,   19243194,        0,   -3756806,          0
  8768,   111,   23000000,   19261880,        0,   -3738120,          0
  8768,   112,   23000000,   19258274,        0,   -3741726,          0
  8768,   113,   23000000,   19254340,        0,   -3745660,          0
  8768,   114,   23000000,   19224693,        0,   -3775307,          0
  8768,   115,   23000000,   19278332,        0,   -3721668,          0
  8768,   116,   23000000,   19512787,        0,   -3487213,          0
  8768,   117,   23000000,   19212902,        0,   -3787098,          0
  8768,   118,   23000000,   19231939,        0,   -3768061,          0
  8768,   119,   23000000,   19248598,        0,   -3751402,          0
  8768,   120,   23000000,   19248501,        0,   -3751499,          0
  8768,   121,   23000000,   19531865,        0,   -3468135,          0
  8768,   122,   23000000,   19220488,        0,   -3779512,          0
  8768,   123,   23000000,   19240822,        0,   -3759178,          0
  8768,   124,   23000000,   19252876,        0,   -3747124,          0
  8768,   125,   23000000,   19245024,        0,   -3754976,          0
  8768,   126,   23000000,   19265466,        0,   -3734534,          0
  8768,   127,   23000000,   19501594,        0,   -3498406,          0
  8768,   128,   23000000,   19242037,        0,   -3757963,          0
  8768,   129,   23000000,   19232588,        0,   -3767412,          0
  8768,   130,   23000000,   19273611,        0,   -3726389,          0
  8768,   131,   23000000,   19250831,        0,   -3749169,          0
  8768,   132,   23000000,   19522299,        0,   -3477701,          0
  8768,   133,   23000000,   19234557,        0,   -3765443,          0
  8768,   134,   23000000,   19234741,        0,   -3765259,          0
  8768,   135,   23000000,   19241273,        0,   -3758727,          0
  8768,   136,   23000000,   19255336,        0,   -3744664,          0
  8768,   137,   23000000,   19233269,        0,   -3766731,          0
  8768,   138,   23000000,   19493043,        0,   -3506957,          0
  8768,   139,   23000000,   19294848,        0,   -3705152,          0
  8768,   140,   23000000,   19248009,        0,   -3751991,          0
  8768,   141,   23000000,   19276422,        0,   -3723578,          0
  8768,   142,   23000000,   19270991,        0,   -3729009,          0
  8768,   143,   23000000,   19513279,        0,   -3486721,          0
  8768,   144,   23000000,   19238762,        0,   -3761238,          0
  8768,   145,   23000000,   19254272,        0,   -3745728,          0
  8768,   146,   23000000,   19251222,        0,   -3748778,          0
  8768,   147,   23000000,   19249940,        0,   -3750060,          0
  8768,   148,   23000000,   19250367,        0,   -3749633,          0
  8768,   149,   23000000,   19245061,        0,   -3754939,          0
  8768,   150,   23000000,   19255754,        0,   -3744246,          0
  8768,   151,   23000000,   19255244,        0,   -3744756,          0
  8768,   152,   23000000,   19255295,        0,   -3744705,          0
  8768,   153,   23000000,   19253181,        0,   -3746819,          0
  8768,   154,   23000000,   19512859,        0,   -3487141,          0
  8768,   155,   23000000,   19235927,        0,   -3764073,          0
  8768,   156,   23000000,   19261859,        0,   -3738141,          0
  8768,   157,   23000000,   19268813,        0,   -3731187,          0
  8768,   158,   23000000,   19252670,        0,   -3747330,          0
  8768,   159,   23000000,   19511111,        0,   -3488889,          0
  8768,   160,   23000000,   19262564,        0,   -3737436,          0
  8768,   161,   23000000,   19244751,        0,   -3755249,          0
  8768,   162,   23000000,   19258667,        0,   -3741333,          0
  8768,   163,   23000000,   19238149,        0,   -3761851,          0
  8768,   164,   23000000,   19246438,        0,   -3753562,          0
  8768,   165,   23000000,   19522479,        0,   -3477521,          0
  8768,   166,   23000000,   19246106,        0,   -3753894,          0
  8768,   167,   23000000,   19265922,        0,   -3734078,          0
  8768,   168,   23000000,   19333644,        0,   -3666356,          0
  8768,   169,   23000000,   19268312,        0,   -3731688,          0
  8768,   170,   23000000,   19520289,        0,   -3479711,          0
  8768,   171,   23000000,   19281307,        0,   -3718693,          0
  8768,   172,   23000000,   19268107,        0,   -3731893,          0
  8768,   173,   23000000,   19259486,        0,   -3740514,          0
  8768,   174,   23000000,   19232972,        0,   -3767028,          0
  8768,   175,   23000000,   19284498,        0,   -3715502,          0
  8768,   176,   23000000,   19553297,        0,   -3446703,          0
  8768,   177,   23000000,   19265036,        0,   -3734964,          0
  8768,   178,   23000000,   19250877,        0,   -3749123,          0
  8768,   179,   23000000,   19265808,        0,   -3734192,          0
  8768,   180,   23000000,   19262024,        0,   -3737976,          0
  8768,   181,   23000000,   19542143,        0,   -3457857,          0
  8768,   182,   23000000,   19284049,        0,   -3715951,          0
  8768,   183,   23000000,   19273339,        0,   -3726661,          0
  8768,   184,   23000000,   19264685,        0,   -3735315,          0
  8768,   185,   23000000,   19253528,        0,   -3746472,          0
  8768,   186,   23000000,   19298117,        0,   -3701883,          0
  8768,   187,   23000000,   19297144,        0,   -3702856,          0
  8768,   188,   23000000,   19256190,        0,   -3743810,          0
  8768,   189,   23000000,   19265707,        0,   -3734293,          0
  8768,   190,   23000000,   19264638,        0,   -3735362,          0
  8768,   191,   23000000,   19260822,        0,   -3739178,          0
  8768,   192,   23000000,   19540462,        0,   -3459538,          0
  8768,   193,   23000000,   19253894,        0,   -3746106,          0
  8768,   194,   23000000,   19254018,        0,   -3745982,          0
  8768,   195,   23000000,   19263269,        0,   -3736731,          0
  8768,   196,   23000000,   19268334,        0,   -3731666,          0
  8768,   197,   23000000,   19287395,        0,   -3712605,          0
  8768,   198,   23000000,   19266253,        0,   -3733747,          0
  8768,   199,   23000000,   19266858,        0,   -3733142,          0
  8768,   200,   23000000,   19255222,        0,   -3744778,          0
  8768,   201,   23000000,   19301433,        0,   -3698567,          0
  8768,   202,   23000000,   19262062,        0,   -3737938,          0
  8768,   203,   23000000,   19539883,        0,   -3460117,          0
  8768,   204,   23000000,   19258256,        0,   -3741744,          0
  8768,   205,   23000000,   19261266,        0,   -3738734,          0
  8768,   206,   23000000,   19261391,        0,   -3738609,          0
  8768,   207,   23000000,   19265452,        0,   -3734548,          0
  8768,   208,   23000000,   19536934,        0,   -3463066,          0
  8768,   209,   23000000,   19254701,        0,   -3745299,          0
  8768,   210,   23000000,   19263565,        0,   -3736435,          0
  8768,   211,   23000000,   19237931,        0,   -3762069,          0
  8768,   212,   23000000,   19253800,        0,   -3746200,          0
  8768,   213,   23000000,   19262923,        0,   -3737077,          0
  8768,   214,   23000000,   19509006,        0,   -3490994,          0
  8768,   215,   23000000,   19228147,        0,   -3771853,          0
  8768,   216,   23000000,   19267756,        0,   -3732244,          0
  8768,   217,   23000000,   19240492,        0,   -3759508,          0
  8768,   218,   23000000,   19243535,        0,   -3756465,          0
  8768,   219,   23000000,   19527422,        0,   -3472578,          0
  8768,   220,   23000000,   19233511,        0,   -3766489,          0
  8768,   221,   23000000,   19248925,        0,   -3751075,          0
  8768,   222,   23000000,   19255298,        0,   -3744702,          0
  8768,   223,   23000000,   19250173,        0,   -3749827,          0
  8768,   224,   23000000,   19234123,        0,   -3765877,          0
  8768,   225,   23000000,   19541920,        0,   -3458080,          0
  8768,   226,   23000000,   19240453,        0,   -3759547,          0
  8768,   227,   23000000,   19268008,        0,   -3731992,          0
  8768,   228,   23000000,   19259876,        0,   -3740124,          0
  8768,   229,   23000000,   19238037,        0,   -3761963,          0
  8768,   230,   23000000,   19512043,        0,   -3487957,          0
  8768,   231,   23000000,   19258117,        0,   -3741883,          0
  8768,   232,   23000000,   19238902,        0,   -3761098,          0
  8768,   233,   23000000,   19249260,        0,   -3750740,          0
  8768,   234,   23000000,   19240956,        0,   -3759044,          0
  8768,   235,   23000000,   19244287,        0,   -3755713,          0
  8768,   236,   23000000,   19252068,        0,   -3747932,          0
  8768,   237,   23000000,   19258748,        0,   -3741252,          0
  8768,   238,   23000000,   19245154,        0,   -3754846,          0
  8768,   239,   23000000,   19259245,        0,   -3740755,          0
  8768,   240,   23000000,   19259367,        0,   -3740633,          0
  8768,   241,   23000000,   19512517,        0,   -3487483,          0
  8768,   242,   23000000,   19274826,        0,   -3725174,          0
  8768,   243,   23000000,   19254128,        0,   -3745872,          0
  8768,   244,   23000000,   19241840,        0,   -3758160,          0
  8768,   245,   23000000,   19247055,        0,   -3752945,          0
  8768,   246,   23000000,   19533146,        0,   -3466854,          0
  8768,   247,   23000000,   19247809,        0,   -3752191,          0
  8768,   248,   23000000,   19253554,        0,   -3746446,          0
  8768,   249,   23000000,   19230950,        0,   -3769050,          0
  8768,   250,   23000000,   19244034,        0,   -3755966,          0
  8768,   251,   23000000,   19253087,        0,   -3746913,          0
  8768,   252,   23000000,   19527810,        0,   -3472190,          0
  8768,   253,   23000000,   19261854,        0,   -3738146,          0
  8768,   254,   23000000,   19256932,        0,   -3743068,          0
  8768,   255,   23000000,   19316610,        0,   -3683390,          0
  8768,   256,   23000000,   19237498,        0,   -3762502,          0
  8768,   257,   23000000,   19534399,        0,   -3465601,          0
  8768,   258,   23000000,   19236669,        0,   -3763331,          0
  8768,   259,   23000000,   19268736,        0,   -3731264,          0
  8768,   260,   23000000,   19245145,        0,   -3754855,          0
  8768,   261,   23000000,   19260088,        0,   -3739912,          0
  8768,   262,   23000000,   19253867,        0,   -3746133,          0
  8768,   263,   23000000,   19543301,        0,   -3456699,          0
  8768,   264,   23000000,   19225556,        0,   -3774444,          0
  8768,   265,   23000000,   19232978,        0,   -3767022,          0
  8768,   266,   23000000,   19257444,        0,   -3742556,          0
  8768,   267,   23000000,   19243265,        0,   -3756735,          0
  8768,   268,   23000000,   19545366,        0,   -3454634,          0
  8768,   269,   23000000,   19249521,        0,   -3750479,          0
  8768,   270,   23000000,   19240607,        0,   -3759393,          0
  8768,   271,   23000000,   19218026,        0,   -3781974,          0
  8768,   272,   23000000,   19280893,        0,   -3719107,          0
  8768,   273,   23000000,   19233986,        0,   -3766014,          0
  8768,   274,   23000000,   19235154,        0,   -3764846,          0
  8768,   275,   23000000,   19290894,        0,   -3709106,          0
  8768,   276,   23000000,   19273997,        0,   -3726003,          0
  8768,   277,   23000000,   19261956,        0,   -3738044,          0
  8768,   278,   23000000,   19279876,        0,   -3720124,          0
  8768,   279,   23000000,   19555323,        0,   -3444677,          0
  8768,   280,   23000000,   19258680,        0,   -3741320,          0
  8768,   281,   23000000,   19272383,        0,   -3727617,          0
  8768,   282,   23000000,   19258425,        0,   -3741575,          0
  8768,   283,   23000000,   19293769,        0,   -3706231,          0
  8768,   284,   23000000,   19542198,        0,   -3457802,          0
  8768,   285,   23000000,   19261823,        0,   -3738177,          0
  8768,   286,   23000000,   19261124,        0,   -3738876,          0
  8768,   287,   23000000,   19276703,        0,   -3723297,          0
  8768,   288,   23000000,   19262113,        0,   -3737887,          0
  8768,   289,   23000000,   19262303,        0,   -3737697,          0
  8768,   290,   23000000,   19542786,        0,   -3457214,          0
  8768,   291,   23000000,   19263356,        0,   -3736644,          0
  8768,   292,   23000000,   19265678,        0,   -3734322,          0
  8768,   293,   23000000,   19271514,        0,   -3728486,          0
  8768,   294,   23000000,   19276773,        0,   -3723227,          0
  8768,   295,   23000000,   19538494,        0,   -3461506,          0
  8768,   296,   23000000,   19263785,        0,   -3736215,          0
  8768,   297,   23000000,   19258112,        0,   -3741888,          0
  8768,   298,   23000000,   19293536,        0,   -3706464,          0
  8768,   299,   23000000,   19265218,        0,   -3734782,          0
  8768,   300,   23000000,   19262012,        0,   -3737988,          0
  8768,   301,   23000000,   19535593,        0,   -3464407,          0
  8768,   302,   23000000,   19267856,        0,   -3732144,          0
  8768,   303,   23000000,   19259776,        0,   -3740224,          0
  8768,   304,   23000000,   19258671,        0,   -3741329,          0
  8768,   305,   23000000,   19253824,        0,   -3746176,          0
  8768,   306,   23000000,   19543403,        0,   -3456597,          0
  8768,   307,   23000000,   19272664,        0,   -3727336,          0
  8768,   308,   23000000,   19261625,        0,   -3738375,          0
  8768,   309,   23000000,   19282355,        0,   -3717645,          0
  8768,   310,   23000000,   19269127,        0,   -3730873,          0
  8768,   311,   23000000,   19265563,        0,   -3734437,          0
  8768,   312,   23000000,   19424966,        0,   -3575034,          0
  8768,   313,   23000000,   19289242,        0,   -3710758,          0
  8768,   314,   23000000,   19258212,        0,   -3741788,          0
  8768,   315,   23000000,   19261665,        0,   -3738335,          0
  8768,   316,   23000000,   19264653,        0,   -3735347,          0
  8768,   317,   23000000,   19542749,        0,   -3457251,          0
  8768,   318,   23000000,   19261745,        0,   -3738255,          0
  8768,   319,   23000000,   19270507,        0,   -3729493,          0
  8768,   320,   23000000,   19241070,        0,   -3758930,          0
  8768,   321,   23000000,   19263318,        0,   -3736682,          0
  8768,   322,   23000000,   19262347,        0,   -3737653,          0
  8768,   323,   23000000,   19271530,        0,   -3728470,          0
  8768,   324,   23000000,   19289542,        0,   -3710458,          0
  8768,   325,   23000000,   19272100,        0,   -3727900,          0
  8768,   326,   23000000,   19268280,        0,   -3731720,          0
  8768,   327,   23000000,   19257764,        0,   -3742236,          0
  8768,   328,   23000000,   19584548,        0,   -3415452,          0
  8768,   329,   23000000,   19257383,        0,   -3742617,          0
  8768,   330,   23000000,   19262493,        0,   -3737507,          0
  8768,   331,   23000000,   19259647,        0,   -3740353,          0
  8768,   332,   23000000,   19262251,        0,   -3737749,          0
  8768,   333,   23000000,   19539613,        0,   -3460387,          0
  8768,   334,   23000000,   19264633,        0,   -3735367,          0
  8768,   335,   23000000,   19257806,        0,   -3742194,          0
  8768,   336,   23000000,   19259190,        0,   -3740810,          0
  8768,   337,   23000000,   19265372,        0,   -3734628,          0
  8768,   338,   23000000,   19260748,        0,   -3739252,          0
  8768,   339,   23000000,   19573797,        0,   -3426203,          0
  8768,   340,   23000000,   19266991,        0,   -3733009,          0
  8768,   341,   23000000,   19262041,        0,   -3737959,          0
  8768,   342,   23000000,   19323409,        0,   -3676591,          0
  8768,   343,   23000000,   19307156,        0,   -3692844,          0
  8768,   344,   23000000,   19519160,        0,   -3480840,          0
  8768,   345,   23000000,   19235750,        0,   -3764250,          0
  8768,   346,   23000000,   19242738,        0,   -3757262,          0
  8768,   347,   23000000,   19278853,        0,   -3721147,          0
  8768,   348,   23000000,   19254023,        0,   -3745977,          0
  8768,   349,   23000000,   19254632,        0,   -3745368,          0
  8768,   350,   23000000,   19538409,        0,   -3461591,          0
  8768,   351,   23000000,   19247183,        0,   -3752817,          0
  8768,   352,   23000000,   19261895,        0,   -3738105,          0
  8768,   353,   23000000,   19247780,        0,   -3752220,          0
  8768,   354,   23000000,   19272891,        0,   -3727109,          0
  8768,   355,   23000000,   19541067,        0,   -3458933,          0
  8768,   356,   23000000,   19249287,        0,   -3750713,          0
  8768,   357,   23000000,   19229040,        0,   -3770960,          0
  8768,   358,   23000000,   19256022,        0,   -3743978,          0
  8768,   359,   23000000,   19244385,        0,   -3755615,          0
  8768,   360,   23000000,   19254926,        0,   -3745074,          0
  8768,   361,   23000000,   19246120,        0,   -3753880,          0
  8768,   362,   23000000,   19250066,        0,   -3749934,          0
  8768,   363,   23000000,   19252105,        0,   -3747895,          0
  8768,   364,   23000000,   19247360,        0,   -3752640,          0
  8768,   365,   23000000,   19244377,        0,   -3755623,          0
  8768,   366,   23000000,   19524048,        0,   -3475952,          0
  8768,   367,   23000000,   19249956,        0,   -3750044,          0
  8768,   368,   23000000,   19240204,        0,   -3759796,          0
  8768,   369,   23000000,   19275672,        0,   -3724328,          0
  8768,   370,   23000000,   19247845,        0,   -3752155,          0
  8768,   371,   23000000,   19516602,        0,   -3483398,          0
  8768,   372,   23000000,   19239299,        0,   -3760701,          0
  8768,   373,   23000000,   19259863,        0,   -3740137,          0
  8768,   374,   23000000,   19253675,        0,   -3746325,          0
  8768,   375,   23000000,   19244661,        0,   -3755339,          0
  8768,   376,   23000000,   19228742,        0,   -3771258,          0
  8768,   377,   23000000,   19538728,        0,   -3461272,          0
  8768,   378,   23000000,   19256782,        0,   -3743218,          0
  8768,   379,   23000000,   19254225,        0,   -3745775,          0
  8768,   380,   23000000,   19258787,        0,   -3741213,          0
  8768,   381,   23000000,   19253353,        0,   -3746647,          0
  8768,   382,   23000000,   19534283,        0,   -3465717,          0
  8768,   383,   23000000,   19243217,        0,   -3756783,          0
  8768,   384,   23000000,   19275754,        0,   -3724246,          0
  8768,   385,   23000000,   19316713,        0,   -3683287,          0
  8768,   386,   23000000,   19249472,        0,   -3750528,          0
  8768,   387,   23000000,   19237611,        0,   -3762389,          0
  8768,   388,   23000000,   19536354,        0,   -3463646,          0
  8768,   389,   23000000,   19246836,        0,   -3753164,          0
  8768,   390,   23000000,   19239349,        0,   -3760651,          0
  8768,   391,   23000000,   19224655,        0,   -3775345,          0
  8768,   392,   23000000,   19237856,        0,   -3762144,          0
  8768,   393,   23000000,   19534704,        0,   -3465296,          0
  8768,   394,   23000000,   19242271,        0,   -3757729,          0
  8768,   395,   23000000,   19255523,        0,   -3744477,          0
  8768,   396,   23000000,   19249707,        0,   -3750293,          0
  8768,   397,   23000000,   19249329,        0,   -3750671,          0
  8768,   398,   23000000,   19243879,        0,   -3756121,          0
  8768,   399,   23000000,   19280389,        0,   -3719611,          0
  8768,   400,   23000000,   19256478,        0,   -3743522,          0
  8768,   401,   23000000,   19238739,        0,   -3761261,          0
  8768,   402,   23000000,   19245067,        0,   -3754933,          0
  8768,   403,   23000000,   19242654,        0,   -3757346,          0
  8768,   404,   23000000,   19524531,        0,   -3475469,          0
  8768,   405,   23000000,   19244319,        0,   -3755681,          0
  8768,   406,   23000000,   19218725,        0,   -3781275,          0
  8768,   407,   23000000,   19243712,        0,   -3756288,          0
  8768,   408,   23000000,   19241682,        0,   -3758318,          0
  8768,   409,   23000000,   19534002,        0,   -3465998,          0
  8768,   410,   23000000,   19255778,        0,   -3744222,          0
  8768,   411,   23000000,   19262920,        0,   -3737080,          0
  8768,   412,   23000000,   19250311,        0,   -3749689,          0
  8768,   413,   23000000,   19239304,        0,   -3760696,          0
  8768,   414,   23000000,   19238498,        0,   -3761502,          0
  8768,   415,   23000000,   19532607,        0,   -3467393,          0
  8768,   416,   23000000,   19235926,        0,   -3764074,          0
  8768,   417,   23000000,   19231935,        0,   -3768065,          0
  8768,   418,   23000000,   19259697,        0,   -3740303,          0
  8768,   419,   23000000,   19275959,        0,   -3724041,          0
  8768,   420,   23000000,   19547709,        0,   -3452291,          0
  8768,   421,   23000000,   19257094,        0,   -3742906,          0
  8768,   422,   23000000,   19255598,        0,   -3744402,          0
  8768,   423,   23000000,   19253925,        0,   -3746075,          0
  8768,   424,   23000000,   19237906,        0,   -3762094,          0
  8768,   425,   23000000,   19259186,        0,   -3740814,          0
  8768,   426,   23000000,   19542175,        0,   -3457825,          0
  8768,   427,   23000000,   19240065,        0,   -3759935,          0
  8768,   428,   23000000,   19235393,        0,   -3764607,          0
  8768,   429,   23000000,   19318385,        0,   -3681615,          0
  8768,   430,   23000000,   19254541,        0,   -3745459,          0
  8768,   431,   23000000,   19530882,        0,   -3469118,          0
  8768,   432,   23000000,   19238246,        0,   -3761754,          0
  8768,   433,   23000000,   19307957,        0,   -3692043,          0
  8768,   434,   23000000,   19269727,        0,   -3730273,          0
  8768,   435,   23000000,   19263436,        0,   -3736564,          0
  8768,   436,   23000000,   19270534,        0,   -3729466,          0
  8768,   437,   23000000,   19551160,        0,   -3448840,          0
  8768,   438,   23000000,   19265596,        0,   -3734404,          0
# task NAME=myapp PID=8771 COST=69901000 PERIOD=86000000 CPU=0
  8771,     2,   86000000,      10724,        0,  -85989276,          0
  8771,     3,   86000000,      58761,        0,  -85941239,          0
  8771,     4,   86000000,   70922199,        0,  -15077801,          0
  8771,     5,   86000000,   68861093,        0,  -17138907,          0
  8771,     6,   86000000,   68569775,        0,  -17430225,          0
  8771,     7,   86000000,   68826970,        0,  -17173030,          0
  8771,     8,   86000000,   68841994,        0,  -17158006,          0
  8771,     9,   86000000,   68560246,        0,  -17439754,          0
  8771,    10,   86000000,   68898059,        0,  -17101941,          0
  8771,    11,   86000000,   68847968,        0,  -17152032,          0
  8771,    12,   86000000,   68635855,        0,  -17364145,          0
  8771,    13,   86000000,   68572125,        0,  -17427875,          0
  8771,    14,   86000000,   68844913,        0,  -17155087,          0
  8771,    15,   86000000,   68566927,        0,  -17433073,          0
  8771,    16,   86000000,   68551702,        0,  -17448298,          0
  8771,    17,   86000000,   68840831,        0,  -17159169,          0
  8771,    18,   86000000,   68845753,        0,  -17154247,          0
  8771,    19,   86000000,   68572220,        0,  -17427780,          0
  8771,    20,   86000000,   68829385,        0,  -17170615,          0
  8771,    21,   86000000,   68874701,        0,  -17125299,          0
  8771,    22,   86000000,   68558055,        0,  -17441945,          0
  8771,    23,   86000000,   68785192,        0,  -17214808,          0
  8771,    24,   86000000,   68841166,        0,  -17158834,          0
  8771,    25,   86000000,   68590993,        0,  -17409007,          0
  8771,    26,   86000000,   68809159,        0,  -17190841,          0
  8771,    27,   86000000,   68953483,        0,  -17046517,          0
  8771,    28,   86000000,   68630889,        0,  -17369111,          0
  8771,    29,   86000000,   68597223,        0,  -17402777,          0
  8771,    30,   86000000,   68821941,        0,  -17178059,          0
  8771,    31,   86000000,   68607378,        0,  -17392622,          0
  8771,    32,   86000000,   68606669,        0,  -17393331,          0
  8771,    33,   86000000,   68827385,        0,  -17172615,          0
  8771,    34,   86000000,   68904774,        0,  -17095226,          0
  8771,    35,   86000000,   68688254,        0,  -17311746,          0
  8771,    36,   86000000,   68873544,        0,  -17126456,          0
  8771,    37,   86000000,   68879679,        0,  -17120321,          0
  8771,    38,   86000000,   68611735,        0,  -17388265,          0
  8771,    39,   86000000,   68938145,        0,  -17061855,          0
  8771,    40,   86000000,   68873305,        0,  -17126695,          0
  8771,    41,   86000000,   68615215,        0,  -17384785,          0
  8771,    42,   86000000,   68905972,        0,  -17094028,          0
  8771,    43,   86000000,   68908434,        0,  -17091566,          0
  8771,    44,   86000000,   68625177,        0,  -17374823,          0
  8771,    45,   86000000,   68610346,        0,  -17389654,          0
  8771,    46,   86000000,   68865914,        0,  -17134086,          0
  8771,    47,   86000000,   68701630,        0,  -17298370,          0
  8771,    48,   86000000,   68627432,        0,  -17372568,          0
  8771,    49,   86000000,   68871435,        0,  -17128565,          0
  8771,    50,   86000000,   68879700,        0,  -17120300,          0
  8771,    51,   86000000,   68596838,        0,  -17403162,          0
  8771,    52,   86000000,   68873361,        0,  -17126639,          0
  8771,    53,   86000000,   68852474,        0,  -17147526,          0
  8771,    54,   86000000,   68592104,        0,  -17407896,          0
  8771,    55,   86000000,   68877781,        0,  -17122219,          0
  8771,    56,   86000000,   68878232,        0,  -17121768,          0
  8771,    57,   86000000,   68569515,        0,  -17430485,          0
  8771,    58,   86000000,   68864915,        0,  -17135085,          0
  8771,    59,   86000000,   68829064,        0,  -17170936,          0
  8771,    60,   86000000,   68557754,        0,  -17442246,          0
  8771,    61,   86000000,   68596410,        0,  -17403590,          0
  8771,    62,   86000000,   68855410,        0,  -17144590,          0
  8771,    63,   86000000,   68562697,        0,  -17437303,          0
  8771,    64,   86000000,   68567001,        0,  -17432999,          0
  8771,    65,   86000000,   68847113,        0,  -17152887,          0
  8771,    66,   86000000,   68867317,        0,  -17132683,          0
  8771,    67,   86000000,   68563241,        0,  -17436759,          0
  8771,    68,   86000000,   68835292,        0,  -17164708,          0
  8771,    69,   86000000,   68843285,        0,  -17156715,          0
  8771,    70,   86000000,   68648929,        0,  -17351071,          0
  8771,    71,   86000000,   68869154,        0,  -17130846,          0
  8771,    72,   86000000,   68819078,        0,  -17180922,          0
  8771,    73,   86000000,   68549917,        0,  -17450083,          0
  8771,    74,   86000000,   68857957,        0,  -17142043,          0
  8771,    75,   86000000,   68813566,        0,  -17186434,          0
  8771,    76,   86000000,   68564499,        0,  -17435501,          0
  8771,    77,   86000000,   68586860,        0,  -17413140,          0
  8771,    78,   86000000,   68855364,        0,  -17144636,          0
  8771,    79,   86000000,   68582294,        0,  -17417706,          0
  8771,    80,   86000000,   68621159,        0,  -17378841,          0
  8771,    81,   86000000,   68851837,        0,  -17148163,          0
  8771,    82,   86000000,   68915395,        0,  -17084605,          0
  8771,    83,   86000000,   68601374,        0,  -17398626,          0
  8771,    84,   86000000,   68909743,        0,  -17090257,          0
  8771,    85,   86000000,   68872576,        0,  -17127424,          0
  8771,    86,   86000000,   68584699,        0,  -17415301,          0
  8771,    87,   86000000,   68861783,        0,  -17138217,          0
  8771,    88,   86000000,   68856120,        0,  -17143880,          0
  8771,    89,   86000000,   68583738,        0,  -17416262,          0
  8771,    90,   86000000,   68745866,        0,  -17254134,          0
  8771,    91,   86000000,   68861598,        0,  -17138402,          0
  8771,    92,   86000000,   68562621,        0,  -17437379,          0
  8771,    93,   86000000,   68630646,        0,  -17369354,          0
  8771,    94,   86000000,   68811826,        0,  -17188174,          0
  8771,    95,   86000000,   68640176,        0,  -17359824,          0
  8771,    96,   86000000,   68612835,        0,  -17387165,          0
  8771,    97,   86000000,   68905749,        0,  -17094251,          0
  8771,    98,   86000000,   68877292,        0,  -17122708,          0
  8771,    99,   86000000,   68644995,        0,  -17355005,          0
  8771,   100,   86000000,   69179883,        0,  -16820117,          0
  8771,   101,   86000000,   68905943,        0,  -17094057,          0
  8771,   102,   86000000,   68624006,        0,  -17375994,          0
  8771,   103,   86000000,   68961237,        0,  -17038763,          0
  8771,   104,   86000000,   68902343,        0,  -17097657,          0
  8771,   105,   86000000,   68686532,        0,  -17313468,          0
  8771,   106,   86000000,   68608429,        0,  -17391571,          0
  8771,   107,   86000000,   68931453,        0,  -17068547,          0
  8771,   108,   86000000,   68609183,        0,  -17390817,          0
  8771,   109,   86000000,   68624141,        0,  -17375859,          0
  8771,   110,   86000000,   68909979,        0,  -17090021,          0
  8771,   111,   86000000,   68613450,        0,  -17386550,          0
  8771,   112,   86000000,   68623715,        0,  -17376285,          0
  8771,   113,   86000000,   68893526,        0,  -17106474,          0
  8771,   114,   86000000,   68936992,        0,  -17063008,          0
  8771,   115,   86000000,   68607590,        0,  -17392410,          0
  8771,   116,   86000000,   68906775,        0,  -17093225,          0
  8771,   117,   86000000,   68975367,        0,  -17024633,          0
  8771,   118,   86000000,   68574602,        0,  -17425398,          0
  8771,   119,   86000000,   68854678,        0,  -17145322,          0
  8771,   120,   86000000,   68857928,        0,  -17142072,          0
# task NAME=myapp PID=8775 COST=22757000 PERIOD=68000000 CPU=0
  8775,     2,   68000000,      11700,        0,  -67988300,          0
  8775,     3,   68000000,      48503,        0,  -67951497,          0
  8775,     4,   68000000,   23419140,        0,  -44580860,          0
  8775,     5,   68000000,   22374246,        0,  -45625754,          0
  8775,     6,   68000000,   22364284,        0,  -45635716,          0
  8775,     7,   68000000,   22368844,        0,  -45631156,          0
  8775,     8,   68000000,   22629029,        0,  -45370971,          0
  8775,     9,   68000000,   22352405,        0,  -45647595,          0
  8775,    10,   68000000,   22627834,        0,  -45372166,          0
  8775,    11,   68000000,   22359410,        0,  -45640590,          0
  8775,    12,   68000000,   22355095,        0,  -45644905,          0
  8775,    13,   68000000,   22348773,        0,  -45651227,          0
  8775,    14,   68000000,   22356793,        0,  -45643207,          0
  8775,    15,   68000000,   22357690,        0,  -45642310,          0
  8775,    16,   68000000,   22379171,        0,  -45620829,          0
  8775,    17,   68000000,   22358396,        0,  -45641604,          0
  8775,    18,   68000000,   22354416,        0,  -45645584,          0
  8775,    19,   68000000,   22637046,        0,  -45362954,          0
  8775,    20,   68000000,   22350164,        0,  -45649836,          0
  8775,    21,   68000000,   22636018,        0,  -45363982,          0
  8775,    22,   68000000,   22361544,        0,  -45638456,          0
  8775,    23,   68000000,   22349237,        0,  -45650763,          0
  8775,    24,   68000000,   22367709,        0,  -45632291,          0
  8775,    25,   68000000,   22356972,        0,  -45643028,          0
  8775,    26,   68000000,   24377058,        0,  -43622942,          0
  8775,    27,   68000000,   22398951,        0,  -45601049,          0
  8775,    28,   68000000,   22362840,        0,  -45637160,          0
  8775,    29,   68000000,   22356554,        0,  -45643446,          0
  8775,    30,   68000000,   22625703,        0,  -45374297,          0
  8775,    31,   68000000,   22338055,        0,  -45661945,          0
  8775,    32,   68000000,   22611008,        0,  -45388992,          0
  8775,    33,   68000000,   22332937,        0,  -45667063,          0
  8775,    34,   68000000,   22337810,        0,  -45662190,          0
  8775,    35,   68000000,   22344256,        0,  -45655744,          0
  8775,    36,   68000000,   22350634,        0,  -45649366,          0
  8775,    37,   68000000,   22342955,        0,  -45657045,          0
  8775,    38,   68000000,   22332083,        0,  -45667917,          0
  8775,    39,   68000000,   22353976,        0,  -45646024,          0
  8775,    40,   68000000,   22348354,        0,  -45651646,          0
  8775,    41,   68000000,   22342609,        0,  -45657391,          0
  8775,    42,   68000000,   22328575,        0,  -45671425,          0
  8775,    43,   68000000,   22598379,        0,  -45401621,          0
  8775,    44,   68000000,   22428612,        0,  -45571388,          0
  8775,    45,   68000000,   22614043,        0,  -45385957,          0
  8775,    46,   68000000,   22350061,        0,  -45649939,          0
  8775,    47,   68000000,   22337933,        0,  -45662067,          0
  8775,    48,   68000000,   22351463,        0,  -45648537,          0
  8775,    49,   68000000,   22376022,        0,  -45623978,          0
  8775,    50,   68000000,   22349535,        0,  -45650465,          0
  8775,    51,   68000000,   22386804,        0,  -45613196,          0
  8775,    52,   68000000,   22321312,        0,  -45678688,          0
  8775,    53,   68000000,   22351334,        0,  -45648666,          0
  8775,    54,   68000000,   22597935,        0,  -45402065,          0
  8775,    55,   68000000,   22348897,        0,  -45651103,          0
  8775,    56,   68000000,   22610714,        0,  -45389286,          0
  8775,    57,   68000000,   22337709,        0,  -45662291,          0
  8775,    58,   68000000,   22351338,        0,  -45648662,          0
  8775,    59,   68000000,   22353570,        0,  -45646430,          0
  8775,    60,   68000000,   22347248,        0,  -45652752,          0
  8775,    61,   68000000,   22332771,        0,  -45667229,          0
  8775,    62,   68000000,   22348816,        0,  -45651184,          0
  8775,    63,   68000000,   22346997,        0,  -45653003,          0
  8775,    64,   68000000,   22350563,        0,  -45649437,          0
  8775,    65,   68000000,   22620343,        0,  -45379657,          0
  8775,    66,   68000000,   22335672,        0,  -45664328,          0
  8775,    67,   68000000,   22628745,        0,  -45371255,          0
  8775,    68,   68000000,   22352913,        0,  -45647087,          0
  8775,    69,   68000000,   22356545,        0,  -45643455,          0
  8775,    70,   68000000,   22354898,        0,  -45645102,          0
  8775,    71,   68000000,   22344477,        0,  -45655523,          0
  8775,    72,   68000000,   22356041,        0,  -45643959,          0
  8775,    73,   68000000,   22366155,        0,  -45633845,          0
  8775,    74,   68000000,   22356420,        0,  -45643580,          0
  8775,    75,   68000000,   22389997,        0,  -45610003,          0
  8775,    76,   68000000,   22633661,        0,  -45366339,          0
  8775,    77,   68000000,   22360371,        0,  -45639629,          0
  8775,    78,   68000000,   22643012,        0,  -45356988,          0
  8775,    79,   68000000,   22355949,        0,  -45644051,          0
  8775,    80,   68000000,   22353089,        0,  -45646911,          0
  8775,    81,   68000000,   22369714,        0,  -45630286,          0
  8775,    82,   68000000,   22354974,        0,  -45645026,          0
  8775,    83,   68000000,   22357626,        0,  -45642374,          0
  8775,    84,   68000000,   22351017,        0,  -45648983,          0
  8775,    85,   68000000,   22354567,        0,  -45645433,          0
  8775,    86,   68000000,   22357032,        0,  -45642968,          0
  8775,    87,   68000000,   22644442,        0,  -45355558,          0
  8775,    88,   68000000,   22351196,        0,  -45648804,          0
  8775,    89,   68000000,   22625832,        0,  -45374168,          0
  8775,    90,   68000000,   22366077,        0,  -45633923,          0
  8775,    91,   68000000,   22354965,        0,  -45645035,          0
  8775,    92,   68000000,   22371378,        0,  -45628622,          0
  8775,    93,   68000000,   22370182,        0,  -45629818,          0
  8775,    94,   68000000,   22356872,        0,  -45643128,          0
  8775,    95,   68000000,   22361979,        0,  -45638021,          0
  8775,    96,   68000000,   22341802,        0,  -45658198,          0
  8775,    97,   68000000,   22350843,        0,  -45649157,          0
  8775,    98,   68000000,   22627589,        0,  -45372411,          0
  8775,    99,   68000000,   22336030,        0,  -45663970,          0
  8775,   100,   68000000,   22619276,        0,  -45380724,          0
  8775,   101,   68000000,   22337195,        0,  -45662805,          0
  8775,   102,   68000000,   22486157,        0,  -45513843,          0
  8775,   103,   68000000,   22416455,        0,  -45583545,          0
  8775,   104,   68000000,   22339142,        0,  -45660858,          0
  8775,   105,   68000000,   22369044,        0,  -45630956,          0
  8775,   106,   68000000,   22349741,        0,  -45650259,          0
  8775,   107,   68000000,   22353311,        0,  -45646689,          0
  8775,   108,   68000000,   22343846,        0,  -45656154,          0
  8775,   109,   68000000,   22336395,        0,  -45663605,          0
  8775,   110,   68000000,   22338415,        0,  -45661585,          0
  8775,   111,   68000000,   22629836,        0,  -45370164,          0
  8775,   112,   68000000,   22345236,        0,  -45654764,          0
  8775,   113,   68000000,   22633848,        0,  -45366152,          0
  8775,   114,   68000000,   22323476,        0,  -45676524,          0
  8775,   115,   68000000,   22364820,        0,  -45635180,          0
  8775,   116,   68000000,   22344936,        0,  -45655064,          0
  8775,   117,   68000000,   22356911,        0,  -45643089,          0
  8775,   118,   68000000,   22397031,        0,  -45602969,          0
  8775,   119,   68000000,   22344156,        0,  -45655844,          0
  8775,   120,   68000000,   22347748,        0,  -45652252,          0
  8775,   121,   68000000,   22339431,        0,  -45660569,          0
  8775,   122,   68000000,   22628455,        0,  -45371545,          0
  8775,   123,   68000000,   22332455,        0,  -45667545,          0
  8775,   124,   68000000,   22647605,        0,  -45352395,          0
  8775,   125,   68000000,   22348043,        0,  -45651957,          0
  8775,   126,   68000000,   22610866,        0,  -45389134,          0
  8775,   127,   68000000,   22358728,        0,  -45641272,          0
  8775,   128,   68000000,   22327331,        0,  -45672669,          0
  8775,   129,   68000000,   22348653,        0,  -45651347,          0
  8775,   130,   68000000,   22348546,        0,  -45651454,          0
  8775,   131,   68000000,   22356195,        0,  -45643805,          0
  8775,   132,   68000000,   22346164,        0,  -45653836,          0
  8775,   133,   68000000,   22624720,        0,  -45375280,          0
  8775,   134,   68000000,   22339026,        0,  -45660974,          0
  8775,   135,   68000000,   22652262,        0,  -45347738,          0
  8775,   136,   68000000,   22356406,        0,  -45643594,          0
  8775,   137,   68000000,   22337109,        0,  -45662891,          0
  8775,   138,   68000000,   22335918,        0,  -45664082,          0
  8775,   139,   68000000,   22356326,        0,  -45643674,          0
  8775,   140,   68000000,   22356166,        0,  -45643834,          0
  8775,   141,   68000000,   22344812,        0,  -45655188,          0
  8775,   142,   68000000,   22356732,        0,  -45643268,          0
  8775,   143,   68000000,   22327905,        0,  -45672095,          0
  8775,   144,   68000000,   22630430,        0,  -45369570,          0
  8775,   145,   68000000,   22348606,        0,  -45651394,          0
  8775,   146,   68000000,   22632987,        0,  -45367013,          0
  8775,   147,   68000000,   22406707,        0,  -45593293,          0
  8775,   148,   68000000,   22331996,        0,  -45668004,          0
  8775,   149,   68000000,   22330868,        0,  -45669132,          0
  8775,   150,   68000000,   22343712,        0,  -45656288,          0
  8775,   151,   68000000,   22342631,        0,  -45657369,          0
