153 153 0
314 314 0
159 159 0
165 165 0
320 320 0
240 240 0
205 205 0
176 176 0
377 377 0
192 192 0
132 132 0
535 535 0
134 134 0
250 250 0
152 152 0
188 188 0
277 277 0
146 146 0
138 138 0
331 331 0
163 163 0
197 197 0
150 150 0
150 150 0
158 158 0
220 220 0
148 148 0
142 142 0
264 264 0
171 171 0
257 257 0
221 221 0
170 170 0
192 192 0
333 333 0
584 584 0
160 160 0
160 160 0
185 185 0
142 142 0
290 290 0
750 750 0
178 178 0
214 214 0
455 455 0
193 193 0
140 140 0
243 243 0
357 357 0
211 211 0
164 164 0
148 148 0
239 239 0
252 252 0
304 304 0
156 156 0
419 419 0
175 175 0
182 182 0
557 557 0
179 179 0
151 151 0
159 159 0
310 310 0
591 591 0
155 155 0
157 157 0
165 165 0
318 318 0
139 139 0
168 168 0
305 305 0
799 799 0
377 377 0
151 151 0
132 132 0
142 142 0
291 291 0
132 132 0
408 408 0
929 929 0
698 698 0
698 698 0
208 208 0
245 245 0
175 175 0
148 148 0
372 372 0
135 135 0
287 287 0
147 147 0
472 472 0
131 131 0
184 184 0
348 348 0
291 291 0
200 200 0
142 142 0
138 138 0
397 397 0
254 254 0
503 503 0
240 240 0
342 342 0
205 205 0
946 946 0
137 137 0
191 191 0
271 271 0
166 166 0
246 246 0
182 182 0
180 180 0
157 157 0
172 172 0
200 200 0
147 147 0
470 470 0
145 145 0
267 267 0
143 143 0
749 749 0
194 194 0
206 206 0
224 224 0
157 157 0
272 272 0
196 196 0
805 805 0
169 169 0
201 201 0
150 150 0
233 233 0
145 145 0
263 263 0
233 233 0
357 357 0
187 187 0
159 159 0
707 707 0
154 154 0
245 245 0
433 433 0
305 305 0
350 350 0
247 247 0
384 384 0
312 312 0
147 147 0
144 144 0
350 350 0
320 320 0
210 210 0
