248 248 0
194 194 0
200 200 0
223 223 0
173 173 0
134 134 0
144 144 0
119 119 0
137 137 0
345 345 0
597 597 0
340 340 0
292 292 0
278 278 0
387 387 0
153 153 0
153 153 0
377 377 0
132 132 0
126 126 0
219 219 0
119 119 0
138 138 0
175 175 0
259 259 0
271 271 0
172 172 0
118 118 0
131 131 0
169 169 0
327 327 0
542 542 0
154 154 0
127 127 0
246 246 0
200 200 0
293 293 0
172 172 0
495 495 0
265 265 0
558 558 0
331 331 0
163 163 0
147 147 0
231 231 0
258 258 0
156 156 0
513 513 0
186 186 0
250 250 0
166 166 0
111 111 0
114 114 0
260 260 0
115 115 0
383 383 0
446 446 0
295 295 0
159 159 0
135 135 0
115 115 0
