# Task,   Job,     Period,   Response, DL Miss?,   Lateness,  Tardiness
# task NAME=myapp PID=6066 COST=26370000 PERIOD=35000000 CPU=0
  6066,     2,   35000000,       9314,        0,  -34990686,          0
  6066,     3,   35000000,      56606,        0,  -34943394,          0
  6066,     4,   35000000,   26908055,        0,   -8091945,          0
  6066,     5,   35000000,   25968976,        0,   -9031024,          0
  6066,     6,   35000000,   25882198,        0,   -9117802,          0
  6066,     7,   35000000,   26192455,        0,   -8807545,          0
  6066,     8,   35000000,   25855582,        0,   -9144418,          0
  6066,     9,   35000000,   25864923,        0,   -9135077,          0
  6066,    10,   35000000,   25869800,        0,   -9130200,          0
  6066,    11,   35000000,   25850985,        0,   -9149015,          0
  6066,    12,   35000000,   25900660,        0,   -9099340,          0
  6066,    13,   35000000,   25875915,        0,   -9124085,          0
  6066,    14,   35000000,   26168879,        0,   -8831121,          0
  6066,    15,   35000000,   25850055,        0,   -9149945,          0
  6066,    16,   35000000,   25871662,        0,   -9128338,          0
  6066,    17,   35000000,   25872775,        0,   -9127225,          0
  6066,    18,   35000000,   26171661,        0,   -8828339,          0
  6066,    19,   35000000,   25894575,        0,   -9105425,          0
  6066,    20,   35000000,   25872408,        0,   -9127592,          0
  6066,    21,   35000000,   26168211,        0,   -8831789,          0
  6066,    22,   35000000,   25855536,        0,   -9144464,          0
  6066,    23,   35000000,   25876965,        0,   -9123035,          0
  6066,    24,   35000000,   25871458,        0,   -9128542,          0
  6066,    25,   35000000,   26166250,        0,   -8833750,          0
  6066,    26,   35000000,   25896421,        0,   -9103579,          0
  6066,    27,   35000000,   25858084,        0,   -9141916,          0
  6066,    28,   35000000,   25888416,        0,   -9111584,          0
  6066,    29,   35000000,   25845530,        0,   -9154470,          0
  6066,    30,   35000000,   25892923,        0,   -9107077,          0
  6066,    31,   35000000,   25849734,        0,   -9150266,          0
  6066,    32,   35000000,   26162662,        0,   -8837338,          0
  6066,    33,   35000000,   25972379,        0,   -9027621,          0
  6066,    34,   35000000,   25872569,        0,   -9127431,          0
  6066,    35,   35000000,   25885301,        0,   -9114699,          0
  6066,    36,   35000000,   25906253,        0,   -9093747,          0
  6066,    37,   35000000,   25883585,        0,   -9116415,          0
  6066,    38,   35000000,   25839186,        0,   -9160814,          0
  6066,    39,   35000000,   26177409,        0,   -8822591,          0
  6066,    40,   35000000,   25902599,        0,   -9097401,          0
  6066,    41,   35000000,   25865685,        0,   -9134315,          0
  6066,    42,   35000000,   25892793,        0,   -9107207,          0
  6066,    43,   35000000,   26169617,        0,   -8830383,          0
  6066,    44,   35000000,   25882232,        0,   -9117768,          0
  6066,    45,   35000000,   25851525,        0,   -9148475,          0
  6066,    46,   35000000,   26163911,        0,   -8836089,          0
  6066,    47,   35000000,   25887069,        0,   -9112931,          0
  6066,    48,   35000000,   25864327,        0,   -9135673,          0
  6066,    49,   35000000,   25893575,        0,   -9106425,          0
  6066,    50,   35000000,   26170753,        0,   -8829247,          0
  6066,    51,   35000000,   25895556,        0,   -9104444,          0
  6066,    52,   35000000,   25854187,        0,   -9145813,          0
  6066,    53,   35000000,   25894257,        0,   -9105743,          0
  6066,    54,   35000000,   25874944,        0,   -9125056,          0
  6066,    55,   35000000,   25871927,        0,   -9128073,          0
  6066,    56,   35000000,   25900239,        0,   -9099761,          0
  6066,    57,   35000000,   26174213,        0,   -8825787,          0
  6066,    58,   35000000,   25888805,        0,   -9111195,          0
  6066,    59,   35000000,   25857886,        0,   -9142114,          0
  6066,    60,   35000000,   25891865,        0,   -9108135,          0
  6066,    61,   35000000,   25948929,        0,   -9051071,          0
  6066,    62,   35000000,   25945144,        0,   -9054856,          0
  6066,    63,   35000000,   25908355,        0,   -9091645,          0
  6066,    64,   35000000,   26160028,        0,   -8839972,          0
  6066,    65,   35000000,   25886657,        0,   -9113343,          0
  6066,    66,   35000000,   25847215,        0,   -9152785,          0
  6066,    67,   35000000,   25899501,        0,   -9100499,          0
  6066,    68,   35000000,   26161834,        0,   -8838166,          0
  6066,    69,   35000000,   25894991,        0,   -9105009,          0
  6066,    70,   35000000,   25905883,        0,   -9094117,          0
  6066,    71,   35000000,   26164346,        0,   -8835654,          0
  6066,    72,   35000000,   25890807,        0,   -9109193,          0
  6066,    73,   35000000,   25866607,        0,   -9133393,          0
  6066,    74,   35000000,   25889189,        0,   -9110811,          0
  6066,    75,   35000000,   26139866,        0,   -8860134,          0
  6066,    76,   35000000,   25885652,        0,   -9114348,          0
  6066,    77,   35000000,   25896965,        0,   -9103035,          0
  6066,    78,   35000000,   25878425,        0,   -9121575,          0
  6066,    79,   35000000,   25888335,        0,   -9111665,          0
  6066,    80,   35000000,   25866300,        0,   -9133700,          0
  6066,    81,   35000000,   25881190,        0,   -9118810,          0
  6066,    82,   35000000,   26144900,        0,   -8855100,          0
  6066,    83,   35000000,   25891017,        0,   -9108983,          0
  6066,    84,   35000000,   25946419,        0,   -9053581,          0
  6066,    85,   35000000,   25921413,        0,   -9078587,          0
  6066,    86,   35000000,   26022879,        0,   -8977121,          0
  6066,    87,   35000000,   25909006,        0,   -9090994,          0
  6066,    88,   35000000,   25922209,        0,   -9077791,          0
  6066,    89,   35000000,   26179238,        0,   -8820762,          0
  6066,    90,   35000000,   25922211,        0,   -9077789,          0
  6066,    91,   35000000,   25889111,        0,   -9110889,          0
  6066,    92,   35000000,   25907962,        0,   -9092038,          0
  6066,    93,   35000000,   26213409,        0,   -8786591,          0
  6066,    94,   35000000,   25908491,        0,   -9091509,          0
  6066,    95,   35000000,   25917071,        0,   -9082929,          0
  6066,    96,   35000000,   26171666,        0,   -8828334,          0
  6066,    97,   35000000,   25915115,        0,   -9084885,          0
  6066,    98,   35000000,   25889363,        0,   -9110637,          0
  6066,    99,   35000000,   25908553,        0,   -9091447,          0
  6066,   100,   35000000,   26216224,        0,   -8783776,          0
  6066,   101,   35000000,   25916676,        0,   -9083324,          0
  6066,   102,   35000000,   25951347,        0,   -9048653,          0
  6066,   103,   35000000,   25882635,        0,   -9117365,          0
  6066,   104,   35000000,   25912206,        0,   -9087794,          0
  6066,   105,   35000000,   25890742,        0,   -9109258,          0
  6066,   106,   35000000,   25920987,        0,   -9079013,          0
  6066,   107,   35000000,   26207704,        0,   -8792296,          0
  6066,   108,   35000000,   25921698,        0,   -9078302,          0
  6066,   109,   35000000,   25918731,        0,   -9081269,          0
  6066,   110,   35000000,   25876517,        0,   -9123483,          0
  6066,   111,   35000000,   26059597,        0,   -8940403,          0
  6066,   112,   35000000,   25887302,        0,   -9112698,          0
  6066,   113,   35000000,   25915303,        0,   -9084697,          0
  6066,   114,   35000000,   26206086,        0,   -8793914,          0
  6066,   115,   35000000,   25925082,        0,   -9074918,          0
  6066,   116,   35000000,   25924952,        0,   -9075048,          0
  6066,   117,   35000000,   25907204,        0,   -9092796,          0
  6066,   118,   35000000,   26211873,        0,   -8788127,          0
  6066,   119,   35000000,   25961775,        0,   -9038225,          0
  6066,   120,   35000000,   25896205,        0,   -9103795,          0
  6066,   121,   35000000,   26209910,        0,   -8790090,          0
  6066,   122,   35000000,   25918789,        0,   -9081211,          0
  6066,   123,   35000000,   25913755,        0,   -9086245,          0
  6066,   124,   35000000,   25913416,        0,   -9086584,          0
  6066,   125,   35000000,   26196366,        0,   -8803634,          0
  6066,   126,   35000000,   25887147,        0,   -9112853,          0
  6066,   127,   35000000,   25927379,        0,   -9072621,          0
  6066,   128,   35000000,   25896486,        0,   -9103514,          0
  6066,   129,   35000000,   25905643,        0,   -9094357,          0
  6066,   130,   35000000,   25919675,        0,   -9080325,          0
  6066,   131,   35000000,   25919899,        0,   -9080101,          0
  6066,   132,   35000000,   26208752,        0,   -8791248,          0
  6066,   133,   35000000,   25890748,        0,   -9109252,          0
  6066,   134,   35000000,   25930461,        0,   -9069539,          0
  6066,   135,   35000000,   25890898,        0,   -9109102,          0
  6066,   136,   35000000,   26096993,        0,   -8903007,          0
  6066,   137,   35000000,   25927726,        0,   -9072274,          0
  6066,   138,   35000000,   25918316,        0,   -9081684,          0
  6066,   139,   35000000,   26212939,        0,   -8787061,          0
  6066,   140,   35000000,   25883665,        0,   -9116335,          0
  6066,   141,   35000000,   25934378,        0,   -9065622,          0
  6066,   142,   35000000,   25883729,        0,   -9116271,          0
  6066,   143,   35000000,   26232412,        0,   -8767588,          0
  6066,   144,   35000000,   25925932,        0,   -9074068,          0
  6066,   145,   35000000,   25915006,        0,   -9084994,          0
  6066,   146,   35000000,   26208601,        0,   -8791399,          0
  6066,   147,   35000000,   25889699,        0,   -9110301,          0
  6066,   148,   35000000,   25913196,        0,   -9086804,          0
  6066,   149,   35000000,   25886966,        0,   -9113034,          0
  6066,   150,   35000000,   26219041,        0,   -8780959,          0
  6066,   151,   35000000,   25927061,        0,   -9072939,          0
  6066,   152,   35000000,   25934393,        0,   -9065607,          0
  6066,   153,   35000000,   25923045,        0,   -9076955,          0
  6066,   154,   35000000,   25904479,        0,   -9095521,          0
  6066,   155,   35000000,   25930974,        0,   -9069026,          0
  6066,   156,   35000000,   25899361,        0,   -9100639,          0
  6066,   157,   35000000,   26219656,        0,   -8780344,          0
  6066,   158,   35000000,   25934866,        0,   -9065134,          0
  6066,   159,   35000000,   25965118,        0,   -9034882,          0
  6066,   160,   35000000,   25915439,        0,   -9084561,          0
  6066,   161,   35000000,   26136205,        0,   -8863795,          0
  6066,   162,   35000000,   25921466,        0,   -9078534,          0
  6066,   163,   35000000,   25894263,        0,   -9105737,          0
  6066,   164,   35000000,   26219802,        0,   -8780198,          0
  6066,   165,   35000000,   25928292,        0,   -9071708,          0
  6066,   166,   35000000,   25882545,        0,   -9117455,          0
  6066,   167,   35000000,   25902731,        0,   -9097269,          0
  6066,   168,   35000000,   26168133,        0,   -8831867,          0
  6066,   169,   35000000,   25903172,        0,   -9096828,          0
  6066,   170,   35000000,   25846563,        0,   -9153437,          0
  6066,   171,   35000000,   26168638,        0,   -8831362,          0
  6066,   172,   35000000,   25944063,        0,   -9055937,          0
  6066,   173,   35000000,   25874927,        0,   -9125073,          0
  6066,   174,   35000000,   25892901,        0,   -9107099,          0
  6066,   175,   35000000,   26173945,        0,   -8826055,          0
  6066,   176,   35000000,   25986720,        0,   -9013280,          0
  6066,   177,   35000000,   25849471,        0,   -9150529,          0
  6066,   178,   35000000,   25871781,        0,   -9128219,          0
  6066,   179,   35000000,   25875445,        0,   -9124555,          0
  6066,   180,   35000000,   25883593,        0,   -9116407,          0
  6066,   181,   35000000,   25900044,        0,   -9099956,          0
  6066,   182,   35000000,   26178978,        0,   -8821022,          0
  6066,   183,   35000000,   25883178,        0,   -9116822,          0
  6066,   184,   35000000,   25846683,        0,   -9153317,          0
  6066,   185,   35000000,   25863807,        0,   -9136193,          0
  6066,   186,   35000000,   26158435,        0,   -8841565,          0
  6066,   187,   35000000,   25878853,        0,   -9121147,          0
  6066,   188,   35000000,   25890190,        0,   -9109810,          0
  6066,   189,   35000000,   26149580,        0,   -8850420,          0
  6066,   190,   35000000,   25886989,        0,   -9113011,          0
  6066,   191,   35000000,   25855668,        0,   -9144332,          0
  6066,   192,   35000000,   25894025,        0,   -9105975,          0
  6066,   193,   35000000,   26156066,        0,   -8843934,          0
  6066,   194,   35000000,   25891768,        0,   -9108232,          0
  6066,   195,   35000000,   25906952,        0,   -9093048,          0
  6066,   196,   35000000,   26164736,        0,   -8835264,          0
  6066,   197,   35000000,   25888628,        0,   -9111372,          0
  6066,   198,   35000000,   25865567,        0,   -9134433,          0
  6066,   199,   35000000,   25873378,        0,   -9126622,          0
  6066,   200,   35000000,   26145921,        0,   -8854079,          0
  6066,   201,   35000000,   25874280,        0,   -9125720,          0
  6066,   202,   35000000,   25896128,        0,   -9103872,          0
  6066,   203,   35000000,   25878669,        0,   -9121331,          0
  6066,   204,   35000000,   25894047,        0,   -9105953,          0
  6066,   205,   35000000,   25953031,        0,   -9046969,          0
  6066,   206,   35000000,   25884951,        0,   -9115049,          0
  6066,   207,   35000000,   26138966,        0,   -8861034,          0
  6066,   208,   35000000,   25881665,        0,   -9118335,          0
  6066,   209,   35000000,   25877842,        0,   -9122158,          0
  6066,   210,   35000000,   25875168,        0,   -9124832,          0
  6066,   211,   35000000,   26195320,        0,   -8804680,          0
  6066,   212,   35000000,   25881463,        0,   -9118537,          0
  6066,   213,   35000000,   25904317,        0,   -9095683,          0
  6066,   214,   35000000,   26141927,        0,   -8858073,          0
  6066,   215,   35000000,   25878906,        0,   -9121094,          0
  6066,   216,   35000000,   25864568,        0,   -9135432,          0
  6066,   217,   35000000,   25882347,        0,   -9117653,          0
  6066,   218,   35000000,   26193458,        0,   -8806542,          0
  6066,   219,   35000000,   25887200,        0,   -9112800,          0
  6066,   220,   35000000,   25902769,        0,   -9097231,          0
  6066,   221,   35000000,   26136620,        0,   -8863380,          0
  6066,   222,   35000000,   25871809,        0,   -9128191,          0
  6066,   223,   35000000,   25866360,        0,   -9133640,          0
  6066,   224,   35000000,   25874969,        0,   -9125031,          0
  6066,   225,   35000000,   26180816,        0,   -8819184,          0
  6066,   226,   35000000,   25871248,        0,   -9128752,          0
  6066,   227,   35000000,   25890075,        0,   -9109925,          0
  6066,   228,   35000000,   25838506,        0,   -9161494,          0
  6066,   229,   35000000,   25864175,        0,   -9135825,          0
  6066,   230,   35000000,   25859755,        0,   -9140245,          0
  6066,   231,   35000000,   25874271,        0,   -9125729,          0
  6066,   232,   35000000,   26184663,        0,   -8815337,          0
  6066,   233,   35000000,   25949686,        0,   -9050314,          0
  6066,   234,   35000000,   25896180,        0,   -9103820,          0
  6066,   235,   35000000,   25869822,        0,   -9130178,          0
  6066,   236,   35000000,   26157126,        0,   -8842874,          0
  6066,   237,   35000000,   25861528,        0,   -9138472,          0
  6066,   238,   35000000,   25885246,        0,   -9114754,          0
  6066,   239,   35000000,   26188074,        0,   -8811926,          0
  6066,   240,   35000000,   25868458,        0,   -9131542,          0
  6066,   241,   35000000,   25898434,        0,   -9101566,          0
  6066,   242,   35000000,   25887698,        0,   -9112302,          0
  6066,   243,   35000000,   26177344,        0,   -8822656,          0
  6066,   244,   35000000,   25857446,        0,   -9142554,          0
  6066,   245,   35000000,   25867247,        0,   -9132753,          0
  6066,   246,   35000000,   26236559,        0,   -8763441,          0
  6066,   247,   35000000,   25918914,        0,   -9081086,          0
  6066,   248,   35000000,   25927316,        0,   -9072684,          0
  6066,   249,   35000000,   25904488,        0,   -9095512,          0
  6066,   250,   35000000,   26211121,        0,   -8788879,          0
  6066,   251,   35000000,   25893781,        0,   -9106219,          0
  6066,   252,   35000000,   25911583,        0,   -9088417,          0
  6066,   253,   35000000,   25900174,        0,   -9099826,          0
  6066,   254,   35000000,   25912589,        0,   -9087411,          0
  6066,   255,   35000000,   25918962,        0,   -9081038,          0
  6066,   256,   35000000,   25918429,        0,   -9081571,          0
  6066,   257,   35000000,   26207951,        0,   -8792049,          0
  6066,   258,   35000000,   25895406,        0,   -9104594,          0
  6066,   259,   35000000,   25926861,        0,   -9073139,          0
  6066,   260,   35000000,   25891034,        0,   -9108966,          0
  6066,   261,   35000000,   26193258,        0,   -8806742,          0
  6066,   262,   35000000,   25997271,        0,   -9002729,          0
  6066,   263,   35000000,   25928998,        0,   -9071002,          0
  6066,   264,   35000000,   26209944,        0,   -8790056,          0
  6066,   265,   35000000,   25880950,        0,   -9119050,          0
  6066,   266,   35000000,   25916990,        0,   -9083010,          0
  6066,   267,   35000000,   25893562,        0,   -9106438,          0
  6066,   268,   35000000,   26210639,        0,   -8789361,          0
  6066,   269,   35000000,   25928114,        0,   -9071886,          0
  6066,   270,   35000000,   25920426,        0,   -9079574,          0
  6066,   271,   35000000,   26204408,        0,   -8795592,          0
  6066,   272,   35000000,   25881511,        0,   -9118489,          0
  6066,   273,   35000000,   25921051,        0,   -9078949,          0
  6066,   274,   35000000,   25904281,        0,   -9095719,          0
  6066,   275,   35000000,   26208664,        0,   -8791336,          0
  6066,   276,   35000000,   25934186,        0,   -9065814,          0
  6066,   277,   35000000,   25907978,        0,   -9092022,          0
  6066,   278,   35000000,   25920678,        0,   -9079322,          0
  6066,   279,   35000000,   25901118,        0,   -9098882,          0
  6066,   280,   35000000,   25923758,        0,   -9076242,          0
  6066,   281,   35000000,   25885743,        0,   -9114257,          0
  6066,   282,   35000000,   26206776,        0,   -8793224,          0
  6066,   283,   35000000,   25924908,        0,   -9075092,          0
  6066,   284,   35000000,   25926576,        0,   -9073424,          0
  6066,   285,   35000000,   25909910,        0,   -9090090,          0
  6066,   286,   35000000,   26209843,        0,   -8790157,          0
  6066,   287,   35000000,   25943290,        0,   -9056710,          0
  6066,   288,   35000000,   25881657,        0,   -9118343,          0
  6066,   289,   35000000,   26208520,        0,   -8791480,          0
# task NAME=myapp PID=6069 COST=19972000 PERIOD=81000000 CPU=0
  6069,     2,   81000000,      15352,        0,  -80984648,          0
  6069,     3,   81000000,      52849,        0,  -80947151,          0
  6069,     4,   81000000,   20623724,        0,  -60376276,          0
  6069,     5,   81000000,   19617265,        0,  -61382735,          0
  6069,     6,   81000000,   19642457,        0,  -61357543,          0
  6069,     7,   81000000,   19634190,        0,  -61365810,          0
  6069,     8,   81000000,   19640048,        0,  -61359952,          0
  6069,     9,   81000000,   19654128,        0,  -61345872,          0
  6069,    10,   81000000,   19641358,        0,  -61358642,          0
  6069,    11,   81000000,   19902515,        0,  -61097485,          0
  6069,    12,   81000000,   19635128,        0,  -61364872,          0
  6069,    13,   81000000,   19647227,        0,  -61352773,          0
  6069,    14,   81000000,   19924997,        0,  -61075003,          0
  6069,    15,   81000000,   19644902,        0,  -61355098,          0
  6069,    16,   81000000,   19636994,        0,  -61363006,          0
  6069,    17,   81000000,   19632426,        0,  -61367574,          0
  6069,    18,   81000000,   19617022,        0,  -61382978,          0
  6069,    19,   81000000,   19638642,        0,  -61361358,          0
  6069,    20,   81000000,   19643397,        0,  -61356603,          0
  6069,    21,   81000000,   19623747,        0,  -61376253,          0
  6069,    22,   81000000,   19654080,        0,  -61345920,          0
  6069,    23,   81000000,   19639154,        0,  -61360846,          0
  6069,    24,   81000000,   19612297,        0,  -61387703,          0
  6069,    25,   81000000,   19640737,        0,  -61359263,          0
  6069,    26,   81000000,   19642231,        0,  -61357769,          0
  6069,    27,   81000000,   19624066,        0,  -61375934,          0
  6069,    28,   81000000,   19952332,        0,  -61047668,          0
  6069,    29,   81000000,   19626385,        0,  -61373615,          0
  6069,    30,   81000000,   19617606,        0,  -61382394,          0
  6069,    31,   81000000,   19936581,        0,  -61063419,          0
  6069,    32,   81000000,   19647262,        0,  -61352738,          0
  6069,    33,   81000000,   19622060,        0,  -61377940,          0
  6069,    34,   81000000,   19914489,        0,  -61085511,          0
  6069,    35,   81000000,   19625900,        0,  -61374100,          0
  6069,    36,   81000000,   19632275,        0,  -61367725,          0
  6069,    37,   81000000,   19619040,        0,  -61380960,          0
  6069,    38,   81000000,   19648262,        0,  -61351738,          0
  6069,    39,   81000000,   19619698,        0,  -61380302,          0
  6069,    40,   81000000,   19594543,        0,  -61405457,          0
  6069,    41,   81000000,   19645850,        0,  -61354150,          0
  6069,    42,   81000000,   19633812,        0,  -61366188,          0
  6069,    43,   81000000,   19606822,        0,  -61393178,          0
  6069,    44,   81000000,   19633097,        0,  -61366903,          0
  6069,    45,   81000000,   19891581,        0,  -61108419,          0
  6069,    46,   81000000,   19595277,        0,  -61404723,          0
  6069,    47,   81000000,   19618688,        0,  -61381312,          0
  6069,    48,   81000000,   19917889,        0,  -61082111,          0
  6069,    49,   81000000,   19596389,        0,  -61403611,          0
  6069,    50,   81000000,   19621694,        0,  -61378306,          0
  6069,    51,   81000000,   19886403,        0,  -61113597,          0
  6069,    52,   81000000,   19599151,        0,  -61400849,          0
  6069,    53,   81000000,   19594534,        0,  -61405466,          0
  6069,    54,   81000000,   19634341,        0,  -61365659,          0
  6069,    55,   81000000,   19615593,        0,  -61384407,          0
  6069,    56,   81000000,   19602430,        0,  -61397570,          0
  6069,    57,   81000000,   19625377,        0,  -61374623,          0
  6069,    58,   81000000,   19595919,        0,  -61404081,          0
  6069,    59,   81000000,   19614087,        0,  -61385913,          0
  6069,    60,   81000000,   19641827,        0,  -61358173,          0
  6069,    61,   81000000,   19628410,        0,  -61371590,          0
  6069,    62,   81000000,   19888227,        0,  -61111773,          0
  6069,    63,   81000000,   19631309,        0,  -61368691,          0
  6069,    64,   81000000,   19612493,        0,  -61387507,          0
  6069,    65,   81000000,   19889335,        0,  -61110665,          0
  6069,    66,   81000000,   19631644,        0,  -61368356,          0
  6069,    67,   81000000,   19635253,        0,  -61364747,          0
  6069,    68,   81000000,   19905499,        0,  -61094501,          0
  6069,    69,   81000000,   19613019,        0,  -61386981,          0
  6069,    70,   81000000,   19618657,        0,  -61381343,          0
  6069,    71,   81000000,   19590211,        0,  -61409789,          0
  6069,    72,   81000000,   19594867,        0,  -61405133,          0
  6069,    73,   81000000,   19666027,        0,  -61333973,          0
  6069,    74,   81000000,   19611856,        0,  -61388144,          0
  6069,    75,   81000000,   19619651,        0,  -61380349,          0
  6069,    76,   81000000,   19648626,        0,  -61351374,          0
  6069,    77,   81000000,   19634357,        0,  -61365643,          0
  6069,    78,   81000000,   19627631,        0,  -61372369,          0
  6069,    79,   81000000,   19650562,        0,  -61349438,          0
  6069,    80,   81000000,   19642022,        0,  -61357978,          0
  6069,    81,   81000000,   19625833,        0,  -61374167,          0
  6069,    82,   81000000,   19928016,        0,  -61071984,          0
  6069,    83,   81000000,   19613942,        0,  -61386058,          0
  6069,    84,   81000000,   19633352,        0,  -61366648,          0
  6069,    85,   81000000,   19936248,        0,  -61063752,          0
  6069,    86,   81000000,   19630701,        0,  -61369299,          0
  6069,    87,   81000000,   19623704,        0,  -61376296,          0
  6069,    88,   81000000,   19621628,        0,  -61378372,          0
  6069,    89,   81000000,   19614110,        0,  -61385890,          0
  6069,    90,   81000000,   19638968,        0,  -61361032,          0
  6069,    91,   81000000,   19617621,        0,  -61382379,          0
  6069,    92,   81000000,   19651616,        0,  -61348384,          0
  6069,    93,   81000000,   19625727,        0,  -61374273,          0
  6069,    94,   81000000,   19617143,        0,  -61382857,          0
  6069,    95,   81000000,   19648115,        0,  -61351885,          0
  6069,    96,   81000000,   19627643,        0,  -61372357,          0
  6069,    97,   81000000,   19630869,        0,  -61369131,          0
  6069,    98,   81000000,   19642096,        0,  -61357904,          0
  6069,    99,   81000000,   19901235,        0,  -61098765,          0
  6069,   100,   81000000,   19616810,        0,  -61383190,          0
  6069,   101,   81000000,   19631632,        0,  -61368368,          0
  6069,   102,   81000000,   19921577,        0,  -61078423,          0
  6069,   103,   81000000,   19618587,        0,  -61381413,          0
  6069,   104,   81000000,   19621344,        0,  -61378656,          0
  6069,   105,   81000000,   19910613,        0,  -61089387,          0
  6069,   106,   81000000,   19613640,        0,  -61386360,          0
  6069,   107,   81000000,   19603643,        0,  -61396357,          0
  6069,   108,   81000000,   19657030,        0,  -61342970,          0
  6069,   109,   81000000,   19622214,        0,  -61377786,          0
  6069,   110,   81000000,   19595833,        0,  -61404167,          0
  6069,   111,   81000000,   19644684,        0,  -61355316,          0
  6069,   112,   81000000,   19602602,        0,  -61397398,          0
  6069,   113,   81000000,   19588072,        0,  -61411928,          0
  6069,   114,   81000000,   19631512,        0,  -61368488,          0
  6069,   115,   81000000,   19696707,        0,  -61303293,          0
  6069,   116,   81000000,   19883617,        0,  -61116383,          0
  6069,   117,   81000000,   19620827,        0,  -61379173,          0
  6069,   118,   81000000,   19612414,        0,  -61387586,          0
  6069,   119,   81000000,   19875220,        0,  -61124780,          0
  6069,   120,   81000000,   19621309,        0,  -61378691,          0
  6069,   121,   81000000,   19631602,        0,  -61368398,          0
  6069,   122,   81000000,   19887893,        0,  -61112107,          0
  6069,   123,   81000000,   19598993,        0,  -61401007,          0
  6069,   124,   81000000,   19616670,        0,  -61383330,          0
  6069,   125,   81000000,   19584622,        0,  -61415378,          0
  6069,   126,   81000000,   19594341,        0,  -61405659,          0
  6069,   127,   81000000,   19613096,        0,  -61386904,          0
