# Task,   Job,     Period,   Response, DL Miss?,   Lateness,  Tardiness
# task NAME=myapp PID=4612 COST=14800000 PERIOD=37000000 CPU=0
  4612,     2,   37000000,       9992,        0,  -36990008,          0
  4612,     3,   37000000,      44565,        0,  -36955435,          0
  4612,     4,   37000000,   15546520,        0,  -21453480,          0
  4612,     5,   37000000,   14494206,        0,  -22505794,          0
  4612,     6,   37000000,   14798690,        0,  -22201310,          0
  4612,     7,   37000000,   14513930,        0,  -22486070,          0
  4612,     8,   37000000,   14499857,        0,  -22500143,          0
  4612,     9,   37000000,   14504429,        0,  -22495571,          0
  4612,    10,   37000000,   14506490,        0,  -22493510,          0
  4612,    11,   37000000,   14545174,        0,  -22454826,          0
  4612,    12,   37000000,   14496638,        0,  -22503362,          0
  4612,    13,   37000000,   14531765,        0,  -22468235,          0
  4612,    14,   37000000,   14485295,        0,  -22514705,          0
  4612,    15,   37000000,   14503646,        0,  -22496354,          0
  4612,    16,   37000000,   14778103,        0,  -22221897,          0
  4612,    17,   37000000,   14631198,        0,  -22368802,          0
  4612,    18,   37000000,   15026650,        0,  -21973350,          0
  4612,    19,   37000000,   14512037,        0,  -22487963,          0
  4612,    20,   37000000,   14532423,        0,  -22467577,          0
  4612,    21,   37000000,   14565018,        0,  -22434982,          0
  4612,    22,   37000000,   14510994,        0,  -22489006,          0
  4612,    23,   37000000,   14917287,        0,  -22082713,          0
  4612,    24,   37000000,   14576797,        0,  -22423203,          0
  4612,    25,   37000000,   14580478,        0,  -22419522,          0
  4612,    26,   37000000,   14534368,        0,  -22465632,          0
  4612,    27,   37000000,   14499632,        0,  -22500368,          0
  4612,    28,   37000000,   14521225,        0,  -22478775,          0
  4612,    29,   37000000,   14503447,        0,  -22496553,          0
  4612,    30,   37000000,   14492067,        0,  -22507933,          0
  4612,    31,   37000000,   14572003,        0,  -22427997,          0
  4612,    32,   37000000,   14534630,        0,  -22465370,          0
  4612,    33,   37000000,   14789456,        0,  -22210544,          0
  4612,    34,   37000000,   14506828,        0,  -22493172,          0
  4612,    35,   37000000,   14515123,        0,  -22484877,          0
  4612,    36,   37000000,   14511314,        0,  -22488686,          0
  4612,    37,   37000000,   14521678,        0,  -22478322,          0
  4612,    38,   37000000,   14579159,        0,  -22420841,          0
  4612,    39,   37000000,   14558096,        0,  -22441904,          0
  4612,    40,   37000000,   14537738,        0,  -22462262,          0
  4612,    41,   37000000,   14531756,        0,  -22468244,          0
  4612,    42,   37000000,   14515026,        0,  -22484974,          0
  4612,    43,   37000000,   14771189,        0,  -22228811,          0
  4612,    44,   37000000,   14581580,        0,  -22418420,          0
  4612,    45,   37000000,   14521776,        0,  -22478224,          0
  4612,    46,   37000000,   14492849,        0,  -22507151,          0
  4612,    47,   37000000,   14491894,        0,  -22508106,          0
  4612,    48,   37000000,   14502878,        0,  -22497122,          0
  4612,    49,   37000000,   14503911,        0,  -22496089,          0
  4612,    50,   37000000,   14844951,        0,  -22155049,          0
  4612,    51,   37000000,   14544593,        0,  -22455407,          0
  4612,    52,   37000000,   14504084,        0,  -22495916,          0
  4612,    53,   37000000,   14496925,        0,  -22503075,          0
  4612,    54,   37000000,   14543291,        0,  -22456709,          0
  4612,    55,   37000000,   14515637,        0,  -22484363,          0
  4612,    56,   37000000,   14491738,        0,  -22508262,          0
  4612,    57,   37000000,   14505721,        0,  -22494279,          0
  4612,    58,   37000000,   14546799,        0,  -22453201,          0
  4612,    59,   37000000,   14510783,        0,  -22489217,          0
  4612,    60,   37000000,   14793951,        0,  -22206049,          0
  4612,    61,   37000000,   14515458,        0,  -22484542,          0
  4612,    62,   37000000,   14542143,        0,  -22457857,          0
  4612,    63,   37000000,   14595193,        0,  -22404807,          0
  4612,    64,   37000000,   14571091,        0,  -22428909,          0
  4612,    65,   37000000,   14551982,        0,  -22448018,          0
  4612,    66,   37000000,   14495718,        0,  -22504282,          0
  4612,    67,   37000000,   14490381,        0,  -22509619,          0
  4612,    68,   37000000,   14546528,        0,  -22453472,          0
  4612,    69,   37000000,   14508338,        0,  -22491662,          0
  4612,    70,   37000000,   14805494,        0,  -22194506,          0
  4612,    71,   37000000,   14553115,        0,  -22446885,          0
  4612,    72,   37000000,   14505976,        0,  -22494024,          0
  4612,    73,   37000000,   14501586,        0,  -22498414,          0
  4612,    74,   37000000,   14504902,        0,  -22495098,          0
  4612,    75,   37000000,   14512542,        0,  -22487458,          0
  4612,    76,   37000000,   14561227,        0,  -22438773,          0
  4612,    77,   37000000,   14782538,        0,  -22217462,          0
  4612,    78,   37000000,   14497519,        0,  -22502481,          0
  4612,    79,   37000000,   14507639,        0,  -22492361,          0
  4612,    80,   37000000,   14487309,        0,  -22512691,          0
  4612,    81,   37000000,   14483169,        0,  -22516831,          0
  4612,    82,   37000000,   14503110,        0,  -22496890,          0
  4612,    83,   37000000,   14507530,        0,  -22492470,          0
  4612,    84,   37000000,   14554439,        0,  -22445561,          0
  4612,    85,   37000000,   14526717,        0,  -22473283,          0
  4612,    86,   37000000,   14581958,        0,  -22418042,          0
  4612,    87,   37000000,   14778925,        0,  -22221075,          0
  4612,    88,   37000000,   14500204,        0,  -22499796,          0
  4612,    89,   37000000,   14513263,        0,  -22486737,          0
  4612,    90,   37000000,   14567884,        0,  -22432116,          0
  4612,    91,   37000000,   14503790,        0,  -22496210,          0
  4612,    92,   37000000,   14551896,        0,  -22448104,          0
  4612,    93,   37000000,   14492455,        0,  -22507545,          0
  4612,    94,   37000000,   14802304,        0,  -22197696,          0
  4612,    95,   37000000,   14562108,        0,  -22437892,          0
  4612,    96,   37000000,   14512049,        0,  -22487951,          0
  4612,    97,   37000000,   14775590,        0,  -22224410,          0
  4612,    98,   37000000,   14589494,        0,  -22410506,          0
  4612,    99,   37000000,   14498491,        0,  -22501509,          0
  4612,   100,   37000000,   14511763,        0,  -22488237,          0
  4612,   101,   37000000,   14496945,        0,  -22503055,          0
  4612,   102,   37000000,   14507438,        0,  -22492562,          0
  4612,   103,   37000000,   14497657,        0,  -22502343,          0
  4612,   104,   37000000,   14783745,        0,  -22216255,          0
  4612,   105,   37000000,   14498957,        0,  -22501043,          0
  4612,   106,   37000000,   14488366,        0,  -22511634,          0
  4612,   107,   37000000,   14498616,        0,  -22501384,          0
  4612,   108,   37000000,   14508606,        0,  -22491394,          0
  4612,   109,   37000000,   14497998,        0,  -22502002,          0
  4612,   110,   37000000,   14527242,        0,  -22472758,          0
  4612,   111,   37000000,   14509790,        0,  -22490210,          0
  4612,   112,   37000000,   14550112,        0,  -22449888,          0
  4612,   113,   37000000,   14563678,        0,  -22436322,          0
  4612,   114,   37000000,   14799114,        0,  -22200886,          0
  4612,   115,   37000000,   14530759,        0,  -22469241,          0
  4612,   116,   37000000,   14503077,        0,  -22496923,          0
  4612,   117,   37000000,   14543808,        0,  -22456192,          0
  4612,   118,   37000000,   14535374,        0,  -22464626,          0
  4612,   119,   37000000,   14615056,        0,  -22384944,          0
  4612,   120,   37000000,   14501986,        0,  -22498014,          0
  4612,   121,   37000000,   14812328,        0,  -22187672,          0
  4612,   122,   37000000,   14549781,        0,  -22450219,          0
  4612,   123,   37000000,   14497238,        0,  -22502762,          0
  4612,   124,   37000000,   14519074,        0,  -22480926,          0
  4612,   125,   37000000,   14522101,        0,  -22477899,          0
  4612,   126,   37000000,   14576872,        0,  -22423128,          0
  4612,   127,   37000000,   14501942,        0,  -22498058,          0
  4612,   128,   37000000,   14539246,        0,  -22460754,          0
  4612,   129,   37000000,   14573096,        0,  -22426904,          0
  4612,   130,   37000000,   14494019,        0,  -22505981,          0
  4612,   131,   37000000,   14832902,        0,  -22167098,          0
  4612,   132,   37000000,   14494269,        0,  -22505731,          0
  4612,   133,   37000000,   14492593,        0,  -22507407,          0
  4612,   134,   37000000,   14511918,        0,  -22488082,          0
  4612,   135,   37000000,   14579525,        0,  -22420475,          0
  4612,   136,   37000000,   14505210,        0,  -22494790,          0
  4612,   137,   37000000,   14553737,        0,  -22446263,          0
  4612,   138,   37000000,   14593890,        0,  -22406110,          0
  4612,   139,   37000000,   14572688,        0,  -22427312,          0
  4612,   140,   37000000,   14523860,        0,  -22476140,          0
  4612,   141,   37000000,   14800137,        0,  -22199863,          0
  4612,   142,   37000000,   14507148,        0,  -22492852,          0
  4612,   143,   37000000,   14504577,        0,  -22495423,          0
  4612,   144,   37000000,   14543696,        0,  -22456304,          0
  4612,   145,   37000000,   14564840,        0,  -22435160,          0
  4612,   146,   37000000,   14500553,        0,  -22499447,          0
  4612,   147,   37000000,   14551995,        0,  -22448005,          0
  4612,   148,   37000000,   14768368,        0,  -22231632,          0
  4612,   149,   37000000,   14503628,        0,  -22496372,          0
  4612,   150,   37000000,   14497082,        0,  -22502918,          0
  4612,   151,   37000000,   14506180,        0,  -22493820,          0
  4612,   152,   37000000,   14509032,        0,  -22490968,          0
  4612,   153,   37000000,   14527722,        0,  -22472278,          0
  4612,   154,   37000000,   14506313,        0,  -22493687,          0
  4612,   155,   37000000,   14495210,        0,  -22504790,          0
  4612,   156,   37000000,   14522370,        0,  -22477630,          0
  4612,   157,   37000000,   14497132,        0,  -22502868,          0
  4612,   158,   37000000,   14791962,        0,  -22208038,          0
  4612,   159,   37000000,   14600505,        0,  -22399495,          0
  4612,   160,   37000000,   14496049,        0,  -22503951,          0
  4612,   161,   37000000,   14555330,        0,  -22444670,          0
  4612,   162,   37000000,   14571624,        0,  -22428376,          0
  4612,   163,   37000000,   14560770,        0,  -22439230,          0
  4612,   164,   37000000,   14512431,        0,  -22487569,          0
  4612,   165,   37000000,   14522341,        0,  -22477659,          0
  4612,   166,   37000000,   14516064,        0,  -22483936,          0
  4612,   167,   37000000,   14503113,        0,  -22496887,          0
  4612,   168,   37000000,   14786401,        0,  -22213599,          0
  4612,   169,   37000000,   14494949,        0,  -22505051,          0
  4612,   170,   37000000,   14572479,        0,  -22427521,          0
  4612,   171,   37000000,   14498800,        0,  -22501200,          0
  4612,   172,   37000000,   14495646,        0,  -22504354,          0
  4612,   173,   37000000,   14550679,        0,  -22449321,          0
  4612,   174,   37000000,   14546611,        0,  -22453389,          0
  4612,   175,   37000000,   14792402,        0,  -22207598,          0
  4612,   176,   37000000,   14601926,        0,  -22398074,          0
  4612,   177,   37000000,   14509753,        0,  -22490247,          0
  4612,   178,   37000000,   14493737,        0,  -22506263,          0
  4612,   179,   37000000,   14521835,        0,  -22478165,          0
  4612,   180,   37000000,   14515579,        0,  -22484421,          0
  4612,   181,   37000000,   14508077,        0,  -22491923,          0
  4612,   182,   37000000,   14556704,        0,  -22443296,          0
  4612,   183,   37000000,   14501806,        0,  -22498194,          0
  4612,   184,   37000000,   14533916,        0,  -22466084,          0
  4612,   185,   37000000,   14806436,        0,  -22193564,          0
  4612,   186,   37000000,   14546983,        0,  -22453017,          0
  4612,   187,   37000000,   14492399,        0,  -22507601,          0
  4612,   188,   37000000,   14498535,        0,  -22501465,          0
  4612,   189,   37000000,   14547463,        0,  -22452537,          0
  4612,   190,   37000000,   14498950,        0,  -22501050,          0
  4612,   191,   37000000,   14514246,        0,  -22485754,          0
  4612,   192,   37000000,   14511315,        0,  -22488685,          0
  4612,   193,   37000000,   14504356,        0,  -22495644,          0
  4612,   194,   37000000,   14504547,        0,  -22495453,          0
  4612,   195,   37000000,   14779304,        0,  -22220696,          0
  4612,   196,   37000000,   14489737,        0,  -22510263,          0
  4612,   197,   37000000,   14488807,        0,  -22511193,          0
  4612,   198,   37000000,   14557481,        0,  -22442519,          0
  4612,   199,   37000000,   14485877,        0,  -22514123,          0
  4612,   200,   37000000,   14496374,        0,  -22503626,          0
  4612,   201,   37000000,   14496578,        0,  -22503422,          0
  4612,   202,   37000000,   14784453,        0,  -22215547,          0
  4612,   203,   37000000,   14514434,        0,  -22485566,          0
  4612,   204,   37000000,   14540334,        0,  -22459666,          0
  4612,   205,   37000000,   14543505,        0,  -22456495,          0
  4612,   206,   37000000,   14574346,        0,  -22425654,          0
  4612,   207,   37000000,   14542206,        0,  -22457794,          0
  4612,   208,   37000000,   14871789,        0,  -22128211,          0
  4612,   209,   37000000,   14616016,        0,  -22383984,          0
  4612,   210,   37000000,   14489233,        0,  -22510767,          0
  4612,   211,   37000000,   14531910,        0,  -22468090,          0
  4612,   212,   37000000,   14768479,        0,  -22231521,          0
  4612,   213,   37000000,   14555173,        0,  -22444827,          0
  4612,   214,   37000000,   14503270,        0,  -22496730,          0
  4612,   215,   37000000,   14544706,        0,  -22455294,          0
  4612,   216,   37000000,   14562057,        0,  -22437943,          0
  4612,   217,   37000000,   14535165,        0,  -22464835,          0
  4612,   218,   37000000,   14548043,        0,  -22451957,          0
  4612,   219,   37000000,   14837795,        0,  -22162205,          0
  4612,   220,   37000000,   14551762,        0,  -22448238,          0
  4612,   221,   37000000,   14500612,        0,  -22499388,          0
  4612,   222,   37000000,   14864487,        0,  -22135513,          0
  4612,   223,   37000000,   14507669,        0,  -22492331,          0
  4612,   224,   37000000,   14509559,        0,  -22490441,          0
  4612,   225,   37000000,   14500722,        0,  -22499278,          0
  4612,   226,   37000000,   14500347,        0,  -22499653,          0
  4612,   227,   37000000,   14536781,        0,  -22463219,          0
  4612,   228,   37000000,   14555144,        0,  -22444856,          0
  4612,   229,   37000000,   14788251,        0,  -22211749,          0
  4612,   230,   37000000,   14552249,        0,  -22447751,          0
  4612,   231,   37000000,   14508858,        0,  -22491142,          0
  4612,   232,   37000000,   14493758,        0,  -22506242,          0
  4612,   233,   37000000,   14527304,        0,  -22472696,          0
  4612,   234,   37000000,   14510231,        0,  -22489769,          0
  4612,   235,   37000000,   14503894,        0,  -22496106,          0
  4612,   236,   37000000,   14586268,        0,  -22413732,          0
  4612,   237,   37000000,   14562238,        0,  -22437762,          0
  4612,   238,   37000000,   14498972,        0,  -22501028,          0
  4612,   239,   37000000,   14794697,        0,  -22205303,          0
  4612,   240,   37000000,   14494651,        0,  -22505349,          0
  4612,   241,   37000000,   14518775,        0,  -22481225,          0
  4612,   242,   37000000,   14495597,        0,  -22504403,          0
  4612,   243,   37000000,   14577095,        0,  -22422905,          0
  4612,   244,   37000000,   14502309,        0,  -22497691,          0
  4612,   245,   37000000,   14511128,        0,  -22488872,          0
  4612,   246,   37000000,   14799692,        0,  -22200308,          0
  4612,   247,   37000000,   14528051,        0,  -22471949,          0
  4612,   248,   37000000,   14532149,        0,  -22467851,          0
  4612,   249,   37000000,   14561065,        0,  -22438935,          0
  4612,   250,   37000000,   14503158,        0,  -22496842,          0
  4612,   251,   37000000,   14506482,        0,  -22493518,          0
  4612,   252,   37000000,   14496484,        0,  -22503516,          0
  4612,   253,   37000000,   14503681,        0,  -22496319,          0
  4612,   254,   37000000,   14516451,        0,  -22483549,          0
  4612,   255,   37000000,   14506531,        0,  -22493469,          0
  4612,   256,   37000000,   14890215,        0,  -22109785,          0
  4612,   257,   37000000,   14555665,        0,  -22444335,          0
  4612,   258,   37000000,   14527107,        0,  -22472893,          0
  4612,   259,   37000000,   14521253,        0,  -22478747,          0
  4612,   260,   37000000,   14502531,        0,  -22497469,          0
  4612,   261,   37000000,   14510246,        0,  -22489754,          0
  4612,   262,   37000000,   14516696,        0,  -22483304,          0
  4612,   263,   37000000,   14502502,        0,  -22497498,          0
  4612,   264,   37000000,   14498999,        0,  -22501001,          0
  4612,   265,   37000000,   14499751,        0,  -22500249,          0
  4612,   266,   37000000,   14766409,        0,  -22233591,          0
  4612,   267,   37000000,   14546008,        0,  -22453992,          0
  4612,   268,   37000000,   14498072,        0,  -22501928,          0
  4612,   269,   37000000,   14557339,        0,  -22442661,          0
  4612,   270,   37000000,   14623090,        0,  -22376910,          0
  4612,   271,   37000000,   14557240,        0,  -22442760,          0
  4612,   272,   37000000,   14553283,        0,  -22446717,          0
  4612,   273,   37000000,   14810573,        0,  -22189427,          0
  4612,   274,   37000000,   14512387,        0,  -22487613,          0
