137 137 0
405 405 0
361 361 0
181 181 0
109 109 0
630 630 0
105 105 0
774 774 0
129 129 0
419 419 0
169 169 0
125 125 0
163 163 0
340 340 0
1005 1005 0
389 389 0
299 299 0
120 120 0
122 122 0
166 166 0
483 483 0
232 232 0
289 289 0
129 129 0
177 177 0
131 131 0
136 136 0
263 263 0
407 407 0
166 166 0
120 120 0
170 170 0
132 132 0
143 143 0
720 720 0
184 184 0
223 223 0
224 224 0
459 459 0
277 277 0
133 133 0
160 160 0
671 671 0
274 274 0
257 257 0
481 481 0
103 103 0
111 111 0
175 175 0
403 403 0
197 197 0
145 145 0
594 594 0
139 139 0
113 113 0
317 317 0
718 718 0
113 113 0
214 214 0
106 106 0
361 361 0
239 239 0
632 632 0
281 281 0
142 142 0
673 673 0
106 106 0
129 129 0
118 118 0
247 247 0
116 116 0
109 109 0
773 773 0
177 177 0
361 361 0
232 232 0
560 560 0
154 154 0
506 506 0
195 195 0
838 838 0
136 136 0
838 838 0
304 304 0
140 140 0
274 274 0
438 438 0
121 121 0
108 108 0
167 167 0
226 226 0
110 110 0
112 112 0
107 107 0
184 184 0
154 154 0
393 393 0
289 289 0
109 109 0
123 123 0
118 118 0
156 156 0
721 721 0
257 257 0
127 127 0
203 203 0
441 441 0
233 233 0
141 141 0
113 113 0
172 172 0
279 279 0
148 148 0
133 133 0
114 114 0
419 419 0
129 129 0
173 173 0
122 122 0
195 195 0
129 129 0
124 124 0
302 302 0
167 167 0
669 669 0
309 309 0
463 463 0
110 110 0
532 532 0
256 256 0
299 299 0
