# Task,   Job,     Period,   Response, DL Miss?,   Lateness,  Tardiness
# task NAME=myapp PID=11086 COST=70208000 PERIOD=93000000 CPU=0
 11086,     2,   93000000,       6428,        0,  -92993572,          0
 11086,     3,   93000000,      55509,        0,  -92944491,          0
 11086,     4,   93000000,   69777957,        0,  -23222043,          0
 11086,     5,   93000000,   69024561,        0,  -23975439,          0
 11086,     6,   93000000,   69104348,        0,  -23895652,          0
 11086,     7,   93000000,   69021195,        0,  -23978805,          0
 11086,     8,   93000000,   69016902,        0,  -23983098,          0
 11086,     9,   93000000,   68997789,        0,  -24002211,          0
 11086,    10,   93000000,   69004226,        0,  -23995774,          0
 11086,    11,   93000000,   68787373,        0,  -24212627,          0
 11086,    12,   93000000,   68799008,        0,  -24200992,          0
 11086,    13,   93000000,   69134916,        0,  -23865084,          0
 11086,    14,   93000000,   69070670,        0,  -23929330,          0
 11086,    15,   93000000,   68717654,        0,  -24282346,          0
 11086,    16,   93000000,   68704001,        0,  -24295999,          0
 11086,    17,   93000000,   69071691,        0,  -23928309,          0
 11086,    18,   93000000,   68982457,        0,  -24017543,          0
 11086,    19,   93000000,   69056011,        0,  -23943989,          0
 11086,    20,   93000000,   69017484,        0,  -23982516,          0
 11086,    21,   93000000,   69003063,        0,  -23996937,          0
 11086,    22,   93000000,   69078626,        0,  -23921374,          0
 11086,    23,   93000000,   68729742,        0,  -24270258,          0
 11086,    24,   93000000,   68991004,        0,  -24008996,          0
 11086,    25,   93000000,   69045647,        0,  -23954353,          0
 11086,    26,   93000000,   69261068,        0,  -23738932,          0
 11086,    27,   93000000,   68755213,        0,  -24244787,          0
 11086,    28,   93000000,   69050237,        0,  -23949763,          0
 11086,    29,   93000000,   69292921,        0,  -23707079,          0
 11086,    30,   93000000,   68735756,        0,  -24264244,          0
 11086,    31,   93000000,   69040267,        0,  -23959733,          0
 11086,    32,   93000000,   69224580,        0,  -23775420,          0
 11086,    33,   93000000,   69046731,        0,  -23953269,          0
 11086,    34,   93000000,   68839377,        0,  -24160623,          0
 11086,    35,   93000000,   68763649,        0,  -24236351,          0
 11086,    36,   93000000,   68950063,        0,  -24049937,          0
 11086,    37,   93000000,   69285709,        0,  -23714291,          0
 11086,    38,   93000000,   68701966,        0,  -24298034,          0
 11086,    39,   93000000,   68720177,        0,  -24279823,          0
 11086,    40,   93000000,   68958949,        0,  -24041051,          0
 11086,    41,   93000000,   69016311,        0,  -23983689,          0
 11086,    42,   93000000,   68731407,        0,  -24268593,          0
 11086,    43,   93000000,   68723638,        0,  -24276362,          0
 11086,    44,   93000000,   69130676,        0,  -23869324,          0
 11086,    45,   93000000,   69185626,        0,  -23814374,          0
 11086,    46,   93000000,   68723974,        0,  -24276026,          0
 11086,    47,   93000000,   69072334,        0,  -23927666,          0
 11086,    48,   93000000,   69083469,        0,  -23916531,          0
 11086,    49,   93000000,   68995658,        0,  -24004342,          0
 11086,    50,   93000000,   68833882,        0,  -24166118,          0
 11086,    51,   93000000,   68825554,        0,  -24174446,          0
 11086,    52,   93000000,   69613611,        0,  -23386389,          0
 11086,    53,   93000000,   69101297,        0,  -23898703,          0
 11086,    54,   93000000,   68723922,        0,  -24276078,          0
 11086,    55,   93000000,   68757193,        0,  -24242807,          0
 11086,    56,   93000000,   69434647,        0,  -23565353,          0
 11086,    57,   93000000,   69077662,        0,  -23922338,          0
 11086,    58,   93000000,   68728116,        0,  -24271884,          0
 11086,    59,   93000000,   68759965,        0,  -24240035,          0
 11086,    60,   93000000,   69029358,        0,  -23970642,          0
 11086,    61,   93000000,   69067795,        0,  -23932205,          0
 11086,    62,   93000000,   68740805,        0,  -24259195,          0
 11086,    63,   93000000,   69039602,        0,  -23960398,          0
 11086,    64,   93000000,   69187542,        0,  -23812458,          0
 11086,    65,   93000000,   69032149,        0,  -23967851,          0
 11086,    66,   93000000,   68777639,        0,  -24222361,          0
 11086,    67,   93000000,   69121717,        0,  -23878283,          0
 11086,    68,   93000000,   69132396,        0,  -23867604,          0
 11086,    69,   93000000,   69017150,        0,  -23982850,          0
 11086,    70,   93000000,   68785386,        0,  -24214614,          0
 11086,    71,   93000000,   69087542,        0,  -23912458,          0
 11086,    72,   93000000,   69302965,        0,  -23697035,          0
 11086,    73,   93000000,   68760676,        0,  -24239324,          0
 11086,    74,   93000000,   68751420,        0,  -24248580,          0
 11086,    75,   93000000,   69102647,        0,  -23897353,          0
 11086,    76,   93000000,   69102930,        0,  -23897070,          0
 11086,    77,   93000000,   68817750,        0,  -24182250,          0
 11086,    78,   93000000,   68737740,        0,  -24262260,          0
 11086,    79,   93000000,   69370703,        0,  -23629297,          0
 11086,    80,   93000000,   69027858,        0,  -23972142,          0
 11086,    81,   93000000,   68747815,        0,  -24252185,          0
 11086,    82,   93000000,   68761954,        0,  -24238046,          0
 11086,    83,   93000000,   69044775,        0,  -23955225,          0
 11086,    84,   93000000,   69751637,        0,  -23248363,          0
 11086,    85,   93000000,   68728452,        0,  -24271548,          0
 11086,    86,   93000000,   68732074,        0,  -24267926,          0
 11086,    87,   93000000,   69325067,        0,  -23674933,          0
 11086,    88,   93000000,   69415315,        0,  -23584685,          0
 11086,    89,   93000000,   68742438,        0,  -24257562,          0
 11086,    90,   93000000,   68834342,        0,  -24165658,          0
 11086,    91,   93000000,   69102799,        0,  -23897201,          0
 11086,    92,   93000000,   71091889,        0,  -21908111,          0
 11086,    93,   93000000,   68729920,        0,  -24270080,          0
 11086,    94,   93000000,   69343980,        0,  -23656020,          0
 11086,    95,   93000000,   69305847,        0,  -23694153,          0
 11086,    96,   93000000,   69011471,        0,  -23988529,          0
 11086,    97,   93000000,   68752211,        0,  -24247789,          0
 11086,    98,   93000000,   68744808,        0,  -24255192,          0
 11086,    99,   93000000,   69496165,        0,  -23503835,          0
 11086,   100,   93000000,   69069068,        0,  -23930932,          0
 11086,   101,   93000000,   68732196,        0,  -24267804,          0
 11086,   102,   93000000,   68765314,        0,  -24234686,          0
 11086,   103,   93000000,   69063937,        0,  -23936063,          0
 11086,   104,   93000000,   68998124,        0,  -24001876,          0
 11086,   105,   93000000,   69067785,        0,  -23932215,          0
 11086,   106,   93000000,   69047372,        0,  -23952628,          0
 11086,   107,   93000000,   69086754,        0,  -23913246,          0
 11086,   108,   93000000,   69019756,        0,  -23980244,          0
 11086,   109,   93000000,   68742202,        0,  -24257798,          0
 11086,   110,   93000000,   69338066,        0,  -23661934,          0
 11086,   111,   93000000,   69170885,        0,  -23829115,          0
# task NAME=myapp PID=11089 COST=32771000 PERIOD=56000000 CPU=0
 11089,     2,   56000000,       8413,        0,  -55991587,          0
 11089,     3,   56000000,      30688,        0,  -55969312,          0
 11089,     4,   56000000,   34569205,        0,  -21430795,          0
 11089,     5,   56000000,   32260716,        0,  -23739284,          0
 11089,     6,   56000000,   32127718,        0,  -23872282,          0
 11089,     7,   56000000,   32112294,        0,  -23887706,          0
 11089,     8,   56000000,   32160793,        0,  -23839207,          0
 11089,     9,   56000000,   32287531,        0,  -23712469,          0
 11089,    10,   56000000,   32093312,        0,  -23906688,          0
 11089,    11,   56000000,   32363736,        0,  -23636264,          0
 11089,    12,   56000000,   32508373,        0,  -23491627,          0
 11089,    13,   56000000,   32356605,        0,  -23643395,          0
 11089,    14,   56000000,   32080157,        0,  -23919843,          0
 11089,    15,   56000000,   32271645,        0,  -23728355,          0
 11089,    16,   56000000,   32107997,        0,  -23892003,          0
 11089,    17,   56000000,   32107459,        0,  -23892541,          0
 11089,    18,   56000000,   32379224,        0,  -23620776,          0
 11089,    19,   56000000,   32087522,        0,  -23912478,          0
 11089,    20,   56000000,   32392272,        0,  -23607728,          0
 11089,    21,   56000000,   32088493,        0,  -23911507,          0
 11089,    22,   56000000,   32359292,        0,  -23640708,          0
 11089,    23,   56000000,   32252789,        0,  -23747211,          0
 11089,    24,   56000000,   32364155,        0,  -23635845,          0
 11089,    25,   56000000,   32241231,        0,  -23758769,          0
 11089,    26,   56000000,   32088549,        0,  -23911451,          0
 11089,    27,   56000000,   32113883,        0,  -23886117,          0
 11089,    28,   56000000,   32217679,        0,  -23782321,          0
 11089,    29,   56000000,   32090293,        0,  -23909707,          0
 11089,    30,   56000000,   32106252,        0,  -23893748,          0
 11089,    31,   56000000,   32535463,        0,  -23464537,          0
 11089,    32,   56000000,   32290281,        0,  -23709719,          0
 11089,    33,   56000000,   32476767,        0,  -23523233,          0
 11089,    34,   56000000,   32105041,        0,  -23894959,          0
 11089,    35,   56000000,   32108329,        0,  -23891671,          0
 11089,    36,   56000000,   32271947,        0,  -23728053,          0
 11089,    37,   56000000,   32123667,        0,  -23876333,          0
 11089,    38,   56000000,   32392236,        0,  -23607764,          0
 11089,    39,   56000000,   32116616,        0,  -23883384,          0
 11089,    40,   56000000,   32371609,        0,  -23628391,          0
 11089,    41,   56000000,   32094393,        0,  -23905607,          0
 11089,    42,   56000000,   32375470,        0,  -23624530,          0
 11089,    43,   56000000,   32107348,        0,  -23892652,          0
 11089,    44,   56000000,   32075696,        0,  -23924304,          0
 11089,    45,   56000000,   32157095,        0,  -23842905,          0
 11089,    46,   56000000,   32089962,        0,  -23910038,          0
 11089,    47,   56000000,   32097981,        0,  -23902019,          0
 11089,    48,   56000000,   32110567,        0,  -23889433,          0
 11089,    49,   56000000,   32383099,        0,  -23616901,          0
 11089,    50,   56000000,   32150573,        0,  -23849427,          0
 11089,    51,   56000000,   32540474,        0,  -23459526,          0
 11089,    52,   56000000,   32343573,        0,  -23656427,          0
 11089,    53,   56000000,   32396156,        0,  -23603844,          0
 11089,    54,   56000000,   32113860,        0,  -23886140,          0
 11089,    55,   56000000,   32313181,        0,  -23686819,          0
 11089,    56,   56000000,   32332793,        0,  -23667207,          0
 11089,    57,   56000000,   32245259,        0,  -23754741,          0
 11089,    58,   56000000,   32543886,        0,  -23456114,          0
 11089,    59,   56000000,   32098072,        0,  -23901928,          0
 11089,    60,   56000000,   32436663,        0,  -23563337,          0
 11089,    61,   56000000,   32084558,        0,  -23915442,          0
 11089,    62,   56000000,   32395740,        0,  -23604260,          0
 11089,    63,   56000000,   32093300,        0,  -23906700,          0
 11089,    64,   56000000,   32101143,        0,  -23898857,          0
 11089,    65,   56000000,   32084321,        0,  -23915679,          0
 11089,    66,   56000000,   32241379,        0,  -23758621,          0
 11089,    67,   56000000,   32084984,        0,  -23915016,          0
 11089,    68,   56000000,   32106637,        0,  -23893363,          0
 11089,    69,   56000000,   32370668,        0,  -23629332,          0
 11089,    70,   56000000,   32115398,        0,  -23884602,          0
 11089,    71,   56000000,   32513216,        0,  -23486784,          0
 11089,    72,   56000000,   32085449,        0,  -23914551,          0
 11089,    73,   56000000,   32198547,        0,  -23801453,          0
 11089,    74,   56000000,   32130702,        0,  -23869298,          0
 11089,    75,   56000000,   32093301,        0,  -23906699,          0
 11089,    76,   56000000,   32091709,        0,  -23908291,          0
 11089,    77,   56000000,   32217079,        0,  -23782921,          0
 11089,    78,   56000000,   32508059,        0,  -23491941,          0
 11089,    79,   56000000,   32074530,        0,  -23925470,          0
 11089,    80,   56000000,   32535965,        0,  -23464035,          0
 11089,    81,   56000000,   32138412,        0,  -23861588,          0
 11089,    82,   56000000,   32402544,        0,  -23597456,          0
 11089,    83,   56000000,   32108516,        0,  -23891484,          0
 11089,    84,   56000000,   32119476,        0,  -23880524,          0
 11089,    85,   56000000,   32106090,        0,  -23893910,          0
 11089,    86,   56000000,   32115703,        0,  -23884297,          0
 11089,    87,   56000000,   32451444,        0,  -23548556,          0
 11089,    88,   56000000,   32114241,        0,  -23885759,          0
 11089,    89,   56000000,   32382173,        0,  -23617827,          0
 11089,    90,   56000000,   32203427,        0,  -23796573,          0
 11089,    91,   56000000,   32451978,        0,  -23548022,          0
 11089,    92,   56000000,   32086284,        0,  -23913716,          0
 11089,    93,   56000000,   33244261,        0,  -22755739,          0
 11089,    94,   56000000,   32110698,        0,  -23889302,          0
 11089,    95,   56000000,   32100880,        0,  -23899120,          0
 11089,    96,   56000000,   32116162,        0,  -23883838,          0
 11089,    97,   56000000,   32094236,        0,  -23905764,          0
 11089,    98,   56000000,   32410883,        0,  -23589117,          0
 11089,    99,   56000000,   32088913,        0,  -23911087,          0
 11089,   100,   56000000,   32483495,        0,  -23516505,          0
 11089,   101,   56000000,   32106870,        0,  -23893130,          0
 11089,   102,   56000000,   32129738,        0,  -23870262,          0
 11089,   103,   56000000,   32188014,        0,  -23811986,          0
 11089,   104,   56000000,   32104690,        0,  -23895310,          0
 11089,   105,   56000000,   32089404,        0,  -23910596,          0
 11089,   106,   56000000,   32109732,        0,  -23890268,          0
 11089,   107,   56000000,   32407715,        0,  -23592285,          0
 11089,   108,   56000000,   32916690,        0,  -23083310,          0
 11089,   109,   56000000,   32451630,        0,  -23548370,          0
 11089,   110,   56000000,   32289267,        0,  -23710733,          0
 11089,   111,   56000000,   32131713,        0,  -23868287,          0
 11089,   112,   56000000,   32076031,        0,  -23923969,          0
 11089,   113,   56000000,   32150405,        0,  -23849595,          0
 11089,   114,   56000000,   32095058,        0,  -23904942,          0
 11089,   115,   56000000,   32338203,        0,  -23661797,          0
 11089,   116,   56000000,   32519021,        0,  -23480979,          0
 11089,   117,   56000000,   32094384,        0,  -23905616,          0
 11089,   118,   56000000,   32377247,        0,  -23622753,          0
 11089,   119,   56000000,   32254141,        0,  -23745859,          0
 11089,   120,   56000000,   32380711,        0,  -23619289,          0
 11089,   121,   56000000,   32088197,        0,  -23911803,          0
 11089,   122,   56000000,   32104483,        0,  -23895517,          0
 11089,   123,   56000000,   32139196,        0,  -23860804,          0
 11089,   124,   56000000,   32203811,        0,  -23796189,          0
 11089,   125,   56000000,   32328831,        0,  -23671169,          0
 11089,   126,   56000000,   32947870,        0,  -23052130,          0
 11089,   127,   56000000,   32397339,        0,  -23602661,          0
 11089,   128,   56000000,   32175795,        0,  -23824205,          0
 11089,   129,   56000000,   32394139,        0,  -23605861,          0
 11089,   130,   56000000,   32126123,        0,  -23873877,          0
 11089,   131,   56000000,   32341472,        0,  -23658528,          0
 11089,   132,   56000000,   32092068,        0,  -23907932,          0
 11089,   133,   56000000,   32137801,        0,  -23862199,          0
 11089,   134,   56000000,   32145032,        0,  -23854968,          0
 11089,   135,   56000000,   32093674,        0,  -23906326,          0
 11089,   136,   56000000,   32412999,        0,  -23587001,          0
 11089,   137,   56000000,   32097557,        0,  -23902443,          0
 11089,   138,   56000000,   32531281,        0,  -23468719,          0
 11089,   139,   56000000,   32125072,        0,  -23874928,          0
 11089,   140,   56000000,   32249290,        0,  -23750710,          0
 11089,   141,   56000000,   32621776,        0,  -23378224,          0
 11089,   142,   56000000,   32484755,        0,  -23515245,          0
 11089,   143,   56000000,   32104811,        0,  -23895189,          0
 11089,   144,   56000000,   32156766,        0,  -23843234,          0
 11089,   145,   56000000,   32405389,        0,  -23594611,          0
 11089,   146,   56000000,   32114565,        0,  -23885435,          0
 11089,   147,   56000000,   32489442,        0,  -23510558,          0
 11089,   148,   56000000,   32104372,        0,  -23895628,          0
 11089,   149,   56000000,   32459017,        0,  -23540983,          0
 11089,   150,   56000000,   32071213,        0,  -23928787,          0
 11089,   151,   56000000,   32121599,        0,  -23878401,          0
 11089,   152,   56000000,   32276526,        0,  -23723474,          0
 11089,   153,   56000000,   32099189,        0,  -23900811,          0
 11089,   154,   56000000,   32321840,        0,  -23678160,          0
 11089,   155,   56000000,   32108706,        0,  -23891294,          0
 11089,   156,   56000000,   32391801,        0,  -23608199,          0
 11089,   157,   56000000,   32125423,        0,  -23874577,          0
 11089,   158,   56000000,   32437335,        0,  -23562665,          0
 11089,   159,   56000000,   32229099,        0,  -23770901,          0
 11089,   160,   56000000,   32104804,        0,  -23895196,          0
 11089,   161,   56000000,   32140984,        0,  -23859016,          0
 11089,   162,   56000000,   32090746,        0,  -23909254,          0
 11089,   163,   56000000,   32114831,        0,  -23885169,          0
 11089,   164,   56000000,   32133565,        0,  -23866435,          0
 11089,   165,   56000000,   32399528,        0,  -23600472,          0
 11089,   166,   56000000,   32671467,        0,  -23328533,          0
 11089,   167,   56000000,   32395657,        0,  -23604343,          0
 11089,   168,   56000000,   32201239,        0,  -23798761,          0
 11089,   169,   56000000,   32188304,        0,  -23811696,          0
 11089,   170,   56000000,   32121554,        0,  -23878446,          0
 11089,   171,   56000000,   32360300,        0,  -23639700,          0
 11089,   172,   56000000,   32096907,        0,  -23903093,          0
 11089,   173,   56000000,   32104658,        0,  -23895342,          0
 11089,   174,   56000000,   32434614,        0,  -23565386,          0
 11089,   175,   56000000,   32122363,        0,  -23877637,          0
 11089,   176,   56000000,   32372934,        0,  -23627066,          0
 11089,   177,   56000000,   32081354,        0,  -23918646,          0
 11089,   178,   56000000,   32553083,        0,  -23446917,          0
 11089,   179,   56000000,   32085153,        0,  -23914847,          0
 11089,   180,   56000000,   32313040,        0,  -23686960,          0
 11089,   181,   56000000,   32131267,        0,  -23868733,          0
 11089,   182,   56000000,   32201521,        0,  -23798479,          0
# task NAME=myapp PID=11093 COST=41880000 PERIOD=81000000 CPU=0
 11093,     2,   81000000,       9074,        0,  -80990926,          0
 11093,     3,   81000000,      81000,        0,  -80919000,          0
 11093,     4,   81000000,   42069117,        0,  -38930883,          0
 11093,     5,   81000000,   41037449,        0,  -39962551,          0
 11093,     6,   81000000,   41050233,        0,  -39949767,          0
 11093,     7,   81000000,   42301618,        0,  -38698382,          0
 11093,     8,   81000000,   41010272,        0,  -39989728,          0
 11093,     9,   81000000,   41042162,        0,  -39957838,          0
 11093,    10,   81000000,   41474732,        0,  -39525268,          0
 11093,    11,   81000000,   41039902,        0,  -39960098,          0
 11093,    12,   81000000,   41240476,        0,  -39759524,          0
 11093,    13,   81000000,   41285810,        0,  -39714190,          0
 11093,    14,   81000000,   41225392,        0,  -39774608,          0
 11093,    15,   81000000,   41261399,        0,  -39738601,          0
 11093,    16,   81000000,   41479991,        0,  -39520009,          0
 11093,    17,   81000000,   41033616,        0,  -39966384,          0
 11093,    18,   81000000,   41036288,        0,  -39963712,          0
 11093,    19,   81000000,   41483036,        0,  -39516964,          0
 11093,    20,   81000000,   41024625,        0,  -39975375,          0
 11093,    21,   81000000,   41041797,        0,  -39958203,          0
 11093,    22,   81000000,   42229172,        0,  -38770828,          0
 11093,    23,   81000000,   41158772,        0,  -39841228,          0
 11093,    24,   81000000,   41484589,        0,  -39515411,          0
 11093,    25,   81000000,   41217896,        0,  -39782104,          0
 11093,    26,   81000000,   41100095,        0,  -39899905,          0
 11093,    27,   81000000,   41369562,        0,  -39630438,          0
 11093,    28,   81000000,   41014139,        0,  -39985861,          0
 11093,    29,   81000000,   41022474,        0,  -39977526,          0
 11093,    30,   81000000,   41514848,        0,  -39485152,          0
 11093,    31,   81000000,   41051072,        0,  -39948928,          0
 11093,    32,   81000000,   41041786,        0,  -39958214,          0
 11093,    33,   81000000,   41416958,        0,  -39583042,          0
 11093,    34,   81000000,   41047198,        0,  -39952802,          0
 11093,    35,   81000000,   41055374,        0,  -39944626,          0
 11093,    36,   81000000,   41307508,        0,  -39692492,          0
 11093,    37,   81000000,   41227614,        0,  -39772386,          0
 11093,    38,   81000000,   41037172,        0,  -39962828,          0
 11093,    39,   81000000,   41391779,        0,  -39608221,          0
 11093,    40,   81000000,   41050758,        0,  -39949242,          0
 11093,    41,   81000000,   41348627,        0,  -39651373,          0
 11093,    42,   81000000,   41023070,        0,  -39976930,          0
 11093,    43,   81000000,   41187785,        0,  -39812215,          0
 11093,    44,   81000000,   41302313,        0,  -39697687,          0
 11093,    45,   81000000,   41044778,        0,  -39955222,          0
 11093,    46,   81000000,   41018948,        0,  -39981052,          0
 11093,    47,   81000000,   41323288,        0,  -39676712,          0
 11093,    48,   81000000,   41057016,        0,  -39942984,          0
 11093,    49,   81000000,   41037033,        0,  -39962967,          0
 11093,    50,   81000000,   41354768,        0,  -39645232,          0
 11093,    51,   81000000,   41031553,        0,  -39968447,          0
 11093,    52,   81000000,   41083064,        0,  -39916936,          0
 11093,    53,   81000000,   41359718,        0,  -39640282,          0
 11093,    54,   81000000,   41047798,        0,  -39952202,          0
 11093,    55,   81000000,   41041042,        0,  -39958958,          0
 11093,    56,   81000000,   41350167,        0,  -39649833,          0
 11093,    57,   81000000,   41382451,        0,  -39617549,          0
 11093,    58,   81000000,   41310687,        0,  -39689313,          0
 11093,    59,   81000000,   41033517,        0,  -39966483,          0
 11093,    60,   81000000,   41001686,        0,  -39998314,          0
 11093,    61,   81000000,   41991143,        0,  -39008857,          0
 11093,    62,   81000000,   41037777,        0,  -39962223,          0
 11093,    63,   81000000,   41036935,        0,  -39963065,          0
 11093,    64,   81000000,   41709257,        0,  -39290743,          0
 11093,    65,   81000000,   41211526,        0,  -39788474,          0
 11093,    66,   81000000,   41198882,        0,  -39801118,          0
 11093,    67,   81000000,   41435802,        0,  -39564198,          0
 11093,    68,   81000000,   41069651,        0,  -39930349,          0
 11093,    69,   81000000,   41263984,        0,  -39736016,          0
 11093,    70,   81000000,   42292893,        0,  -38707107,          0
 11093,    71,   81000000,   41014592,        0,  -39985408,          0
 11093,    72,   81000000,   41062450,        0,  -39937550,          0
 11093,    73,   81000000,   41305911,        0,  -39694089,          0
 11093,    74,   81000000,   41017553,        0,  -39982447,          0
 11093,    75,   81000000,   41194545,        0,  -39805455,          0
 11093,    76,   81000000,   41178215,        0,  -39821785,          0
 11093,    77,   81000000,   41142815,        0,  -39857185,          0
 11093,    78,   81000000,   41504916,        0,  -39495084,          0
 11093,    79,   81000000,   41085671,        0,  -39914329,          0
 11093,    80,   81000000,   41050935,        0,  -39949065,          0
 11093,    81,   81000000,   41343878,        0,  -39656122,          0
 11093,    82,   81000000,   41076199,        0,  -39923801,          0
 11093,    83,   81000000,   40994310,        0,  -40005690,          0
 11093,    84,   81000000,   41640477,        0,  -39359523,          0
 11093,    85,   81000000,   41030043,        0,  -39969957,          0
 11093,    86,   81000000,   41089860,        0,  -39910140,          0
 11093,    87,   81000000,   41308714,        0,  -39691286,          0
 11093,    88,   81000000,   41246400,        0,  -39753600,          0
 11093,    89,   81000000,   41011734,        0,  -39988266,          0
 11093,    90,   81000000,   41303546,        0,  -39696454,          0
 11093,    91,   81000000,   41582416,        0,  -39417584,          0
 11093,    92,   81000000,   41014280,        0,  -39985720,          0
 11093,    93,   81000000,   41298554,        0,  -39701446,          0
 11093,    94,   81000000,   41002241,        0,  -39997759,          0
 11093,    95,   81000000,   41321452,        0,  -39678548,          0
 11093,    96,   81000000,   41214167,        0,  -39785833,          0
 11093,    97,   81000000,   41180668,        0,  -39819332,          0
 11093,    98,   81000000,   41350673,        0,  -39649327,          0
 11093,    99,   81000000,   41046427,        0,  -39953573,          0
 11093,   100,   81000000,   41946913,        0,  -39053087,          0
 11093,   101,   81000000,   41377182,        0,  -39622818,          0
 11093,   102,   81000000,   42065870,        0,  -38934130,          0
 11093,   103,   81000000,   41091733,        0,  -39908267,          0
 11093,   104,   81000000,   41312899,        0,  -39687101,          0
 11093,   105,   81000000,   41185242,        0,  -39814758,          0
 11093,   106,   81000000,   41058285,        0,  -39941715,          0
 11093,   107,   81000000,   41374986,        0,  -39625014,          0
 11093,   108,   81000000,   41009066,        0,  -39990934,          0
 11093,   109,   81000000,   40999309,        0,  -40000691,          0
 11093,   110,   81000000,   41510848,        0,  -39489152,          0
 11093,   111,   81000000,   41141690,        0,  -39858310,          0
 11093,   112,   81000000,   41331484,        0,  -39668516,          0
 11093,   113,   81000000,   41127434,        0,  -39872566,          0
 11093,   114,   81000000,   41029132,        0,  -39970868,          0
 11093,   115,   81000000,   41317476,        0,  -39682524,          0
 11093,   116,   81000000,   40997088,        0,  -40002912,          0
 11093,   117,   81000000,   41166392,        0,  -39833608,          0
 11093,   118,   81000000,   45381465,        0,  -35618535,          0
 11093,   119,   81000000,   41207491,        0,  -39792509,          0
 11093,   120,   81000000,   40996594,        0,  -40003406,          0
 11093,   121,   81000000,   41478514,        0,  -39521486,          0
 11093,   122,   81000000,   41026559,        0,  -39973441,          0
 11093,   123,   81000000,   41146582,        0,  -39853418,          0
 11093,   124,   81000000,   41291299,        0,  -39708701,          0
 11093,   125,   81000000,   41106599,        0,  -39893401,          0
 11093,   126,   81000000,   41033279,        0,  -39966721,          0
 11093,   127,   81000000,   41391688,        0,  -39608312,          0
# task NAME=myapp PID=11097 COST=13569000 PERIOD=95000000 CPU=0
 11097,     2,   95000000,      15639,        0,  -94984361,          0
 11097,     3,   95000000,     141172,        0,  -94858828,          0
 11097,     4,   95000000,   14330709,        0,  -80669291,          0
 11097,     5,   95000000,   14409342,        0,  -80590658,          0
 11097,     6,   95000000,   13322797,        0,  -81677203,          0
 11097,     7,   95000000,   13617384,        0,  -81382616,          0
 11097,     8,   95000000,   13347378,        0,  -81652622,          0
 11097,     9,   95000000,   13620666,        0,  -81379334,          0
 11097,    10,   95000000,   15362495,        0,  -79637505,          0
 11097,    11,   95000000,   13361414,        0,  -81638586,          0
 11097,    12,   95000000,   13428375,        0,  -81571625,          0
 11097,    13,   95000000,   13653110,        0,  -81346890,          0
 11097,    14,   95000000,   13317709,        0,  -81682291,          0
 11097,    15,   95000000,   15464404,        0,  -79535596,          0
 11097,    16,   95000000,   16984119,        0,  -78015881,          0
 11097,    17,   95000000,   13611110,        0,  -81388890,          0
 11097,    18,   95000000,   13317660,        0,  -81682340,          0
 11097,    19,   95000000,   13340092,        0,  -81659908,          0
 11097,    20,   95000000,   13385033,        0,  -81614967,          0
 11097,    21,   95000000,   14419842,        0,  -80580158,          0
 11097,    22,   95000000,   13350858,        0,  -81649142,          0
 11097,    23,   95000000,   13317173,        0,  -81682827,          0
 11097,    24,   95000000,   13361272,        0,  -81638728,          0
 11097,    25,   95000000,   13374886,        0,  -81625114,          0
 11097,    26,   95000000,   13320405,        0,  -81679595,          0
 11097,    27,   95000000,   13341153,        0,  -81658847,          0
 11097,    28,   95000000,   13605460,        0,  -81394540,          0
 11097,    29,   95000000,   13956339,        0,  -81043661,          0
 11097,    30,   95000000,   13356228,        0,  -81643772,          0
 11097,    31,   95000000,   13386057,        0,  -81613943,          0
 11097,    32,   95000000,   15387289,        0,  -79612711,          0
 11097,    33,   95000000,   13308335,        0,  -81691665,          0
 11097,    34,   95000000,   13617686,        0,  -81382314,          0
 11097,    35,   95000000,   13305120,        0,  -81694880,          0
 11097,    36,   95000000,   13309888,        0,  -81690112,          0
 11097,    37,   95000000,   13312192,        0,  -81687808,          0
 11097,    38,   95000000,   13675163,        0,  -81324837,          0
 11097,    39,   95000000,   13349650,        0,  -81650350,          0
 11097,    40,   95000000,   13293196,        0,  -81706804,          0
 11097,    41,   95000000,   13291727,        0,  -81708273,          0
 11097,    42,   95000000,   13598509,        0,  -81401491,          0
 11097,    43,   95000000,   13328401,        0,  -81671599,          0
 11097,    44,   95000000,   13357506,        0,  -81642494,          0
 11097,    45,   95000000,   13384003,        0,  -81615997,          0
 11097,    46,   95000000,   13351306,        0,  -81648694,          0
 11097,    47,   95000000,   13416585,        0,  -81583415,          0
 11097,    48,   95000000,   13320207,        0,  -81679793,          0
 11097,    49,   95000000,   13356708,        0,  -81643292,          0
 11097,    50,   95000000,   13317511,        0,  -81682489,          0
 11097,    51,   95000000,   16699942,        0,  -78300058,          0
 11097,    52,   95000000,   13503156,        0,  -81496844,          0
 11097,    53,   95000000,   13300680,        0,  -81699320,          0
 11097,    54,   95000000,   13368420,        0,  -81631580,          0
 11097,    55,   95000000,   13493710,        0,  -81506290,          0
 11097,    56,   95000000,   13320738,        0,  -81679262,          0
 11097,    57,   95000000,   13438061,        0,  -81561939,          0
 11097,    58,   95000000,   13346418,        0,  -81653582,          0
 11097,    59,   95000000,   13646615,        0,  -81353385,          0
 11097,    60,   95000000,   13307853,        0,  -81692147,          0
 11097,    61,   95000000,   13348298,        0,  -81651702,          0
 11097,    62,   95000000,   13447022,        0,  -81552978,          0
 11097,    63,   95000000,   13657075,        0,  -81342925,          0
 11097,    64,   95000000,   13346595,        0,  -81653405,          0
 11097,    65,   95000000,   13450309,        0,  -81549691,          0
 11097,    66,   95000000,   13333857,        0,  -81666143,          0
 11097,    67,   95000000,   13601614,        0,  -81398386,          0
 11097,    68,   95000000,   14193388,        0,  -80806612,          0
 11097,    69,   95000000,   13306733,        0,  -81693267,          0
 11097,    70,   95000000,   13322573,        0,  -81677427,          0
 11097,    71,   95000000,   13310068,        0,  -81689932,          0
 11097,    72,   95000000,   13329057,        0,  -81670943,          0
 11097,    73,   95000000,   13357391,        0,  -81642609,          0
 11097,    74,   95000000,   14506371,        0,  -80493629,          0
 11097,    75,   95000000,   13751432,        0,  -81248568,          0
 11097,    76,   95000000,   13453577,        0,  -81546423,          0
 11097,    77,   95000000,   13304476,        0,  -81695524,          0
 11097,    78,   95000000,   13359473,        0,  -81640527,          0
 11097,    79,   95000000,   13646005,        0,  -81353995,          0
 11097,    80,   95000000,   13303308,        0,  -81696692,          0
 11097,    81,   95000000,   13331570,        0,  -81668430,          0
 11097,    82,   95000000,   13328358,        0,  -81671642,          0
 11097,    83,   95000000,   13301122,        0,  -81698878,          0
 11097,    84,   95000000,   13665435,        0,  -81334565,          0
 11097,    85,   95000000,   13375758,        0,  -81624242,          0
 11097,    86,   95000000,   13361009,        0,  -81638991,          0
 11097,    87,   95000000,   13341524,        0,  -81658476,          0
 11097,    88,   95000000,   13590152,        0,  -81409848,          0
 11097,    89,   95000000,   13334765,        0,  -81665235,          0
 11097,    90,   95000000,   13339141,        0,  -81660859,          0
 11097,    91,   95000000,   13322861,        0,  -81677139,          0
 11097,    92,   95000000,   13761721,        0,  -81238279,          0
 11097,    93,   95000000,   13327204,        0,  -81672796,          0
 11097,    94,   95000000,   13392995,        0,  -81607005,          0
 11097,    95,   95000000,   13384094,        0,  -81615906,          0
 11097,    96,   95000000,   13349159,        0,  -81650841,          0
 11097,    97,   95000000,   13328910,        0,  -81671090,          0
 11097,    98,   95000000,   15109576,        0,  -79890424,          0
 11097,    99,   95000000,   13380913,        0,  -81619087,          0
 11097,   100,   95000000,   13320426,        0,  -81679574,          0
 11097,   101,   95000000,   13742325,        0,  -81257675,          0
 11097,   102,   95000000,   13314890,        0,  -81685110,          0
 11097,   103,   95000000,   13435811,        0,  -81564189,          0
 11097,   104,   95000000,   13410629,        0,  -81589371,          0
 11097,   105,   95000000,   13357508,        0,  -81642492,          0
 11097,   106,   95000000,   13304741,        0,  -81695259,          0
 11097,   107,   95000000,   13888614,        0,  -81111386,          0
 11097,   108,   95000000,   13621007,        0,  -81378993,          0
 11097,   109,   95000000,   13660813,        0,  -81339187,          0
