# Task,   Job,     Period,   Response, DL Miss?,   Lateness,  Tardiness
# task NAME=myapp PID=31750 COST=4609000 PERIOD=16000000 CPU=0
 31750,     2,   16000000,       6632,        0,  -15993368,          0
 31750,     3,   16000000,      31223,        0,  -15968777,          0
 31750,     4,   16000000,    5624867,        0,  -10375133,          0
 31750,     5,   16000000,    4594433,        0,  -11405567,          0
 31750,     6,   16000000,    4621156,        0,  -11378844,          0
 31750,     7,   16000000,    4579129,        0,  -11420871,          0
 31750,     8,   16000000,    4595170,        0,  -11404830,          0
 31750,     9,   16000000,    4588784,        0,  -11411216,          0
 31750,    10,   16000000,    4632641,        0,  -11367359,          0
 31750,    11,   16000000,    4868145,        0,  -11131855,          0
 31750,    12,   16000000,    5451474,        0,  -10548526,          0
 31750,    13,   16000000,    4623222,        0,  -11376778,          0
 31750,    14,   16000000,    4609202,        0,  -11390798,          0
 31750,    15,   16000000,    4588985,        0,  -11411015,          0
 31750,    16,   16000000,    4598467,        0,  -11401533,          0
 31750,    17,   16000000,    4607540,        0,  -11392460,          0
 31750,    18,   16000000,    4613625,        0,  -11386375,          0
 31750,    19,   16000000,    4956730,        0,  -11043270,          0
 31750,    20,   16000000,    4594963,        0,  -11405037,          0
 31750,    21,   16000000,    4602995,        0,  -11397005,          0
 31750,    22,   16000000,    4610673,        0,  -11389327,          0
 31750,    23,   16000000,    4583912,        0,  -11416088,          0
 31750,    24,   16000000,    4605276,        0,  -11394724,          0
 31750,    25,   16000000,    4613402,        0,  -11386598,          0
 31750,    26,   16000000,    4587294,        0,  -11412706,          0
 31750,    27,   16000000,    4665444,        0,  -11334556,          0
 31750,    28,   16000000,    4602125,        0,  -11397875,          0
 31750,    29,   16000000,    4597563,        0,  -11402437,          0
 31750,    30,   16000000,    4667228,        0,  -11332772,          0
 31750,    31,   16000000,    4606986,        0,  -11393014,          0
 31750,    32,   16000000,    4581374,        0,  -11418626,          0
 31750,    33,   16000000,    4580876,        0,  -11419124,          0
 31750,    34,   16000000,    4610904,        0,  -11389096,          0
 31750,    35,   16000000,    4611305,        0,  -11388695,          0
 31750,    36,   16000000,    4609848,        0,  -11390152,          0
 31750,    37,   16000000,    4592679,        0,  -11407321,          0
 31750,    38,   16000000,    4621506,        0,  -11378494,          0
 31750,    39,   16000000,    4624019,        0,  -11375981,          0
 31750,    40,   16000000,    4583300,        0,  -11416700,          0
 31750,    41,   16000000,    4579891,        0,  -11420109,          0
 31750,    42,   16000000,    4685566,        0,  -11314434,          0
 31750,    43,   16000000,    4619471,        0,  -11380529,          0
 31750,    44,   16000000,    4585972,        0,  -11414028,          0
 31750,    45,   16000000,    4606400,        0,  -11393600,          0
 31750,    46,   16000000,    4610497,        0,  -11389503,          0
 31750,    47,   16000000,    4578149,        0,  -11421851,          0
 31750,    48,   16000000,    4602189,        0,  -11397811,          0
 31750,    49,   16000000,    4581960,        0,  -11418040,          0
 31750,    50,   16000000,    4912474,        0,  -11087526,          0
 31750,    51,   16000000,    4597682,        0,  -11402318,          0
 31750,    52,   16000000,    4600672,        0,  -11399328,          0
 31750,    53,   16000000,    4652330,        0,  -11347670,          0
 31750,    54,   16000000,    4632045,        0,  -11367955,          0
 31750,    55,   16000000,    4604376,        0,  -11395624,          0
 31750,    56,   16000000,    4677177,        0,  -11322823,          0
 31750,    57,   16000000,    4581233,        0,  -11418767,          0
 31750,    58,   16000000,    4919470,        0,  -11080530,          0
 31750,    59,   16000000,    4610007,        0,  -11389993,          0
 31750,    60,   16000000,    4594001,        0,  -11405999,          0
 31750,    61,   16000000,    4621176,        0,  -11378824,          0
 31750,    62,   16000000,    4592636,        0,  -11407364,          0
 31750,    63,   16000000,    4609611,        0,  -11390389,          0
 31750,    64,   16000000,    4628395,        0,  -11371605,          0
 31750,    65,   16000000,    4603024,        0,  -11396976,          0
 31750,    66,   16000000,    4595166,        0,  -11404834,          0
 31750,    67,   16000000,    4593569,        0,  -11406431,          0
 31750,    68,   16000000,    4684977,        0,  -11315023,          0
 31750,    69,   16000000,    4609283,        0,  -11390717,          0
 31750,    70,   16000000,    4595403,        0,  -11404597,          0
 31750,    71,   16000000,    4603283,        0,  -11396717,          0
 31750,    72,   16000000,    4593689,        0,  -11406311,          0
 31750,    73,   16000000,    4615558,        0,  -11384442,          0
 31750,    74,   16000000,    4594321,        0,  -11405679,          0
 31750,    75,   16000000,    4602080,        0,  -11397920,          0
 31750,    76,   16000000,    4629982,        0,  -11370018,          0
 31750,    77,   16000000,    4581500,        0,  -11418500,          0
 31750,    78,   16000000,    4620155,        0,  -11379845,          0
 31750,    79,   16000000,    4599745,        0,  -11400255,          0
 31750,    80,   16000000,    4618244,        0,  -11381756,          0
 31750,    81,   16000000,    4593765,        0,  -11406235,          0
 31750,    82,   16000000,    4624676,        0,  -11375324,          0
 31750,    83,   16000000,    4583974,        0,  -11416026,          0
 31750,    84,   16000000,    4584890,        0,  -11415110,          0
 31750,    85,   16000000,    4589478,        0,  -11410522,          0
 31750,    86,   16000000,    4614346,        0,  -11385654,          0
 31750,    87,   16000000,    4604854,        0,  -11395146,          0
 31750,    88,   16000000,    4610733,        0,  -11389267,          0
 31750,    89,   16000000,    4616977,        0,  -11383023,          0
 31750,    90,   16000000,    4702572,        0,  -11297428,          0
 31750,    91,   16000000,    4589781,        0,  -11410219,          0
 31750,    92,   16000000,    4628029,        0,  -11371971,          0
 31750,    93,   16000000,    4581993,        0,  -11418007,          0
 31750,    94,   16000000,    4611742,        0,  -11388258,          0
 31750,    95,   16000000,    4634359,        0,  -11365641,          0
 31750,    96,   16000000,    4604620,        0,  -11395380,          0
 31750,    97,   16000000,    4901082,        0,  -11098918,          0
 31750,    98,   16000000,    4622376,        0,  -11377624,          0
 31750,    99,   16000000,    4618759,        0,  -11381241,          0
 31750,   100,   16000000,    4612385,        0,  -11387615,          0
 31750,   101,   16000000,    4575611,        0,  -11424389,          0
 31750,   102,   16000000,    4586912,        0,  -11413088,          0
 31750,   103,   16000000,    4598818,        0,  -11401182,          0
 31750,   104,   16000000,    4593388,        0,  -11406612,          0
 31750,   105,   16000000,    4590154,        0,  -11409846,          0
 31750,   106,   16000000,    4667009,        0,  -11332991,          0
 31750,   107,   16000000,    4591042,        0,  -11408958,          0
 31750,   108,   16000000,    4654279,        0,  -11345721,          0
 31750,   109,   16000000,    4592846,        0,  -11407154,          0
 31750,   110,   16000000,    4600544,        0,  -11399456,          0
 31750,   111,   16000000,    4611527,        0,  -11388473,          0
 31750,   112,   16000000,    4602513,        0,  -11397487,          0
 31750,   113,   16000000,    4708271,        0,  -11291729,          0
 31750,   114,   16000000,    4616911,        0,  -11383089,          0
 31750,   115,   16000000,    4639504,        0,  -11360496,          0
 31750,   116,   16000000,    4610121,        0,  -11389879,          0
 31750,   117,   16000000,    4610611,        0,  -11389389,          0
 31750,   118,   16000000,    4611611,        0,  -11388389,          0
 31750,   119,   16000000,    4634222,        0,  -11365778,          0
 31750,   120,   16000000,    4620866,        0,  -11379134,          0
 31750,   121,   16000000,    4578771,        0,  -11421229,          0
 31750,   122,   16000000,    4593465,        0,  -11406535,          0
 31750,   123,   16000000,    4590988,        0,  -11409012,          0
 31750,   124,   16000000,    4636632,        0,  -11363368,          0
 31750,   125,   16000000,    4589218,        0,  -11410782,          0
 31750,   126,   16000000,    4643284,        0,  -11356716,          0
 31750,   127,   16000000,    4633718,        0,  -11366282,          0
 31750,   128,   16000000,    4601818,        0,  -11398182,          0
 31750,   129,   16000000,    4592086,        0,  -11407914,          0
 31750,   130,   16000000,    4595810,        0,  -11404190,          0
 31750,   131,   16000000,    4749140,        0,  -11250860,          0
 31750,   132,   16000000,    4604819,        0,  -11395181,          0
 31750,   133,   16000000,    4660292,        0,  -11339708,          0
 31750,   134,   16000000,    4657713,        0,  -11342287,          0
 31750,   135,   16000000,    5593747,        0,  -10406253,          0
 31750,   136,   16000000,    4915102,        0,  -11084898,          0
 31750,   137,   16000000,    4591710,        0,  -11408290,          0
 31750,   138,   16000000,    4592885,        0,  -11407115,          0
 31750,   139,   16000000,    4591730,        0,  -11408270,          0
 31750,   140,   16000000,    4632879,        0,  -11367121,          0
 31750,   141,   16000000,    4593029,        0,  -11406971,          0
 31750,   142,   16000000,    4593736,        0,  -11406264,          0
 31750,   143,   16000000,    4587969,        0,  -11412031,          0
 31750,   144,   16000000,    4879705,        0,  -11120295,          0
 31750,   145,   16000000,    4609360,        0,  -11390640,          0
 31750,   146,   16000000,    4591499,        0,  -11408501,          0
 31750,   147,   16000000,    4590011,        0,  -11409989,          0
 31750,   148,   16000000,    4608081,        0,  -11391919,          0
 31750,   149,   16000000,    4599044,        0,  -11400956,          0
 31750,   150,   16000000,    4610833,        0,  -11389167,          0
 31750,   151,   16000000,    4617985,        0,  -11382015,          0
 31750,   152,   16000000,    4635520,        0,  -11364480,          0
 31750,   153,   16000000,    4597680,        0,  -11402320,          0
 31750,   154,   16000000,    4619625,        0,  -11380375,          0
 31750,   155,   16000000,    4600599,        0,  -11399401,          0
 31750,   156,   16000000,    4601861,        0,  -11398139,          0
 31750,   157,   16000000,    4665571,        0,  -11334429,          0
 31750,   158,   16000000,    4601402,        0,  -11398598,          0
 31750,   159,   16000000,    4613821,        0,  -11386179,          0
 31750,   160,   16000000,    4618407,        0,  -11381593,          0
 31750,   161,   16000000,    4589463,        0,  -11410537,          0
 31750,   162,   16000000,    4643506,        0,  -11356494,          0
 31750,   163,   16000000,    4612548,        0,  -11387452,          0
 31750,   164,   16000000,    4581167,        0,  -11418833,          0
 31750,   165,   16000000,    4672184,        0,  -11327816,          0
 31750,   166,   16000000,    4609871,        0,  -11390129,          0
 31750,   167,   16000000,    4625192,        0,  -11374808,          0
 31750,   168,   16000000,    4616262,        0,  -11383738,          0
 31750,   169,   16000000,    4598371,        0,  -11401629,          0
 31750,   170,   16000000,    4600072,        0,  -11399928,          0
 31750,   171,   16000000,    4579039,        0,  -11420961,          0
 31750,   172,   16000000,    4581256,        0,  -11418744,          0
 31750,   173,   16000000,    4620550,        0,  -11379450,          0
 31750,   174,   16000000,    4592414,        0,  -11407586,          0
 31750,   175,   16000000,    4891335,        0,  -11108665,          0
 31750,   176,   16000000,    4621834,        0,  -11378166,          0
 31750,   177,   16000000,    4597175,        0,  -11402825,          0
 31750,   178,   16000000,    4620415,        0,  -11379585,          0
 31750,   179,   16000000,    4655325,        0,  -11344675,          0
 31750,   180,   16000000,    4656698,        0,  -11343302,          0
 31750,   181,   16000000,    4664363,        0,  -11335637,          0
 31750,   182,   16000000,    4608048,        0,  -11391952,          0
 31750,   183,   16000000,    4866073,        0,  -11133927,          0
 31750,   184,   16000000,    4601645,        0,  -11398355,          0
 31750,   185,   16000000,    4619685,        0,  -11380315,          0
 31750,   186,   16000000,    4581648,        0,  -11418352,          0
 31750,   187,   16000000,    4633255,        0,  -11366745,          0
 31750,   188,   16000000,    4594757,        0,  -11405243,          0
 31750,   189,   16000000,    4681087,        0,  -11318913,          0
 31750,   190,   16000000,    4618935,        0,  -11381065,          0
 31750,   191,   16000000,    4605528,        0,  -11394472,          0
 31750,   192,   16000000,    4596221,        0,  -11403779,          0
 31750,   193,   16000000,    4586645,        0,  -11413355,          0
 31750,   194,   16000000,    4625385,        0,  -11374615,          0
 31750,   195,   16000000,    4591830,        0,  -11408170,          0
 31750,   196,   16000000,    4617043,        0,  -11382957,          0
 31750,   197,   16000000,    4617972,        0,  -11382028,          0
 31750,   198,   16000000,    4594834,        0,  -11405166,          0
 31750,   199,   16000000,    4579146,        0,  -11420854,          0
 31750,   200,   16000000,    4639956,        0,  -11360044,          0
 31750,   201,   16000000,    4632692,        0,  -11367308,          0
 31750,   202,   16000000,    4602724,        0,  -11397276,          0
 31750,   203,   16000000,    4610038,        0,  -11389962,          0
 31750,   204,   16000000,    4586804,        0,  -11413196,          0
 31750,   205,   16000000,    4615608,        0,  -11384392,          0
 31750,   206,   16000000,    4600427,        0,  -11399573,          0
 31750,   207,   16000000,    4621548,        0,  -11378452,          0
 31750,   208,   16000000,    4604659,        0,  -11395341,          0
 31750,   209,   16000000,    4613443,        0,  -11386557,          0
 31750,   210,   16000000,    4594836,        0,  -11405164,          0
 31750,   211,   16000000,    4590605,        0,  -11409395,          0
 31750,   212,   16000000,    4611941,        0,  -11388059,          0
 31750,   213,   16000000,    4581467,        0,  -11418533,          0
 31750,   214,   16000000,    4614609,        0,  -11385391,          0
 31750,   215,   16000000,    4581861,        0,  -11418139,          0
 31750,   216,   16000000,    4608982,        0,  -11391018,          0
 31750,   217,   16000000,    4601776,        0,  -11398224,          0
 31750,   218,   16000000,    4608511,        0,  -11391489,          0
 31750,   219,   16000000,    4591907,        0,  -11408093,          0
 31750,   220,   16000000,    4592313,        0,  -11407687,          0
 31750,   221,   16000000,    4597709,        0,  -11402291,          0
 31750,   222,   16000000,    4862546,        0,  -11137454,          0
 31750,   223,   16000000,    4589526,        0,  -11410474,          0
 31750,   224,   16000000,    4612217,        0,  -11387783,          0
 31750,   225,   16000000,    4620969,        0,  -11379031,          0
 31750,   226,   16000000,    4602287,        0,  -11397713,          0
 31750,   227,   16000000,    4619974,        0,  -11380026,          0
 31750,   228,   16000000,    4586171,        0,  -11413829,          0
 31750,   229,   16000000,    4620674,        0,  -11379326,          0
 31750,   230,   16000000,    4585001,        0,  -11414999,          0
 31750,   231,   16000000,    4606539,        0,  -11393461,          0
 31750,   232,   16000000,    4662326,        0,  -11337674,          0
 31750,   233,   16000000,    4604043,        0,  -11395957,          0
 31750,   234,   16000000,    4604856,        0,  -11395144,          0
 31750,   235,   16000000,    4602225,        0,  -11397775,          0
 31750,   236,   16000000,    4630433,        0,  -11369567,          0
 31750,   237,   16000000,    4617530,        0,  -11382470,          0
 31750,   238,   16000000,    4625983,        0,  -11374017,          0
 31750,   239,   16000000,    4607985,        0,  -11392015,          0
 31750,   240,   16000000,    4602507,        0,  -11397493,          0
 31750,   241,   16000000,    4673483,        0,  -11326517,          0
 31750,   242,   16000000,    4614254,        0,  -11385746,          0
 31750,   243,   16000000,    4659510,        0,  -11340490,          0
 31750,   244,   16000000,    4603496,        0,  -11396504,          0
 31750,   245,   16000000,    4617763,        0,  -11382237,          0
 31750,   246,   16000000,    4582821,        0,  -11417179,          0
 31750,   247,   16000000,    4592608,        0,  -11407392,          0
 31750,   248,   16000000,    4600157,        0,  -11399843,          0
 31750,   249,   16000000,    4603808,        0,  -11396192,          0
 31750,   250,   16000000,    4591965,        0,  -11408035,          0
 31750,   251,   16000000,    4590477,        0,  -11409523,          0
 31750,   252,   16000000,    4597629,        0,  -11402371,          0
 31750,   253,   16000000,    4653527,        0,  -11346473,          0
 31750,   254,   16000000,    4597842,        0,  -11402158,          0
 31750,   255,   16000000,    4609749,        0,  -11390251,          0
 31750,   256,   16000000,    4607491,        0,  -11392509,          0
 31750,   257,   16000000,    4581250,        0,  -11418750,          0
 31750,   258,   16000000,    4597592,        0,  -11402408,          0
 31750,   259,   16000000,    4588114,        0,  -11411886,          0
 31750,   260,   16000000,    4614075,        0,  -11385925,          0
 31750,   261,   16000000,    4887689,        0,  -11112311,          0
 31750,   262,   16000000,    4618602,        0,  -11381398,          0
 31750,   263,   16000000,    4619641,        0,  -11380359,          0
 31750,   264,   16000000,    4604960,        0,  -11395040,          0
 31750,   265,   16000000,    4607026,        0,  -11392974,          0
 31750,   266,   16000000,    4641424,        0,  -11358576,          0
 31750,   267,   16000000,    4612335,        0,  -11387665,          0
 31750,   268,   16000000,    4612877,        0,  -11387123,          0
 31750,   269,   16000000,    4939782,        0,  -11060218,          0
 31750,   270,   16000000,    4594652,        0,  -11405348,          0
 31750,   271,   16000000,    4692529,        0,  -11307471,          0
 31750,   272,   16000000,    4633332,        0,  -11366668,          0
 31750,   273,   16000000,    4620190,        0,  -11379810,          0
 31750,   274,   16000000,    4620825,        0,  -11379175,          0
 31750,   275,   16000000,    4586951,        0,  -11413049,          0
 31750,   276,   16000000,    4584597,        0,  -11415403,          0
 31750,   277,   16000000,    4610944,        0,  -11389056,          0
 31750,   278,   16000000,    4598979,        0,  -11401021,          0
 31750,   279,   16000000,    4590083,        0,  -11409917,          0
 31750,   280,   16000000,    4591315,        0,  -11408685,          0
 31750,   281,   16000000,    4621291,        0,  -11378709,          0
 31750,   282,   16000000,    4657272,        0,  -11342728,          0
 31750,   283,   16000000,    4596238,        0,  -11403762,          0
 31750,   284,   16000000,    4613843,        0,  -11386157,          0
 31750,   285,   16000000,    4589284,        0,  -11410716,          0
 31750,   286,   16000000,    4617067,        0,  -11382933,          0
 31750,   287,   16000000,    4625935,        0,  -11374065,          0
 31750,   288,   16000000,    4582389,        0,  -11417611,          0
 31750,   289,   16000000,    4583477,        0,  -11416523,          0
 31750,   290,   16000000,    4591040,        0,  -11408960,          0
 31750,   291,   16000000,    4590690,        0,  -11409310,          0
 31750,   292,   16000000,    4583630,        0,  -11416370,          0
 31750,   293,   16000000,    4628504,        0,  -11371496,          0
 31750,   294,   16000000,    4604949,        0,  -11395051,          0
 31750,   295,   16000000,    4674020,        0,  -11325980,          0
 31750,   296,   16000000,    4613251,        0,  -11386749,          0
 31750,   297,   16000000,    4590576,        0,  -11409424,          0
 31750,   298,   16000000,    4605842,        0,  -11394158,          0
 31750,   299,   16000000,    4621827,        0,  -11378173,          0
 31750,   300,   16000000,    4870788,        0,  -11129212,          0
 31750,   301,   16000000,    4606372,        0,  -11393628,          0
 31750,   302,   16000000,    4617007,        0,  -11382993,          0
 31750,   303,   16000000,    4618351,        0,  -11381649,          0
 31750,   304,   16000000,    4594265,        0,  -11405735,          0
 31750,   305,   16000000,    4584459,        0,  -11415541,          0
 31750,   306,   16000000,    4685120,        0,  -11314880,          0
 31750,   307,   16000000,    4620439,        0,  -11379561,          0
 31750,   308,   16000000,    4883867,        0,  -11116133,          0
 31750,   309,   16000000,    4588941,        0,  -11411059,          0
 31750,   310,   16000000,    4608693,        0,  -11391307,          0
 31750,   311,   16000000,    4588761,        0,  -11411239,          0
 31750,   312,   16000000,    4667551,        0,  -11332449,          0
 31750,   313,   16000000,    4608422,        0,  -11391578,          0
 31750,   314,   16000000,    4613086,        0,  -11386914,          0
 31750,   315,   16000000,    4623830,        0,  -11376170,          0
 31750,   316,   16000000,    4624850,        0,  -11375150,          0
 31750,   317,   16000000,    4603129,        0,  -11396871,          0
 31750,   318,   16000000,    4608072,        0,  -11391928,          0
 31750,   319,   16000000,    4604040,        0,  -11395960,          0
 31750,   320,   16000000,    4602072,        0,  -11397928,          0
 31750,   321,   16000000,    4635394,        0,  -11364606,          0
 31750,   322,   16000000,    4592209,        0,  -11407791,          0
 31750,   323,   16000000,    4609654,        0,  -11390346,          0
 31750,   324,   16000000,    4594537,        0,  -11405463,          0
 31750,   325,   16000000,    4600482,        0,  -11399518,          0
 31750,   326,   16000000,    4621521,        0,  -11378479,          0
 31750,   327,   16000000,    4603233,        0,  -11396767,          0
 31750,   328,   16000000,    4671747,        0,  -11328253,          0
 31750,   329,   16000000,    4596463,        0,  -11403537,          0
 31750,   330,   16000000,    4588297,        0,  -11411703,          0
 31750,   331,   16000000,    4581883,        0,  -11418117,          0
 31750,   332,   16000000,    4700104,        0,  -11299896,          0
 31750,   333,   16000000,    4604761,        0,  -11395239,          0
 31750,   334,   16000000,    4655669,        0,  -11344331,          0
 31750,   335,   16000000,    4633854,        0,  -11366146,          0
 31750,   336,   16000000,    4592064,        0,  -11407936,          0
 31750,   337,   16000000,    4595075,        0,  -11404925,          0
 31750,   338,   16000000,    4620983,        0,  -11379017,          0
 31750,   339,   16000000,    4578061,        0,  -11421939,          0
 31750,   340,   16000000,    4645530,        0,  -11354470,          0
 31750,   341,   16000000,    4613268,        0,  -11386732,          0
 31750,   342,   16000000,    4617582,        0,  -11382418,          0
 31750,   343,   16000000,    4615861,        0,  -11384139,          0
 31750,   344,   16000000,    4601784,        0,  -11398216,          0
 31750,   345,   16000000,    4617034,        0,  -11382966,          0
 31750,   346,   16000000,    4601438,        0,  -11398562,          0
 31750,   347,   16000000,    4871285,        0,  -11128715,          0
 31750,   348,   16000000,    4611702,        0,  -11388298,          0
 31750,   349,   16000000,    4600272,        0,  -11399728,          0
 31750,   350,   16000000,    4606224,        0,  -11393776,          0
 31750,   351,   16000000,    4586588,        0,  -11413412,          0
 31750,   352,   16000000,    4621121,        0,  -11378879,          0
 31750,   353,   16000000,    4585724,        0,  -11414276,          0
 31750,   354,   16000000,    4627651,        0,  -11372349,          0
 31750,   355,   16000000,    4615902,        0,  -11384098,          0
 31750,   356,   16000000,    5451329,        0,  -10548671,          0
 31750,   357,   16000000,    4621241,        0,  -11378759,          0
 31750,   358,   16000000,    4616172,        0,  -11383828,          0
 31750,   359,   16000000,    4590161,        0,  -11409839,          0
 31750,   360,   16000000,    4592183,        0,  -11407817,          0
 31750,   361,   16000000,    4611953,        0,  -11388047,          0
 31750,   362,   16000000,    4600299,        0,  -11399701,          0
 31750,   363,   16000000,    4627533,        0,  -11372467,          0
 31750,   364,   16000000,    4654002,        0,  -11345998,          0
 31750,   365,   16000000,    4584665,        0,  -11415335,          0
 31750,   366,   16000000,    4598046,        0,  -11401954,          0
 31750,   367,   16000000,    4591215,        0,  -11408785,          0
 31750,   368,   16000000,    4603174,        0,  -11396826,          0
 31750,   369,   16000000,    4579092,        0,  -11420908,          0
 31750,   370,   16000000,    4635310,        0,  -11364690,          0
 31750,   371,   16000000,    4587907,        0,  -11412093,          0
 31750,   372,   16000000,    4593590,        0,  -11406410,          0
 31750,   373,   16000000,    4606774,        0,  -11393226,          0
 31750,   374,   16000000,    4625269,        0,  -11374731,          0
 31750,   375,   16000000,    4681552,        0,  -11318448,          0
 31750,   376,   16000000,    4608906,        0,  -11391094,          0
 31750,   377,   16000000,    4626467,        0,  -11373533,          0
 31750,   378,   16000000,    4594354,        0,  -11405646,          0
 31750,   379,   16000000,    4585195,        0,  -11414805,          0
 31750,   380,   16000000,    4621046,        0,  -11378954,          0
 31750,   381,   16000000,    4660085,        0,  -11339915,          0
 31750,   382,   16000000,    4618173,        0,  -11381827,          0
 31750,   383,   16000000,    4652461,        0,  -11347539,          0
 31750,   384,   16000000,    4593280,        0,  -11406720,          0
 31750,   385,   16000000,    4603560,        0,  -11396440,          0
 31750,   386,   16000000,    4875720,        0,  -11124280,          0
 31750,   387,   16000000,    4585040,        0,  -11414960,          0
 31750,   388,   16000000,    4608930,        0,  -11391070,          0
 31750,   389,   16000000,    4651825,        0,  -11348175,          0
 31750,   390,   16000000,    4636594,        0,  -11363406,          0
 31750,   391,   16000000,    4622243,        0,  -11377757,          0
 31750,   392,   16000000,    4583855,        0,  -11416145,          0
 31750,   393,   16000000,    4606957,        0,  -11393043,          0
 31750,   394,   16000000,    4995000,        0,  -11005000,          0
 31750,   395,   16000000,    4643796,        0,  -11356204,          0
 31750,   396,   16000000,    4636646,        0,  -11363354,          0
 31750,   397,   16000000,    4639887,        0,  -11360113,          0
 31750,   398,   16000000,    4672311,        0,  -11327689,          0
 31750,   399,   16000000,    4646932,        0,  -11353068,          0
 31750,   400,   16000000,    4593492,        0,  -11406508,          0
 31750,   401,   16000000,    4591543,        0,  -11408457,          0
 31750,   402,   16000000,    4582789,        0,  -11417211,          0
 31750,   403,   16000000,    4642921,        0,  -11357079,          0
 31750,   404,   16000000,    4592883,        0,  -11407117,          0
 31750,   405,   16000000,    4610194,        0,  -11389806,          0
 31750,   406,   16000000,    4608623,        0,  -11391377,          0
 31750,   407,   16000000,    4608025,        0,  -11391975,          0
 31750,   408,   16000000,    4614369,        0,  -11385631,          0
 31750,   409,   16000000,    4600996,        0,  -11399004,          0
 31750,   410,   16000000,    4600723,        0,  -11399277,          0
 31750,   411,   16000000,    4582863,        0,  -11417137,          0
 31750,   412,   16000000,    4581096,        0,  -11418904,          0
 31750,   413,   16000000,    4599670,        0,  -11400330,          0
 31750,   414,   16000000,    4595078,        0,  -11404922,          0
 31750,   415,   16000000,    4604523,        0,  -11395477,          0
 31750,   416,   16000000,    4604119,        0,  -11395881,          0
 31750,   417,   16000000,    4626460,        0,  -11373540,          0
 31750,   418,   16000000,    4632274,        0,  -11367726,          0
 31750,   419,   16000000,    4612960,        0,  -11387040,          0
 31750,   420,   16000000,    4629344,        0,  -11370656,          0
 31750,   421,   16000000,    4580906,        0,  -11419094,          0
 31750,   422,   16000000,    4587364,        0,  -11412636,          0
 31750,   423,   16000000,    4614752,        0,  -11385248,          0
 31750,   424,   16000000,    4616971,        0,  -11383029,          0
 31750,   425,   16000000,    4870020,        0,  -11129980,          0
 31750,   426,   16000000,    4594203,        0,  -11405797,          0
 31750,   427,   16000000,    4586013,        0,  -11413987,          0
 31750,   428,   16000000,    4613501,        0,  -11386499,          0
 31750,   429,   16000000,    4589686,        0,  -11410314,          0
 31750,   430,   16000000,    4584286,        0,  -11415714,          0
 31750,   431,   16000000,    4704884,        0,  -11295116,          0
 31750,   432,   16000000,    4602168,        0,  -11397832,          0
 31750,   433,   16000000,    4866083,        0,  -11133917,          0
 31750,   434,   16000000,    4588393,        0,  -11411607,          0
 31750,   435,   16000000,    4597281,        0,  -11402719,          0
 31750,   436,   16000000,    4584185,        0,  -11415815,          0
 31750,   437,   16000000,    4583230,        0,  -11416770,          0
 31750,   438,   16000000,    4583015,        0,  -11416985,          0
 31750,   439,   16000000,    4600764,        0,  -11399236,          0
 31750,   440,   16000000,    4698499,        0,  -11301501,          0
 31750,   441,   16000000,    4631425,        0,  -11368575,          0
 31750,   442,   16000000,    4603095,        0,  -11396905,          0
 31750,   443,   16000000,    4600937,        0,  -11399063,          0
 31750,   444,   16000000,    4616850,        0,  -11383150,          0
 31750,   445,   16000000,    4586844,        0,  -11413156,          0
 31750,   446,   16000000,    4612389,        0,  -11387611,          0
 31750,   447,   16000000,    4588933,        0,  -11411067,          0
 31750,   448,   16000000,    4588321,        0,  -11411679,          0
 31750,   449,   16000000,    4591447,        0,  -11408553,          0
 31750,   450,   16000000,    4593934,        0,  -11406066,          0
 31750,   451,   16000000,    4606220,        0,  -11393780,          0
 31750,   452,   16000000,    4624136,        0,  -11375864,          0
 31750,   453,   16000000,    4588118,        0,  -11411882,          0
 31750,   454,   16000000,    4621690,        0,  -11378310,          0
 31750,   455,   16000000,    4600613,        0,  -11399387,          0
 31750,   456,   16000000,    4600380,        0,  -11399620,          0
 31750,   457,   16000000,    4622022,        0,  -11377978,          0
 31750,   458,   16000000,    4603442,        0,  -11396558,          0
 31750,   459,   16000000,    4646158,        0,  -11353842,          0
 31750,   460,   16000000,    4619113,        0,  -11380887,          0
 31750,   461,   16000000,    4608120,        0,  -11391880,          0
 31750,   462,   16000000,    4612070,        0,  -11387930,          0
 31750,   463,   16000000,    4602363,        0,  -11397637,          0
 31750,   464,   16000000,    4606187,        0,  -11393813,          0
 31750,   465,   16000000,    4608257,        0,  -11391743,          0
 31750,   466,   16000000,    4601297,        0,  -11398703,          0
 31750,   467,   16000000,    4593135,        0,  -11406865,          0
 31750,   468,   16000000,    4602599,        0,  -11397401,          0
 31750,   469,   16000000,    4584427,        0,  -11415573,          0
 31750,   470,   16000000,    4610542,        0,  -11389458,          0
 31750,   471,   16000000,    4585451,        0,  -11414549,          0
 31750,   472,   16000000,    4869905,        0,  -11130095,          0
 31750,   473,   16000000,    4687415,        0,  -11312585,          0
 31750,   474,   16000000,    4599231,        0,  -11400769,          0
 31750,   475,   16000000,    4575945,        0,  -11424055,          0
 31750,   476,   16000000,    4605023,        0,  -11394977,          0
 31750,   477,   16000000,    4601326,        0,  -11398674,          0
 31750,   478,   16000000,    4602319,        0,  -11397681,          0
 31750,   479,   16000000,    4612286,        0,  -11387714,          0
 31750,   480,   16000000,    4627407,        0,  -11372593,          0
 31750,   481,   16000000,    4628206,        0,  -11371794,          0
 31750,   482,   16000000,    4589752,        0,  -11410248,          0
 31750,   483,   16000000,    4656764,        0,  -11343236,          0
 31750,   484,   16000000,    4602496,        0,  -11397504,          0
 31750,   485,   16000000,    4631217,        0,  -11368783,          0
 31750,   486,   16000000,    4611544,        0,  -11388456,          0
 31750,   487,   16000000,    4577867,        0,  -11422133,          0
 31750,   488,   16000000,    4634910,        0,  -11365090,          0
 31750,   489,   16000000,    4589284,        0,  -11410716,          0
 31750,   490,   16000000,    4583261,        0,  -11416739,          0
 31750,   491,   16000000,    4614244,        0,  -11385756,          0
 31750,   492,   16000000,    4586724,        0,  -11413276,          0
 31750,   493,   16000000,    4586977,        0,  -11413023,          0
 31750,   494,   16000000,    4612498,        0,  -11387502,          0
 31750,   495,   16000000,    4587865,        0,  -11412135,          0
 31750,   496,   16000000,    4648333,        0,  -11351667,          0
 31750,   497,   16000000,    4610705,        0,  -11389295,          0
 31750,   498,   16000000,    4592960,        0,  -11407040,          0
 31750,   499,   16000000,    4633141,        0,  -11366859,          0
 31750,   500,   16000000,    4598255,        0,  -11401745,          0
 31750,   501,   16000000,    4628041,        0,  -11371959,          0
 31750,   502,   16000000,    4617335,        0,  -11382665,          0
 31750,   503,   16000000,    4606496,        0,  -11393504,          0
 31750,   504,   16000000,    4650784,        0,  -11349216,          0
 31750,   505,   16000000,    4603591,        0,  -11396409,          0
 31750,   506,   16000000,    4585193,        0,  -11414807,          0
 31750,   507,   16000000,    4609596,        0,  -11390404,          0
 31750,   508,   16000000,    4610501,        0,  -11389499,          0
 31750,   509,   16000000,    4597483,        0,  -11402517,          0
 31750,   510,   16000000,    4596215,        0,  -11403785,          0
 31750,   511,   16000000,    4895603,        0,  -11104397,          0
 31750,   512,   16000000,    4610020,        0,  -11389980,          0
 31750,   513,   16000000,    4584072,        0,  -11415928,          0
 31750,   514,   16000000,    4598852,        0,  -11401148,          0
 31750,   515,   16000000,    4587843,        0,  -11412157,          0
 31750,   516,   16000000,    4591118,        0,  -11408882,          0
 31750,   517,   16000000,    4585295,        0,  -11414705,          0
 31750,   518,   16000000,    4610735,        0,  -11389265,          0
 31750,   519,   16000000,    4880786,        0,  -11119214,          0
 31750,   520,   16000000,    4613371,        0,  -11386629,          0
 31750,   521,   16000000,    4603244,        0,  -11396756,          0
 31750,   522,   16000000,    4605168,        0,  -11394832,          0
 31750,   523,   16000000,    4588985,        0,  -11411015,          0
 31750,   524,   16000000,    4609747,        0,  -11390253,          0
 31750,   525,   16000000,    4675614,        0,  -11324386,          0
 31750,   526,   16000000,    4605924,        0,  -11394076,          0
 31750,   527,   16000000,    4610115,        0,  -11389885,          0
 31750,   528,   16000000,    4584778,        0,  -11415222,          0
 31750,   529,   16000000,    4588135,        0,  -11411865,          0
 31750,   530,   16000000,    4593439,        0,  -11406561,          0
 31750,   531,   16000000,    4584703,        0,  -11415297,          0
 31750,   532,   16000000,    4634609,        0,  -11365391,          0
 31750,   533,   16000000,    4584970,        0,  -11415030,          0
 31750,   534,   16000000,    4600845,        0,  -11399155,          0
 31750,   535,   16000000,    4623155,        0,  -11376845,          0
 31750,   536,   16000000,    4621356,        0,  -11378644,          0
 31750,   537,   16000000,    4608003,        0,  -11391997,          0
 31750,   538,   16000000,    4594200,        0,  -11405800,          0
 31750,   539,   16000000,    4578766,        0,  -11421234,          0
 31750,   540,   16000000,    4619334,        0,  -11380666,          0
 31750,   541,   16000000,    4610001,        0,  -11389999,          0
 31750,   542,   16000000,    4583433,        0,  -11416567,          0
 31750,   543,   16000000,    4589195,        0,  -11410805,          0
 31750,   544,   16000000,    4583016,        0,  -11416984,          0
 31750,   545,   16000000,    4584789,        0,  -11415211,          0
 31750,   546,   16000000,    4601283,        0,  -11398717,          0
 31750,   547,   16000000,    4595794,        0,  -11404206,          0
 31750,   548,   16000000,    4623332,        0,  -11376668,          0
 31750,   549,   16000000,    4588743,        0,  -11411257,          0
 31750,   550,   16000000,    4887298,        0,  -11112702,          0
 31750,   551,   16000000,    4647631,        0,  -11352369,          0
 31750,   552,   16000000,    4584793,        0,  -11415207,          0
 31750,   553,   16000000,    4591223,        0,  -11408777,          0
 31750,   554,   16000000,    4606106,        0,  -11393894,          0
 31750,   555,   16000000,    4594886,        0,  -11405114,          0
 31750,   556,   16000000,    4713966,        0,  -11286034,          0
 31750,   557,   16000000,    4609630,        0,  -11390370,          0
 31750,   558,   16000000,    4863250,        0,  -11136750,          0
 31750,   559,   16000000,    4600009,        0,  -11399991,          0
 31750,   560,   16000000,    4586061,        0,  -11413939,          0
 31750,   561,   16000000,    4595320,        0,  -11404680,          0
 31750,   562,   16000000,    4606644,        0,  -11393356,          0
 31750,   563,   16000000,    4593241,        0,  -11406759,          0
 31750,   564,   16000000,    4598796,        0,  -11401204,          0
 31750,   565,   16000000,    4594715,        0,  -11405285,          0
 31750,   566,   16000000,    4583155,        0,  -11416845,          0
 31750,   567,   16000000,    4653218,        0,  -11346782,          0
 31750,   568,   16000000,    4588728,        0,  -11411272,          0
 31750,   569,   16000000,    4589495,        0,  -11410505,          0
 31750,   570,   16000000,    4610478,        0,  -11389522,          0
 31750,   571,   16000000,    4624855,        0,  -11375145,          0
 31750,   572,   16000000,    4592640,        0,  -11407360,          0
 31750,   573,   16000000,    4632409,        0,  -11367591,          0
 31750,   574,   16000000,    4597492,        0,  -11402508,          0
 31750,   575,   16000000,    4586755,        0,  -11413245,          0
 31750,   576,   16000000,    4615904,        0,  -11384096,          0
 31750,   577,   16000000,    4624305,        0,  -11375695,          0
 31750,   578,   16000000,    4595123,        0,  -11404877,          0
 31750,   579,   16000000,    4613359,        0,  -11386641,          0
 31750,   580,   16000000,    4590562,        0,  -11409438,          0
 31750,   581,   16000000,    4653460,        0,  -11346540,          0
 31750,   582,   16000000,    4590857,        0,  -11409143,          0
 31750,   583,   16000000,    4584260,        0,  -11415740,          0
 31750,   584,   16000000,    4614577,        0,  -11385423,          0
 31750,   585,   16000000,    4617387,        0,  -11382613,          0
 31750,   586,   16000000,    4608529,        0,  -11391471,          0
 31750,   587,   16000000,    4604870,        0,  -11395130,          0
 31750,   588,   16000000,    4617358,        0,  -11382642,          0
 31750,   589,   16000000,    4602619,        0,  -11397381,          0
 31750,   590,   16000000,    4603899,        0,  -11396101,          0
 31750,   591,   16000000,    4594091,        0,  -11405909,          0
 31750,   592,   16000000,    4591459,        0,  -11408541,          0
 31750,   593,   16000000,    4584895,        0,  -11415105,          0
 31750,   594,   16000000,    4581037,        0,  -11418963,          0
 31750,   595,   16000000,    4601208,        0,  -11398792,          0
 31750,   596,   16000000,    4636918,        0,  -11363082,          0
 31750,   597,   16000000,    4866562,        0,  -11133438,          0
 31750,   598,   16000000,    4626068,        0,  -11373932,          0
 31750,   599,   16000000,    4672720,        0,  -11327280,          0
 31750,   600,   16000000,    4598509,        0,  -11401491,          0
 31750,   601,   16000000,    4599483,        0,  -11400517,          0
 31750,   602,   16000000,    4684445,        0,  -11315555,          0
 31750,   603,   16000000,    4593294,        0,  -11406706,          0
 31750,   604,   16000000,    4593740,        0,  -11406260,          0
 31750,   605,   16000000,    4583427,        0,  -11416573,          0
 31750,   606,   16000000,    4614588,        0,  -11385412,          0
 31750,   607,   16000000,    4585851,        0,  -11414149,          0
 31750,   608,   16000000,    4592977,        0,  -11407023,          0
 31750,   609,   16000000,    4592282,        0,  -11407718,          0
 31750,   610,   16000000,    4680110,        0,  -11319890,          0
 31750,   611,   16000000,    4595653,        0,  -11404347,          0
 31750,   612,   16000000,    4598990,        0,  -11401010,          0
 31750,   613,   16000000,    4580749,        0,  -11419251,          0
 31750,   614,   16000000,    4646819,        0,  -11353181,          0
 31750,   615,   16000000,    4583181,        0,  -11416819,          0
 31750,   616,   16000000,    4641631,        0,  -11358369,          0
 31750,   617,   16000000,    4582434,        0,  -11417566,          0
 31750,   618,   16000000,    4626073,        0,  -11373927,          0
 31750,   619,   16000000,    4617027,        0,  -11382973,          0
 31750,   620,   16000000,    4592538,        0,  -11407462,          0
 31750,   621,   16000000,    4616037,        0,  -11383963,          0
 31750,   622,   16000000,    4593825,        0,  -11406175,          0
 31750,   623,   16000000,    4607613,        0,  -11392387,          0
 31750,   624,   16000000,    4623348,        0,  -11376652,          0
 31750,   625,   16000000,    4579310,        0,  -11420690,          0
 31750,   626,   16000000,    4612893,        0,  -11387107,          0
 31750,   627,   16000000,    4595425,        0,  -11404575,          0
 31750,   628,   16000000,    4637596,        0,  -11362404,          0
 31750,   629,   16000000,    4592039,        0,  -11407961,          0
# task NAME=myapp PID=31753 COST=1791000 PERIOD=16000000 CPU=0
 31753,     2,   16000000,      14673,        0,  -15985327,          0
 31753,     3,   16000000,      58516,        0,  -15941484,          0
 31753,     4,   16000000,    2824407,        0,  -13175593,          0
 31753,     5,   16000000,    1812983,        0,  -14187017,          0
 31753,     6,   16000000,    3870597,        0,  -12129403,          0
 31753,     7,   16000000,    1801943,        0,  -14198057,          0
 31753,     8,   16000000,    1813515,        0,  -14186485,          0
 31753,     9,   16000000,    2589870,        0,  -13410130,          0
 31753,    10,   16000000,    1855056,        0,  -14144944,          0
 31753,    11,   16000000,    1848784,        0,  -14151216,          0
 31753,    12,   16000000,    2772052,        0,  -13227948,          0
 31753,    13,   16000000,    1818924,        0,  -14181076,          0
 31753,    14,   16000000,    1840907,        0,  -14159093,          0
 31753,    15,   16000000,    1797631,        0,  -14202369,          0
 31753,    16,   16000000,    1812839,        0,  -14187161,          0
 31753,    17,   16000000,    1826957,        0,  -14173043,          0
 31753,    18,   16000000,    1800634,        0,  -14199366,          0
 31753,    19,   16000000,    2146333,        0,  -13853667,          0
 31753,    20,   16000000,    1802039,        0,  -14197961,          0
 31753,    21,   16000000,    1846039,        0,  -14153961,          0
 31753,    22,   16000000,    1812372,        0,  -14187628,          0
 31753,    23,   16000000,    1916059,        0,  -14083941,          0
 31753,    24,   16000000,    1825491,        0,  -14174509,          0
 31753,    25,   16000000,    1822445,        0,  -14177555,          0
 31753,    26,   16000000,    1801691,        0,  -14198309,          0
 31753,    27,   16000000,    1826473,        0,  -14173527,          0
 31753,    28,   16000000,    1792526,        0,  -14207474,          0
 31753,    29,   16000000,    1801171,        0,  -14198829,          0
 31753,    30,   16000000,    1824432,        0,  -14175568,          0
 31753,    31,   16000000,    1831704,        0,  -14168296,          0
 31753,    32,   16000000,    1855405,        0,  -14144595,          0
 31753,    33,   16000000,    1839565,        0,  -14160435,          0
 31753,    34,   16000000,    1819099,        0,  -14180901,          0
 31753,    35,   16000000,    1839387,        0,  -14160613,          0
 31753,    36,   16000000,    1796241,        0,  -14203759,          0
 31753,    37,   16000000,    1809807,        0,  -14190193,          0
 31753,    38,   16000000,    1851489,        0,  -14148511,          0
 31753,    39,   16000000,    1865573,        0,  -14134427,          0
 31753,    40,   16000000,    1824060,        0,  -14175940,          0
 31753,    41,   16000000,    1799447,        0,  -14200553,          0
 31753,    42,   16000000,    1841552,        0,  -14158448,          0
 31753,    43,   16000000,    1828700,        0,  -14171300,          0
 31753,    44,   16000000,    1803923,        0,  -14196077,          0
 31753,    45,   16000000,    1841779,        0,  -14158221,          0
 31753,    46,   16000000,    1828677,        0,  -14171323,          0
 31753,    47,   16000000,    1799527,        0,  -14200473,          0
 31753,    48,   16000000,    1851682,        0,  -14148318,          0
 31753,    49,   16000000,    1844805,        0,  -14155195,          0
 31753,    50,   16000000,    1817439,        0,  -14182561,          0
 31753,    51,   16000000,    1854827,        0,  -14145173,          0
 31753,    52,   16000000,    1793394,        0,  -14206606,          0
 31753,    53,   16000000,    1868452,        0,  -14131548,          0
 31753,    54,   16000000,    1823817,        0,  -14176183,          0
 31753,    55,   16000000,    1810117,        0,  -14189883,          0
 31753,    56,   16000000,    1911310,        0,  -14088690,          0
 31753,    57,   16000000,    1817320,        0,  -14182680,          0
 31753,    58,   16000000,    3074584,        0,  -12925416,          0
 31753,    59,   16000000,    1821396,        0,  -14178604,          0
 31753,    60,   16000000,    1840428,        0,  -14159572,          0
 31753,    61,   16000000,    1824566,        0,  -14175434,          0
 31753,    62,   16000000,    1828875,        0,  -14171125,          0
 31753,    63,   16000000,    1827784,        0,  -14172216,          0
 31753,    64,   16000000,    1844174,        0,  -14155826,          0
 31753,    65,   16000000,    1834073,        0,  -14165927,          0
 31753,    66,   16000000,    1799327,        0,  -14200673,          0
 31753,    67,   16000000,    1799064,        0,  -14200936,          0
 31753,    68,   16000000,    1841025,        0,  -14158975,          0
 31753,    69,   16000000,    1828897,        0,  -14171103,          0
 31753,    70,   16000000,    1832691,        0,  -14167309,          0
 31753,    71,   16000000,    1828490,        0,  -14171510,          0
 31753,    72,   16000000,    1818111,        0,  -14181889,          0
 31753,    73,   16000000,    1807948,        0,  -14192052,          0
 31753,    74,   16000000,    1826982,        0,  -14173018,          0
 31753,    75,   16000000,    1823749,        0,  -14176251,          0
 31753,    76,   16000000,    1828660,        0,  -14171340,          0
 31753,    77,   16000000,    1826001,        0,  -14173999,          0
 31753,    78,   16000000,    1841739,        0,  -14158261,          0
 31753,    79,   16000000,    1809927,        0,  -14190073,          0
 31753,    80,   16000000,    1826421,        0,  -14173579,          0
 31753,    81,   16000000,    1814490,        0,  -14185510,          0
 31753,    82,   16000000,    1828494,        0,  -14171506,          0
 31753,    83,   16000000,    1814580,        0,  -14185420,          0
 31753,    84,   16000000,    1808066,        0,  -14191934,          0
 31753,    85,   16000000,    1826066,        0,  -14173934,          0
 31753,    86,   16000000,    1820965,        0,  -14179035,          0
 31753,    87,   16000000,    1824829,        0,  -14175171,          0
 31753,    88,   16000000,    1806681,        0,  -14193319,          0
 31753,    89,   16000000,    1804020,        0,  -14195980,          0
 31753,    90,   16000000,    1855537,        0,  -14144463,          0
 31753,    91,   16000000,    1815209,        0,  -14184791,          0
 31753,    92,   16000000,    1832216,        0,  -14167784,          0
 31753,    93,   16000000,    1881506,        0,  -14118494,          0
 31753,    94,   16000000,    1812660,        0,  -14187340,          0
 31753,    95,   16000000,    1855982,        0,  -14144018,          0
 31753,    96,   16000000,    1872400,        0,  -14127600,          0
 31753,    97,   16000000,    1840977,        0,  -14159023,          0
 31753,    98,   16000000,    2445460,        0,  -13554540,          0
 31753,    99,   16000000,    1900406,        0,  -14099594,          0
 31753,   100,   16000000,    1828011,        0,  -14171989,          0
 31753,   101,   16000000,    1809849,        0,  -14190151,          0
 31753,   102,   16000000,    1827707,        0,  -14172293,          0
 31753,   103,   16000000,    1850442,        0,  -14149558,          0
 31753,   104,   16000000,    1811236,        0,  -14188764,          0
 31753,   105,   16000000,    1810070,        0,  -14189930,          0
 31753,   106,   16000000,    1856772,        0,  -14143228,          0
 31753,   107,   16000000,    1798317,        0,  -14201683,          0
 31753,   108,   16000000,    1835809,        0,  -14164191,          0
 31753,   109,   16000000,    1836070,        0,  -14163930,          0
 31753,   110,   16000000,    1822596,        0,  -14177404,          0
 31753,   111,   16000000,    1821261,        0,  -14178739,          0
 31753,   112,   16000000,    1885180,        0,  -14114820,          0
 31753,   113,   16000000,    1875276,        0,  -14124724,          0
 31753,   114,   16000000,    1835571,        0,  -14164429,          0
 31753,   115,   16000000,    1819794,        0,  -14180206,          0
 31753,   116,   16000000,    1829565,        0,  -14170435,          0
 31753,   117,   16000000,    1819263,        0,  -14180737,          0
 31753,   118,   16000000,    1814802,        0,  -14185198,          0
 31753,   119,   16000000,    1879944,        0,  -14120056,          0
 31753,   120,   16000000,    1844159,        0,  -14155841,          0
 31753,   121,   16000000,    1809449,        0,  -14190551,          0
 31753,   122,   16000000,    1889180,        0,  -14110820,          0
 31753,   123,   16000000,    1866238,        0,  -14133762,          0
 31753,   124,   16000000,    1858020,        0,  -14141980,          0
 31753,   125,   16000000,    1798498,        0,  -14201502,          0
 31753,   126,   16000000,    1859149,        0,  -14140851,          0
 31753,   127,   16000000,    1866241,        0,  -14133759,          0
 31753,   128,   16000000,    1806510,        0,  -14193490,          0
 31753,   129,   16000000,    1820587,        0,  -14179413,          0
 31753,   130,   16000000,    1799616,        0,  -14200384,          0
 31753,   131,   16000000,    1885679,        0,  -14114321,          0
 31753,   132,   16000000,    1794183,        0,  -14205817,          0
 31753,   133,   16000000,    1860909,        0,  -14139091,          0
 31753,   134,   16000000,    1883287,        0,  -14116713,          0
 31753,   135,   16000000,    2820618,        0,  -13179382,          0
 31753,   136,   16000000,    1836358,        0,  -14163642,          0
 31753,   137,   16000000,    1811915,        0,  -14188085,          0
 31753,   138,   16000000,    1817379,        0,  -14182621,          0
 31753,   139,   16000000,    1801268,        0,  -14198732,          0
 31753,   140,   16000000,    1819677,        0,  -14180323,          0
 31753,   141,   16000000,    1813459,        0,  -14186541,          0
 31753,   142,   16000000,    1820647,        0,  -14179353,          0
 31753,   143,   16000000,    1890051,        0,  -14109949,          0
 31753,   144,   16000000,    2108536,        0,  -13891464,          0
 31753,   145,   16000000,    2468117,        0,  -13531883,          0
 31753,   146,   16000000,    1812029,        0,  -14187971,          0
 31753,   147,   16000000,    2607502,        0,  -13392498,          0
 31753,   148,   16000000,    1813575,        0,  -14186425,          0
 31753,   149,   16000000,    1834777,        0,  -14165223,          0
 31753,   150,   16000000,    1817386,        0,  -14182614,          0
 31753,   151,   16000000,    1852332,        0,  -14147668,          0
 31753,   152,   16000000,    1809378,        0,  -14190622,          0
 31753,   153,   16000000,    1842311,        0,  -14157689,          0
 31753,   154,   16000000,    1825843,        0,  -14174157,          0
 31753,   155,   16000000,    1792954,        0,  -14207046,          0
 31753,   156,   16000000,    1878753,        0,  -14121247,          0
 31753,   157,   16000000,    1860388,        0,  -14139612,          0
 31753,   158,   16000000,    1832407,        0,  -14167593,          0
 31753,   159,   16000000,    1827547,        0,  -14172453,          0
 31753,   160,   16000000,    2451448,        0,  -13548552,          0
 31753,   161,   16000000,    1839561,        0,  -14160439,          0
 31753,   162,   16000000,    1859291,        0,  -14140709,          0
 31753,   163,   16000000,    1832685,        0,  -14167315,          0
 31753,   164,   16000000,    1820279,        0,  -14179721,          0
 31753,   165,   16000000,    1879944,        0,  -14120056,          0
 31753,   166,   16000000,    1882866,        0,  -14117134,          0
 31753,   167,   16000000,    1836828,        0,  -14163172,          0
 31753,   168,   16000000,    1814632,        0,  -14185368,          0
 31753,   169,   16000000,    1800075,        0,  -14199925,          0
 31753,   170,   16000000,    1827461,        0,  -14172539,          0
 31753,   171,   16000000,    1800999,        0,  -14199001,          0
 31753,   172,   16000000,    1833585,        0,  -14166415,          0
 31753,   173,   16000000,    1842393,        0,  -14157607,          0
 31753,   174,   16000000,    1835193,        0,  -14164807,          0
 31753,   175,   16000000,    1834395,        0,  -14165605,          0
 31753,   176,   16000000,    1830396,        0,  -14169604,          0
 31753,   177,   16000000,    1844222,        0,  -14155778,          0
 31753,   178,   16000000,    2734730,        0,  -13265270,          0
 31753,   179,   16000000,    2795022,        0,  -13204978,          0
 31753,   180,   16000000,    1924688,        0,  -14075312,          0
 31753,   181,   16000000,    1893028,        0,  -14106972,          0
 31753,   182,   16000000,    1814230,        0,  -14185770,          0
 31753,   183,   16000000,    2081132,        0,  -13918868,          0
 31753,   184,   16000000,    1822911,        0,  -14177089,          0
 31753,   185,   16000000,    2234302,        0,  -13765698,          0
 31753,   186,   16000000,    1816055,        0,  -14183945,          0
 31753,   187,   16000000,    1823875,        0,  -14176125,          0
 31753,   188,   16000000,    2398433,        0,  -13601567,          0
 31753,   189,   16000000,    1875032,        0,  -14124968,          0
 31753,   190,   16000000,    1823014,        0,  -14176986,          0
 31753,   191,   16000000,    1827365,        0,  -14172635,          0
 31753,   192,   16000000,    1803720,        0,  -14196280,          0
 31753,   193,   16000000,    1834703,        0,  -14165297,          0
 31753,   194,   16000000,    1818417,        0,  -14181583,          0
 31753,   195,   16000000,    1817825,        0,  -14182175,          0
 31753,   196,   16000000,    1857597,        0,  -14142403,          0
 31753,   197,   16000000,    1824315,        0,  -14175685,          0
 31753,   198,   16000000,    1804212,        0,  -14195788,          0
 31753,   199,   16000000,    1866788,        0,  -14133212,          0
 31753,   200,   16000000,    2161656,        0,  -13838344,          0
 31753,   201,   16000000,    1841989,        0,  -14158011,          0
 31753,   202,   16000000,    1855416,        0,  -14144584,          0
 31753,   203,   16000000,    1858609,        0,  -14141391,          0
 31753,   204,   16000000,    1815143,        0,  -14184857,          0
 31753,   205,   16000000,    1844375,        0,  -14155625,          0
 31753,   206,   16000000,    1816847,        0,  -14183153,          0
 31753,   207,   16000000,    2590784,        0,  -13409216,          0
 31753,   208,   16000000,    2690706,        0,  -13309294,          0
 31753,   209,   16000000,    1823873,        0,  -14176127,          0
 31753,   210,   16000000,    1810909,        0,  -14189091,          0
 31753,   211,   16000000,    1817829,        0,  -14182171,          0
 31753,   212,   16000000,    1853074,        0,  -14146926,          0
 31753,   213,   16000000,    1811362,        0,  -14188638,          0
 31753,   214,   16000000,    1842908,        0,  -14157092,          0
 31753,   215,   16000000,    1843745,        0,  -14156255,          0
 31753,   216,   16000000,    1878041,        0,  -14121959,          0
 31753,   217,   16000000,    1825891,        0,  -14174109,          0
 31753,   218,   16000000,    1844147,        0,  -14155853,          0
 31753,   219,   16000000,    1810302,        0,  -14189698,          0
 31753,   220,   16000000,    1820890,        0,  -14179110,          0
 31753,   221,   16000000,    1821876,        0,  -14178124,          0
 31753,   222,   16000000,    1810632,        0,  -14189368,          0
 31753,   223,   16000000,    1809837,        0,  -14190163,          0
 31753,   224,   16000000,    1813593,        0,  -14186407,          0
 31753,   225,   16000000,    1889956,        0,  -14110044,          0
 31753,   226,   16000000,    1897254,        0,  -14102746,          0
 31753,   227,   16000000,    1854073,        0,  -14145927,          0
 31753,   228,   16000000,    1804290,        0,  -14195710,          0
 31753,   229,   16000000,    1850226,        0,  -14149774,          0
 31753,   230,   16000000,    1824993,        0,  -14175007,          0
 31753,   231,   16000000,    1841203,        0,  -14158797,          0
 31753,   232,   16000000,    1862530,        0,  -14137470,          0
 31753,   233,   16000000,    1847021,        0,  -14152979,          0
 31753,   234,   16000000,    1867635,        0,  -14132365,          0
 31753,   235,   16000000,    1812160,        0,  -14187840,          0
 31753,   236,   16000000,    1833255,        0,  -14166745,          0
 31753,   237,   16000000,    1871010,        0,  -14128990,          0
 31753,   238,   16000000,    1812538,        0,  -14187462,          0
 31753,   239,   16000000,    1802209,        0,  -14197791,          0
 31753,   240,   16000000,    1805007,        0,  -14194993,          0
 31753,   241,   16000000,    1859030,        0,  -14140970,          0
 31753,   242,   16000000,    1827737,        0,  -14172263,          0
 31753,   243,   16000000,    1861165,        0,  -14138835,          0
 31753,   244,   16000000,    1827847,        0,  -14172153,          0
 31753,   245,   16000000,    1837752,        0,  -14162248,          0
 31753,   246,   16000000,    1791670,        0,  -14208330,          0
 31753,   247,   16000000,    2565058,        0,  -13434942,          0
 31753,   248,   16000000,    1884366,        0,  -14115634,          0
 31753,   249,   16000000,    1827450,        0,  -14172550,          0
 31753,   250,   16000000,    1820017,        0,  -14179983,          0
 31753,   251,   16000000,    1798325,        0,  -14201675,          0
 31753,   252,   16000000,    1843010,        0,  -14156990,          0
 31753,   253,   16000000,    1871834,        0,  -14128166,          0
 31753,   254,   16000000,    1834374,        0,  -14165626,          0
 31753,   255,   16000000,    1834451,        0,  -14165549,          0
 31753,   256,   16000000,    1854053,        0,  -14145947,          0
 31753,   257,   16000000,    1807050,        0,  -14192950,          0
 31753,   258,   16000000,    1819734,        0,  -14180266,          0
 31753,   259,   16000000,    2373715,        0,  -13626285,          0
 31753,   260,   16000000,    1829561,        0,  -14170439,          0
 31753,   261,   16000000,    1811710,        0,  -14188290,          0
 31753,   262,   16000000,    1797106,        0,  -14202894,          0
 31753,   263,   16000000,    1845133,        0,  -14154867,          0
 31753,   264,   16000000,    1821745,        0,  -14178255,          0
 31753,   265,   16000000,    1846573,        0,  -14153427,          0
 31753,   266,   16000000,    1848138,        0,  -14151862,          0
 31753,   267,   16000000,    1807260,        0,  -14192740,          0
 31753,   268,   16000000,    1814300,        0,  -14185700,          0
 31753,   269,   16000000,    2820600,        0,  -13179400,          0
 31753,   270,   16000000,    1815064,        0,  -14184936,          0
 31753,   271,   16000000,    2241743,        0,  -13758257,          0
 31753,   272,   16000000,    1873587,        0,  -14126413,          0
 31753,   273,   16000000,    1851119,        0,  -14148881,          0
 31753,   274,   16000000,    1811877,        0,  -14188123,          0
 31753,   275,   16000000,    1838008,        0,  -14161992,          0
 31753,   276,   16000000,    1809732,        0,  -14190268,          0
 31753,   277,   16000000,    1833191,        0,  -14166809,          0
 31753,   278,   16000000,    1814979,        0,  -14185021,          0
 31753,   279,   16000000,    1865383,        0,  -14134617,          0
 31753,   280,   16000000,    1819670,        0,  -14180330,          0
 31753,   281,   16000000,    1827480,        0,  -14172520,          0
 31753,   282,   16000000,    1853555,        0,  -14146445,          0
 31753,   283,   16000000,    1834252,        0,  -14165748,          0
 31753,   284,   16000000,    1800306,        0,  -14199694,          0
 31753,   285,   16000000,    1847343,        0,  -14152657,          0
 31753,   286,   16000000,    1833989,        0,  -14166011,          0
 31753,   287,   16000000,    1826644,        0,  -14173356,          0
 31753,   288,   16000000,    1803362,        0,  -14196638,          0
 31753,   289,   16000000,    1837380,        0,  -14162620,          0
 31753,   290,   16000000,    1810171,        0,  -14189829,          0
 31753,   291,   16000000,    1798566,        0,  -14201434,          0
 31753,   292,   16000000,    1812801,        0,  -14187199,          0
 31753,   293,   16000000,    1859571,        0,  -14140429,          0
 31753,   294,   16000000,    1813681,        0,  -14186319,          0
 31753,   295,   16000000,    2699592,        0,  -13300408,          0
 31753,   296,   16000000,    1833653,        0,  -14166347,          0
 31753,   297,   16000000,    1811882,        0,  -14188118,          0
 31753,   298,   16000000,    1831644,        0,  -14168356,          0
 31753,   299,   16000000,    1876747,        0,  -14123253,          0
 31753,   300,   16000000,    1813051,        0,  -14186949,          0
 31753,   301,   16000000,    1853229,        0,  -14146771,          0
 31753,   302,   16000000,    1833102,        0,  -14166898,          0
 31753,   303,   16000000,    1824647,        0,  -14175353,          0
 31753,   304,   16000000,    1819967,        0,  -14180033,          0
 31753,   305,   16000000,    1809716,        0,  -14190284,          0
 31753,   306,   16000000,    1903112,        0,  -14096888,          0
 31753,   307,   16000000,    1847986,        0,  -14152014,          0
 31753,   308,   16000000,    2112339,        0,  -13887661,          0
 31753,   309,   16000000,    1822642,        0,  -14177358,          0
 31753,   310,   16000000,    1855369,        0,  -14144631,          0
 31753,   311,   16000000,    1813894,        0,  -14186106,          0
 31753,   312,   16000000,    1906449,        0,  -14093551,          0
 31753,   313,   16000000,    1883609,        0,  -14116391,          0
 31753,   314,   16000000,    1976599,        0,  -14023401,          0
 31753,   315,   16000000,    1879817,        0,  -14120183,          0
 31753,   316,   16000000,    1828544,        0,  -14171456,          0
 31753,   317,   16000000,    1814107,        0,  -14185893,          0
 31753,   318,   16000000,    1835074,        0,  -14164926,          0
 31753,   319,   16000000,    1863599,        0,  -14136401,          0
 31753,   320,   16000000,    1841507,        0,  -14158493,          0
 31753,   321,   16000000,    1878149,        0,  -14121851,          0
 31753,   322,   16000000,    1811414,        0,  -14188586,          0
 31753,   323,   16000000,    1832708,        0,  -14167292,          0
 31753,   324,   16000000,    1814017,        0,  -14185983,          0
 31753,   325,   16000000,    1803775,        0,  -14196225,          0
 31753,   326,   16000000,    1839289,        0,  -14160711,          0
 31753,   327,   16000000,    1826846,        0,  -14173154,          0
 31753,   328,   16000000,    1929178,        0,  -14070822,          0
 31753,   329,   16000000,    1815736,        0,  -14184264,          0
 31753,   330,   16000000,    1815709,        0,  -14184291,          0
 31753,   331,   16000000,    1812697,        0,  -14187303,          0
 31753,   332,   16000000,    1851873,        0,  -14148127,          0
 31753,   333,   16000000,    1810180,        0,  -14189820,          0
 31753,   334,   16000000,    1843205,        0,  -14156795,          0
 31753,   335,   16000000,    1844337,        0,  -14155663,          0
 31753,   336,   16000000,    1819413,        0,  -14180587,          0
 31753,   337,   16000000,    1852550,        0,  -14147450,          0
 31753,   338,   16000000,    1828142,        0,  -14171858,          0
 31753,   339,   16000000,    1818139,        0,  -14181861,          0
 31753,   340,   16000000,    1859027,        0,  -14140973,          0
 31753,   341,   16000000,    1846224,        0,  -14153776,          0
 31753,   342,   16000000,    1842943,        0,  -14157057,          0
 31753,   343,   16000000,    1843542,        0,  -14156458,          0
 31753,   344,   16000000,    2014102,        0,  -13985898,          0
 31753,   345,   16000000,    1849430,        0,  -14150570,          0
 31753,   346,   16000000,    1841280,        0,  -14158720,          0
 31753,   347,   16000000,    1799913,        0,  -14200087,          0
 31753,   348,   16000000,    1840334,        0,  -14159666,          0
 31753,   349,   16000000,    1818932,        0,  -14181068,          0
 31753,   350,   16000000,    1867174,        0,  -14132826,          0
 31753,   351,   16000000,    1855132,        0,  -14144868,          0
 31753,   352,   16000000,    1825008,        0,  -14174992,          0
 31753,   353,   16000000,    1813371,        0,  -14186629,          0
 31753,   354,   16000000,    1880616,        0,  -14119384,          0
 31753,   355,   16000000,    1809581,        0,  -14190419,          0
 31753,   356,   16000000,    1888230,        0,  -14111770,          0
 31753,   357,   16000000,    1813474,        0,  -14186526,          0
 31753,   358,   16000000,    1821558,        0,  -14178442,          0
 31753,   359,   16000000,    1821788,        0,  -14178212,          0
 31753,   360,   16000000,    1817094,        0,  -14182906,          0
 31753,   361,   16000000,    1833492,        0,  -14166508,          0
 31753,   362,   16000000,    1817210,        0,  -14182790,          0
 31753,   363,   16000000,    1820950,        0,  -14179050,          0
 31753,   364,   16000000,    1868723,        0,  -14131277,          0
 31753,   365,   16000000,    1792812,        0,  -14207188,          0
 31753,   366,   16000000,    1815018,        0,  -14184982,          0
 31753,   367,   16000000,    1812393,        0,  -14187607,          0
 31753,   368,   16000000,    1854199,        0,  -14145801,          0
 31753,   369,   16000000,    1808475,        0,  -14191525,          0
 31753,   370,   16000000,    1829731,        0,  -14170269,          0
 31753,   371,   16000000,    1810370,        0,  -14189630,          0
 31753,   372,   16000000,    1822081,        0,  -14177919,          0
 31753,   373,   16000000,    1824515,        0,  -14175485,          0
 31753,   374,   16000000,    1828725,        0,  -14171275,          0
 31753,   375,   16000000,    1915030,        0,  -14084970,          0
 31753,   376,   16000000,    1813344,        0,  -14186656,          0
 31753,   377,   16000000,    1806702,        0,  -14193298,          0
 31753,   378,   16000000,    1802437,        0,  -14197563,          0
 31753,   379,   16000000,    1796189,        0,  -14203811,          0
 31753,   380,   16000000,    1837927,        0,  -14162073,          0
 31753,   381,   16000000,    1901617,        0,  -14098383,          0
 31753,   382,   16000000,    1820346,        0,  -14179654,          0
 31753,   383,   16000000,    1886658,        0,  -14113342,          0
 31753,   384,   16000000,    1813069,        0,  -14186931,          0
 31753,   385,   16000000,    1826632,        0,  -14173368,          0
 31753,   386,   16000000,    1828682,        0,  -14171318,          0
 31753,   387,   16000000,    1793949,        0,  -14206051,          0
 31753,   388,   16000000,    1829492,        0,  -14170508,          0
 31753,   389,   16000000,    2804466,        0,  -13195534,          0
 31753,   390,   16000000,    1855305,        0,  -14144695,          0
 31753,   391,   16000000,    1820528,        0,  -14179472,          0
 31753,   392,   16000000,    1813573,        0,  -14186427,          0
 31753,   393,   16000000,    1816210,        0,  -14183790,          0
 31753,   394,   16000000,    2108946,        0,  -13891054,          0
 31753,   395,   16000000,    1846246,        0,  -14153754,          0
 31753,   396,   16000000,    1887731,        0,  -14112269,          0
 31753,   397,   16000000,    1842042,        0,  -14157958,          0
 31753,   398,   16000000,    1862267,        0,  -14137733,          0
 31753,   399,   16000000,    1826467,        0,  -14173533,          0
 31753,   400,   16000000,    1819063,        0,  -14180937,          0
 31753,   401,   16000000,    1836770,        0,  -14163230,          0
 31753,   402,   16000000,    1814873,        0,  -14185127,          0
 31753,   403,   16000000,    1850523,        0,  -14149477,          0
 31753,   404,   16000000,    1806098,        0,  -14193902,          0
 31753,   405,   16000000,    1817661,        0,  -14182339,          0
 31753,   406,   16000000,    1820759,        0,  -14179241,          0
 31753,   407,   16000000,    1843546,        0,  -14156454,          0
 31753,   408,   16000000,    1817961,        0,  -14182039,          0
 31753,   409,   16000000,    1820634,        0,  -14179366,          0
 31753,   410,   16000000,    1804315,        0,  -14195685,          0
 31753,   411,   16000000,    2699271,        0,  -13300729,          0
 31753,   412,   16000000,    1804030,        0,  -14195970,          0
 31753,   413,   16000000,    1822341,        0,  -14177659,          0
 31753,   414,   16000000,    1811947,        0,  -14188053,          0
 31753,   415,   16000000,    1815603,        0,  -14184397,          0
 31753,   416,   16000000,    1808966,        0,  -14191034,          0
 31753,   417,   16000000,    1825804,        0,  -14174196,          0
 31753,   418,   16000000,    1839190,        0,  -14160810,          0
 31753,   419,   16000000,    1826989,        0,  -14173011,          0
 31753,   420,   16000000,    1844613,        0,  -14155387,          0
 31753,   421,   16000000,    1886462,        0,  -14113538,          0
 31753,   422,   16000000,    1825344,        0,  -14174656,          0
 31753,   423,   16000000,    1839617,        0,  -14160383,          0
 31753,   424,   16000000,    1838435,        0,  -14161565,          0
 31753,   425,   16000000,    1817040,        0,  -14182960,          0
 31753,   426,   16000000,    1799579,        0,  -14200421,          0
 31753,   427,   16000000,    1835710,        0,  -14164290,          0
 31753,   428,   16000000,    1820042,        0,  -14179958,          0
 31753,   429,   16000000,    1815585,        0,  -14184415,          0
 31753,   430,   16000000,    1802585,        0,  -14197415,          0
 31753,   431,   16000000,    1853795,        0,  -14146205,          0
 31753,   432,   16000000,    1814119,        0,  -14185881,          0
 31753,   433,   16000000,    2104806,        0,  -13895194,          0
 31753,   434,   16000000,    1816762,        0,  -14183238,          0
 31753,   435,   16000000,    1859320,        0,  -14140680,          0
 31753,   436,   16000000,    1815828,        0,  -14184172,          0
 31753,   437,   16000000,    1806645,        0,  -14193355,          0
 31753,   438,   16000000,    1817979,        0,  -14182021,          0
 31753,   439,   16000000,    1885687,        0,  -14114313,          0
 31753,   440,   16000000,    1862196,        0,  -14137804,          0
 31753,   441,   16000000,    1823720,        0,  -14176280,          0
 31753,   442,   16000000,    1821570,        0,  -14178430,          0
 31753,   443,   16000000,    1814889,        0,  -14185111,          0
 31753,   444,   16000000,    1839373,        0,  -14160627,          0
 31753,   445,   16000000,    2060913,        0,  -13939087,          0
 31753,   446,   16000000,    1826438,        0,  -14173562,          0
 31753,   447,   16000000,    1818410,        0,  -14181590,          0
 31753,   448,   16000000,    1796383,        0,  -14203617,          0
 31753,   449,   16000000,    1811971,        0,  -14188029,          0
 31753,   450,   16000000,    1810407,        0,  -14189593,          0
 31753,   451,   16000000,    1810129,        0,  -14189871,          0
 31753,   452,   16000000,    1850155,        0,  -14149845,          0
 31753,   453,   16000000,    1856191,        0,  -14143809,          0
 31753,   454,   16000000,    1842084,        0,  -14157916,          0
 31753,   455,   16000000,    1823846,        0,  -14176154,          0
 31753,   456,   16000000,    1837073,        0,  -14162927,          0
 31753,   457,   16000000,    1821002,        0,  -14178998,          0
 31753,   458,   16000000,    1821349,        0,  -14178651,          0
 31753,   459,   16000000,    1814027,        0,  -14185973,          0
 31753,   460,   16000000,    1836911,        0,  -14163089,          0
 31753,   461,   16000000,    1817233,        0,  -14182767,          0
 31753,   462,   16000000,    1807022,        0,  -14192978,          0
 31753,   463,   16000000,    1832307,        0,  -14167693,          0
 31753,   464,   16000000,    1819315,        0,  -14180685,          0
 31753,   465,   16000000,    1832786,        0,  -14167214,          0
 31753,   466,   16000000,    1809839,        0,  -14190161,          0
 31753,   467,   16000000,    1814339,        0,  -14185661,          0
 31753,   468,   16000000,    1800976,        0,  -14199024,          0
 31753,   469,   16000000,    1821668,        0,  -14178332,          0
 31753,   470,   16000000,    1834083,        0,  -14165917,          0
 31753,   471,   16000000,    1816705,        0,  -14183295,          0
 31753,   472,   16000000,    1801522,        0,  -14198478,          0
 31753,   473,   16000000,    1958660,        0,  -14041340,          0
 31753,   474,   16000000,    1814088,        0,  -14185912,          0
 31753,   475,   16000000,    1847567,        0,  -14152433,          0
 31753,   476,   16000000,    1824024,        0,  -14175976,          0
 31753,   477,   16000000,    1819214,        0,  -14180786,          0
 31753,   478,   16000000,    1823196,        0,  -14176804,          0
 31753,   479,   16000000,    1820663,        0,  -14179337,          0
 31753,   480,   16000000,    1851245,        0,  -14148755,          0
 31753,   481,   16000000,    1841114,        0,  -14158886,          0
 31753,   482,   16000000,    1908555,        0,  -14091445,          0
 31753,   483,   16000000,    2616923,        0,  -13383077,          0
 31753,   484,   16000000,    1833413,        0,  -14166587,          0
 31753,   485,   16000000,    1859438,        0,  -14140562,          0
 31753,   486,   16000000,    1828490,        0,  -14171510,          0
 31753,   487,   16000000,    1846231,        0,  -14153769,          0
 31753,   488,   16000000,    1948076,        0,  -14051924,          0
 31753,   489,   16000000,    1808668,        0,  -14191332,          0
 31753,   490,   16000000,    1810151,        0,  -14189849,          0
 31753,   491,   16000000,    1836242,        0,  -14163758,          0
 31753,   492,   16000000,    1815072,        0,  -14184928,          0
 31753,   493,   16000000,    1810956,        0,  -14189044,          0
 31753,   494,   16000000,    1812504,        0,  -14187496,          0
 31753,   495,   16000000,    1815755,        0,  -14184245,          0
 31753,   496,   16000000,    2691914,        0,  -13308086,          0
 31753,   497,   16000000,    2656423,        0,  -13343577,          0
 31753,   498,   16000000,    1814689,        0,  -14185311,          0
 31753,   499,   16000000,    1817625,        0,  -14182375,          0
 31753,   500,   16000000,    1815912,        0,  -14184088,          0
 31753,   501,   16000000,    1826268,        0,  -14173732,          0
 31753,   502,   16000000,    1823847,        0,  -14176153,          0
 31753,   503,   16000000,    2192882,        0,  -13807118,          0
 31753,   504,   16000000,    2238948,        0,  -13761052,          0
 31753,   505,   16000000,    1811632,        0,  -14188368,          0
 31753,   506,   16000000,    1804007,        0,  -14195993,          0
 31753,   507,   16000000,    1846543,        0,  -14153457,          0
 31753,   508,   16000000,    1816815,        0,  -14183185,          0
 31753,   509,   16000000,    1818380,        0,  -14181620,          0
 31753,   510,   16000000,    1814228,        0,  -14185772,          0
 31753,   511,   16000000,    1838342,        0,  -14161658,          0
 31753,   512,   16000000,    1834498,        0,  -14165502,          0
 31753,   513,   16000000,    1834710,        0,  -14165290,          0
 31753,   514,   16000000,    1822199,        0,  -14177801,          0
 31753,   515,   16000000,    1811447,        0,  -14188553,          0
 31753,   516,   16000000,    1810924,        0,  -14189076,          0
 31753,   517,   16000000,    1843417,        0,  -14156583,          0
 31753,   518,   16000000,    1839968,        0,  -14160032,          0
 31753,   519,   16000000,    2099007,        0,  -13900993,          0
 31753,   520,   16000000,    1809115,        0,  -14190885,          0
 31753,   521,   16000000,    1825286,        0,  -14174714,          0
 31753,   522,   16000000,    1793506,        0,  -14206494,          0
 31753,   523,   16000000,    1838684,        0,  -14161316,          0
 31753,   524,   16000000,    2562049,        0,  -13437951,          0
 31753,   525,   16000000,    2821388,        0,  -13178612,          0
 31753,   526,   16000000,    1823624,        0,  -14176376,          0
 31753,   527,   16000000,    1817961,        0,  -14182039,          0
 31753,   528,   16000000,    1801108,        0,  -14198892,          0
 31753,   529,   16000000,    1808966,        0,  -14191034,          0
 31753,   530,   16000000,    1825739,        0,  -14174261,          0
 31753,   531,   16000000,    1813714,        0,  -14186286,          0
 31753,   532,   16000000,    1841617,        0,  -14158383,          0
 31753,   533,   16000000,    1853292,        0,  -14146708,          0
 31753,   534,   16000000,    1820557,        0,  -14179443,          0
 31753,   535,   16000000,    1848852,        0,  -14151148,          0
 31753,   536,   16000000,    1819014,        0,  -14180986,          0
 31753,   537,   16000000,    1836615,        0,  -14163385,          0
 31753,   538,   16000000,    1798796,        0,  -14201204,          0
 31753,   539,   16000000,    1813823,        0,  -14186177,          0
 31753,   540,   16000000,    1822705,        0,  -14177295,          0
 31753,   541,   16000000,    1818071,        0,  -14181929,          0
 31753,   542,   16000000,    1814357,        0,  -14185643,          0
 31753,   543,   16000000,    1817701,        0,  -14182299,          0
 31753,   544,   16000000,    1836657,        0,  -14163343,          0
 31753,   545,   16000000,    1807663,        0,  -14192337,          0
 31753,   546,   16000000,    1836358,        0,  -14163642,          0
 31753,   547,   16000000,    1845078,        0,  -14154922,          0
 31753,   548,   16000000,    1834833,        0,  -14165167,          0
 31753,   549,   16000000,    1866988,        0,  -14133012,          0
 31753,   550,   16000000,    1844536,        0,  -14155464,          0
 31753,   551,   16000000,    1848178,        0,  -14151822,          0
 31753,   552,   16000000,    1827185,        0,  -14172815,          0
 31753,   553,   16000000,    1835558,        0,  -14164442,          0
 31753,   554,   16000000,    1824351,        0,  -14175649,          0
 31753,   555,   16000000,    1827056,        0,  -14172944,          0
 31753,   556,   16000000,    1887898,        0,  -14112102,          0
 31753,   557,   16000000,    1835234,        0,  -14164766,          0
 31753,   558,   16000000,    2105951,        0,  -13894049,          0
 31753,   559,   16000000,    1821179,        0,  -14178821,          0
 31753,   560,   16000000,    1821487,        0,  -14178513,          0
 31753,   561,   16000000,    1826018,        0,  -14173982,          0
 31753,   562,   16000000,    1826356,        0,  -14173644,          0
 31753,   563,   16000000,    1838727,        0,  -14161273,          0
 31753,   564,   16000000,    1808981,        0,  -14191019,          0
 31753,   565,   16000000,    1821183,        0,  -14178817,          0
 31753,   566,   16000000,    1810124,        0,  -14189876,          0
 31753,   567,   16000000,    1871575,        0,  -14128425,          0
 31753,   568,   16000000,    2423367,        0,  -13576633,          0
 31753,   569,   16000000,    1813506,        0,  -14186494,          0
 31753,   570,   16000000,    1824080,        0,  -14175920,          0
 31753,   571,   16000000,    1818710,        0,  -14181290,          0
 31753,   572,   16000000,    1816767,        0,  -14183233,          0
 31753,   573,   16000000,    1873887,        0,  -14126113,          0
 31753,   574,   16000000,    1847334,        0,  -14152666,          0
 31753,   575,   16000000,    1995937,        0,  -14004063,          0
 31753,   576,   16000000,    1854777,        0,  -14145223,          0
 31753,   577,   16000000,    1842568,        0,  -14157432,          0
 31753,   578,   16000000,    1798157,        0,  -14201843,          0
 31753,   579,   16000000,    1834918,        0,  -14165082,          0
 31753,   580,   16000000,    1811988,        0,  -14188012,          0
 31753,   581,   16000000,    1842468,        0,  -14157532,          0
 31753,   582,   16000000,    1831507,        0,  -14168493,          0
 31753,   583,   16000000,    1805157,        0,  -14194843,          0
 31753,   584,   16000000,    1827484,        0,  -14172516,          0
 31753,   585,   16000000,    1871234,        0,  -14128766,          0
 31753,   586,   16000000,    1815630,        0,  -14184370,          0
 31753,   587,   16000000,    1814664,        0,  -14185336,          0
 31753,   588,   16000000,    1823458,        0,  -14176542,          0
 31753,   589,   16000000,    1809288,        0,  -14190712,          0
 31753,   590,   16000000,    1860942,        0,  -14139058,          0
 31753,   591,   16000000,    1840388,        0,  -14159612,          0
 31753,   592,   16000000,    1828292,        0,  -14171708,          0
 31753,   593,   16000000,    1820295,        0,  -14179705,          0
 31753,   594,   16000000,    1844649,        0,  -14155351,          0
 31753,   595,   16000000,    1819290,        0,  -14180710,          0
 31753,   596,   16000000,    1840931,        0,  -14159069,          0
 31753,   597,   16000000,    1814930,        0,  -14185070,          0
 31753,   598,   16000000,    1825053,        0,  -14174947,          0
 31753,   599,   16000000,    2662563,        0,  -13337437,          0
 31753,   600,   16000000,    2531868,        0,  -13468132,          0
 31753,   601,   16000000,    1819397,        0,  -14180603,          0
 31753,   602,   16000000,    2634133,        0,  -13365867,          0
 31753,   603,   16000000,    1816902,        0,  -14183098,          0
 31753,   604,   16000000,    1818288,        0,  -14181712,          0
 31753,   605,   16000000,    1803883,        0,  -14196117,          0
 31753,   606,   16000000,    1823027,        0,  -14176973,          0
 31753,   607,   16000000,    1839193,        0,  -14160807,          0
 31753,   608,   16000000,    1810370,        0,  -14189630,          0
 31753,   609,   16000000,    1825140,        0,  -14174860,          0
 31753,   610,   16000000,    1862171,        0,  -14137829,          0
 31753,   611,   16000000,    1834733,        0,  -14165267,          0
 31753,   612,   16000000,    1829443,        0,  -14170557,          0
 31753,   613,   16000000,    2378262,        0,  -13621738,          0
 31753,   614,   16000000,    1864138,        0,  -14135862,          0
 31753,   615,   16000000,    1810143,        0,  -14189857,          0
 31753,   616,   16000000,    1851207,        0,  -14148793,          0
 31753,   617,   16000000,    1824180,        0,  -14175820,          0
 31753,   618,   16000000,    1816638,        0,  -14183362,          0
 31753,   619,   16000000,    1790861,        0,  -14209139,          0
 31753,   620,   16000000,    1812375,        0,  -14187625,          0
 31753,   621,   16000000,    1824308,        0,  -14175692,          0
 31753,   622,   16000000,    1809947,        0,  -14190053,          0
 31753,   623,   16000000,    1814577,        0,  -14185423,          0
 31753,   624,   16000000,    1821773,        0,  -14178227,          0
 31753,   625,   16000000,    1842808,        0,  -14157192,          0
 31753,   626,   16000000,    1835346,        0,  -14164654,          0
 31753,   627,   16000000,    1804309,        0,  -14195691,          0
 31753,   628,   16000000,    1852703,        0,  -14147297,          0
 31753,   629,   16000000,    1836536,        0,  -14163464,          0
