254 254 0
116 116 0
457 457 0
117 117 0
772 772 0
505 505 0
108 108 0
123 123 0
143 143 0
719 719 0
205 205 0
116 116 0
267 267 0
337 337 0
114 114 0
157 157 0
120 120 0
912 912 0
504 504 0
145 145 0
629 629 0
112 112 0
170 170 0
111 111 0
138 138 0
195 195 0
108 108 0
288 288 0
458 458 0
259 259 0
108 108 0
105 105 0
669 669 0
201 201 0
113 113 0
179 179 0
129 129 0
105 105 0
267 267 0
253 253 0
420 420 0
120 120 0
336 336 0
117 117 0
241 241 0
420 420 0
220 220 0
152 152 0
148 148 0
110 110 0
150 150 0
159 159 0
