160 160 0
359 359 0
183 183 0
146 146 0
541 541 0
141 141 0
115 115 0
133 133 0
186 186 0
132 132 0
249 249 0
157 157 0
156 156 0
238 238 0
582 582 0
188 188 0
259 259 0
392 392 0
234 234 0
134 134 0
654 654 0
217 217 0
150 150 0
257 257 0
332 332 0
411 411 0
150 150 0
162 162 0
150 150 0
693 693 0
227 227 0
211 211 0
160 160 0
696 696 0
140 140 0
643 643 0
609 609 0
248 248 0
455 455 0
352 352 0
150 150 0
126 126 0
216 216 0
132 132 0
129 129 0
924 924 0
487 487 0
113 113 0
156 156 0
184 184 0
544 544 0
415 415 0
179 179 0
579 579 0
797 797 0
818 818 0
244 244 0
529 529 0
350 350 0
376 376 0
199 199 0
126 126 0
735 735 0
273 273 0
825 825 0
383 383 0
192 192 0
146 146 0
250 250 0
262 262 0
206 206 0
357 357 0
644 644 0
116 116 0
429 429 0
151 151 0
779 779 0
493 493 0
265 265 0
353 353 0
