913 913 0
189 189 0
193 193 0
114 114 0
122 122 0
289 289 0
288 288 0
132 132 0
422 422 0
316 316 0
480 480 0
236 236 0
139 139 0
230 230 0
111 111 0
307 307 0
299 299 0
122 122 0
593 593 0
347 347 0
193 193 0
124 124 0
254 254 0
246 246 0
148 148 0
127 127 0
124 124 0
201 201 0
440 440 0
161 161 0
209 209 0
134 134 0
228 228 0
148 148 0
347 347 0
130 130 0
155 155 0
242 242 0
374 374 0
333 333 0
131 131 0
171 171 0
185 185 0
115 115 0
315 315 0
190 190 0
107 107 0
115 115 0
403 403 0
204 204 0
106 106 0
772 772 0
776 776 0
350 350 0
504 504 0
137 137 0
168 168 0
134 134 0
298 298 0
148 148 0
129 129 0
161 161 0
144 144 0
592 592 0
181 181 0
325 325 0
106 106 0
256 256 0
133 133 0
240 240 0
136 136 0
347 347 0
185 185 0
200 200 0
194 194 0
341 341 0
281 281 0
152 152 0
118 118 0
180 180 0
234 234 0
841 841 0
108 108 0
123 123 0
225 225 0
103 103 0
191 191 0
132 132 0
558 558 0
109 109 0
175 175 0
