# Task,   Job,     Period,   Response, DL Miss?,   Lateness,  Tardiness
# task NAME=myapp PID=3452 COST=10748000 PERIOD=24000000 CPU=0
  3452,     2,   24000000,       8500,        0,  -23991500,          0
  3452,     3,   24000000,      61286,        0,  -23938714,          0
  3452,     4,   24000000,   11646472,        0,  -12353528,          0
  3452,     5,   24000000,   10858138,        0,  -13141862,          0
  3452,     6,   24000000,   10560296,        0,  -13439704,          0
  3452,     7,   24000000,   10553818,        0,  -13446182,          0
  3452,     8,   24000000,   10552546,        0,  -13447454,          0
  3452,     9,   24000000,   10556704,        0,  -13443296,          0
  3452,    10,   24000000,   10547245,        0,  -13452755,          0
  3452,    11,   24000000,   10577396,        0,  -13422604,          0
  3452,    12,   24000000,   10574018,        0,  -13425982,          0
  3452,    13,   24000000,   10561101,        0,  -13438899,          0
  3452,    14,   24000000,   10569941,        0,  -13430059,          0
  3452,    15,   24000000,   10557535,        0,  -13442465,          0
  3452,    16,   24000000,   10575624,        0,  -13424376,          0
  3452,    17,   24000000,   10549333,        0,  -13450667,          0
  3452,    18,   24000000,   10547725,        0,  -13452275,          0
  3452,    19,   24000000,   10559859,        0,  -13440141,          0
  3452,    20,   24000000,   10556088,        0,  -13443912,          0
  3452,    21,   24000000,   10838713,        0,  -13161287,          0
  3452,    22,   24000000,   10560381,        0,  -13439619,          0
  3452,    23,   24000000,   10560944,        0,  -13439056,          0
  3452,    24,   24000000,   10564907,        0,  -13435093,          0
  3452,    25,   24000000,   10554372,        0,  -13445628,          0
  3452,    26,   24000000,   10828565,        0,  -13171435,          0
  3452,    27,   24000000,   10582243,        0,  -13417757,          0
  3452,    28,   24000000,   10663809,        0,  -13336191,          0
  3452,    29,   24000000,   10575958,        0,  -13424042,          0
  3452,    30,   24000000,   10572136,        0,  -13427864,          0
  3452,    31,   24000000,   10567960,        0,  -13432040,          0
  3452,    32,   24000000,   10573402,        0,  -13426598,          0
  3452,    33,   24000000,   10568139,        0,  -13431861,          0
  3452,    34,   24000000,   10575665,        0,  -13424335,          0
  3452,    35,   24000000,   10577874,        0,  -13422126,          0
  3452,    36,   24000000,   10572220,        0,  -13427780,          0
  3452,    37,   24000000,   10563428,        0,  -13436572,          0
  3452,    38,   24000000,   10563735,        0,  -13436265,          0
  3452,    39,   24000000,   10558710,        0,  -13441290,          0
  3452,    40,   24000000,   10567090,        0,  -13432910,          0
  3452,    41,   24000000,   10629762,        0,  -13370238,          0
  3452,    42,   24000000,   10578625,        0,  -13421375,          0
  3452,    43,   24000000,   10573828,        0,  -13426172,          0
  3452,    44,   24000000,   10564118,        0,  -13435882,          0
  3452,    45,   24000000,   10570423,        0,  -13429577,          0
  3452,    46,   24000000,   10555000,        0,  -13445000,          0
  3452,    47,   24000000,   10848681,        0,  -13151319,          0
  3452,    48,   24000000,   10588553,        0,  -13411447,          0
  3452,    49,   24000000,   10566371,        0,  -13433629,          0
  3452,    50,   24000000,   10559795,        0,  -13440205,          0
  3452,    51,   24000000,   10578686,        0,  -13421314,          0
  3452,    52,   24000000,   10869160,        0,  -13130840,          0
  3452,    53,   24000000,   10563988,        0,  -13436012,          0
  3452,    54,   24000000,   10562025,        0,  -13437975,          0
  3452,    55,   24000000,   10566856,        0,  -13433144,          0
  3452,    56,   24000000,   10578461,        0,  -13421539,          0
  3452,    57,   24000000,   10556946,        0,  -13443054,          0
  3452,    58,   24000000,   10568387,        0,  -13431613,          0
  3452,    59,   24000000,   10558757,        0,  -13441243,          0
  3452,    60,   24000000,   10556365,        0,  -13443635,          0
  3452,    61,   24000000,   10562351,        0,  -13437649,          0
  3452,    62,   24000000,   10555959,        0,  -13444041,          0
  3452,    63,   24000000,   10556767,        0,  -13443233,          0
  3452,    64,   24000000,   10555401,        0,  -13444599,          0
  3452,    65,   24000000,   10568773,        0,  -13431227,          0
  3452,    66,   24000000,   10553660,        0,  -13446340,          0
  3452,    67,   24000000,   10598230,        0,  -13401770,          0
  3452,    68,   24000000,   10576750,        0,  -13423250,          0
  3452,    69,   24000000,   10569753,        0,  -13430247,          0
  3452,    70,   24000000,   10566886,        0,  -13433114,          0
  3452,    71,   24000000,   10568578,        0,  -13431422,          0
  3452,    72,   24000000,   10556031,        0,  -13443969,          0
  3452,    73,   24000000,   10850883,        0,  -13149117,          0
  3452,    74,   24000000,   10558204,        0,  -13441796,          0
  3452,    75,   24000000,   10546648,        0,  -13453352,          0
  3452,    76,   24000000,   10568447,        0,  -13431553,          0
  3452,    77,   24000000,   10560065,        0,  -13439935,          0
  3452,    78,   24000000,   10850865,        0,  -13149135,          0
  3452,    79,   24000000,   10552233,        0,  -13447767,          0
  3452,    80,   24000000,   10564133,        0,  -13435867,          0
  3452,    81,   24000000,   10566523,        0,  -13433477,          0
  3452,    82,   24000000,   10559804,        0,  -13440196,          0
  3452,    83,   24000000,   10591524,        0,  -13408476,          0
  3452,    84,   24000000,   10561761,        0,  -13438239,          0
  3452,    85,   24000000,   10552581,        0,  -13447419,          0
  3452,    86,   24000000,   10570688,        0,  -13429312,          0
  3452,    87,   24000000,   10568464,        0,  -13431536,          0
  3452,    88,   24000000,   10564668,        0,  -13435332,          0
  3452,    89,   24000000,   10572364,        0,  -13427636,          0
  3452,    90,   24000000,   10570694,        0,  -13429306,          0
  3452,    91,   24000000,   10571129,        0,  -13428871,          0
  3452,    92,   24000000,   10546473,        0,  -13453527,          0
  3452,    93,   24000000,   10574133,        0,  -13425867,          0
  3452,    94,   24000000,   10576588,        0,  -13423412,          0
  3452,    95,   24000000,   10555782,        0,  -13444218,          0
  3452,    96,   24000000,   10570986,        0,  -13429014,          0
  3452,    97,   24000000,   10559950,        0,  -13440050,          0
  3452,    98,   24000000,   10556808,        0,  -13443192,          0
  3452,    99,   24000000,   10840230,        0,  -13159770,          0
  3452,   100,   24000000,   10562901,        0,  -13437099,          0
  3452,   101,   24000000,   10563699,        0,  -13436301,          0
  3452,   102,   24000000,   10563999,        0,  -13436001,          0
  3452,   103,   24000000,   10548227,        0,  -13451773,          0
  3452,   104,   24000000,   10836638,        0,  -13163362,          0
  3452,   105,   24000000,   10559132,        0,  -13440868,          0
  3452,   106,   24000000,   10559136,        0,  -13440864,          0
  3452,   107,   24000000,   10568598,        0,  -13431402,          0
  3452,   108,   24000000,   10548277,        0,  -13451723,          0
  3452,   109,   24000000,   10582248,        0,  -13417752,          0
  3452,   110,   24000000,   10569950,        0,  -13430050,          0
  3452,   111,   24000000,   10561006,        0,  -13438994,          0
  3452,   112,   24000000,   10568718,        0,  -13431282,          0
  3452,   113,   24000000,   10569664,        0,  -13430336,          0
  3452,   114,   24000000,   10573786,        0,  -13426214,          0
  3452,   115,   24000000,   10569020,        0,  -13430980,          0
  3452,   116,   24000000,   10548154,        0,  -13451846,          0
  3452,   117,   24000000,   10566423,        0,  -13433577,          0
  3452,   118,   24000000,   12572570,        0,  -11427430,          0
  3452,   119,   24000000,   10550147,        0,  -13449853,          0
  3452,   120,   24000000,   10854047,        0,  -13145953,          0
  3452,   121,   24000000,   10564084,        0,  -13435916,          0
  3452,   122,   24000000,   10563987,        0,  -13436013,          0
  3452,   123,   24000000,   10569544,        0,  -13430456,          0
  3452,   124,   24000000,   10537086,        0,  -13462914,          0
  3452,   125,   24000000,   10841674,        0,  -13158326,          0
  3452,   126,   24000000,   10566067,        0,  -13433933,          0
  3452,   127,   24000000,   10568093,        0,  -13431907,          0
  3452,   128,   24000000,   10551156,        0,  -13448844,          0
  3452,   129,   24000000,   10555727,        0,  -13444273,          0
  3452,   130,   24000000,   10842329,        0,  -13157671,          0
  3452,   131,   24000000,   10563318,        0,  -13436682,          0
  3452,   132,   24000000,   10561666,        0,  -13438334,          0
  3452,   133,   24000000,   10570274,        0,  -13429726,          0
  3452,   134,   24000000,   10566118,        0,  -13433882,          0
  3452,   135,   24000000,   10575477,        0,  -13424523,          0
  3452,   136,   24000000,   10565704,        0,  -13434296,          0
  3452,   137,   24000000,   10567111,        0,  -13432889,          0
  3452,   138,   24000000,   10571411,        0,  -13428589,          0
  3452,   139,   24000000,   10566320,        0,  -13433680,          0
  3452,   140,   24000000,   10568415,        0,  -13431585,          0
  3452,   141,   24000000,   10560333,        0,  -13439667,          0
  3452,   142,   24000000,   10572884,        0,  -13427116,          0
  3452,   143,   24000000,   10573239,        0,  -13426761,          0
  3452,   144,   24000000,   10554594,        0,  -13445406,          0
  3452,   145,   24000000,   10585990,        0,  -13414010,          0
  3452,   146,   24000000,   10852966,        0,  -13147034,          0
  3452,   147,   24000000,   10565637,        0,  -13434363,          0
  3452,   148,   24000000,   10552056,        0,  -13447944,          0
  3452,   149,   24000000,   10570079,        0,  -13429921,          0
  3452,   150,   24000000,   10571849,        0,  -13428151,          0
  3452,   151,   24000000,   10843455,        0,  -13156545,          0
  3452,   152,   24000000,   10564859,        0,  -13435141,          0
  3452,   153,   24000000,   10564837,        0,  -13435163,          0
  3452,   154,   24000000,   10556390,        0,  -13443610,          0
  3452,   155,   24000000,   10569072,        0,  -13430928,          0
  3452,   156,   24000000,   10566746,        0,  -13433254,          0
  3452,   157,   24000000,   10553332,        0,  -13446668,          0
  3452,   158,   24000000,   10568473,        0,  -13431527,          0
  3452,   159,   24000000,   10566827,        0,  -13433173,          0
  3452,   160,   24000000,   10548814,        0,  -13451186,          0
  3452,   161,   24000000,   10559543,        0,  -13440457,          0
  3452,   162,   24000000,   10569691,        0,  -13430309,          0
  3452,   163,   24000000,   10573816,        0,  -13426184,          0
  3452,   164,   24000000,   10558002,        0,  -13441998,          0
  3452,   165,   24000000,   10555672,        0,  -13444328,          0
  3452,   166,   24000000,   10630682,        0,  -13369318,          0
  3452,   167,   24000000,   10561930,        0,  -13438070,          0
  3452,   168,   24000000,   10580702,        0,  -13419298,          0
  3452,   169,   24000000,   10560263,        0,  -13439737,          0
  3452,   170,   24000000,   10552921,        0,  -13447079,          0
  3452,   171,   24000000,   10575088,        0,  -13424912,          0
  3452,   172,   24000000,   10850279,        0,  -13149721,          0
  3452,   173,   24000000,   10548503,        0,  -13451497,          0
  3452,   174,   24000000,   10577376,        0,  -13422624,          0
  3452,   175,   24000000,   10571708,        0,  -13428292,          0
  3452,   176,   24000000,   10563147,        0,  -13436853,          0
  3452,   177,   24000000,   10832665,        0,  -13167335,          0
  3452,   178,   24000000,   10555041,        0,  -13444959,          0
  3452,   179,   24000000,   10570291,        0,  -13429709,          0
  3452,   180,   24000000,   10560333,        0,  -13439667,          0
  3452,   181,   24000000,   10559955,        0,  -13440045,          0
  3452,   182,   24000000,   10577647,        0,  -13422353,          0
  3452,   183,   24000000,   10565185,        0,  -13434815,          0
  3452,   184,   24000000,   10575654,        0,  -13424346,          0
  3452,   185,   24000000,   10560419,        0,  -13439581,          0
  3452,   186,   24000000,   10597615,        0,  -13402385,          0
  3452,   187,   24000000,   10566248,        0,  -13433752,          0
  3452,   188,   24000000,   10566592,        0,  -13433408,          0
  3452,   189,   24000000,   10559625,        0,  -13440375,          0
  3452,   190,   24000000,   10567127,        0,  -13432873,          0
  3452,   191,   24000000,   10559488,        0,  -13440512,          0
  3452,   192,   24000000,   10571396,        0,  -13428604,          0
  3452,   193,   24000000,   10554014,        0,  -13445986,          0
  3452,   194,   24000000,   10549846,        0,  -13450154,          0
  3452,   195,   24000000,   10567784,        0,  -13432216,          0
  3452,   196,   24000000,   10557305,        0,  -13442695,          0
  3452,   197,   24000000,   10557347,        0,  -13442653,          0
  3452,   198,   24000000,   10855162,        0,  -13144838,          0
  3452,   199,   24000000,   10577321,        0,  -13422679,          0
  3452,   200,   24000000,   10557231,        0,  -13442769,          0
  3452,   201,   24000000,   10550892,        0,  -13449108,          0
  3452,   202,   24000000,   10547305,        0,  -13452695,          0
  3452,   203,   24000000,   10833374,        0,  -13166626,          0
  3452,   204,   24000000,   10563240,        0,  -13436760,          0
  3452,   205,   24000000,   10557043,        0,  -13442957,          0
  3452,   206,   24000000,   10562531,        0,  -13437469,          0
  3452,   207,   24000000,   10558662,        0,  -13441338,          0
  3452,   208,   24000000,   10558778,        0,  -13441222,          0
  3452,   209,   24000000,   10577290,        0,  -13422710,          0
  3452,   210,   24000000,   10548094,        0,  -13451906,          0
  3452,   211,   24000000,   10564204,        0,  -13435796,          0
  3452,   212,   24000000,   10560749,        0,  -13439251,          0
  3452,   213,   24000000,   10560326,        0,  -13439674,          0
  3452,   214,   24000000,   10561957,        0,  -13438043,          0
  3452,   215,   24000000,   10565000,        0,  -13435000,          0
  3452,   216,   24000000,   10554849,        0,  -13445151,          0
  3452,   217,   24000000,   10564837,        0,  -13435163,          0
  3452,   218,   24000000,   10547808,        0,  -13452192,          0
  3452,   219,   24000000,   10567817,        0,  -13432183,          0
  3452,   220,   24000000,   10553597,        0,  -13446403,          0
  3452,   221,   24000000,   10567133,        0,  -13432867,          0
  3452,   222,   24000000,   10565440,        0,  -13434560,          0
  3452,   223,   24000000,   10565464,        0,  -13434536,          0
  3452,   224,   24000000,   10846587,        0,  -13153413,          0
  3452,   225,   24000000,   10552316,        0,  -13447684,          0
  3452,   226,   24000000,   10569075,        0,  -13430925,          0
  3452,   227,   24000000,   10558949,        0,  -13441051,          0
  3452,   228,   24000000,   10571029,        0,  -13428971,          0
  3452,   229,   24000000,   10837764,        0,  -13162236,          0
  3452,   230,   24000000,   10575974,        0,  -13424026,          0
  3452,   231,   24000000,   10572622,        0,  -13427378,          0
  3452,   232,   24000000,   10567280,        0,  -13432720,          0
  3452,   233,   24000000,   10563122,        0,  -13436878,          0
  3452,   234,   24000000,   10560223,        0,  -13439777,          0
  3452,   235,   24000000,   10564458,        0,  -13435542,          0
  3452,   236,   24000000,   10568983,        0,  -13431017,          0
  3452,   237,   24000000,   10572164,        0,  -13427836,          0
  3452,   238,   24000000,   10565957,        0,  -13434043,          0
  3452,   239,   24000000,   10557773,        0,  -13442227,          0
  3452,   240,   24000000,   10559485,        0,  -13440515,          0
  3452,   241,   24000000,   10563077,        0,  -13436923,          0
  3452,   242,   24000000,   10556932,        0,  -13443068,          0
  3452,   243,   24000000,   10572176,        0,  -13427824,          0
  3452,   244,   24000000,   10565351,        0,  -13434649,          0
  3452,   245,   24000000,   10837840,        0,  -13162160,          0
  3452,   246,   24000000,   10638127,        0,  -13361873,          0
  3452,   247,   24000000,   10553606,        0,  -13446394,          0
  3452,   248,   24000000,   10606365,        0,  -13393635,          0
  3452,   249,   24000000,   10567085,        0,  -13432915,          0
  3452,   250,   24000000,   10844641,        0,  -13155359,          0
  3452,   251,   24000000,   10562907,        0,  -13437093,          0
  3452,   252,   24000000,   10557600,        0,  -13442400,          0
  3452,   253,   24000000,   10548071,        0,  -13451929,          0
  3452,   254,   24000000,   10560472,        0,  -13439528,          0
  3452,   255,   24000000,   10548744,        0,  -13451256,          0
  3452,   256,   24000000,   10555921,        0,  -13444079,          0
  3452,   257,   24000000,   10569483,        0,  -13430517,          0
  3452,   258,   24000000,   10545034,        0,  -13454966,          0
  3452,   259,   24000000,   10569279,        0,  -13430721,          0
  3452,   260,   24000000,   10553976,        0,  -13446024,          0
  3452,   261,   24000000,   10554934,        0,  -13445066,          0
  3452,   262,   24000000,   10547773,        0,  -13452227,          0
  3452,   263,   24000000,   10563177,        0,  -13436823,          0
  3452,   264,   24000000,   10557351,        0,  -13442649,          0
  3452,   265,   24000000,   10552521,        0,  -13447479,          0
  3452,   266,   24000000,   10557931,        0,  -13442069,          0
  3452,   267,   24000000,   10554539,        0,  -13445461,          0
  3452,   268,   24000000,   10565789,        0,  -13434211,          0
  3452,   269,   24000000,   10572884,        0,  -13427116,          0
  3452,   270,   24000000,   10564608,        0,  -13435392,          0
  3452,   271,   24000000,   10862870,        0,  -13137130,          0
  3452,   272,   24000000,   10554539,        0,  -13445461,          0
  3452,   273,   24000000,   10566439,        0,  -13433561,          0
  3452,   274,   24000000,   10549440,        0,  -13450560,          0
  3452,   275,   24000000,   10565508,        0,  -13434492,          0
  3452,   276,   24000000,   10840573,        0,  -13159427,          0
  3452,   277,   24000000,   10558815,        0,  -13441185,          0
  3452,   278,   24000000,   10562078,        0,  -13437922,          0
  3452,   279,   24000000,   10547445,        0,  -13452555,          0
  3452,   280,   24000000,   10547892,        0,  -13452108,          0
  3452,   281,   24000000,   10562582,        0,  -13437418,          0
  3452,   282,   24000000,   10563292,        0,  -13436708,          0
  3452,   283,   24000000,   10564572,        0,  -13435428,          0
  3452,   284,   24000000,   10544045,        0,  -13455955,          0
  3452,   285,   24000000,   10566516,        0,  -13433484,          0
  3452,   286,   24000000,   12572531,        0,  -11427469,          0
  3452,   287,   24000000,   10584859,        0,  -13415141,          0
  3452,   288,   24000000,   10568923,        0,  -13431077,          0
  3452,   289,   24000000,   10562192,        0,  -13437808,          0
  3452,   290,   24000000,   10563451,        0,  -13436549,          0
  3452,   291,   24000000,   10646934,        0,  -13353066,          0
  3452,   292,   24000000,   10550163,        0,  -13449837,          0
  3452,   293,   24000000,   10552805,        0,  -13447195,          0
  3452,   294,   24000000,   10564127,        0,  -13435873,          0
  3452,   295,   24000000,   10557575,        0,  -13442425,          0
  3452,   296,   24000000,   10564943,        0,  -13435057,          0
  3452,   297,   24000000,   10856451,        0,  -13143549,          0
  3452,   298,   24000000,   10547155,        0,  -13452845,          0
  3452,   299,   24000000,   10582760,        0,  -13417240,          0
  3452,   300,   24000000,   10551920,        0,  -13448080,          0
  3452,   301,   24000000,   10575063,        0,  -13424937,          0
  3452,   302,   24000000,   10844219,        0,  -13155781,          0
  3452,   303,   24000000,   10560718,        0,  -13439282,          0
  3452,   304,   24000000,   10565342,        0,  -13434658,          0
  3452,   305,   24000000,   10563189,        0,  -13436811,          0
  3452,   306,   24000000,   10560879,        0,  -13439121,          0
  3452,   307,   24000000,   10568509,        0,  -13431491,          0
  3452,   308,   24000000,   10566652,        0,  -13433348,          0
  3452,   309,   24000000,   10569434,        0,  -13430566,          0
  3452,   310,   24000000,   10564877,        0,  -13435123,          0
  3452,   311,   24000000,   10563792,        0,  -13436208,          0
  3452,   312,   24000000,   10557951,        0,  -13442049,          0
  3452,   313,   24000000,   10541139,        0,  -13458861,          0
  3452,   314,   24000000,   10558568,        0,  -13441432,          0
  3452,   315,   24000000,   10576069,        0,  -13423931,          0
  3452,   316,   24000000,   10568148,        0,  -13431852,          0
  3452,   317,   24000000,   10572342,        0,  -13427658,          0
  3452,   318,   24000000,   10567407,        0,  -13432593,          0
  3452,   319,   24000000,   10561822,        0,  -13438178,          0
  3452,   320,   24000000,   10550969,        0,  -13449031,          0
  3452,   321,   24000000,   10565243,        0,  -13434757,          0
  3452,   322,   24000000,   10580910,        0,  -13419090,          0
  3452,   323,   24000000,   10848244,        0,  -13151756,          0
  3452,   324,   24000000,   10563095,        0,  -13436905,          0
  3452,   325,   24000000,   10566140,        0,  -13433860,          0
  3452,   326,   24000000,   10570121,        0,  -13429879,          0
  3452,   327,   24000000,   10573198,        0,  -13426802,          0
  3452,   328,   24000000,   10844720,        0,  -13155280,          0
  3452,   329,   24000000,   10558913,        0,  -13441087,          0
  3452,   330,   24000000,   10586141,        0,  -13413859,          0
  3452,   331,   24000000,   10579381,        0,  -13420619,          0
  3452,   332,   24000000,   10578542,        0,  -13421458,          0
  3452,   333,   24000000,   10582324,        0,  -13417676,          0
  3452,   334,   24000000,   10562289,        0,  -13437711,          0
  3452,   335,   24000000,   10567656,        0,  -13432344,          0
  3452,   336,   24000000,   10559199,        0,  -13440801,          0
  3452,   337,   24000000,   10561534,        0,  -13438466,          0
  3452,   338,   24000000,   10560481,        0,  -13439519,          0
  3452,   339,   24000000,   10604315,        0,  -13395685,          0
  3452,   340,   24000000,   10559362,        0,  -13440638,          0
  3452,   341,   24000000,   10563878,        0,  -13436122,          0
  3452,   342,   24000000,   10554030,        0,  -13445970,          0
  3452,   343,   24000000,   10561297,        0,  -13438703,          0
  3452,   344,   24000000,   10570086,        0,  -13429914,          0
  3452,   345,   24000000,   10567543,        0,  -13432457,          0
  3452,   346,   24000000,   10567441,        0,  -13432559,          0
  3452,   347,   24000000,   10579142,        0,  -13420858,          0
  3452,   348,   24000000,   10577113,        0,  -13422887,          0
  3452,   349,   24000000,   10869116,        0,  -13130884,          0
  3452,   350,   24000000,   10569666,        0,  -13430334,          0
  3452,   351,   24000000,   10567818,        0,  -13432182,          0
  3452,   352,   24000000,   10563838,        0,  -13436162,          0
  3452,   353,   24000000,   10566161,        0,  -13433839,          0
  3452,   354,   24000000,   10848146,        0,  -13151854,          0
  3452,   355,   24000000,   10570723,        0,  -13429277,          0
  3452,   356,   24000000,   10549129,        0,  -13450871,          0
  3452,   357,   24000000,   10557029,        0,  -13442971,          0
  3452,   358,   24000000,   10558300,        0,  -13441700,          0
  3452,   359,   24000000,   10560064,        0,  -13439936,          0
  3452,   360,   24000000,   10554203,        0,  -13445797,          0
  3452,   361,   24000000,   10558774,        0,  -13441226,          0
  3452,   362,   24000000,   10551735,        0,  -13448265,          0
  3452,   363,   24000000,   10573336,        0,  -13426664,          0
  3452,   364,   24000000,   10562844,        0,  -13437156,          0
  3452,   365,   24000000,   10555958,        0,  -13444042,          0
  3452,   366,   24000000,   10563082,        0,  -13436918,          0
  3452,   367,   24000000,   10562992,        0,  -13437008,          0
  3452,   368,   24000000,   10565515,        0,  -13434485,          0
  3452,   369,   24000000,   10558153,        0,  -13441847,          0
  3452,   370,   24000000,   10840129,        0,  -13159871,          0
  3452,   371,   24000000,   10565877,        0,  -13434123,          0
  3452,   372,   24000000,   10554363,        0,  -13445637,          0
  3452,   373,   24000000,   10554765,        0,  -13445235,          0
  3452,   374,   24000000,   10561437,        0,  -13438563,          0
  3452,   375,   24000000,   10855883,        0,  -13144117,          0
  3452,   376,   24000000,   10564887,        0,  -13435113,          0
  3452,   377,   24000000,   10555787,        0,  -13444213,          0
  3452,   378,   24000000,   10564874,        0,  -13435126,          0
  3452,   379,   24000000,   10568976,        0,  -13431024,          0
  3452,   380,   24000000,   10572556,        0,  -13427444,          0
  3452,   381,   24000000,   10563843,        0,  -13436157,          0
  3452,   382,   24000000,   10567896,        0,  -13432104,          0
  3452,   383,   24000000,   10577428,        0,  -13422572,          0
  3452,   384,   24000000,   10578522,        0,  -13421478,          0
  3452,   385,   24000000,   10566533,        0,  -13433467,          0
  3452,   386,   24000000,   10571433,        0,  -13428567,          0
  3452,   387,   24000000,   10583405,        0,  -13416595,          0
  3452,   388,   24000000,   10572138,        0,  -13427862,          0
  3452,   389,   24000000,   10567863,        0,  -13432137,          0
  3452,   390,   24000000,   10567305,        0,  -13432695,          0
  3452,   391,   24000000,   10571555,        0,  -13428445,          0
  3452,   392,   24000000,   10572433,        0,  -13427567,          0
  3452,   393,   24000000,   10566677,        0,  -13433323,          0
  3452,   394,   24000000,   10574076,        0,  -13425924,          0
  3452,   395,   24000000,   10563428,        0,  -13436572,          0
  3452,   396,   24000000,   10858986,        0,  -13141014,          0
  3452,   397,   24000000,   10556230,        0,  -13443770,          0
  3452,   398,   24000000,   10552342,        0,  -13447658,          0
  3452,   399,   24000000,   10563553,        0,  -13436447,          0
  3452,   400,   24000000,   10565882,        0,  -13434118,          0
  3452,   401,   24000000,   10838535,        0,  -13161465,          0
  3452,   402,   24000000,   10553271,        0,  -13446729,          0
  3452,   403,   24000000,   10561227,        0,  -13438773,          0
  3452,   404,   24000000,   10557183,        0,  -13442817,          0
  3452,   405,   24000000,   10564344,        0,  -13435656,          0
  3452,   406,   24000000,   10565765,        0,  -13434235,          0
  3452,   407,   24000000,   10565179,        0,  -13434821,          0
  3452,   408,   24000000,   10558772,        0,  -13441228,          0
  3452,   409,   24000000,   10561329,        0,  -13438671,          0
  3452,   410,   24000000,   10562592,        0,  -13437408,          0
  3452,   411,   24000000,   10576895,        0,  -13423105,          0
  3452,   412,   24000000,   10569503,        0,  -13430497,          0
  3452,   413,   24000000,   10562514,        0,  -13437486,          0
  3452,   414,   24000000,   10567821,        0,  -13432179,          0
  3452,   415,   24000000,   10559260,        0,  -13440740,          0
  3452,   416,   24000000,   10660883,        0,  -13339117,          0
  3452,   417,   24000000,   10565790,        0,  -13434210,          0
  3452,   418,   24000000,   10561038,        0,  -13438962,          0
  3452,   419,   24000000,   10568319,        0,  -13431681,          0
  3452,   420,   24000000,   10576079,        0,  -13423921,          0
# task NAME=myapp PID=3455 COST=8916000 PERIOD=53000000 CPU=0
  3455,     2,   53000000,       8358,        0,  -52991642,          0
  3455,     3,   53000000,      74560,        0,  -52925440,          0
  3455,     4,   53000000,   10067296,        0,  -42932704,          0
  3455,     5,   53000000,    8760131,        0,  -44239869,          0
  3455,     6,   53000000,    8765364,        0,  -44234636,          0
  3455,     7,   53000000,    8774503,        0,  -44225497,          0
  3455,     8,   53000000,    8773219,        0,  -44226781,          0
  3455,     9,   53000000,    8785005,        0,  -44214995,          0
  3455,    10,   53000000,    8766462,        0,  -44233538,          0
  3455,    11,   53000000,    8761361,        0,  -44238639,          0
  3455,    12,   53000000,    8783312,        0,  -44216688,          0
  3455,    13,   53000000,    8764302,        0,  -44235698,          0
  3455,    14,   53000000,    8777472,        0,  -44222528,          0
  3455,    15,   53000000,    8760140,        0,  -44239860,          0
  3455,    16,   53000000,    8770077,        0,  -44229923,          0
  3455,    17,   53000000,    8777243,        0,  -44222757,          0
  3455,    18,   53000000,    8774336,        0,  -44225664,          0
  3455,    19,   53000000,    8769323,        0,  -44230677,          0
  3455,    20,   53000000,    8774500,        0,  -44225500,          0
  3455,    21,   53000000,    8765263,        0,  -44234737,          0
  3455,    22,   53000000,    8749717,        0,  -44250283,          0
  3455,    23,   53000000,    8772652,        0,  -44227348,          0
  3455,    24,   53000000,    8768885,        0,  -44231115,          0
  3455,    25,   53000000,    8760337,        0,  -44239663,          0
  3455,    26,   53000000,    8760810,        0,  -44239190,          0
  3455,    27,   53000000,    8773431,        0,  -44226569,          0
  3455,    28,   53000000,    8775639,        0,  -44224361,          0
  3455,    29,   53000000,    8758714,        0,  -44241286,          0
  3455,    30,   53000000,    9044801,        0,  -43955199,          0
  3455,    31,   53000000,    8762145,        0,  -44237855,          0
  3455,    32,   53000000,    8757780,        0,  -44242220,          0
  3455,    33,   53000000,    8759457,        0,  -44240543,          0
  3455,    34,   53000000,    8759907,        0,  -44240093,          0
  3455,    35,   53000000,    8764263,        0,  -44235737,          0
  3455,    36,   53000000,    8762644,        0,  -44237356,          0
  3455,    37,   53000000,    9053141,        0,  -43946859,          0
  3455,    38,   53000000,    8761502,        0,  -44238498,          0
  3455,    39,   53000000,    8744560,        0,  -44255440,          0
  3455,    40,   53000000,    8766591,        0,  -44233409,          0
  3455,    41,   53000000,    8765975,        0,  -44234025,          0
  3455,    42,   53000000,    8775214,        0,  -44224786,          0
  3455,    43,   53000000,    8774012,        0,  -44225988,          0
  3455,    44,   53000000,    8765970,        0,  -44234030,          0
  3455,    45,   53000000,    8767058,        0,  -44232942,          0
  3455,    46,   53000000,    8765887,        0,  -44234113,          0
  3455,    47,   53000000,    8768360,        0,  -44231640,          0
  3455,    48,   53000000,    8766087,        0,  -44233913,          0
  3455,    49,   53000000,    8764306,        0,  -44235694,          0
  3455,    50,   53000000,    8772453,        0,  -44227547,          0
  3455,    51,   53000000,    8771472,        0,  -44228528,          0
  3455,    52,   53000000,    8761369,        0,  -44238631,          0
  3455,    53,   53000000,    8767577,        0,  -44232423,          0
  3455,    54,   53000000,    8767496,        0,  -44232504,          0
  3455,    55,   53000000,    8768301,        0,  -44231699,          0
  3455,    56,   53000000,    8765040,        0,  -44234960,          0
  3455,    57,   53000000,    8771367,        0,  -44228633,          0
  3455,    58,   53000000,    8837782,        0,  -44162218,          0
  3455,    59,   53000000,    8773721,        0,  -44226279,          0
  3455,    60,   53000000,    8763426,        0,  -44236574,          0
  3455,    61,   53000000,    8783477,        0,  -44216523,          0
  3455,    62,   53000000,    8773733,        0,  -44226267,          0
  3455,    63,   53000000,    9048164,        0,  -43951836,          0
  3455,    64,   53000000,    8777692,        0,  -44222308,          0
  3455,    65,   53000000,    8777238,        0,  -44222762,          0
  3455,    66,   53000000,    8765442,        0,  -44234558,          0
  3455,    67,   53000000,    8777349,        0,  -44222651,          0
  3455,    68,   53000000,    8767848,        0,  -44232152,          0
  3455,    69,   53000000,    8772199,        0,  -44227801,          0
  3455,    70,   53000000,    9060387,        0,  -43939613,          0
  3455,    71,   53000000,    8770632,        0,  -44229368,          0
  3455,    72,   53000000,    8773568,        0,  -44226432,          0
  3455,    73,   53000000,    8750891,        0,  -44249109,          0
  3455,    74,   53000000,    8760621,        0,  -44239379,          0
  3455,    75,   53000000,    8772673,        0,  -44227327,          0
  3455,    76,   53000000,    8775575,        0,  -44224425,          0
  3455,    77,   53000000,    8773133,        0,  -44226867,          0
  3455,    78,   53000000,    8776313,        0,  -44223687,          0
  3455,    79,   53000000,    8783307,        0,  -44216693,          0
  3455,    80,   53000000,    8768309,        0,  -44231691,          0
  3455,    81,   53000000,    8772247,        0,  -44227753,          0
  3455,    82,   53000000,    8770611,        0,  -44229389,          0
  3455,    83,   53000000,    8774427,        0,  -44225573,          0
  3455,    84,   53000000,    8781254,        0,  -44218746,          0
  3455,    85,   53000000,    8762290,        0,  -44237710,          0
  3455,    86,   53000000,    8762985,        0,  -44237015,          0
  3455,    87,   53000000,    8753542,        0,  -44246458,          0
  3455,    88,   53000000,    8748122,        0,  -44251878,          0
  3455,    89,   53000000,    9038501,        0,  -43961499,          0
  3455,    90,   53000000,   10778213,        0,  -42221787,          0
  3455,    91,   53000000,    8759823,        0,  -44240177,          0
  3455,    92,   53000000,    8758556,        0,  -44241444,          0
  3455,    93,   53000000,    8755502,        0,  -44244498,          0
  3455,    94,   53000000,    8760130,        0,  -44239870,          0
  3455,    95,   53000000,    8759664,        0,  -44240336,          0
  3455,    96,   53000000,    9071695,        0,  -43928305,          0
  3455,    97,   53000000,    8764893,        0,  -44235107,          0
  3455,    98,   53000000,    8764213,        0,  -44235787,          0
  3455,    99,   53000000,    8772267,        0,  -44227733,          0
  3455,   100,   53000000,    8763375,        0,  -44236625,          0
  3455,   101,   53000000,    8776614,        0,  -44223386,          0
  3455,   102,   53000000,    8779712,        0,  -44220288,          0
  3455,   103,   53000000,    9056661,        0,  -43943339,          0
  3455,   104,   53000000,    8761547,        0,  -44238453,          0
  3455,   105,   53000000,    8770291,        0,  -44229709,          0
  3455,   106,   53000000,    8773911,        0,  -44226089,          0
  3455,   107,   53000000,    8766356,        0,  -44233644,          0
  3455,   108,   53000000,    8756931,        0,  -44243069,          0
  3455,   109,   53000000,   10790228,        0,  -42209772,          0
  3455,   110,   53000000,    8761228,        0,  -44238772,          0
  3455,   111,   53000000,    8759467,        0,  -44240533,          0
  3455,   112,   53000000,    8772812,        0,  -44227188,          0
  3455,   113,   53000000,    8792033,        0,  -44207967,          0
  3455,   114,   53000000,    8756361,        0,  -44243639,          0
  3455,   115,   53000000,    8758276,        0,  -44241724,          0
  3455,   116,   53000000,    8757720,        0,  -44242280,          0
  3455,   117,   53000000,    8755451,        0,  -44244549,          0
  3455,   118,   53000000,    8768905,        0,  -44231095,          0
  3455,   119,   53000000,    8768934,        0,  -44231066,          0
  3455,   120,   53000000,    8763903,        0,  -44236097,          0
  3455,   121,   53000000,    8758207,        0,  -44241793,          0
  3455,   122,   53000000,    9047369,        0,  -43952631,          0
  3455,   123,   53000000,    8784073,        0,  -44215927,          0
  3455,   124,   53000000,    8763384,        0,  -44236616,          0
  3455,   125,   53000000,    8773907,        0,  -44226093,          0
  3455,   126,   53000000,    8751069,        0,  -44248931,          0
  3455,   127,   53000000,    8765295,        0,  -44234705,          0
  3455,   128,   53000000,    8751769,        0,  -44248231,          0
  3455,   129,   53000000,    9054358,        0,  -43945642,          0
  3455,   130,   53000000,    8777126,        0,  -44222874,          0
  3455,   131,   53000000,    8770217,        0,  -44229783,          0
  3455,   132,   53000000,    8770489,        0,  -44229511,          0
  3455,   133,   53000000,    8770570,        0,  -44229430,          0
  3455,   134,   53000000,    8770313,        0,  -44229687,          0
  3455,   135,   53000000,    8752871,        0,  -44247129,          0
  3455,   136,   53000000,    8757225,        0,  -44242775,          0
  3455,   137,   53000000,    8769786,        0,  -44230214,          0
  3455,   138,   53000000,    8768608,        0,  -44231392,          0
  3455,   139,   53000000,    8747479,        0,  -44252521,          0
  3455,   140,   53000000,    8763186,        0,  -44236814,          0
  3455,   141,   53000000,    8804481,        0,  -44195519,          0
  3455,   142,   53000000,    8771414,        0,  -44228586,          0
  3455,   143,   53000000,    8765555,        0,  -44234445,          0
  3455,   144,   53000000,    8765079,        0,  -44234921,          0
  3455,   145,   53000000,    8762193,        0,  -44237807,          0
  3455,   146,   53000000,    8763501,        0,  -44236499,          0
  3455,   147,   53000000,    8770964,        0,  -44229036,          0
  3455,   148,   53000000,    8760054,        0,  -44239946,          0
  3455,   149,   53000000,    8781404,        0,  -44218596,          0
  3455,   150,   53000000,    8770358,        0,  -44229642,          0
  3455,   151,   53000000,    8777035,        0,  -44222965,          0
  3455,   152,   53000000,    8777690,        0,  -44222310,          0
  3455,   153,   53000000,    8776852,        0,  -44223148,          0
  3455,   154,   53000000,    8766485,        0,  -44233515,          0
  3455,   155,   53000000,    9032437,        0,  -43967563,          0
  3455,   156,   53000000,    8762155,        0,  -44237845,          0
  3455,   157,   53000000,    8772336,        0,  -44227664,          0
  3455,   158,   53000000,    8766285,        0,  -44233715,          0
  3455,   159,   53000000,    8784052,        0,  -44215948,          0
  3455,   160,   53000000,    8755732,        0,  -44244268,          0
  3455,   161,   53000000,    8764446,        0,  -44235554,          0
  3455,   162,   53000000,    9055434,        0,  -43944566,          0
  3455,   163,   53000000,    8761483,        0,  -44238517,          0
  3455,   164,   53000000,    8755653,        0,  -44244347,          0
  3455,   165,   53000000,    8767312,        0,  -44232688,          0
  3455,   166,   53000000,    8766487,        0,  -44233513,          0
  3455,   167,   53000000,    8759347,        0,  -44240653,          0
  3455,   168,   53000000,    8770421,        0,  -44229579,          0
  3455,   169,   53000000,    8780405,        0,  -44219595,          0
  3455,   170,   53000000,    8760589,        0,  -44239411,          0
  3455,   171,   53000000,    8764115,        0,  -44235885,          0
  3455,   172,   53000000,    8773143,        0,  -44226857,          0
  3455,   173,   53000000,    8764339,        0,  -44235661,          0
  3455,   174,   53000000,    8772778,        0,  -44227222,          0
  3455,   175,   53000000,    8776969,        0,  -44223031,          0
  3455,   176,   53000000,    8763597,        0,  -44236403,          0
  3455,   177,   53000000,    8771168,        0,  -44228832,          0
  3455,   178,   53000000,    8768525,        0,  -44231475,          0
  3455,   179,   53000000,    8773195,        0,  -44226805,          0
  3455,   180,   53000000,    8766262,        0,  -44233738,          0
  3455,   181,   53000000,    8824878,        0,  -44175122,          0
  3455,   182,   53000000,    8769620,        0,  -44230380,          0
  3455,   183,   53000000,    8768027,        0,  -44231973,          0
  3455,   184,   53000000,    8766683,        0,  -44233317,          0
  3455,   185,   53000000,    8775518,        0,  -44224482,          0
  3455,   186,   53000000,    8777662,        0,  -44222338,          0
  3455,   187,   53000000,    8780113,        0,  -44219887,          0
  3455,   188,   53000000,    9049470,        0,  -43950530,          0
  3455,   189,   53000000,    8782284,        0,  -44217716,          0
  3455,   190,   53000000,    8841333,        0,  -44158667,          0
  3455,   191,   53000000,    8754111,        0,  -44245889,          0
  3455,   192,   53000000,    8792513,        0,  -44207487,          0
# task NAME=myapp PID=3459 COST=47129000 PERIOD=55000000 CPU=0
  3459,     2,   55000000,       8486,        0,  -54991514,          0
  3459,     3,   55000000,      56723,        0,  -54943277,          0
  3459,     4,   55000000,   47498577,        0,   -7501423,          0
  3459,     5,   55000000,   46214187,        0,   -8785813,          0
  3459,     6,   55000000,   46482901,        0,   -8517099,          0
  3459,     7,   55000000,   46222228,        0,   -8777772,          0
  3459,     8,   55000000,   46492648,        0,   -8507352,          0
  3459,     9,   55000000,   46188981,        0,   -8811019,          0
  3459,    10,   55000000,   46224295,        0,   -8775705,          0
  3459,    11,   55000000,   46230143,        0,   -8769857,          0
  3459,    12,   55000000,   46237378,        0,   -8762622,          0
  3459,    13,   55000000,   46491359,        0,   -8508641,          0
  3459,    14,   55000000,   46226319,        0,   -8773681,          0
  3459,    15,   55000000,   46524420,        0,   -8475580,          0
  3459,    16,   55000000,   46214229,        0,   -8785771,          0
  3459,    17,   55000000,   46530739,        0,   -8469261,          0
  3459,    18,   55000000,   46215279,        0,   -8784721,          0
  3459,    19,   55000000,   46300988,        0,   -8699012,          0
  3459,    20,   55000000,   46198568,        0,   -8801432,          0
  3459,    21,   55000000,   46230697,        0,   -8769303,          0
  3459,    22,   55000000,   46527010,        0,   -8472990,          0
  3459,    23,   55000000,   46225638,        0,   -8774362,          0
  3459,    24,   55000000,   46588054,        0,   -8411946,          0
  3459,    25,   55000000,   46268561,        0,   -8731439,          0
  3459,    26,   55000000,   46551439,        0,   -8448561,          0
  3459,    27,   55000000,   46263499,        0,   -8736501,          0
  3459,    28,   55000000,   46290417,        0,   -8709583,          0
  3459,    29,   55000000,   46537537,        0,   -8462463,          0
  3459,    30,   55000000,   46268651,        0,   -8731349,          0
  3459,    31,   55000000,   46568812,        0,   -8431188,          0
  3459,    32,   55000000,   46243256,        0,   -8756744,          0
  3459,    33,   55000000,   46645737,        0,   -8354263,          0
  3459,    34,   55000000,   46154972,        0,   -8845028,          0
  3459,    35,   55000000,   46361624,        0,   -8638376,          0
  3459,    36,   55000000,   46226881,        0,   -8773119,          0
  3459,    37,   55000000,   46282042,        0,   -8717958,          0
  3459,    38,   55000000,   46546790,        0,   -8453210,          0
  3459,    39,   55000000,   46283511,        0,   -8716489,          0
  3459,    40,   55000000,   46605809,        0,   -8394191,          0
  3459,    41,   55000000,   46281965,        0,   -8718035,          0
  3459,    42,   55000000,   46560236,        0,   -8439764,          0
  3459,    43,   55000000,   46239646,        0,   -8760354,          0
  3459,    44,   55000000,   46288276,        0,   -8711724,          0
  3459,    45,   55000000,   46257056,        0,   -8742944,          0
  3459,    46,   55000000,   46268698,        0,   -8731302,          0
  3459,    47,   55000000,   46415275,        0,   -8584725,          0
  3459,    48,   55000000,   46301490,        0,   -8698510,          0
  3459,    49,   55000000,   46536538,        0,   -8463462,          0
  3459,    50,   55000000,   46281919,        0,   -8718081,          0
  3459,    51,   55000000,   46575781,        0,   -8424219,          0
  3459,    52,   55000000,   46263599,        0,   -8736401,          0
  3459,    53,   55000000,   46272679,        0,   -8727321,          0
  3459,    54,   55000000,   46548364,        0,   -8451636,          0
  3459,    55,   55000000,   46287502,        0,   -8712498,          0
  3459,    56,   55000000,   46649283,        0,   -8350717,          0
  3459,    57,   55000000,   46258385,        0,   -8741615,          0
  3459,    58,   55000000,   46561453,        0,   -8438547,          0
  3459,    59,   55000000,   46260007,        0,   -8739993,          0
  3459,    60,   55000000,   46236305,        0,   -8763695,          0
  3459,    61,   55000000,   46228418,        0,   -8771582,          0
  3459,    62,   55000000,   46270532,        0,   -8729468,          0
  3459,    63,   55000000,   46530961,        0,   -8469039,          0
  3459,    64,   55000000,   46270219,        0,   -8729781,          0
  3459,    65,   55000000,   46602872,        0,   -8397128,          0
  3459,    66,   55000000,   46271733,        0,   -8728267,          0
  3459,    67,   55000000,   46558300,        0,   -8441700,          0
  3459,    68,   55000000,   46258489,        0,   -8741511,          0
  3459,    69,   55000000,   46251416,        0,   -8748584,          0
  3459,    70,   55000000,   46213175,        0,   -8786825,          0
  3459,    71,   55000000,   46237822,        0,   -8762178,          0
  3459,    72,   55000000,   46500371,        0,   -8499629,          0
  3459,    73,   55000000,   46242168,        0,   -8757832,          0
  3459,    74,   55000000,   46607156,        0,   -8392844,          0
  3459,    75,   55000000,   46264509,        0,   -8735491,          0
  3459,    76,   55000000,   46518109,        0,   -8481891,          0
  3459,    77,   55000000,   46218846,        0,   -8781154,          0
  3459,    78,   55000000,   46251149,        0,   -8748851,          0
  3459,    79,   55000000,   46487829,        0,   -8512171,          0
  3459,    80,   55000000,   46188258,        0,   -8811742,          0
  3459,    81,   55000000,   46616019,        0,   -8383981,          0
  3459,    82,   55000000,   46223401,        0,   -8776599,          0
  3459,    83,   55000000,   46491989,        0,   -8508011,          0
  3459,    84,   55000000,   46213131,        0,   -8786869,          0
  3459,    85,   55000000,   46235105,        0,   -8764895,          0
  3459,    86,   55000000,   46193638,        0,   -8806362,          0
  3459,    87,   55000000,   46198564,        0,   -8801436,          0
  3459,    88,   55000000,   46480864,        0,   -8519136,          0
  3459,    89,   55000000,   46200019,        0,   -8799981,          0
  3459,    90,   55000000,   46487719,        0,   -8512281,          0
  3459,    91,   55000000,   46225362,        0,   -8774638,          0
  3459,    92,   55000000,   46631327,        0,   -8368673,          0
  3459,    93,   55000000,   46207868,        0,   -8792132,          0
  3459,    94,   55000000,   46260339,        0,   -8739661,          0
  3459,    95,   55000000,   46237435,        0,   -8762565,          0
  3459,    96,   55000000,   46250893,        0,   -8749107,          0
  3459,    97,   55000000,   46522765,        0,   -8477235,          0
  3459,    98,   55000000,   46252880,        0,   -8747120,          0
  3459,    99,   55000000,   46549865,        0,   -8450135,          0
  3459,   100,   55000000,   46258876,        0,   -8741124,          0
  3459,   101,   55000000,   46603324,        0,   -8396676,          0
  3459,   102,   55000000,   46283967,        0,   -8716033,          0
  3459,   103,   55000000,   46298538,        0,   -8701462,          0
  3459,   104,   55000000,   46564055,        0,   -8435945,          0
  3459,   105,   55000000,   46306832,        0,   -8693168,          0
  3459,   106,   55000000,   46582900,        0,   -8417100,          0
  3459,   107,   55000000,   46250490,        0,   -8749510,          0
  3459,   108,   55000000,   46460434,        0,   -8539566,          0
  3459,   109,   55000000,   46325767,        0,   -8674233,          0
  3459,   110,   55000000,   46354172,        0,   -8645828,          0
  3459,   111,   55000000,   46254763,        0,   -8745237,          0
  3459,   112,   55000000,   46290739,        0,   -8709261,          0
  3459,   113,   55000000,   46535790,        0,   -8464210,          0
  3459,   114,   55000000,   46235555,        0,   -8764445,          0
  3459,   115,   55000000,   46560936,        0,   -8439064,          0
  3459,   116,   55000000,   46261268,        0,   -8738732,          0
  3459,   117,   55000000,   46568993,        0,   -8431007,          0
  3459,   118,   55000000,   46277216,        0,   -8722784,          0
  3459,   119,   55000000,   46290325,        0,   -8709675,          0
  3459,   120,   55000000,   46255184,        0,   -8744816,          0
  3459,   121,   55000000,   46259205,        0,   -8740795,          0
  3459,   122,   55000000,   46498742,        0,   -8501258,          0
  3459,   123,   55000000,   46208496,        0,   -8791504,          0
  3459,   124,   55000000,   46541245,        0,   -8458755,          0
  3459,   125,   55000000,   46274034,        0,   -8725966,          0
  3459,   126,   55000000,   46582124,        0,   -8417876,          0
  3459,   127,   55000000,   46246411,        0,   -8753589,          0
  3459,   128,   55000000,   46289534,        0,   -8710466,          0
  3459,   129,   55000000,   46469220,        0,   -8530780,          0
  3459,   130,   55000000,   46209970,        0,   -8790030,          0
  3459,   131,   55000000,   46525400,        0,   -8474600,          0
  3459,   132,   55000000,   46255082,        0,   -8744918,          0
  3459,   133,   55000000,   46562492,        0,   -8437508,          0
  3459,   134,   55000000,   46205963,        0,   -8794037,          0
  3459,   135,   55000000,   46247394,        0,   -8752606,          0
  3459,   136,   55000000,   46251822,        0,   -8748178,          0
  3459,   137,   55000000,   46247041,        0,   -8752959,          0
  3459,   138,   55000000,   46471132,        0,   -8528868,          0
  3459,   139,   55000000,   46270559,        0,   -8729441,          0
  3459,   140,   55000000,   46520304,        0,   -8479696,          0
  3459,   141,   55000000,   46240631,        0,   -8759369,          0
  3459,   142,   55000000,   46512064,        0,   -8487936,          0
  3459,   143,   55000000,   46217925,        0,   -8782075,          0
  3459,   144,   55000000,   46237436,        0,   -8762564,          0
  3459,   145,   55000000,   46221640,        0,   -8778360,          0
  3459,   146,   55000000,   46223536,        0,   -8776464,          0
  3459,   147,   55000000,   46461646,        0,   -8538354,          0
  3459,   148,   55000000,   46209520,        0,   -8790480,          0
  3459,   149,   55000000,   46464708,        0,   -8535292,          0
  3459,   150,   55000000,   46212633,        0,   -8787367,          0
  3459,   151,   55000000,   46473446,        0,   -8526554,          0
  3459,   152,   55000000,   46225309,        0,   -8774691,          0
  3459,   153,   55000000,   46232081,        0,   -8767919,          0
  3459,   154,   55000000,   46479952,        0,   -8520048,          0
  3459,   155,   55000000,   46219740,        0,   -8780260,          0
  3459,   156,   55000000,   46503975,        0,   -8496025,          0
  3459,   157,   55000000,   46199646,        0,   -8800354,          0
  3459,   158,   55000000,   46470898,        0,   -8529102,          0
  3459,   159,   55000000,   46240547,        0,   -8759453,          0
  3459,   160,   55000000,   46254747,        0,   -8745253,          0
  3459,   161,   55000000,   46235405,        0,   -8764595,          0
  3459,   162,   55000000,   46245525,        0,   -8754475,          0
  3459,   163,   55000000,   46522497,        0,   -8477503,          0
  3459,   164,   55000000,   46229345,        0,   -8770655,          0
  3459,   165,   55000000,   46563518,        0,   -8436482,          0
  3459,   166,   55000000,   46212670,        0,   -8787330,          0
  3459,   167,   55000000,   46525393,        0,   -8474607,          0
  3459,   168,   55000000,   46204610,        0,   -8795390,          0
  3459,   169,   55000000,   46247974,        0,   -8752026,          0
  3459,   170,   55000000,   46242926,        0,   -8757074,          0
  3459,   171,   55000000,   46225709,        0,   -8774291,          0
  3459,   172,   55000000,   46519529,        0,   -8480471,          0
  3459,   173,   55000000,   46219859,        0,   -8780141,          0
  3459,   174,   55000000,   46577386,        0,   -8422614,          0
  3459,   175,   55000000,   46195645,        0,   -8804355,          0
  3459,   176,   55000000,   46513961,        0,   -8486039,          0
  3459,   177,   55000000,   46220111,        0,   -8779889,          0
  3459,   178,   55000000,   46213718,        0,   -8786282,          0
  3459,   179,   55000000,   46501692,        0,   -8498308,          0
  3459,   180,   55000000,   46221099,        0,   -8778901,          0
  3459,   181,   55000000,   46560652,        0,   -8439348,          0
  3459,   182,   55000000,   46206216,        0,   -8793784,          0
  3459,   183,   55000000,   46599109,        0,   -8400891,          0
  3459,   184,   55000000,   46225956,        0,   -8774044,          0
  3459,   185,   55000000,   46244175,        0,   -8755825,          0
# task NAME=myapp PID=3463 COST=18609000 PERIOD=78000000 CPU=0
  3463,     2,   78000000,       8504,        0,  -77991496,          0
  3463,     3,   78000000,      70165,        0,  -77929835,          0
  3463,     4,   78000000,   20277685,        0,  -57722315,          0
  3463,     5,   78000000,   18257686,        0,  -59742314,          0
  3463,     6,   78000000,   18276933,        0,  -59723067,          0
  3463,     7,   78000000,   18296835,        0,  -59703165,          0
  3463,     8,   78000000,   18290910,        0,  -59709090,          0
  3463,     9,   78000000,   18298467,        0,  -59701533,          0
  3463,    10,   78000000,   18590188,        0,  -59409812,          0
  3463,    11,   78000000,   18292518,        0,  -59707482,          0
  3463,    12,   78000000,   18308374,        0,  -59691626,          0
  3463,    13,   78000000,   18296499,        0,  -59703501,          0
  3463,    14,   78000000,   18273588,        0,  -59726412,          0
  3463,    15,   78000000,   18287002,        0,  -59712998,          0
  3463,    16,   78000000,   18286644,        0,  -59713356,          0
  3463,    17,   78000000,   18272670,        0,  -59727330,          0
  3463,    18,   78000000,   18555040,        0,  -59444960,          0
  3463,    19,   78000000,   18282484,        0,  -59717516,          0
  3463,    20,   78000000,   18267778,        0,  -59732222,          0
  3463,    21,   78000000,   18283861,        0,  -59716139,          0
  3463,    22,   78000000,   18282155,        0,  -59717845,          0
  3463,    23,   78000000,   18284297,        0,  -59715703,          0
  3463,    24,   78000000,   18291016,        0,  -59708984,          0
  3463,    25,   78000000,   18269771,        0,  -59730229,          0
  3463,    26,   78000000,   18567427,        0,  -59432573,          0
  3463,    27,   78000000,   18280164,        0,  -59719836,          0
  3463,    28,   78000000,   18292591,        0,  -59707409,          0
  3463,    29,   78000000,   18307641,        0,  -59692359,          0
  3463,    30,   78000000,   18294123,        0,  -59705877,          0
  3463,    31,   78000000,   18283618,        0,  -59716382,          0
  3463,    32,   78000000,   18292514,        0,  -59707486,          0
  3463,    33,   78000000,   18262584,        0,  -59737416,          0
  3463,    34,   78000000,   18597934,        0,  -59402066,          0
  3463,    35,   78000000,   18298897,        0,  -59701103,          0
  3463,    36,   78000000,   18267289,        0,  -59732711,          0
  3463,    37,   78000000,   18290341,        0,  -59709659,          0
  3463,    38,   78000000,   18294007,        0,  -59705993,          0
  3463,    39,   78000000,   18567501,        0,  -59432499,          0
  3463,    40,   78000000,   18267195,        0,  -59732805,          0
  3463,    41,   78000000,   18278850,        0,  -59721150,          0
  3463,    42,   78000000,   18562904,        0,  -59437096,          0
  3463,    43,   78000000,   18303800,        0,  -59696200,          0
  3463,    44,   78000000,   18293697,        0,  -59706303,          0
  3463,    45,   78000000,   18268849,        0,  -59731151,          0
  3463,    46,   78000000,   18298002,        0,  -59701998,          0
  3463,    47,   78000000,   18563431,        0,  -59436569,          0
  3463,    48,   78000000,   18283053,        0,  -59716947,          0
  3463,    49,   78000000,   18285143,        0,  -59714857,          0
  3463,    50,   78000000,   18568313,        0,  -59431687,          0
  3463,    51,   78000000,   18309842,        0,  -59690158,          0
  3463,    52,   78000000,   18284483,        0,  -59715517,          0
  3463,    53,   78000000,   18308459,        0,  -59691541,          0
  3463,    54,   78000000,   18281450,        0,  -59718550,          0
  3463,    55,   78000000,   18552450,        0,  -59447550,          0
  3463,    56,   78000000,   18290864,        0,  -59709136,          0
  3463,    57,   78000000,   18290916,        0,  -59709084,          0
  3463,    58,   78000000,   18290662,        0,  -59709338,          0
  3463,    59,   78000000,   18295268,        0,  -59704732,          0
  3463,    60,   78000000,   18323180,        0,  -59676820,          0
  3463,    61,   78000000,   18278146,        0,  -59721854,          0
  3463,    62,   78000000,   18283209,        0,  -59716791,          0
  3463,    63,   78000000,   18561349,        0,  -59438651,          0
  3463,    64,   78000000,   18251711,        0,  -59748289,          0
  3463,    65,   78000000,   18290640,        0,  -59709360,          0
  3463,    66,   78000000,   18398645,        0,  -59601355,          0
  3463,    67,   78000000,   18279930,        0,  -59720070,          0
  3463,    68,   78000000,   18271940,        0,  -59728060,          0
  3463,    69,   78000000,   18272298,        0,  -59727702,          0
  3463,    70,   78000000,   18305237,        0,  -59694763,          0
  3463,    71,   78000000,   20570517,        0,  -57429483,          0
  3463,    72,   78000000,   18266923,        0,  -59733077,          0
  3463,    73,   78000000,   18289622,        0,  -59710378,          0
  3463,    74,   78000000,   18289541,        0,  -59710459,          0
  3463,    75,   78000000,   18273181,        0,  -59726819,          0
  3463,    76,   78000000,   18268519,        0,  -59731481,          0
  3463,    77,   78000000,   18279885,        0,  -59720115,          0
  3463,    78,   78000000,   18262010,        0,  -59737990,          0
  3463,    79,   78000000,   18543982,        0,  -59456018,          0
  3463,    80,   78000000,   18287059,        0,  -59712941,          0
  3463,    81,   78000000,   18290027,        0,  -59709973,          0
  3463,    82,   78000000,   18284810,        0,  -59715190,          0
  3463,    83,   78000000,   18281463,        0,  -59718537,          0
  3463,    84,   78000000,   18281655,        0,  -59718345,          0
  3463,    85,   78000000,   18287564,        0,  -59712436,          0
  3463,    86,   78000000,   18288941,        0,  -59711059,          0
  3463,    87,   78000000,   18558273,        0,  -59441727,          0
  3463,    88,   78000000,   18281990,        0,  -59718010,          0
  3463,    89,   78000000,   18281907,        0,  -59718093,          0
  3463,    90,   78000000,   18315490,        0,  -59684510,          0
  3463,    91,   78000000,   18272704,        0,  -59727296,          0
  3463,    92,   78000000,   18287687,        0,  -59712313,          0
  3463,    93,   78000000,   18285621,        0,  -59714379,          0
  3463,    94,   78000000,   18284668,        0,  -59715332,          0
  3463,    95,   78000000,   18561946,        0,  -59438054,          0
  3463,    96,   78000000,   18303989,        0,  -59696011,          0
  3463,    97,   78000000,   18291320,        0,  -59708680,          0
  3463,    98,   78000000,   18295316,        0,  -59704684,          0
  3463,    99,   78000000,   18285055,        0,  -59714945,          0
  3463,   100,   78000000,   18292436,        0,  -59707564,          0
  3463,   101,   78000000,   18276144,        0,  -59723856,          0
  3463,   102,   78000000,   18278549,        0,  -59721451,          0
  3463,   103,   78000000,   18539494,        0,  -59460506,          0
  3463,   104,   78000000,   18285502,        0,  -59714498,          0
  3463,   105,   78000000,   18278509,        0,  -59721491,          0
  3463,   106,   78000000,   18268392,        0,  -59731608,          0
  3463,   107,   78000000,   18297729,        0,  -59702271,          0
  3463,   108,   78000000,   18275057,        0,  -59724943,          0
  3463,   109,   78000000,   18288498,        0,  -59711502,          0
  3463,   110,   78000000,   18288487,        0,  -59711513,          0
  3463,   111,   78000000,   18559536,        0,  -59440464,          0
  3463,   112,   78000000,   18291797,        0,  -59708203,          0
  3463,   113,   78000000,   18279910,        0,  -59720090,          0
  3463,   114,   78000000,   18275783,        0,  -59724217,          0
  3463,   115,   78000000,   18317426,        0,  -59682574,          0
  3463,   116,   78000000,   18293977,        0,  -59706023,          0
  3463,   117,   78000000,   18304066,        0,  -59695934,          0
  3463,   118,   78000000,   18294786,        0,  -59705214,          0
  3463,   119,   78000000,   18561344,        0,  -59438656,          0
  3463,   120,   78000000,   18283658,        0,  -59716342,          0
  3463,   121,   78000000,   18288324,        0,  -59711676,          0
  3463,   122,   78000000,   18268226,        0,  -59731774,          0
  3463,   123,   78000000,   18290696,        0,  -59709304,          0
  3463,   124,   78000000,   18291201,        0,  -59708799,          0
  3463,   125,   78000000,   18286152,        0,  -59713848,          0
  3463,   126,   78000000,   18285856,        0,  -59714144,          0
  3463,   127,   78000000,   18552180,        0,  -59447820,          0
  3463,   128,   78000000,   18282861,        0,  -59717139,          0
  3463,   129,   78000000,   18283390,        0,  -59716610,          0
  3463,   130,   78000000,   18357970,        0,  -59642030,          0
  3463,   131,   78000000,   18293533,        0,  -59706467,          0
  3463,   132,   78000000,   18319095,        0,  -59680905,          0
# task NAME=myapp PID=3467 COST=38478000 PERIOD=98000000 CPU=0
  3467,     2,   98000000,       8865,        0,  -97991135,          0
  3467,     3,   98000000,      78746,        0,  -97921254,          0
  3467,     4,   98000000,   39768925,        0,  -58231075,          0
  3467,     5,   98000000,   37732953,        0,  -60267047,          0
  3467,     6,   98000000,   38032566,        0,  -59967434,          0
  3467,     7,   98000000,   37718207,        0,  -60281793,          0
  3467,     8,   98000000,   37749077,        0,  -60250923,          0
  3467,     9,   98000000,   37731400,        0,  -60268600,          0
  3467,    10,   98000000,   37739807,        0,  -60260193,          0
  3467,    11,   98000000,   38077349,        0,  -59922651,          0
  3467,    12,   98000000,   37829394,        0,  -60170606,          0
  3467,    13,   98000000,   37744804,        0,  -60255196,          0
  3467,    14,   98000000,   37829587,        0,  -60170413,          0
  3467,    15,   98000000,   38060157,        0,  -59939843,          0
  3467,    16,   98000000,   38025831,        0,  -59974169,          0
  3467,    17,   98000000,   37742531,        0,  -60257469,          0
  3467,    18,   98000000,   37801529,        0,  -60198471,          0
  3467,    19,   98000000,   37720050,        0,  -60279950,          0
  3467,    20,   98000000,   38099060,        0,  -59900940,          0
  3467,    21,   98000000,   37726187,        0,  -60273813,          0
  3467,    22,   98000000,   37769862,        0,  -60230138,          0
  3467,    23,   98000000,   37757980,        0,  -60242020,          0
  3467,    24,   98000000,   38045704,        0,  -59954296,          0
  3467,    25,   98000000,   38048623,        0,  -59951377,          0
  3467,    26,   98000000,   37744184,        0,  -60255816,          0
  3467,    27,   98000000,   37780035,        0,  -60219965,          0
  3467,    28,   98000000,   37752232,        0,  -60247768,          0
  3467,    29,   98000000,   38037336,        0,  -59962664,          0
  3467,    30,   98000000,   38074586,        0,  -59925414,          0
  3467,    31,   98000000,   37754687,        0,  -60245313,          0
  3467,    32,   98000000,   37742227,        0,  -60257773,          0
  3467,    33,   98000000,   37725432,        0,  -60274568,          0
  3467,    34,   98000000,   38062821,        0,  -59937179,          0
  3467,    35,   98000000,   37812376,        0,  -60187624,          0
  3467,    36,   98000000,   37775503,        0,  -60224497,          0
  3467,    37,   98000000,   37788126,        0,  -60211874,          0
  3467,    38,   98000000,   38042766,        0,  -59957234,          0
  3467,    39,   98000000,   38113809,        0,  -59886191,          0
  3467,    40,   98000000,   37770460,        0,  -60229540,          0
  3467,    41,   98000000,   37762446,        0,  -60237554,          0
  3467,    42,   98000000,   37746730,        0,  -60253270,          0
  3467,    43,   98000000,   38035322,        0,  -59964678,          0
  3467,    44,   98000000,   37753891,        0,  -60246109,          0
  3467,    45,   98000000,   37762513,        0,  -60237487,          0
  3467,    46,   98000000,   37767872,        0,  -60232128,          0
  3467,    47,   98000000,   37725412,        0,  -60274588,          0
  3467,    48,   98000000,   38029837,        0,  -59970163,          0
  3467,    49,   98000000,   37765909,        0,  -60234091,          0
  3467,    50,   98000000,   37780435,        0,  -60219565,          0
  3467,    51,   98000000,   37773405,        0,  -60226595,          0
  3467,    52,   98000000,   38038576,        0,  -59961424,          0
  3467,    53,   98000000,   38139027,        0,  -59860973,          0
  3467,    54,   98000000,   37753352,        0,  -60246648,          0
  3467,    55,   98000000,   37766672,        0,  -60233328,          0
  3467,    56,   98000000,   37808411,        0,  -60191589,          0
  3467,    57,   98000000,   38107894,        0,  -59892106,          0
  3467,    58,   98000000,   37777752,        0,  -60222248,          0
  3467,    59,   98000000,   37778714,        0,  -60221286,          0
  3467,    60,   98000000,   37851508,        0,  -60148492,          0
  3467,    61,   98000000,   37770601,        0,  -60229399,          0
  3467,    62,   98000000,   38043488,        0,  -59956512,          0
  3467,    63,   98000000,   37775653,        0,  -60224347,          0
  3467,    64,   98000000,   37742428,        0,  -60257572,          0
  3467,    65,   98000000,   37835579,        0,  -60164421,          0
  3467,    66,   98000000,   38048614,        0,  -59951386,          0
  3467,    67,   98000000,   38033720,        0,  -59966280,          0
  3467,    68,   98000000,   37730719,        0,  -60269281,          0
  3467,    69,   98000000,   37830941,        0,  -60169059,          0
  3467,    70,   98000000,   37734278,        0,  -60265722,          0
  3467,    71,   98000000,   38039496,        0,  -59960504,          0
  3467,    72,   98000000,   37784490,        0,  -60215510,          0
  3467,    73,   98000000,   37774042,        0,  -60225958,          0
  3467,    74,   98000000,   37771524,        0,  -60228476,          0
  3467,    75,   98000000,   37997237,        0,  -60002763,          0
  3467,    76,   98000000,   38073387,        0,  -59926613,          0
  3467,    77,   98000000,   37755006,        0,  -60244994,          0
  3467,    78,   98000000,   37744001,        0,  -60255999,          0
  3467,    79,   98000000,   37793833,        0,  -60206167,          0
  3467,    80,   98000000,   37989440,        0,  -60010560,          0
  3467,    81,   98000000,   37790058,        0,  -60209942,          0
  3467,    82,   98000000,   37751000,        0,  -60249000,          0
  3467,    83,   98000000,   37759287,        0,  -60240713,          0
  3467,    84,   98000000,   37819102,        0,  -60180898,          0
  3467,    85,   98000000,   38052032,        0,  -59947968,          0
  3467,    86,   98000000,   37797948,        0,  -60202052,          0
  3467,    87,   98000000,   37771851,        0,  -60228149,          0
  3467,    88,   98000000,   37771122,        0,  -60228878,          0
  3467,    89,   98000000,   38033051,        0,  -59966949,          0
  3467,    90,   98000000,   38007946,        0,  -59992054,          0
  3467,    91,   98000000,   37766033,        0,  -60233967,          0
  3467,    92,   98000000,   37759906,        0,  -60240094,          0
  3467,    93,   98000000,   37772519,        0,  -60227481,          0
  3467,    94,   98000000,   38122296,        0,  -59877704,          0
  3467,    95,   98000000,   37774128,        0,  -60225872,          0
  3467,    96,   98000000,   37778033,        0,  -60221967,          0
  3467,    97,   98000000,   37742595,        0,  -60257405,          0
  3467,    98,   98000000,   37755070,        0,  -60244930,          0
  3467,    99,   98000000,   38104664,        0,  -59895336,          0
  3467,   100,   98000000,   37767574,        0,  -60232426,          0
  3467,   101,   98000000,   37751259,        0,  -60248741,          0
  3467,   102,   98000000,   37759052,        0,  -60240948,          0
  3467,   103,   98000000,   38108863,        0,  -59891137,          0
  3467,   104,   98000000,   38134763,        0,  -59865237,          0
  3467,   105,   98000000,   37782437,        0,  -60217563,          0
  3467,   106,   98000000,   37722080,        0,  -60277920,          0
# task NAME=myapp PID=3471 COST=41908000 PERIOD=62000000 CPU=0
  3471,     2,   62000000,      10754,        0,  -61989246,          0
  3471,     3,   62000000,      52050,        0,  -61947950,          0
  3471,     4,   62000000,   42136934,        0,  -19863066,          0
  3471,     5,   62000000,   41113719,        0,  -20886281,          0
  3471,     6,   62000000,   41112106,        0,  -20887894,          0
  3471,     7,   62000000,   41088577,        0,  -20911423,          0
  3471,     8,   62000000,   41116742,        0,  -20883258,          0
  3471,     9,   62000000,   41102696,        0,  -20897304,          0
  3471,    10,   62000000,   41116213,        0,  -20883787,          0
  3471,    11,   62000000,   41132069,        0,  -20867931,          0
  3471,    12,   62000000,   41383694,        0,  -20616306,          0
  3471,    13,   62000000,   41121119,        0,  -20878881,          0
  3471,    14,   62000000,   41394721,        0,  -20605279,          0
  3471,    15,   62000000,   41138686,        0,  -20861314,          0
  3471,    16,   62000000,   41421661,        0,  -20578339,          0
  3471,    17,   62000000,   41156594,        0,  -20843406,          0
  3471,    18,   62000000,   41433017,        0,  -20566983,          0
  3471,    19,   62000000,   41134727,        0,  -20865273,          0
  3471,    20,   62000000,   41407972,        0,  -20592028,          0
  3471,    21,   62000000,   41118977,        0,  -20881023,          0
  3471,    22,   62000000,   41398127,        0,  -20601873,          0
  3471,    23,   62000000,   41115400,        0,  -20884600,          0
  3471,    24,   62000000,   41370538,        0,  -20629462,          0
  3471,    25,   62000000,   41085668,        0,  -20914332,          0
  3471,    26,   62000000,   41365552,        0,  -20634448,          0
  3471,    27,   62000000,   41105463,        0,  -20894537,          0
  3471,    28,   62000000,   41413005,        0,  -20586995,          0
  3471,    29,   62000000,   41095036,        0,  -20904964,          0
  3471,    30,   62000000,   41467434,        0,  -20532566,          0
  3471,    31,   62000000,   41096798,        0,  -20903202,          0
  3471,    32,   62000000,   41370575,        0,  -20629425,          0
  3471,    33,   62000000,   41126783,        0,  -20873217,          0
  3471,    34,   62000000,   41363994,        0,  -20636006,          0
  3471,    35,   62000000,   41134307,        0,  -20865693,          0
  3471,    36,   62000000,   41410139,        0,  -20589861,          0
  3471,    37,   62000000,   41102687,        0,  -20897313,          0
  3471,    38,   62000000,   41406376,        0,  -20593624,          0
  3471,    39,   62000000,   41144799,        0,  -20855201,          0
  3471,    40,   62000000,   41403919,        0,  -20596081,          0
  3471,    41,   62000000,   41125563,        0,  -20874437,          0
  3471,    42,   62000000,   41424985,        0,  -20575015,          0
  3471,    43,   62000000,   41118101,        0,  -20881899,          0
  3471,    44,   62000000,   41394199,        0,  -20605801,          0
  3471,    45,   62000000,   41113706,        0,  -20886294,          0
  3471,    46,   62000000,   41399670,        0,  -20600330,          0
  3471,    47,   62000000,   41154053,        0,  -20845947,          0
  3471,    48,   62000000,   41379193,        0,  -20620807,          0
  3471,    49,   62000000,   41129144,        0,  -20870856,          0
  3471,    50,   62000000,   41458722,        0,  -20541278,          0
  3471,    51,   62000000,   41089802,        0,  -20910198,          0
  3471,    52,   62000000,   41397937,        0,  -20602063,          0
  3471,    53,   62000000,   41121126,        0,  -20878874,          0
  3471,    54,   62000000,   41401306,        0,  -20598694,          0
  3471,    55,   62000000,   41129167,        0,  -20870833,          0
  3471,    56,   62000000,   41437422,        0,  -20562578,          0
  3471,    57,   62000000,   41189723,        0,  -20810277,          0
  3471,    58,   62000000,   41422652,        0,  -20577348,          0
  3471,    59,   62000000,   41122462,        0,  -20877538,          0
  3471,    60,   62000000,   41410900,        0,  -20589100,          0
  3471,    61,   62000000,   41183551,        0,  -20816449,          0
  3471,    62,   62000000,   43457740,        0,  -18542260,          0
  3471,    63,   62000000,   41146733,        0,  -20853267,          0
  3471,    64,   62000000,   41402086,        0,  -20597914,          0
  3471,    65,   62000000,   41123784,        0,  -20876216,          0
  3471,    66,   62000000,   41487180,        0,  -20512820,          0
  3471,    67,   62000000,   41165880,        0,  -20834120,          0
  3471,    68,   62000000,   41425864,        0,  -20574136,          0
  3471,    69,   62000000,   41143109,        0,  -20856891,          0
  3471,    70,   62000000,   41417183,        0,  -20582817,          0
  3471,    71,   62000000,   41129895,        0,  -20870105,          0
  3471,    72,   62000000,   41411721,        0,  -20588279,          0
  3471,    73,   62000000,   41128076,        0,  -20871924,          0
  3471,    74,   62000000,   41391278,        0,  -20608722,          0
  3471,    75,   62000000,   41160762,        0,  -20839238,          0
  3471,    76,   62000000,   41452586,        0,  -20547414,          0
  3471,    77,   62000000,   41166399,        0,  -20833601,          0
  3471,    78,   62000000,   41419607,        0,  -20580393,          0
  3471,    79,   62000000,   41163186,        0,  -20836814,          0
  3471,    80,   62000000,   41403456,        0,  -20596544,          0
  3471,    81,   62000000,   41153563,        0,  -20846437,          0
  3471,    82,   62000000,   41538062,        0,  -20461938,          0
  3471,    83,   62000000,   41146095,        0,  -20853905,          0
  3471,    84,   62000000,   41361806,        0,  -20638194,          0
  3471,    85,   62000000,   41143064,        0,  -20856936,          0
  3471,    86,   62000000,   41424515,        0,  -20575485,          0
  3471,    87,   62000000,   41127678,        0,  -20872322,          0
  3471,    88,   62000000,   41403498,        0,  -20596502,          0
  3471,    89,   62000000,   41116171,        0,  -20883829,          0
  3471,    90,   62000000,   41408778,        0,  -20591222,          0
  3471,    91,   62000000,   41120561,        0,  -20879439,          0
  3471,    92,   62000000,   41385908,        0,  -20614092,          0
  3471,    93,   62000000,   41118275,        0,  -20881725,          0
  3471,    94,   62000000,   41090277,        0,  -20909723,          0
  3471,    95,   62000000,   41111594,        0,  -20888406,          0
  3471,    96,   62000000,   41124616,        0,  -20875384,          0
  3471,    97,   62000000,   41168171,        0,  -20831829,          0
  3471,    98,   62000000,   41182832,        0,  -20817168,          0
  3471,    99,   62000000,   41103279,        0,  -20896721,          0
  3471,   100,   62000000,   41090471,        0,  -20909529,          0
  3471,   101,   62000000,   41137279,        0,  -20862721,          0
  3471,   102,   62000000,   41113628,        0,  -20886372,          0
  3471,   103,   62000000,   41092973,        0,  -20907027,          0
  3471,   104,   62000000,   41094408,        0,  -20905592,          0
  3471,   105,   62000000,   41091431,        0,  -20908569,          0
  3471,   106,   62000000,   41106849,        0,  -20893151,          0
  3471,   107,   62000000,   41111322,        0,  -20888678,          0
  3471,   108,   62000000,   41091798,        0,  -20908202,          0
  3471,   109,   62000000,   41139603,        0,  -20860397,          0
  3471,   110,   62000000,   41098718,        0,  -20901282,          0
  3471,   111,   62000000,   41122660,        0,  -20877340,          0
  3471,   112,   62000000,   41150345,        0,  -20849655,          0
  3471,   113,   62000000,   41124400,        0,  -20875600,          0
  3471,   114,   62000000,   41193360,        0,  -20806640,          0
  3471,   115,   62000000,   41092845,        0,  -20907155,          0
  3471,   116,   62000000,   41119997,        0,  -20880003,          0
  3471,   117,   62000000,   41081317,        0,  -20918683,          0
  3471,   118,   62000000,   41099808,        0,  -20900192,          0
  3471,   119,   62000000,   41072163,        0,  -20927837,          0
  3471,   120,   62000000,   41126661,        0,  -20873339,          0
  3471,   121,   62000000,   41112655,        0,  -20887345,          0
  3471,   122,   62000000,   41116543,        0,  -20883457,          0
  3471,   123,   62000000,   41092978,        0,  -20907022,          0
  3471,   124,   62000000,   41111093,        0,  -20888907,          0
  3471,   125,   62000000,   41110316,        0,  -20889684,          0
  3471,   126,   62000000,   41133326,        0,  -20866674,          0
  3471,   127,   62000000,   41082379,        0,  -20917621,          0
  3471,   128,   62000000,   41117384,        0,  -20882616,          0
  3471,   129,   62000000,   41110829,        0,  -20889171,          0
  3471,   130,   62000000,   41124711,        0,  -20875289,          0
  3471,   131,   62000000,   41138573,        0,  -20861427,          0
  3471,   132,   62000000,   41152447,        0,  -20847553,          0
  3471,   133,   62000000,   41106031,        0,  -20893969,          0
  3471,   134,   62000000,   41125123,        0,  -20874877,          0
  3471,   135,   62000000,   41146810,        0,  -20853190,          0
  3471,   136,   62000000,   41143447,        0,  -20856553,          0
  3471,   137,   62000000,   41368676,        0,  -20631324,          0
  3471,   138,   62000000,   41110682,        0,  -20889318,          0
  3471,   139,   62000000,   41438610,        0,  -20561390,          0
  3471,   140,   62000000,   41160398,        0,  -20839602,          0
  3471,   141,   62000000,   41428778,        0,  -20571222,          0
  3471,   142,   62000000,   41167733,        0,  -20832267,          0
  3471,   143,   62000000,   41416068,        0,  -20583932,          0
  3471,   144,   62000000,   41143595,        0,  -20856405,          0
  3471,   145,   62000000,   41429724,        0,  -20570276,          0
  3471,   146,   62000000,   41159252,        0,  -20840748,          0
  3471,   147,   62000000,   41413325,        0,  -20586675,          0
  3471,   148,   62000000,   41104981,        0,  -20895019,          0
  3471,   149,   62000000,   41381517,        0,  -20618483,          0
  3471,   150,   62000000,   41154719,        0,  -20845281,          0
  3471,   151,   62000000,   41414894,        0,  -20585106,          0
  3471,   152,   62000000,   41146517,        0,  -20853483,          0
  3471,   153,   62000000,   41416006,        0,  -20583994,          0
  3471,   154,   62000000,   41129532,        0,  -20870468,          0
  3471,   155,   62000000,   41472747,        0,  -20527253,          0
  3471,   156,   62000000,   41111120,        0,  -20888880,          0
  3471,   157,   62000000,   41358181,        0,  -20641819,          0
  3471,   158,   62000000,   41163266,        0,  -20836734,          0
  3471,   159,   62000000,   41434922,        0,  -20565078,          0
  3471,   160,   62000000,   41173391,        0,  -20826609,          0
  3471,   161,   62000000,   41475057,        0,  -20524943,          0
  3471,   162,   62000000,   41150388,        0,  -20849612,          0
  3471,   163,   62000000,   41383600,        0,  -20616400,          0
  3471,   164,   62000000,   41129305,        0,  -20870695,          0
  3471,   165,   62000000,   41406782,        0,  -20593218,          0
# task NAME=myapp PID=3475 COST=14073000 PERIOD=64000000 CPU=0
  3475,     2,   64000000,      11724,        0,  -63988276,          0
  3475,     3,   64000000,      65139,        0,  -63934861,          0
  3475,     4,   64000000,   15852471,        0,  -48147529,          0
  3475,     5,   64000000,   13844087,        0,  -50155913,          0
  3475,     6,   64000000,   13829867,        0,  -50170133,          0
  3475,     7,   64000000,   13828351,        0,  -50171649,          0
  3475,     8,   64000000,   13850900,        0,  -50149100,          0
  3475,     9,   64000000,   13831897,        0,  -50168103,          0
  3475,    10,   64000000,   13824130,        0,  -50175870,          0
  3475,    11,   64000000,   13831613,        0,  -50168387,          0
  3475,    12,   64000000,   13856542,        0,  -50143458,          0
  3475,    13,   64000000,   13841388,        0,  -50158612,          0
  3475,    14,   64000000,   13827953,        0,  -50172047,          0
  3475,    15,   64000000,   13832481,        0,  -50167519,          0
  3475,    16,   64000000,   13816810,        0,  -50183190,          0
  3475,    17,   64000000,   13821749,        0,  -50178251,          0
  3475,    18,   64000000,   13830671,        0,  -50169329,          0
  3475,    19,   64000000,   13834652,        0,  -50165348,          0
  3475,    20,   64000000,   13837420,        0,  -50162580,          0
  3475,    21,   64000000,   13832544,        0,  -50167456,          0
  3475,    22,   64000000,   13809888,        0,  -50190112,          0
  3475,    23,   64000000,   13816683,        0,  -50183317,          0
  3475,    24,   64000000,   13822731,        0,  -50177269,          0
  3475,    25,   64000000,   13819902,        0,  -50180098,          0
  3475,    26,   64000000,   13823530,        0,  -50176470,          0
  3475,    27,   64000000,   13868443,        0,  -50131557,          0
  3475,    28,   64000000,   13817533,        0,  -50182467,          0
  3475,    29,   64000000,   13844469,        0,  -50155531,          0
  3475,    30,   64000000,   13815868,        0,  -50184132,          0
  3475,    31,   64000000,   13828053,        0,  -50171947,          0
  3475,    32,   64000000,   13820370,        0,  -50179630,          0
  3475,    33,   64000000,   14130800,        0,  -49869200,          0
  3475,    34,   64000000,   13818237,        0,  -50181763,          0
  3475,    35,   64000000,   14114956,        0,  -49885044,          0
  3475,    36,   64000000,   13832515,        0,  -50167485,          0
  3475,    37,   64000000,   14124404,        0,  -49875596,          0
  3475,    38,   64000000,   13818514,        0,  -50181486,          0
  3475,    39,   64000000,   14113102,        0,  -49886898,          0
  3475,    40,   64000000,   13822623,        0,  -50177377,          0
  3475,    41,   64000000,   14114123,        0,  -49885877,          0
  3475,    42,   64000000,   13822779,        0,  -50177221,          0
  3475,    43,   64000000,   13818947,        0,  -50181053,          0
  3475,    44,   64000000,   13830867,        0,  -50169133,          0
  3475,    45,   64000000,   13833307,        0,  -50166693,          0
  3475,    46,   64000000,   13832280,        0,  -50167720,          0
  3475,    47,   64000000,   13826678,        0,  -50173322,          0
  3475,    48,   64000000,   13835466,        0,  -50164534,          0
  3475,    49,   64000000,   13830473,        0,  -50169527,          0
  3475,    50,   64000000,   13828131,        0,  -50171869,          0
  3475,    51,   64000000,   13839884,        0,  -50160116,          0
  3475,    52,   64000000,   13832777,        0,  -50167223,          0
  3475,    53,   64000000,   13831463,        0,  -50168537,          0
  3475,    54,   64000000,   13841356,        0,  -50158644,          0
  3475,    55,   64000000,   13837645,        0,  -50162355,          0
  3475,    56,   64000000,   13823449,        0,  -50176551,          0
  3475,    57,   64000000,   13828328,        0,  -50171672,          0
  3475,    58,   64000000,   13831676,        0,  -50168324,          0
  3475,    59,   64000000,   13831513,        0,  -50168487,          0
  3475,    60,   64000000,   13841733,        0,  -50158267,          0
  3475,    61,   64000000,   13829862,        0,  -50170138,          0
  3475,    62,   64000000,   13825666,        0,  -50174334,          0
  3475,    63,   64000000,   13864540,        0,  -50135460,          0
  3475,    64,   64000000,   13836705,        0,  -50163295,          0
  3475,    65,   64000000,   13824614,        0,  -50175386,          0
  3475,    66,   64000000,   13838462,        0,  -50161538,          0
  3475,    67,   64000000,   13833494,        0,  -50166506,          0
  3475,    68,   64000000,   13813552,        0,  -50186448,          0
  3475,    69,   64000000,   13856063,        0,  -50143937,          0
  3475,    70,   64000000,   13847113,        0,  -50152887,          0
  3475,    71,   64000000,   13837502,        0,  -50162498,          0
  3475,    72,   64000000,   13831938,        0,  -50168062,          0
  3475,    73,   64000000,   13818590,        0,  -50181410,          0
  3475,    74,   64000000,   13822856,        0,  -50177144,          0
  3475,    75,   64000000,   13832787,        0,  -50167213,          0
  3475,    76,   64000000,   14095605,        0,  -49904395,          0
  3475,    77,   64000000,   13813083,        0,  -50186917,          0
  3475,    78,   64000000,   14111135,        0,  -49888865,          0
  3475,    79,   64000000,   13831807,        0,  -50168193,          0
  3475,    80,   64000000,   15126395,        0,  -48873605,          0
  3475,    81,   64000000,   13816396,        0,  -50183604,          0
  3475,    82,   64000000,   14099381,        0,  -49900619,          0
  3475,    83,   64000000,   13820795,        0,  -50179205,          0
  3475,    84,   64000000,   13841047,        0,  -50158953,          0
  3475,    85,   64000000,   13850295,        0,  -50149705,          0
  3475,    86,   64000000,   13825622,        0,  -50174378,          0
  3475,    87,   64000000,   13826920,        0,  -50173080,          0
  3475,    88,   64000000,   13842711,        0,  -50157289,          0
  3475,    89,   64000000,   13831190,        0,  -50168810,          0
  3475,    90,   64000000,   13830838,        0,  -50169162,          0
  3475,    91,   64000000,   13826646,        0,  -50173354,          0
  3475,    92,   64000000,   13827850,        0,  -50172150,          0
  3475,    93,   64000000,   13832954,        0,  -50167046,          0
  3475,    94,   64000000,   13868611,        0,  -50131389,          0
  3475,    95,   64000000,   13832699,        0,  -50167301,          0
  3475,    96,   64000000,   13831799,        0,  -50168201,          0
  3475,    97,   64000000,   13819341,        0,  -50180659,          0
  3475,    98,   64000000,   13824222,        0,  -50175778,          0
  3475,    99,   64000000,   13839819,        0,  -50160181,          0
  3475,   100,   64000000,   13824332,        0,  -50175668,          0
  3475,   101,   64000000,   13839139,        0,  -50160861,          0
  3475,   102,   64000000,   13821931,        0,  -50178069,          0
  3475,   103,   64000000,   13816388,        0,  -50183612,          0
  3475,   104,   64000000,   13831018,        0,  -50168982,          0
  3475,   105,   64000000,   13831946,        0,  -50168054,          0
  3475,   106,   64000000,   13830019,        0,  -50169981,          0
  3475,   107,   64000000,   13806779,        0,  -50193221,          0
  3475,   108,   64000000,   13830108,        0,  -50169892,          0
  3475,   109,   64000000,   13836571,        0,  -50163429,          0
  3475,   110,   64000000,   13822734,        0,  -50177266,          0
  3475,   111,   64000000,   13912476,        0,  -50087524,          0
  3475,   112,   64000000,   13827256,        0,  -50172744,          0
  3475,   113,   64000000,   13831364,        0,  -50168636,          0
  3475,   114,   64000000,   13832600,        0,  -50167400,          0
  3475,   115,   64000000,   13825457,        0,  -50174543,          0
  3475,   116,   64000000,   13814999,        0,  -50185001,          0
  3475,   117,   64000000,   14108919,        0,  -49891081,          0
  3475,   118,   64000000,   13812160,        0,  -50187840,          0
  3475,   119,   64000000,   14099093,        0,  -49900907,          0
  3475,   120,   64000000,   13831026,        0,  -50168974,          0
  3475,   121,   64000000,   14114637,        0,  -49885363,          0
  3475,   122,   64000000,   13812054,        0,  -50187946,          0
  3475,   123,   64000000,   14106864,        0,  -49893136,          0
  3475,   124,   64000000,   13834905,        0,  -50165095,          0
  3475,   125,   64000000,   14087952,        0,  -49912048,          0
  3475,   126,   64000000,   13844756,        0,  -50155244,          0
  3475,   127,   64000000,   13821284,        0,  -50178716,          0
  3475,   128,   64000000,   13848467,        0,  -50151533,          0
  3475,   129,   64000000,   15874844,        0,  -48125156,          0
  3475,   130,   64000000,   13823244,        0,  -50176756,          0
  3475,   131,   64000000,   13822173,        0,  -50177827,          0
  3475,   132,   64000000,   13847274,        0,  -50152726,          0
  3475,   133,   64000000,   13830935,        0,  -50169065,          0
  3475,   134,   64000000,   13828268,        0,  -50171732,          0
  3475,   135,   64000000,   13832738,        0,  -50167262,          0
  3475,   136,   64000000,   13816658,        0,  -50183342,          0
  3475,   137,   64000000,   13826705,        0,  -50173295,          0
  3475,   138,   64000000,   13831753,        0,  -50168247,          0
  3475,   139,   64000000,   13815457,        0,  -50184543,          0
  3475,   140,   64000000,   13835034,        0,  -50164966,          0
  3475,   141,   64000000,   13832523,        0,  -50167477,          0
  3475,   142,   64000000,   13832336,        0,  -50167664,          0
  3475,   143,   64000000,   13824769,        0,  -50175231,          0
  3475,   144,   64000000,   13830015,        0,  -50169985,          0
  3475,   145,   64000000,   13821644,        0,  -50178356,          0
  3475,   146,   64000000,   13823627,        0,  -50176373,          0
  3475,   147,   64000000,   13856370,        0,  -50143630,          0
  3475,   148,   64000000,   13824953,        0,  -50175047,          0
  3475,   149,   64000000,   13810214,        0,  -50189786,          0
  3475,   150,   64000000,   13820782,        0,  -50179218,          0
  3475,   151,   64000000,   13816893,        0,  -50183107,          0
  3475,   152,   64000000,   13821172,        0,  -50178828,          0
  3475,   153,   64000000,   13853940,        0,  -50146060,          0
  3475,   154,   64000000,   13830432,        0,  -50169568,          0
  3475,   155,   64000000,   13830315,        0,  -50169685,          0
  3475,   156,   64000000,   13831301,        0,  -50168699,          0
  3475,   157,   64000000,   13832231,        0,  -50167769,          0
  3475,   158,   64000000,   14133631,        0,  -49866369,          0
  3475,   159,   64000000,   13829993,        0,  -50170007,          0
  3475,   160,   64000000,   14106516,        0,  -49893484,          0
