197 197 0
160 160 0
112 112 0
281 281 0
376 376 0
118 118 0
364 364 0
117 117 0
198 198 0
154 154 0
309 309 0
136 136 0
608 608 0
149 149 0
206 206 0
387 387 0
266 266 0
348 348 0
111 111 0
349 349 0
155 155 0
113 113 0
113 113 0
307 307 0
251 251 0
504 504 0
153 153 0
134 134 0
482 482 0
104 104 0
837 837 0
591 591 0
184 184 0
150 150 0
250 250 0
106 106 0
215 215 0
114 114 0
208 208 0
123 123 0
133 133 0
300 300 0
180 180 0
120 120 0
133 133 0
177 177 0
378 378 0
133 133 0
114 114 0
420 420 0
169 169 0
460 460 0
217 217 0
285 285 0
176 176 0
116 116 0
154 154 0
188 188 0
108 108 0
504 504 0
439 439 0
111 111 0
149 149 0
282 282 0
210 210 0
140 140 0
237 237 0
404 404 0
837 837 0
248 248 0
151 151 0
125 125 0
420 420 0
349 349 0
133 133 0
130 130 0
837 837 0
224 224 0
404 404 0
482 482 0
125 125 0
122 122 0
192 192 0
837 837 0
133 133 0
131 131 0
136 136 0
138 138 0
424 424 0
109 109 0
162 162 0
421 421 0
138 138 0
362 362 0
115 115 0
126 126 0
136 136 0
376 376 0
106 106 0
531 531 0
140 140 0
107 107 0
189 189 0
248 248 0
164 164 0
217 217 0
129 129 0
424 424 0
124 124 0
505 505 0
916 916 0
774 774 0
915 915 0
108 108 0
112 112 0
481 481 0
123 123 0
290 290 0
132 132 0
178 178 0
405 405 0
173 173 0
167 167 0
261 261 0
119 119 0
172 172 0
233 233 0
156 156 0
215 215 0
110 110 0
118 118 0
225 225 0
177 177 0
155 155 0
720 720 0
149 149 0
105 105 0
156 156 0
773 773 0
420 420 0
291 291 0
329 329 0
174 174 0
156 156 0
