719 719 0
246 246 0
317 317 0
216 216 0
458 458 0
116 116 0
106 106 0
105 105 0
167 167 0
125 125 0
173 173 0
243 243 0
215 215 0
169 169 0
220 220 0
231 231 0
139 139 0
165 165 0
143 143 0
363 363 0
289 289 0
126 126 0
912 912 0
227 227 0
109 109 0
364 364 0
119 119 0
110 110 0
409 409 0
166 166 0
216 216 0
362 362 0
444 444 0
306 306 0
212 212 0
558 558 0
121 121 0
439 439 0
591 591 0
158 158 0
107 107 0
134 134 0
317 317 0
117 117 0
144 144 0
232 232 0
176 176 0
177 177 0
196 196 0
132 132 0
185 185 0
315 315 0
108 108 0
176 176 0
171 171 0
260 260 0
168 168 0
124 124 0
154 154 0
129 129 0
141 141 0
129 129 0
235 235 0
106 106 0
115 115 0
480 480 0
420 420 0
166 166 0
297 297 0
139 139 0
114 114 0
105 105 0
178 178 0
561 561 0
158 158 0
248 248 0
361 361 0
137 137 0
628 628 0
124 124 0
262 262 0
260 260 0
164 164 0
235 235 0
172 172 0
110 110 0
180 180 0
298 298 0
106 106 0
247 247 0
912 912 0
125 125 0
420 420 0
106 106 0
160 160 0
157 157 0
104 104 0
117 117 0
260 260 0
325 325 0
220 220 0
171 171 0
115 115 0
139 139 0
110 110 0
117 117 0
130 130 0
134 134 0
129 129 0
161 161 0
170 170 0
262 262 0
348 348 0
309 309 0
278 278 0
169 169 0
169 169 0
120 120 0
238 238 0
363 363 0
