# Task,   Job,     Period,   Response, DL Miss?,   Lateness,  Tardiness
# task NAME=myapp PID=32097 COST=48210000 PERIOD=72000000 CPU=0
 32097,     2,   72000000,       8005,        0,  -71991995,          0
 32097,     3,   72000000,      53032,        0,  -71946968,          0
 32097,     4,   72000000,   50649625,        0,  -21350375,          0
 32097,     5,   72000000,   47240466,        0,  -24759534,          0
 32097,     6,   72000000,   47215314,        0,  -24784686,          0
 32097,     7,   72000000,   52342783,        0,  -19657217,          0
 32097,     8,   72000000,   55373177,        0,  -16626823,          0
 32097,     9,   72000000,   53299095,        0,  -18700905,          0
 32097,    10,   72000000,   49270670,        0,  -22729330,          0
 32097,    11,   72000000,   49363537,        0,  -22636463,          0
 32097,    12,   72000000,   48311933,        0,  -23688067,          0
 32097,    13,   72000000,   52057061,        0,  -19942939,          0
 32097,    14,   72000000,   54889178,        0,  -17110822,          0
 32097,    15,   72000000,   53629888,        0,  -18370112,          0
 32097,    16,   72000000,   48817533,        0,  -23182467,          0
 32097,    17,   72000000,   49959639,        0,  -22040361,          0
 32097,    18,   72000000,   49753206,        0,  -22246794,          0
 32097,    19,   72000000,   50835704,        0,  -21164296,          0
 32097,    20,   72000000,   51356128,        0,  -20643872,          0
 32097,    21,   72000000,   54673427,        0,  -17326573,          0
 32097,    22,   72000000,   50503704,        0,  -21496296,          0
 32097,    23,   72000000,   52497186,        0,  -19502814,          0
 32097,    24,   72000000,   49240200,        0,  -22759800,          0
 32097,    25,   72000000,   47246690,        0,  -24753310,          0
 32097,    26,   72000000,   49563612,        0,  -22436388,          0
 32097,    27,   72000000,   56177136,        0,  -15822864,          0
 32097,    28,   72000000,   51437222,        0,  -20562778,          0
 32097,    29,   72000000,   51187643,        0,  -20812357,          0
 32097,    30,   72000000,   50518611,        0,  -21481389,          0
 32097,    31,   72000000,   50085749,        0,  -21914251,          0
 32097,    32,   72000000,   54345716,        0,  -17654284,          0
 32097,    33,   72000000,   54912675,        0,  -17087325,          0
 32097,    34,   72000000,   52336665,        0,  -19663335,          0
 32097,    35,   72000000,   49823293,        0,  -22176707,          0
 32097,    36,   72000000,   50228111,        0,  -21771889,          0
 32097,    37,   72000000,   47507016,        0,  -24492984,          0
 32097,    38,   72000000,   52303029,        0,  -19696971,          0
 32097,    39,   72000000,   53555084,        0,  -18444916,          0
 32097,    40,   72000000,   54635833,        0,  -17364167,          0
 32097,    41,   72000000,   50943930,        0,  -21056070,          0
 32097,    42,   72000000,   48648896,        0,  -23351104,          0
 32097,    43,   72000000,   47254327,        0,  -24745673,          0
 32097,    44,   72000000,   49306853,        0,  -22693147,          0
 32097,    45,   72000000,   53752464,        0,  -18247536,          0
 32097,    46,   72000000,   51253202,        0,  -20746798,          0
 32097,    47,   72000000,   49592104,        0,  -22407896,          0
 32097,    48,   72000000,   47593259,        0,  -24406741,          0
 32097,    49,   72000000,   47660209,        0,  -24339791,          0
 32097,    50,   72000000,   50653270,        0,  -21346730,          0
 32097,    51,   72000000,   53484351,        0,  -18515649,          0
 32097,    52,   72000000,   49513841,        0,  -22486159,          0
 32097,    53,   72000000,   48817634,        0,  -23182366,          0
 32097,    54,   72000000,   51126856,        0,  -20873144,          0
 32097,    55,   72000000,   53747708,        0,  -18252292,          0
 32097,    56,   72000000,   52903525,        0,  -19096475,          0
 32097,    57,   72000000,   50310031,        0,  -21689969,          0
 32097,    58,   72000000,   52475633,        0,  -19524367,          0
 32097,    59,   72000000,   50527332,        0,  -21472668,          0
 32097,    60,   72000000,   50667584,        0,  -21332416,          0
 32097,    61,   72000000,   50046429,        0,  -21953571,          0
 32097,    62,   72000000,   47537043,        0,  -24462957,          0
 32097,    63,   72000000,   49424124,        0,  -22575876,          0
 32097,    64,   72000000,   54758901,        0,  -17241099,          0
 32097,    65,   72000000,   50795215,        0,  -21204785,          0
 32097,    66,   72000000,   49700617,        0,  -22299383,          0
 32097,    67,   72000000,   49433160,        0,  -22566840,          0
 32097,    68,   72000000,   49851297,        0,  -22148703,          0
 32097,    69,   72000000,   51906385,        0,  -20093615,          0
 32097,    70,   72000000,   51744697,        0,  -20255303,          0
 32097,    71,   72000000,   52193996,        0,  -19806004,          0
 32097,    72,   72000000,   53258227,        0,  -18741773,          0
 32097,    73,   72000000,   50713642,        0,  -21286358,          0
 32097,    74,   72000000,   48107502,        0,  -23892498,          0
 32097,    75,   72000000,   51756441,        0,  -20243559,          0
 32097,    76,   72000000,   53821691,        0,  -18178309,          0
 32097,    77,   72000000,   55506210,        0,  -16493790,          0
 32097,    78,   72000000,   51166627,        0,  -20833373,          0
 32097,    79,   72000000,   50044115,        0,  -21955885,          0
 32097,    80,   72000000,   47516509,        0,  -24483491,          0
 32097,    81,   72000000,   50752337,        0,  -21247663,          0
 32097,    82,   72000000,   56487189,        0,  -15512811,          0
 32097,    83,   72000000,   52877947,        0,  -19122053,          0
 32097,    84,   72000000,   49864724,        0,  -22135276,          0
 32097,    85,   72000000,   49508580,        0,  -22491420,          0
 32097,    86,   72000000,   47483700,        0,  -24516300,          0
 32097,    87,   72000000,   52543342,        0,  -19456658,          0
 32097,    88,   72000000,   53426959,        0,  -18573041,          0
 32097,    89,   72000000,   50806215,        0,  -21193785,          0
 32097,    90,   72000000,   48422820,        0,  -23577180,          0
 32097,    91,   72000000,   52257813,        0,  -19742187,          0
 32097,    92,   72000000,   53069788,        0,  -18930212,          0
 32097,    93,   72000000,   51647597,        0,  -20352403,          0
 32097,    94,   72000000,   51297163,        0,  -20702837,          0
 32097,    95,   72000000,   53618653,        0,  -18381347,          0
 32097,    96,   72000000,   53548925,        0,  -18451075,          0
 32097,    97,   72000000,   50312664,        0,  -21687336,          0
 32097,    98,   72000000,   47407373,        0,  -24592627,          0
 32097,    99,   72000000,   47518748,        0,  -24481252,          0
 32097,   100,   72000000,   49867012,        0,  -22132988,          0
 32097,   101,   72000000,   53520602,        0,  -18479398,          0
 32097,   102,   72000000,   50772925,        0,  -21227075,          0
 32097,   103,   72000000,   48811267,        0,  -23188733,          0
 32097,   104,   72000000,   52413881,        0,  -19586119,          0
 32097,   105,   72000000,   48413524,        0,  -23586476,          0
 32097,   106,   72000000,   52178127,        0,  -19821873,          0
 32097,   107,   72000000,   51900556,        0,  -20099444,          0
 32097,   108,   72000000,   51697940,        0,  -20302060,          0
 32097,   109,   72000000,   51111672,        0,  -20888328,          0
 32097,   110,   72000000,   53292832,        0,  -18707168,          0
 32097,   111,   72000000,   48097500,        0,  -23902500,          0
 32097,   112,   72000000,   49494920,        0,  -22505080,          0
 32097,   113,   72000000,   57093884,        0,  -14906116,          0
 32097,   114,   72000000,   53280817,        0,  -18719183,          0
 32097,   115,   72000000,   51847915,        0,  -20152085,          0
 32097,   116,   72000000,   49331474,        0,  -22668526,          0
 32097,   117,   72000000,   47257055,        0,  -24742945,          0
 32097,   118,   72000000,   47961597,        0,  -24038403,          0
 32097,   119,   72000000,   53774167,        0,  -18225833,          0
 32097,   120,   72000000,   54704275,        0,  -17295725,          0
 32097,   121,   72000000,   51409031,        0,  -20590969,          0
 32097,   122,   72000000,   48522945,        0,  -23477055,          0
 32097,   123,   72000000,   49211471,        0,  -22788529,          0
 32097,   124,   72000000,   51325433,        0,  -20674567,          0
 32097,   125,   72000000,   54305209,        0,  -17694791,          0
 32097,   126,   72000000,   50406964,        0,  -21593036,          0
 32097,   127,   72000000,   51150080,        0,  -20849920,          0
 32097,   128,   72000000,   52203659,        0,  -19796341,          0
 32097,   129,   72000000,   49848212,        0,  -22151788,          0
 32097,   130,   72000000,   54965643,        0,  -17034357,          0
 32097,   131,   72000000,   50305008,        0,  -21694992,          0
 32097,   132,   72000000,   52446110,        0,  -19553890,          0
 32097,   133,   72000000,   51751267,        0,  -20248733,          0
 32097,   134,   72000000,   52294484,        0,  -19705516,          0
 32097,   135,   72000000,   49240845,        0,  -22759155,          0
 32097,   136,   72000000,   47214337,        0,  -24785663,          0
 32097,   137,   72000000,   49029809,        0,  -22970191,          0
 32097,   138,   72000000,   51362726,        0,  -20637274,          0
 32097,   139,   72000000,   52509574,        0,  -19490426,          0
 32097,   140,   72000000,   51370500,        0,  -20629500,          0
 32097,   141,   72000000,   50728160,        0,  -21271840,          0
 32097,   142,   72000000,   48234759,        0,  -23765241,          0
# task NAME=myapp PID=32100 COST=72158000 PERIOD=86000000 CPU=0
 32100,     2,   86000000,       8293,        0,  -85991707,          0
 32100,     3,   86000000,      32828,        0,  -85967172,          0
 32100,     4,   86000000,   73836386,        0,  -12163614,          0
 32100,     5,   86000000,   73434406,        0,  -12565594,          0
 32100,     6,   86000000,   77247836,        0,   -8752164,          0
 32100,     7,   86000000,   77139604,        0,   -8860396,          0
 32100,     8,   86000000,   74680612,        0,  -11319388,          0
 32100,     9,   86000000,   73680249,        0,  -12319751,          0
 32100,    10,   86000000,   71272236,        0,  -14727764,          0
 32100,    11,   86000000,   76167731,        0,   -9832269,          0
 32100,    12,   86000000,   77932647,        0,   -8067353,          0
 32100,    13,   86000000,   74748395,        0,  -11251605,          0
 32100,    14,   86000000,   73948811,        0,  -12051189,          0
 32100,    15,   86000000,   73184349,        0,  -12815651,          0
 32100,    16,   86000000,   74046225,        0,  -11953775,          0
 32100,    17,   86000000,   72729933,        0,  -13270067,          0
 32100,    18,   86000000,   75843166,        0,  -10156834,          0
 32100,    19,   86000000,   75625742,        0,  -10374258,          0
 32100,    20,   86000000,   72328238,        0,  -13671762,          0
 32100,    21,   86000000,   71967081,        0,  -14032919,          0
 32100,    22,   86000000,   75796006,        0,  -10203994,          0
 32100,    23,   86000000,   76842119,        0,   -9157881,          0
 32100,    24,   86000000,   76249304,        0,   -9750696,          0
 32100,    25,   86000000,   70946476,        0,  -15053524,          0
 32100,    26,   86000000,   70727985,        0,  -15272015,          0
 32100,    27,   86000000,   77901270,        0,   -8098730,          0
 32100,    28,   86000000,   74576364,        0,  -11423636,          0
 32100,    29,   86000000,   82791049,        0,   -3208951,          0
 32100,    30,   86000000,   74085900,        0,  -11914100,          0
 32100,    31,   86000000,   72936306,        0,  -13063694,          0
 32100,    32,   86000000,   73634193,        0,  -12365807,          0
 32100,    33,   86000000,   76850108,        0,   -9149892,          0
 32100,    34,   86000000,   79795601,        0,   -6204399,          0
 32100,    35,   86000000,   74008794,        0,  -11991206,          0
 32100,    36,   86000000,   72712725,        0,  -13287275,          0
 32100,    37,   86000000,   74492771,        0,  -11507229,          0
 32100,    38,   86000000,   77107983,        0,   -8892017,          0
 32100,    39,   86000000,   76483326,        0,   -9516674,          0
 32100,    40,   86000000,   74145607,        0,  -11854393,          0
 32100,    41,   86000000,   71446014,        0,  -14553986,          0
 32100,    42,   86000000,   74085830,        0,  -11914170,          0
 32100,    43,   86000000,   78020402,        0,   -7979598,          0
 32100,    44,   86000000,   75128976,        0,  -10871024,          0
 32100,    45,   86000000,   74362984,        0,  -11637016,          0
 32100,    46,   86000000,   73394071,        0,  -12605929,          0
 32100,    47,   86000000,   75331958,        0,  -10668042,          0
 32100,    48,   86000000,   74773184,        0,  -11226816,          0
 32100,    49,   86000000,   75373946,        0,  -10626054,          0
 32100,    50,   86000000,   76303840,        0,   -9696160,          0
 32100,    51,   86000000,   71084482,        0,  -14915518,          0
 32100,    52,   86000000,   75108582,        0,  -10891418,          0
 32100,    53,   86000000,   74293304,        0,  -11706696,          0
 32100,    54,   86000000,   76845700,        0,   -9154300,          0
 32100,    55,   86000000,   75077429,        0,  -10922571,          0
 32100,    56,   86000000,   72802086,        0,  -13197914,          0
 32100,    57,   86000000,   73358634,        0,  -12641366,          0
 32100,    58,   86000000,   75816663,        0,  -10183337,          0
 32100,    59,   86000000,   76507840,        0,   -9492160,          0
 32100,    60,   86000000,   82232534,        0,   -3767466,          0
 32100,    61,   86000000,   72735847,        0,  -13264153,          0
 32100,    62,   86000000,   70897724,        0,  -15102276,          0
 32100,    63,   86000000,   74142711,        0,  -11857289,          0
 32100,    64,   86000000,   74789224,        0,  -11210776,          0
 32100,    65,   86000000,   76857077,        0,   -9142923,          0
 32100,    66,   86000000,   73332812,        0,  -12667188,          0
 32100,    67,   86000000,   71942747,        0,  -14057253,          0
 32100,    68,   86000000,   75938817,        0,  -10061183,          0
 32100,    69,   86000000,   78462427,        0,   -7537573,          0
 32100,    70,   86000000,   76116128,        0,   -9883872,          0
 32100,    71,   86000000,   73046837,        0,  -12953163,          0
 32100,    72,   86000000,   73396774,        0,  -12603226,          0
 32100,    73,   86000000,   74991571,        0,  -11008429,          0
 32100,    74,   86000000,   76864484,        0,   -9135516,          0
 32100,    75,   86000000,   75704451,        0,  -10295549,          0
 32100,    76,   86000000,   72954633,        0,  -13045367,          0
 32100,    77,   86000000,   73733561,        0,  -12266439,          0
 32100,    78,   86000000,   75864143,        0,  -10135857,          0
 32100,    79,   86000000,   74187962,        0,  -11812038,          0
 32100,    80,   86000000,   76156734,        0,   -9843266,          0
 32100,    81,   86000000,   76286864,        0,   -9713136,          0
 32100,    82,   86000000,   70938800,        0,  -15061200,          0
 32100,    83,   86000000,   73573334,        0,  -12426666,          0
 32100,    84,   86000000,   72813617,        0,  -13186383,          0
 32100,    85,   86000000,   76142864,        0,   -9857136,          0
 32100,    86,   86000000,   80113681,        0,   -5886319,          0
 32100,    87,   86000000,   72814005,        0,  -13185995,          0
 32100,    88,   86000000,   70923417,        0,  -15076583,          0
 32100,    89,   86000000,   76467543,        0,   -9532457,          0
 32100,    90,   86000000,   75391023,        0,  -10608977,          0
 32100,    91,   86000000,   81116507,        0,   -4883493,          0
 32100,    92,   86000000,   73902607,        0,  -12097393,          0
 32100,    93,   86000000,   71674176,        0,  -14325824,          0
 32100,    94,   86000000,   74985902,        0,  -11014098,          0
 32100,    95,   86000000,   77814504,        0,   -8185496,          0
 32100,    96,   86000000,   81354683,        0,   -4645317,          0
 32100,    97,   86000000,   72953334,        0,  -13046666,          0
 32100,    98,   86000000,   71287903,        0,  -14712097,          0
 32100,    99,   86000000,   76629208,        0,   -9370792,          0
 32100,   100,   86000000,   77592517,        0,   -8407483,          0
 32100,   101,   86000000,   78302701,        0,   -7697299,          0
 32100,   102,   86000000,   72582410,        0,  -13417590,          0
 32100,   103,   86000000,   70652020,        0,  -15347980,          0
 32100,   104,   86000000,   73585577,        0,  -12414423,          0
 32100,   105,   86000000,   76037503,        0,   -9962497,          0
 32100,   106,   86000000,   77384639,        0,   -8615361,          0
 32100,   107,   86000000,   75955644,        0,  -10044356,          0
 32100,   108,   86000000,   75477770,        0,  -10522230,          0
 32100,   109,   86000000,   76307161,        0,   -9692839,          0
 32100,   110,   86000000,   73639562,        0,  -12360438,          0
 32100,   111,   86000000,   78859305,        0,   -7140695,          0
 32100,   112,   86000000,   77466951,        0,   -8533049,          0
 32100,   113,   86000000,   72876099,        0,  -13123901,          0
 32100,   114,   86000000,   73275116,        0,  -12724884,          0
 32100,   115,   86000000,   74855895,        0,  -11144105,          0
 32100,   116,   86000000,   75883502,        0,  -10116498,          0
 32100,   117,   86000000,   78014415,        0,   -7985585,          0
 32100,   118,   86000000,   73881045,        0,  -12118955,          0
 32100,   119,   86000000,   70897043,        0,  -15102957,          0
 32100,   120,   86000000,   71309331,        0,  -14690669,          0
# task NAME=myapp PID=32104 COST=25831000 PERIOD=37000000 CPU=0
 32104,     2,   37000000,       8615,        0,  -36991385,          0
 32104,     3,   37000000,      36830,        0,  -36963170,          0
 32104,     4,   37000000,   26366276,        0,  -10633724,          0
 32104,     5,   37000000,   29571445,        0,   -7428555,          0
 32104,     6,   37000000,   25466186,        0,  -11533814,          0
 32104,     7,   37000000,   26455178,        0,  -10544822,          0
 32104,     8,   37000000,   27509397,        0,   -9490603,          0
 32104,     9,   37000000,   25573404,        0,  -11426596,          0
 32104,    10,   37000000,   27371213,        0,   -9628787,          0
 32104,    11,   37000000,   27843798,        0,   -9156202,          0
 32104,    12,   37000000,   25305652,        0,  -11694348,          0
 32104,    13,   37000000,   33493711,        0,   -3506289,          0
 32104,    14,   37000000,   25398101,        0,  -11601899,          0
 32104,    15,   37000000,   32650558,        0,   -4349442,          0
 32104,    16,   37000000,   26338500,        0,  -10661500,          0
 32104,    17,   37000000,   28182179,        0,   -8817821,          0
 32104,    18,   37000000,   26647264,        0,  -10352736,          0
 32104,    19,   37000000,   25311713,        0,  -11688287,          0
 32104,    20,   37000000,   25364017,        0,  -11635983,          0
 32104,    21,   37000000,   29591219,        0,   -7408781,          0
 32104,    22,   37000000,   26346438,        0,  -10653562,          0
 32104,    23,   37000000,   31442912,        0,   -5557088,          0
 32104,    24,   37000000,   25453292,        0,  -11546708,          0
 32104,    25,   37000000,   32779296,        0,   -4220704,          0
 32104,    26,   37000000,   27440488,        0,   -9559512,          0
 32104,    27,   37000000,   27618811,        0,   -9381189,          0
 32104,    28,   37000000,   25698986,        0,  -11301014,          0
 32104,    29,   37000000,   25306521,        0,  -11693479,          0
 32104,    30,   37000000,   28405184,        0,   -8594816,          0
 32104,    31,   37000000,   27204303,        0,   -9795697,          0
 32104,    32,   37000000,   27659477,        0,   -9340523,          0
 32104,    33,   37000000,   28484091,        0,   -8515909,          0
 32104,    34,   37000000,   25369991,        0,  -11630009,          0
 32104,    35,   37000000,   28536075,        0,   -8463925,          0
 32104,    36,   37000000,   26928124,        0,  -10071876,          0
 32104,    37,   37000000,   27351159,        0,   -9648841,          0
 32104,    38,   37000000,   30925322,        0,   -6074678,          0
 32104,    39,   37000000,   27781863,        0,   -9218137,          0
 32104,    40,   37000000,   31120707,        0,   -5879293,          0
 32104,    41,   37000000,   25322191,        0,  -11677809,          0
 32104,    42,   37000000,   28241027,        0,   -8758973,          0
 32104,    43,   37000000,   27254870,        0,   -9745130,          0
 32104,    44,   37000000,   25766138,        0,  -11233862,          0
 32104,    45,   37000000,   27893470,        0,   -9106530,          0
 32104,    46,   37000000,   26790804,        0,  -10209196,          0
 32104,    47,   37000000,   25514043,        0,  -11485957,          0
 32104,    48,   37000000,   27700262,        0,   -9299738,          0
 32104,    49,   37000000,   26436082,        0,  -10563918,          0
 32104,    50,   37000000,   31708077,        0,   -5291923,          0
 32104,    51,   37000000,   26364063,        0,  -10635937,          0
 32104,    52,   37000000,   29633555,        0,   -7366445,          0
 32104,    53,   37000000,   25439946,        0,  -11560054,          0
 32104,    54,   37000000,   25374577,        0,  -11625423,          0
 32104,    55,   37000000,   25659290,        0,  -11340710,          0
 32104,    56,   37000000,   25553726,        0,  -11446274,          0
 32104,    57,   37000000,   25627978,        0,  -11372022,          0
 32104,    58,   37000000,   26479564,        0,  -10520436,          0
 32104,    59,   37000000,   26526677,        0,  -10473323,          0
 32104,    60,   37000000,   31699322,        0,   -5300678,          0
 32104,    61,   37000000,   25323753,        0,  -11676247,          0
 32104,    62,   37000000,   28724960,        0,   -8275040,          0
 32104,    63,   37000000,   27649571,        0,   -9350429,          0
 32104,    64,   37000000,   26992843,        0,  -10007157,          0
 32104,    65,   37000000,   28469498,        0,   -8530502,          0
 32104,    66,   37000000,   26305338,        0,  -10694662,          0
 32104,    67,   37000000,   27857087,        0,   -9142913,          0
 32104,    68,   37000000,   26678773,        0,  -10321227,          0
 32104,    69,   37000000,   26098651,        0,  -10901349,          0
 32104,    70,   37000000,   28613629,        0,   -8386371,          0
 32104,    71,   37000000,   25407798,        0,  -11592202,          0
 32104,    72,   37000000,   28862443,        0,   -8137557,          0
 32104,    73,   37000000,   28188410,        0,   -8811590,          0
 32104,    74,   37000000,   27711985,        0,   -9288015,          0
 32104,    75,   37000000,   30397295,        0,   -6602705,          0
 32104,    76,   37000000,   25860970,        0,  -11139030,          0
 32104,    77,   37000000,   29579130,        0,   -7420870,          0
 32104,    78,   37000000,   25692225,        0,  -11307775,          0
 32104,    79,   37000000,   27755850,        0,   -9244150,          0
 32104,    80,   37000000,   28282899,        0,   -8717101,          0
 32104,    81,   37000000,   27082445,        0,   -9917555,          0
 32104,    82,   37000000,   26785410,        0,  -10214590,          0
 32104,    83,   37000000,   27865969,        0,   -9134031,          0
 32104,    84,   37000000,   25694149,        0,  -11305851,          0
 32104,    85,   37000000,   30670175,        0,   -6329825,          0
 32104,    86,   37000000,   25856826,        0,  -11143174,          0
 32104,    87,   37000000,   32817353,        0,   -4182647,          0
 32104,    88,   37000000,   25592316,        0,  -11407684,          0
 32104,    89,   37000000,   28757303,        0,   -8242697,          0
 32104,    90,   37000000,   25346019,        0,  -11653981,          0
 32104,    91,   37000000,   25369614,        0,  -11630386,          0
 32104,    92,   37000000,   25824475,        0,  -11175525,          0
 32104,    93,   37000000,   25340850,        0,  -11659150,          0
 32104,    94,   37000000,   26252097,        0,  -10747903,          0
 32104,    95,   37000000,   28784749,        0,   -8215251,          0
 32104,    96,   37000000,   25596712,        0,  -11403288,          0
 32104,    97,   37000000,   31099735,        0,   -5900265,          0
 32104,    98,   37000000,   27646254,        0,   -9353746,          0
 32104,    99,   37000000,   28941392,        0,   -8058608,          0
 32104,   100,   37000000,   25363480,        0,  -11636520,          0
 32104,   101,   37000000,   28581508,        0,   -8418492,          0
 32104,   102,   37000000,   27889847,        0,   -9110153,          0
 32104,   103,   37000000,   27015623,        0,   -9984377,          0
 32104,   104,   37000000,   28909965,        0,   -8090035,          0
 32104,   105,   37000000,   28256256,        0,   -8743744,          0
 32104,   106,   37000000,   26255337,        0,  -10744663,          0
 32104,   107,   37000000,   28260877,        0,   -8739123,          0
 32104,   108,   37000000,   27361312,        0,   -9638688,          0
 32104,   109,   37000000,   28167801,        0,   -8832199,          0
 32104,   110,   37000000,   30328333,        0,   -6671667,          0
 32104,   111,   37000000,   25317922,        0,  -11682078,          0
 32104,   112,   37000000,   29683485,        0,   -7316515,          0
 32104,   113,   37000000,   26762226,        0,  -10237774,          0
 32104,   114,   37000000,   29405108,        0,   -7594892,          0
 32104,   115,   37000000,   25308116,        0,  -11691884,          0
 32104,   116,   37000000,   25664124,        0,  -11335876,          0
 32104,   117,   37000000,   27224481,        0,   -9775519,          0
 32104,   118,   37000000,   28054454,        0,   -8945546,          0
 32104,   119,   37000000,   25471809,        0,  -11528191,          0
 32104,   120,   37000000,   27349148,        0,   -9650852,          0
 32104,   121,   37000000,   25614415,        0,  -11385585,          0
 32104,   122,   37000000,   32290601,        0,   -4709399,          0
 32104,   123,   37000000,   25789504,        0,  -11210496,          0
 32104,   124,   37000000,   31656783,        0,   -5343217,          0
 32104,   125,   37000000,   25404412,        0,  -11595588,          0
 32104,   126,   37000000,   25669593,        0,  -11330407,          0
 32104,   127,   37000000,   26416890,        0,  -10583110,          0
 32104,   128,   37000000,   26394280,        0,  -10605720,          0
 32104,   129,   37000000,   25623812,        0,  -11376188,          0
 32104,   130,   37000000,   29620685,        0,   -7379315,          0
 32104,   131,   37000000,   25479052,        0,  -11520948,          0
 32104,   132,   37000000,   32620937,        0,   -4379063,          0
 32104,   133,   37000000,   25619407,        0,  -11380593,          0
 32104,   134,   37000000,   29358675,        0,   -7641325,          0
 32104,   135,   37000000,   27393934,        0,   -9606066,          0
 32104,   136,   37000000,   28286096,        0,   -8713904,          0
 32104,   137,   37000000,   27482680,        0,   -9517320,          0
 32104,   138,   37000000,   25335977,        0,  -11664023,          0
 32104,   139,   37000000,   26600333,        0,  -10399667,          0
 32104,   140,   37000000,   27727250,        0,   -9272750,          0
 32104,   141,   37000000,   25339257,        0,  -11660743,          0
 32104,   142,   37000000,   25315075,        0,  -11684925,          0
 32104,   143,   37000000,   25673853,        0,  -11326147,          0
 32104,   144,   37000000,   29441724,        0,   -7558276,          0
 32104,   145,   37000000,   27596001,        0,   -9403999,          0
 32104,   146,   37000000,   28826552,        0,   -8173448,          0
 32104,   147,   37000000,   31489433,        0,   -5510567,          0
 32104,   148,   37000000,   25789928,        0,  -11210072,          0
 32104,   149,   37000000,   28571172,        0,   -8428828,          0
 32104,   150,   37000000,   25599075,        0,  -11400925,          0
 32104,   151,   37000000,   27514322,        0,   -9485678,          0
 32104,   152,   37000000,   28288374,        0,   -8711626,          0
 32104,   153,   37000000,   25604433,        0,  -11395567,          0
 32104,   154,   37000000,   26615259,        0,  -10384741,          0
 32104,   155,   37000000,   26837399,        0,  -10162601,          0
 32104,   156,   37000000,   26886754,        0,  -10113246,          0
 32104,   157,   37000000,   31654629,        0,   -5345371,          0
 32104,   158,   37000000,   25520856,        0,  -11479144,          0
 32104,   159,   37000000,   30586659,        0,   -6413341,          0
 32104,   160,   37000000,   25652357,        0,  -11347643,          0
 32104,   161,   37000000,   27644132,        0,   -9355868,          0
 32104,   162,   37000000,   25349725,        0,  -11650275,          0
 32104,   163,   37000000,   25324940,        0,  -11675060,          0
 32104,   164,   37000000,   26442910,        0,  -10557090,          0
 32104,   165,   37000000,   25717122,        0,  -11282878,          0
 32104,   166,   37000000,   25524643,        0,  -11475357,          0
 32104,   167,   37000000,   30849644,        0,   -6150356,          0
 32104,   168,   37000000,   25330895,        0,  -11669105,          0
 32104,   169,   37000000,   32511526,        0,   -4488474,          0
 32104,   170,   37000000,   25671323,        0,  -11328677,          0
 32104,   171,   37000000,   28179431,        0,   -8820569,          0
 32104,   172,   37000000,   27468668,        0,   -9531332,          0
 32104,   173,   37000000,   25424629,        0,  -11575371,          0
 32104,   174,   37000000,   28914073,        0,   -8085927,          0
 32104,   175,   37000000,   27496694,        0,   -9503306,          0
 32104,   176,   37000000,   29290955,        0,   -7709045,          0
 32104,   177,   37000000,   28479329,        0,   -8520671,          0
 32104,   178,   37000000,   26412413,        0,  -10587587,          0
 32104,   179,   37000000,   29743446,        0,   -7256554,          0
 32104,   180,   37000000,   25814222,        0,  -11185778,          0
 32104,   181,   37000000,   29163976,        0,   -7836024,          0
 32104,   182,   37000000,   27795099,        0,   -9204901,          0
 32104,   183,   37000000,   26298935,        0,  -10701065,          0
 32104,   184,   37000000,   29953457,        0,   -7046543,          0
 32104,   185,   37000000,   25413270,        0,  -11586730,          0
 32104,   186,   37000000,   28678722,        0,   -8321278,          0
 32104,   187,   37000000,   27306613,        0,   -9693387,          0
 32104,   188,   37000000,   26024546,        0,  -10975454,          0
 32104,   189,   37000000,   28336292,        0,   -8663708,          0
 32104,   190,   37000000,   25785255,        0,  -11214745,          0
 32104,   191,   37000000,   25306718,        0,  -11693282,          0
 32104,   192,   37000000,   28389076,        0,   -8610924,          0
 32104,   193,   37000000,   26523721,        0,  -10476279,          0
 32104,   194,   37000000,   32023592,        0,   -4976408,          0
 32104,   195,   37000000,   25416899,        0,  -11583101,          0
 32104,   196,   37000000,   30336610,        0,   -6663390,          0
 32104,   197,   37000000,   25763946,        0,  -11236054,          0
 32104,   198,   37000000,   27545729,        0,   -9454271,          0
 32104,   199,   37000000,   26404371,        0,  -10595629,          0
 32104,   200,   37000000,   25413198,        0,  -11586802,          0
 32104,   201,   37000000,   25442459,        0,  -11557541,          0
 32104,   202,   37000000,   25957894,        0,  -11042106,          0
 32104,   203,   37000000,   25341529,        0,  -11658471,          0
 32104,   204,   37000000,   32827592,        0,   -4172408,          0
 32104,   205,   37000000,   25320906,        0,  -11679094,          0
 32104,   206,   37000000,   31597871,        0,   -5402129,          0
 32104,   207,   37000000,   27361509,        0,   -9638491,          0
 32104,   208,   37000000,   27872537,        0,   -9127463,          0
 32104,   209,   37000000,   29392827,        0,   -7607173,          0
 32104,   210,   37000000,   25448458,        0,  -11551542,          0
 32104,   211,   37000000,   30793718,        0,   -6206282,          0
 32104,   212,   37000000,   27377401,        0,   -9622599,          0
 32104,   213,   37000000,   25318603,        0,  -11681397,          0
 32104,   214,   37000000,   25696175,        0,  -11303825,          0
 32104,   215,   37000000,   25310435,        0,  -11689565,          0
 32104,   216,   37000000,   29089530,        0,   -7910470,          0
 32104,   217,   37000000,   27013557,        0,   -9986443,          0
 32104,   218,   37000000,   28699086,        0,   -8300914,          0
 32104,   219,   37000000,   30407595,        0,   -6592405,          0
 32104,   220,   37000000,   26450152,        0,  -10549848,          0
 32104,   221,   37000000,   31790297,        0,   -5209703,          0
 32104,   222,   37000000,   27404287,        0,   -9595713,          0
 32104,   223,   37000000,   29451897,        0,   -7548103,          0
 32104,   224,   37000000,   25689203,        0,  -11310797,          0
 32104,   225,   37000000,   25337110,        0,  -11662890,          0
 32104,   226,   37000000,   25436140,        0,  -11563860,          0
 32104,   227,   37000000,   27403842,        0,   -9596158,          0
 32104,   228,   37000000,   26790938,        0,  -10209062,          0
 32104,   229,   37000000,   30532219,        0,   -6467781,          0
 32104,   230,   37000000,   25427555,        0,  -11572445,          0
 32104,   231,   37000000,   33139975,        0,   -3860025,          0
 32104,   232,   37000000,   26422291,        0,  -10577709,          0
 32104,   233,   37000000,   26482203,        0,  -10517797,          0
 32104,   234,   37000000,   25336773,        0,  -11663227,          0
 32104,   235,   37000000,   25340724,        0,  -11659276,          0
 32104,   236,   37000000,   25390859,        0,  -11609141,          0
 32104,   237,   37000000,   25318207,        0,  -11681793,          0
 32104,   238,   37000000,   25860415,        0,  -11139585,          0
 32104,   239,   37000000,   30387594,        0,   -6612406,          0
 32104,   240,   37000000,   25316440,        0,  -11683560,          0
 32104,   241,   37000000,   32269515,        0,   -4730485,          0
 32104,   242,   37000000,   25476094,        0,  -11523906,          0
 32104,   243,   37000000,   30803013,        0,   -6196987,          0
 32104,   244,   37000000,   28163610,        0,   -8836390,          0
 32104,   245,   37000000,   26697868,        0,  -10302132,          0
 32104,   246,   37000000,   30349649,        0,   -6650351,          0
 32104,   247,   37000000,   25460552,        0,  -11539448,          0
 32104,   248,   37000000,   27279004,        0,   -9720996,          0
 32104,   249,   37000000,   27368557,        0,   -9631443,          0
 32104,   250,   37000000,   25476632,        0,  -11523368,          0
 32104,   251,   37000000,   30703448,        0,   -6296552,          0
 32104,   252,   37000000,   26158030,        0,  -10841970,          0
 32104,   253,   37000000,   28481464,        0,   -8518536,          0
 32104,   254,   37000000,   29490425,        0,   -7509575,          0
 32104,   255,   37000000,   27614856,        0,   -9385144,          0
 32104,   256,   37000000,   30122739,        0,   -6877261,          0
 32104,   257,   37000000,   26557100,        0,  -10442900,          0
 32104,   258,   37000000,   30628132,        0,   -6371868,          0
 32104,   259,   37000000,   25468171,        0,  -11531829,          0
 32104,   260,   37000000,   27138701,        0,   -9861299,          0
 32104,   261,   37000000,   26985091,        0,  -10014909,          0
 32104,   262,   37000000,   25495264,        0,  -11504736,          0
 32104,   263,   37000000,   25341704,        0,  -11658296,          0
 32104,   264,   37000000,   27835157,        0,   -9164843,          0
 32104,   265,   37000000,   27366527,        0,   -9633473,          0
 32104,   266,   37000000,   29413092,        0,   -7586908,          0
 32104,   267,   37000000,   25424794,        0,  -11575206,          0
 32104,   268,   37000000,   31422366,        0,   -5577634,          0
 32104,   269,   37000000,   25565604,        0,  -11434396,          0
 32104,   270,   37000000,   26988714,        0,  -10011286,          0
 32104,   271,   37000000,   25334082,        0,  -11665918,          0
 32104,   272,   37000000,   25332342,        0,  -11667658,          0
 32104,   273,   37000000,   25441176,        0,  -11558824,          0
 32104,   274,   37000000,   27254233,        0,   -9745767,          0
# task NAME=myapp PID=32109 COST=57265000 PERIOD=74000000 CPU=0
 32109,     2,   74000000,      10573,        0,  -73989427,          0
 32109,     3,   74000000,      29140,        0,  -73970860,          0
 32109,     4,   74000000,   58223098,        0,  -15776902,          0
 32109,     5,   74000000,   60788646,        0,  -13211354,          0
 32109,     6,   74000000,   58386034,        0,  -15613966,          0
 32109,     7,   74000000,   61561310,        0,  -12438690,          0
 32109,     8,   74000000,   62691150,        0,  -11308850,          0
 32109,     9,   74000000,   63292535,        0,  -10707465,          0
 32109,    10,   74000000,   60550656,        0,  -13449344,          0
 32109,    11,   74000000,   56118840,        0,  -17881160,          0
 32109,    12,   74000000,   57613854,        0,  -16386146,          0
 32109,    13,   74000000,   61130117,        0,  -12869883,          0
 32109,    14,   74000000,   63747414,        0,  -10252586,          0
 32109,    15,   74000000,   59957148,        0,  -14042852,          0
 32109,    16,   74000000,   58642775,        0,  -15357225,          0
 32109,    17,   74000000,   60162881,        0,  -13837119,          0
 32109,    18,   74000000,   59192663,        0,  -14807337,          0
 32109,    19,   74000000,   59004072,        0,  -14995928,          0
 32109,    20,   74000000,   64810441,        0,   -9189559,          0
 32109,    21,   74000000,   60085984,        0,  -13914016,          0
 32109,    22,   74000000,   57902450,        0,  -16097550,          0
 32109,    23,   74000000,   58255186,        0,  -15744814,          0
 32109,    24,   74000000,   59482283,        0,  -14517717,          0
 32109,    25,   74000000,   58859195,        0,  -15140805,          0
 32109,    26,   74000000,   61815335,        0,  -12184665,          0
 32109,    27,   74000000,   60789403,        0,  -13210597,          0
 32109,    28,   74000000,   56125935,        0,  -17874065,          0
 32109,    29,   74000000,   56692868,        0,  -17307132,          0
 32109,    30,   74000000,   57851917,        0,  -16148083,          0
 32109,    31,   74000000,   63447526,        0,  -10552474,          0
 32109,    32,   74000000,   61995260,        0,  -12004740,          0
 32109,    33,   74000000,   60344512,        0,  -13655488,          0
 32109,    34,   74000000,   59567514,        0,  -14432486,          0
 32109,    35,   74000000,   60341280,        0,  -13658720,          0
 32109,    36,   74000000,   58736905,        0,  -15263095,          0
 32109,    37,   74000000,   59613442,        0,  -14386558,          0
 32109,    38,   74000000,   62441623,        0,  -11558377,          0
 32109,    39,   74000000,   62640040,        0,  -11359960,          0
 32109,    40,   74000000,   60500425,        0,  -13499575,          0
 32109,    41,   74000000,   59812808,        0,  -14187192,          0
 32109,    42,   74000000,   59293608,        0,  -14706392,          0
 32109,    43,   74000000,   61901532,        0,  -12098468,          0
 32109,    44,   74000000,   63174859,        0,  -10825141,          0
 32109,    45,   74000000,   60080914,        0,  -13919086,          0
 32109,    46,   74000000,   59176056,        0,  -14823944,          0
 32109,    47,   74000000,   56310356,        0,  -17689644,          0
 32109,    48,   74000000,   56195342,        0,  -17804658,          0
 32109,    49,   74000000,   61051196,        0,  -12948804,          0
 32109,    50,   74000000,   64706046,        0,   -9293954,          0
 32109,    51,   74000000,   62330835,        0,  -11669165,          0
 32109,    52,   74000000,   60180511,        0,  -13819489,          0
 32109,    53,   74000000,   59400953,        0,  -14599047,          0
 32109,    54,   74000000,   59699020,        0,  -14300980,          0
 32109,    55,   74000000,   60877229,        0,  -13122771,          0
 32109,    56,   74000000,   62250811,        0,  -11749189,          0
 32109,    57,   74000000,   61170660,        0,  -12829340,          0
 32109,    58,   74000000,   59102552,        0,  -14897448,          0
 32109,    59,   74000000,   61222395,        0,  -12777605,          0
 32109,    60,   74000000,   59053143,        0,  -14946857,          0
 32109,    61,   74000000,   59779638,        0,  -14220362,          0
 32109,    62,   74000000,   62946699,        0,  -11053301,          0
 32109,    63,   74000000,   59163045,        0,  -14836955,          0
 32109,    64,   74000000,   58307252,        0,  -15692748,          0
 32109,    65,   74000000,   58824888,        0,  -15175112,          0
 32109,    66,   74000000,   59110411,        0,  -14889589,          0
 32109,    67,   74000000,   62470441,        0,  -11529559,          0
 32109,    68,   74000000,   62066188,        0,  -11933812,          0
 32109,    69,   74000000,   60288077,        0,  -13711923,          0
 32109,    70,   74000000,   58961843,        0,  -15038157,          0
 32109,    71,   74000000,   58980132,        0,  -15019868,          0
 32109,    72,   74000000,   57581728,        0,  -16418272,          0
 32109,    73,   74000000,   60919702,        0,  -13080298,          0
 32109,    74,   74000000,   62119883,        0,  -11880117,          0
 32109,    75,   74000000,   63868699,        0,  -10131301,          0
 32109,    76,   74000000,   62733734,        0,  -11266266,          0
 32109,    77,   74000000,   59447933,        0,  -14552067,          0
 32109,    78,   74000000,   57650226,        0,  -16349774,          0
 32109,    79,   74000000,   61075118,        0,  -12924882,          0
 32109,    80,   74000000,   62363430,        0,  -11636570,          0
 32109,    81,   74000000,   63522277,        0,  -10477723,          0
 32109,    82,   74000000,   59340177,        0,  -14659823,          0
 32109,    83,   74000000,   56481181,        0,  -17518819,          0
 32109,    84,   74000000,   56415823,        0,  -17584177,          0
 32109,    85,   74000000,   61382846,        0,  -12617154,          0
 32109,    86,   74000000,   61678301,        0,  -12321699,          0
 32109,    87,   74000000,   59217064,        0,  -14782936,          0
 32109,    88,   74000000,   62097008,        0,  -11902992,          0
 32109,    89,   74000000,   58502193,        0,  -15497807,          0
 32109,    90,   74000000,   60539777,        0,  -13460223,          0
 32109,    91,   74000000,   60357189,        0,  -13642811,          0
 32109,    92,   74000000,   64143160,        0,   -9856840,          0
 32109,    93,   74000000,   59744557,        0,  -14255443,          0
 32109,    94,   74000000,   59653543,        0,  -14346457,          0
 32109,    95,   74000000,   56522900,        0,  -17477100,          0
 32109,    96,   74000000,   59743022,        0,  -14256978,          0
 32109,    97,   74000000,   57147978,        0,  -16852022,          0
 32109,    98,   74000000,   59568149,        0,  -14431851,          0
 32109,    99,   74000000,   60142746,        0,  -13857254,          0
 32109,   100,   74000000,   59011546,        0,  -14988454,          0
 32109,   101,   74000000,   57472637,        0,  -16527363,          0
 32109,   102,   74000000,   56359687,        0,  -17640313,          0
 32109,   103,   74000000,   62307723,        0,  -11692277,          0
 32109,   104,   74000000,   61222624,        0,  -12777376,          0
 32109,   105,   74000000,   60238247,        0,  -13761753,          0
 32109,   106,   74000000,   61748593,        0,  -12251407,          0
 32109,   107,   74000000,   61320941,        0,  -12679059,          0
 32109,   108,   74000000,   56358363,        0,  -17641637,          0
 32109,   109,   74000000,   59735130,        0,  -14264870,          0
 32109,   110,   74000000,   62807458,        0,  -11192542,          0
 32109,   111,   74000000,   61197157,        0,  -12802843,          0
 32109,   112,   74000000,   62626291,        0,  -11373709,          0
 32109,   113,   74000000,   60397993,        0,  -13602007,          0
 32109,   114,   74000000,   57051875,        0,  -16948125,          0
 32109,   115,   74000000,   57788450,        0,  -16211550,          0
 32109,   116,   74000000,   63749882,        0,  -10250118,          0
 32109,   117,   74000000,   63717770,        0,  -10282230,          0
 32109,   118,   74000000,   57542255,        0,  -16457745,          0
 32109,   119,   74000000,   56120794,        0,  -17879206,          0
 32109,   120,   74000000,   59921212,        0,  -14078788,          0
 32109,   121,   74000000,   62015091,        0,  -11984909,          0
 32109,   122,   74000000,   63218928,        0,  -10781072,          0
 32109,   123,   74000000,   61053311,        0,  -12946689,          0
 32109,   124,   74000000,   60580332,        0,  -13419668,          0
 32109,   125,   74000000,   58497429,        0,  -15502571,          0
 32109,   126,   74000000,   59026936,        0,  -14973064,          0
 32109,   127,   74000000,   61544065,        0,  -12455935,          0
 32109,   128,   74000000,   63176444,        0,  -10823556,          0
 32109,   129,   74000000,   61906705,        0,  -12093295,          0
 32109,   130,   74000000,   60339888,        0,  -13660112,          0
 32109,   131,   74000000,   57201729,        0,  -16798271,          0
 32109,   132,   74000000,   58489654,        0,  -15510346,          0
 32109,   133,   74000000,   59683742,        0,  -14316258,          0
 32109,   134,   74000000,   59908046,        0,  -14091954,          0
 32109,   135,   74000000,   59768539,        0,  -14231461,          0
 32109,   136,   74000000,   57194937,        0,  -16805063,          0
 32109,   137,   74000000,   59283718,        0,  -14716282,          0
 32109,   138,   74000000,   57103323,        0,  -16896677,          0
 32109,   139,   74000000,   56395533,        0,  -17604467,          0
# task NAME=myapp PID=32113 COST=26001000 PERIOD=62000000 CPU=0
 32113,     2,   62000000,      11566,        0,  -61988434,          0
 32113,     3,   62000000,      42612,        0,  -61957388,          0
 32113,     4,   62000000,   27833661,        0,  -34166339,          0
 32113,     5,   62000000,   25629646,        0,  -36370354,          0
 32113,     6,   62000000,   27780204,        0,  -34219796,          0
 32113,     7,   62000000,   27227206,        0,  -34772794,          0
 32113,     8,   62000000,   32493880,        0,  -29506120,          0
 32113,     9,   62000000,   32168231,        0,  -29831769,          0
 32113,    10,   62000000,   30592745,        0,  -31407255,          0
 32113,    11,   62000000,   31475212,        0,  -30524788,          0
 32113,    12,   62000000,   27653177,        0,  -34346823,          0
 32113,    13,   62000000,   25476200,        0,  -36523800,          0
 32113,    14,   62000000,   28833808,        0,  -33166192,          0
 32113,    15,   62000000,   31897658,        0,  -30102342,          0
 32113,    16,   62000000,   30835676,        0,  -31164324,          0
 32113,    17,   62000000,   28619160,        0,  -33380840,          0
 32113,    18,   62000000,   27435636,        0,  -34564364,          0
 32113,    19,   62000000,   27581303,        0,  -34418697,          0
 32113,    20,   62000000,   27193094,        0,  -34806906,          0
 32113,    21,   62000000,   28684959,        0,  -33315041,          0
 32113,    22,   62000000,   28632056,        0,  -33367944,          0
 32113,    23,   62000000,   28989017,        0,  -33010983,          0
 32113,    24,   62000000,   31793592,        0,  -30206408,          0
 32113,    25,   62000000,   29681259,        0,  -32318741,          0
 32113,    26,   62000000,   26448295,        0,  -35551705,          0
 32113,    27,   62000000,   28622360,        0,  -33377640,          0
 32113,    28,   62000000,   28357179,        0,  -33642821,          0
 32113,    29,   62000000,   26607917,        0,  -35392083,          0
 32113,    30,   62000000,   30108279,        0,  -31891721,          0
 32113,    31,   62000000,   31816347,        0,  -30183653,          0
 32113,    32,   62000000,   29641942,        0,  -32358058,          0
 32113,    33,   62000000,   26643810,        0,  -35356190,          0
 32113,    34,   62000000,   25503833,        0,  -36496167,          0
 32113,    35,   62000000,   25903768,        0,  -36096232,          0
 32113,    36,   62000000,   25690606,        0,  -36309394,          0
 32113,    37,   62000000,   32564228,        0,  -29435772,          0
 32113,    38,   62000000,   30584355,        0,  -31415645,          0
 32113,    39,   62000000,   29011323,        0,  -32988677,          0
 32113,    40,   62000000,   32123320,        0,  -29876680,          0
 32113,    41,   62000000,   25474074,        0,  -36525926,          0
 32113,    42,   62000000,   26870528,        0,  -35129472,          0
 32113,    43,   62000000,   27275112,        0,  -34724888,          0
 32113,    44,   62000000,   29667273,        0,  -32332727,          0
 32113,    45,   62000000,   31600068,        0,  -30399932,          0
 32113,    46,   62000000,   33436262,        0,  -28563738,          0
 32113,    47,   62000000,   29947463,        0,  -32052537,          0
 32113,    48,   62000000,   26545069,        0,  -35454931,          0
 32113,    49,   62000000,   28484504,        0,  -33515496,          0
 32113,    50,   62000000,   27515830,        0,  -34484170,          0
 32113,    51,   62000000,   30379978,        0,  -31620022,          0
 32113,    52,   62000000,   31950043,        0,  -30049957,          0
 32113,    53,   62000000,   30016453,        0,  -31983547,          0
 32113,    54,   62000000,   26906155,        0,  -35093845,          0
 32113,    55,   62000000,   26494675,        0,  -35505325,          0
 32113,    56,   62000000,   25489113,        0,  -36510887,          0
 32113,    57,   62000000,   26505250,        0,  -35494750,          0
 32113,    58,   62000000,   31306227,        0,  -30693773,          0
 32113,    59,   62000000,   30297845,        0,  -31702155,          0
 32113,    60,   62000000,   27558694,        0,  -34441306,          0
 32113,    61,   62000000,   27013469,        0,  -34986531,          0
 32113,    62,   62000000,   26586740,        0,  -35413260,          0
 32113,    63,   62000000,   30236567,        0,  -31763433,          0
 32113,    64,   62000000,   28552321,        0,  -33447679,          0
 32113,    65,   62000000,   27639836,        0,  -34360164,          0
 32113,    66,   62000000,   30030188,        0,  -31969812,          0
 32113,    67,   62000000,   30626098,        0,  -31373902,          0
 32113,    68,   62000000,   28538239,        0,  -33461761,          0
 32113,    69,   62000000,   27477099,        0,  -34522901,          0
 32113,    70,   62000000,   26208405,        0,  -35791595,          0
 32113,    71,   62000000,   27545436,        0,  -34454564,          0
 32113,    72,   62000000,   25520811,        0,  -36479189,          0
 32113,    73,   62000000,   30387368,        0,  -31612632,          0
 32113,    74,   62000000,   31200927,        0,  -30799073,          0
 32113,    75,   62000000,   28257976,        0,  -33742024,          0
 32113,    76,   62000000,   27981840,        0,  -34018160,          0
 32113,    77,   62000000,   27597681,        0,  -34402319,          0
 32113,    78,   62000000,   25537271,        0,  -36462729,          0
 32113,    79,   62000000,   27229834,        0,  -34770166,          0
 32113,    80,   62000000,   29985535,        0,  -32014465,          0
 32113,    81,   62000000,   31196522,        0,  -30803478,          0
 32113,    82,   62000000,   30746915,        0,  -31253085,          0
 32113,    83,   62000000,   28798344,        0,  -33201656,          0
 32113,    84,   62000000,   26565437,        0,  -35434563,          0
 32113,    85,   62000000,   28327633,        0,  -33672367,          0
 32113,    86,   62000000,   28544407,        0,  -33455593,          0
 32113,    87,   62000000,   29606237,        0,  -32393763,          0
 32113,    88,   62000000,   30757201,        0,  -31242799,          0
 32113,    89,   62000000,   32544195,        0,  -29455805,          0
 32113,    90,   62000000,   27499513,        0,  -34500487,          0
 32113,    91,   62000000,   28639463,        0,  -33360537,          0
 32113,    92,   62000000,   28781415,        0,  -33218585,          0
 32113,    93,   62000000,   25471902,        0,  -36528098,          0
 32113,    94,   62000000,   29290124,        0,  -32709876,          0
 32113,    95,   62000000,   33001570,        0,  -28998430,          0
 32113,    96,   62000000,   30685185,        0,  -31314815,          0
 32113,    97,   62000000,   28053832,        0,  -33946168,          0
 32113,    98,   62000000,   26587905,        0,  -35412095,          0
 32113,    99,   62000000,   25530853,        0,  -36469147,          0
 32113,   100,   62000000,   26416963,        0,  -35583037,          0
 32113,   101,   62000000,   30324811,        0,  -31675189,          0
 32113,   102,   62000000,   30939277,        0,  -31060723,          0
 32113,   103,   62000000,   26889277,        0,  -35110723,          0
 32113,   104,   62000000,   26578411,        0,  -35421589,          0
 32113,   105,   62000000,   28992578,        0,  -33007422,          0
 32113,   106,   62000000,   29601964,        0,  -32398036,          0
 32113,   107,   62000000,   28851812,        0,  -33148188,          0
 32113,   108,   62000000,   28540385,        0,  -33459615,          0
 32113,   109,   62000000,   28606257,        0,  -33393743,          0
 32113,   110,   62000000,   30265194,        0,  -31734806,          0
 32113,   111,   62000000,   29542145,        0,  -32457855,          0
 32113,   112,   62000000,   28329015,        0,  -33670985,          0
 32113,   113,   62000000,   25829663,        0,  -36170337,          0
 32113,   114,   62000000,   26303854,        0,  -35696146,          0
 32113,   115,   62000000,   25753785,        0,  -36246215,          0
 32113,   116,   62000000,   26725039,        0,  -35274961,          0
 32113,   117,   62000000,   32678600,        0,  -29321400,          0
 32113,   118,   62000000,   29115471,        0,  -32884529,          0
 32113,   119,   62000000,   28302461,        0,  -33697539,          0
 32113,   120,   62000000,   27592005,        0,  -34407995,          0
 32113,   121,   62000000,   25834472,        0,  -36165528,          0
 32113,   122,   62000000,   27449792,        0,  -34550208,          0
 32113,   123,   62000000,   30783825,        0,  -31216175,          0
 32113,   124,   62000000,   30223666,        0,  -31776334,          0
 32113,   125,   62000000,   29889136,        0,  -32110864,          0
 32113,   126,   62000000,   29223523,        0,  -32776477,          0
 32113,   127,   62000000,   27808195,        0,  -34191805,          0
 32113,   128,   62000000,   26784366,        0,  -35215634,          0
 32113,   129,   62000000,   26022755,        0,  -35977245,          0
 32113,   130,   62000000,   31975252,        0,  -30024748,          0
 32113,   131,   62000000,   30464680,        0,  -31535320,          0
 32113,   132,   62000000,   32606443,        0,  -29393557,          0
 32113,   133,   62000000,   28838741,        0,  -33161259,          0
 32113,   134,   62000000,   27648850,        0,  -34351150,          0
 32113,   135,   62000000,   26343407,        0,  -35656593,          0
 32113,   136,   62000000,   25517656,        0,  -36482344,          0
 32113,   137,   62000000,   29453581,        0,  -32546419,          0
 32113,   138,   62000000,   29987482,        0,  -32012518,          0
 32113,   139,   62000000,   31948403,        0,  -30051597,          0
 32113,   140,   62000000,   27598895,        0,  -34401105,          0
 32113,   141,   62000000,   27082898,        0,  -34917102,          0
 32113,   142,   62000000,   25470966,        0,  -36529034,          0
 32113,   143,   62000000,   25880199,        0,  -36119801,          0
 32113,   144,   62000000,   29519306,        0,  -32480694,          0
 32113,   145,   62000000,   31887428,        0,  -30112572,          0
 32113,   146,   62000000,   28117426,        0,  -33882574,          0
 32113,   147,   62000000,   28359404,        0,  -33640596,          0
 32113,   148,   62000000,   27944018,        0,  -34055982,          0
 32113,   149,   62000000,   26812213,        0,  -35187787,          0
 32113,   150,   62000000,   27262525,        0,  -34737475,          0
 32113,   151,   62000000,   31630954,        0,  -30369046,          0
 32113,   152,   62000000,   28820649,        0,  -33179351,          0
 32113,   153,   62000000,   32559707,        0,  -29440293,          0
 32113,   154,   62000000,   30037048,        0,  -31962952,          0
 32113,   155,   62000000,   30023700,        0,  -31976300,          0
 32113,   156,   62000000,   26675194,        0,  -35324806,          0
 32113,   157,   62000000,   27751626,        0,  -34248374,          0
 32113,   158,   62000000,   25582065,        0,  -36417935,          0
 32113,   159,   62000000,   28832830,        0,  -33167170,          0
 32113,   160,   62000000,   30507251,        0,  -31492749,          0
 32113,   161,   62000000,   30779785,        0,  -31220215,          0
 32113,   162,   62000000,   30239415,        0,  -31760585,          0
 32113,   163,   62000000,   27727283,        0,  -34272717,          0
 32113,   164,   62000000,   25554532,        0,  -36445468,          0
 32113,   165,   62000000,   27668816,        0,  -34331184,          0
