# Task,   Job,     Period,   Response, DL Miss?,   Lateness,  Tardiness
# task NAME=myapp PID=25591 COST=45783000 PERIOD=73000000 CPU=0
 25591,     2,   73000000,       8243,        0,  -72991757,          0
 25591,     3,   73000000,      59255,        0,  -72940745,          0
 25591,     4,   73000000,   46922765,        0,  -26077235,          0
 25591,     5,   73000000,   45028288,        0,  -27971712,          0
 25591,     6,   73000000,   45131879,        0,  -27868121,          0
 25591,     7,   73000000,   44854262,        0,  -28145738,          0
 25591,     8,   73000000,   45133580,        0,  -27866420,          0
 25591,     9,   73000000,   44844313,        0,  -28155687,          0
 25591,    10,   73000000,   44881519,        0,  -28118481,          0
 25591,    11,   73000000,   44844129,        0,  -28155871,          0
 25591,    12,   73000000,   45037046,        0,  -27962954,          0
 25591,    13,   73000000,   45313429,        0,  -27686571,          0
 25591,    14,   73000000,   44836844,        0,  -28163156,          0
 25591,    15,   73000000,   45196601,        0,  -27803399,          0
 25591,    16,   73000000,   44877128,        0,  -28122872,          0
 25591,    17,   73000000,   44914598,        0,  -28085402,          0
 25591,    18,   73000000,   45146159,        0,  -27853841,          0
 25591,    19,   73000000,   44833294,        0,  -28166706,          0
 25591,    20,   73000000,   45151504,        0,  -27848496,          0
 25591,    21,   73000000,   44833022,        0,  -28166978,          0
 25591,    22,   73000000,   44869747,        0,  -28130253,          0
 25591,    23,   73000000,   45860887,        0,  -27139113,          0
 25591,    24,   73000000,   45013080,        0,  -27986920,          0
 25591,    25,   73000000,   45275705,        0,  -27724295,          0
 25591,    26,   73000000,   45023189,        0,  -27976811,          0
 25591,    27,   73000000,   45102781,        0,  -27897219,          0
 25591,    28,   73000000,   44887706,        0,  -28112294,          0
 25591,    29,   73000000,   45740192,        0,  -27259808,          0
 25591,    30,   73000000,   45123556,        0,  -27876444,          0
 25591,    31,   73000000,   45086321,        0,  -27913679,          0
 25591,    32,   73000000,   45128412,        0,  -27871588,          0
 25591,    33,   73000000,   44872264,        0,  -28127736,          0
 25591,    34,   73000000,   44827393,        0,  -28172607,          0
 25591,    35,   73000000,   44819840,        0,  -28180160,          0
 25591,    36,   73000000,   44844185,        0,  -28155815,          0
 25591,    37,   73000000,   45139918,        0,  -27860082,          0
 25591,    38,   73000000,   44967970,        0,  -28032030,          0
 25591,    39,   73000000,   45338482,        0,  -27661518,          0
 25591,    40,   73000000,   44847864,        0,  -28152136,          0
 25591,    41,   73000000,   45066810,        0,  -27933190,          0
 25591,    42,   73000000,   45119046,        0,  -27880954,          0
 25591,    43,   73000000,   45039061,        0,  -27960939,          0
 25591,    44,   73000000,   45126949,        0,  -27873051,          0
 25591,    45,   73000000,   44850815,        0,  -28149185,          0
 25591,    46,   73000000,   45015930,        0,  -27984070,          0
 25591,    47,   73000000,   44881437,        0,  -28118563,          0
 25591,    48,   73000000,   44822711,        0,  -28177289,          0
 25591,    49,   73000000,   45142088,        0,  -27857912,          0
 25591,    50,   73000000,   44821787,        0,  -28178213,          0
 25591,    51,   73000000,   45140689,        0,  -27859311,          0
 25591,    52,   73000000,   44838186,        0,  -28161814,          0
 25591,    53,   73000000,   44857280,        0,  -28142720,          0
 25591,    54,   73000000,   45135327,        0,  -27864673,          0
 25591,    55,   73000000,   45025979,        0,  -27974021,          0
 25591,    56,   73000000,   45118360,        0,  -27881640,          0
 25591,    57,   73000000,   44917529,        0,  -28082471,          0
 25591,    58,   73000000,   44809869,        0,  -28190131,          0
 25591,    59,   73000000,   44888140,        0,  -28111860,          0
 25591,    60,   73000000,   44833181,        0,  -28166819,          0
 25591,    61,   73000000,   45155661,        0,  -27844339,          0
 25591,    62,   73000000,   44830982,        0,  -28169018,          0
 25591,    63,   73000000,   45303825,        0,  -27696175,          0
 25591,    64,   73000000,   45051450,        0,  -27948550,          0
 25591,    65,   73000000,   44921305,        0,  -28078695,          0
 25591,    66,   73000000,   45139695,        0,  -27860305,          0
 25591,    67,   73000000,   44835580,        0,  -28164420,          0
 25591,    68,   73000000,   45142935,        0,  -27857065,          0
 25591,    69,   73000000,   44820024,        0,  -28179976,          0
 25591,    70,   73000000,   45010864,        0,  -27989136,          0
 25591,    71,   73000000,   45919343,        0,  -27080657,          0
 25591,    72,   73000000,   44856721,        0,  -28143279,          0
 25591,    73,   73000000,   45175637,        0,  -27824363,          0
 25591,    74,   73000000,   44828337,        0,  -28171663,          0
 25591,    75,   73000000,   45130188,        0,  -27869812,          0
 25591,    76,   73000000,   44856574,        0,  -28143426,          0
 25591,    77,   73000000,   44992035,        0,  -28007965,          0
 25591,    78,   73000000,   45141577,        0,  -27858423,          0
 25591,    79,   73000000,   44909177,        0,  -28090823,          0
 25591,    80,   73000000,   45162365,        0,  -27837635,          0
 25591,    81,   73000000,   45012503,        0,  -27987497,          0
 25591,    82,   73000000,   44840991,        0,  -28159009,          0
 25591,    83,   73000000,   44822421,        0,  -28177579,          0
 25591,    84,   73000000,   44927896,        0,  -28072104,          0
 25591,    85,   73000000,   45131639,        0,  -27868361,          0
 25591,    86,   73000000,   45142083,        0,  -27857917,          0
 25591,    87,   73000000,   45179764,        0,  -27820236,          0
 25591,    88,   73000000,   44892830,        0,  -28107170,          0
 25591,    89,   73000000,   44854497,        0,  -28145503,          0
 25591,    90,   73000000,   45142469,        0,  -27857531,          0
 25591,    91,   73000000,   45066430,        0,  -27933570,          0
 25591,    92,   73000000,   45131933,        0,  -27868067,          0
 25591,    93,   73000000,   44943562,        0,  -28056438,          0
 25591,    94,   73000000,   44845598,        0,  -28154402,          0
 25591,    95,   73000000,   44902972,        0,  -28097028,          0
 25591,    96,   73000000,   44839553,        0,  -28160447,          0
 25591,    97,   73000000,   45146037,        0,  -27853963,          0
 25591,    98,   73000000,   44908032,        0,  -28091968,          0
 25591,    99,   73000000,   45309127,        0,  -27690873,          0
 25591,   100,   73000000,   44886608,        0,  -28113392,          0
 25591,   101,   73000000,   45053288,        0,  -27946712,          0
 25591,   102,   73000000,   45146597,        0,  -27853403,          0
 25591,   103,   73000000,   44849407,        0,  -28150593,          0
 25591,   104,   73000000,   45151900,        0,  -27848100,          0
 25591,   105,   73000000,   45069224,        0,  -27930776,          0
 25591,   106,   73000000,   44883635,        0,  -28116365,          0
 25591,   107,   73000000,   45232650,        0,  -27767350,          0
 25591,   108,   73000000,   44831620,        0,  -28168380,          0
 25591,   109,   73000000,   45103745,        0,  -27896255,          0
 25591,   110,   73000000,   44833429,        0,  -28166571,          0
 25591,   111,   73000000,   45112063,        0,  -27887937,          0
 25591,   112,   73000000,   44913145,        0,  -28086855,          0
 25591,   113,   73000000,   45096427,        0,  -27903573,          0
 25591,   114,   73000000,   45188451,        0,  -27811549,          0
 25591,   115,   73000000,   45028322,        0,  -27971678,          0
 25591,   116,   73000000,   45121083,        0,  -27878917,          0
 25591,   117,   73000000,   45054627,        0,  -27945373,          0
 25591,   118,   73000000,   44808132,        0,  -28191868,          0
 25591,   119,   73000000,   45277416,        0,  -27722584,          0
 25591,   120,   73000000,   44970185,        0,  -28029815,          0
 25591,   121,   73000000,   45101918,        0,  -27898082,          0
 25591,   122,   73000000,   44844982,        0,  -28155018,          0
 25591,   123,   73000000,   45106450,        0,  -27893550,          0
 25591,   124,   73000000,   45028017,        0,  -27971983,          0
 25591,   125,   73000000,   44827058,        0,  -28172942,          0
 25591,   126,   73000000,   45202897,        0,  -27797103,          0
 25591,   127,   73000000,   45151177,        0,  -27848823,          0
 25591,   128,   73000000,   45118088,        0,  -27881912,          0
 25591,   129,   73000000,   44845958,        0,  -28154042,          0
 25591,   130,   73000000,   45036822,        0,  -27963178,          0
 25591,   131,   73000000,   45342432,        0,  -27657568,          0
 25591,   132,   73000000,   44856140,        0,  -28143860,          0
 25591,   133,   73000000,   45156925,        0,  -27843075,          0
 25591,   134,   73000000,   44922045,        0,  -28077955,          0
 25591,   135,   73000000,   45092382,        0,  -27907618,          0
 25591,   136,   73000000,   44834772,        0,  -28165228,          0
 25591,   137,   73000000,   45079941,        0,  -27920059,          0
 25591,   138,   73000000,   45307631,        0,  -27692369,          0
 25591,   139,   73000000,   44842525,        0,  -28157475,          0
 25591,   140,   73000000,   45098311,        0,  -27901689,          0
# task NAME=myapp PID=25594 COST=37372000 PERIOD=52000000 CPU=0
 25594,     2,   52000000,       8699,        0,  -51991301,          0
 25594,     3,   52000000,      52683,        0,  -51947317,          0
 25594,     4,   52000000,   37620017,        0,  -14379983,          0
 25594,     5,   52000000,   36888896,        0,  -15111104,          0
 25594,     6,   52000000,   36627462,        0,  -15372538,          0
 25594,     7,   52000000,   36588741,        0,  -15411259,          0
 25594,     8,   52000000,   36863351,        0,  -15136649,          0
 25594,     9,   52000000,   36622727,        0,  -15377273,          0
 25594,    10,   52000000,   36859591,        0,  -15140409,          0
 25594,    11,   52000000,   36620597,        0,  -15379403,          0
 25594,    12,   52000000,   36671346,        0,  -15328654,          0
 25594,    13,   52000000,   36606352,        0,  -15393648,          0
 25594,    14,   52000000,   36584519,        0,  -15415481,          0
 25594,    15,   52000000,   36926146,        0,  -15073854,          0
 25594,    16,   52000000,   36599600,        0,  -15400400,          0
 25594,    17,   52000000,   36969915,        0,  -15030085,          0
 25594,    18,   52000000,   36574808,        0,  -15425192,          0
 25594,    19,   52000000,   36729257,        0,  -15270743,          0
 25594,    20,   52000000,   38256102,        0,  -13743898,          0
 25594,    21,   52000000,   36619015,        0,  -15380985,          0
 25594,    22,   52000000,   36842979,        0,  -15157021,          0
 25594,    23,   52000000,   36628092,        0,  -15371908,          0
 25594,    24,   52000000,   36606752,        0,  -15393248,          0
 25594,    25,   52000000,   36579825,        0,  -15420175,          0
 25594,    26,   52000000,   36640461,        0,  -15359539,          0
 25594,    27,   52000000,   36876323,        0,  -15123677,          0
 25594,    28,   52000000,   36599250,        0,  -15400750,          0
 25594,    29,   52000000,   36885801,        0,  -15114199,          0
 25594,    30,   52000000,   36623499,        0,  -15376501,          0
 25594,    31,   52000000,   36784576,        0,  -15215424,          0
 25594,    32,   52000000,   36892126,        0,  -15107874,          0
 25594,    33,   52000000,   36754773,        0,  -15245227,          0
 25594,    34,   52000000,   36988733,        0,  -15011267,          0
 25594,    35,   52000000,   36592698,        0,  -15407302,          0
 25594,    36,   52000000,   36636537,        0,  -15363463,          0
 25594,    37,   52000000,   36653893,        0,  -15346107,          0
 25594,    38,   52000000,   36588243,        0,  -15411757,          0
 25594,    39,   52000000,   36907397,        0,  -15092603,          0
 25594,    40,   52000000,   36586045,        0,  -15413955,          0
 25594,    41,   52000000,   36908663,        0,  -15091337,          0
 25594,    42,   52000000,   36593986,        0,  -15406014,          0
 25594,    43,   52000000,   36615968,        0,  -15384032,          0
 25594,    44,   52000000,   37002159,        0,  -14997841,          0
 25594,    45,   52000000,   36611228,        0,  -15388772,          0
 25594,    46,   52000000,   36867663,        0,  -15132337,          0
 25594,    47,   52000000,   36628801,        0,  -15371199,          0
 25594,    48,   52000000,   36619658,        0,  -15380342,          0
 25594,    49,   52000000,   36647032,        0,  -15352968,          0
 25594,    50,   52000000,   36575354,        0,  -15424646,          0
 25594,    51,   52000000,   37018494,        0,  -14981506,          0
 25594,    52,   52000000,   36695058,        0,  -15304942,          0
 25594,    53,   52000000,   36850984,        0,  -15149016,          0
 25594,    54,   52000000,   36594564,        0,  -15405436,          0
 25594,    55,   52000000,   36627092,        0,  -15372908,          0
 25594,    56,   52000000,   36914723,        0,  -15085277,          0
 25594,    57,   52000000,   36618872,        0,  -15381128,          0
 25594,    58,   52000000,   37026109,        0,  -14973891,          0
 25594,    59,   52000000,   36607316,        0,  -15392684,          0
 25594,    60,   52000000,   36602768,        0,  -15397232,          0
 25594,    61,   52000000,   36618768,        0,  -15381232,          0
 25594,    62,   52000000,   36691293,        0,  -15308707,          0
 25594,    63,   52000000,   36851716,        0,  -15148284,          0
 25594,    64,   52000000,   36598506,        0,  -15401494,          0
 25594,    65,   52000000,   36855482,        0,  -15144518,          0
 25594,    66,   52000000,   36764782,        0,  -15235218,          0
 25594,    67,   52000000,   36632268,        0,  -15367732,          0
 25594,    68,   52000000,   36880165,        0,  -15119835,          0
 25594,    69,   52000000,   36598804,        0,  -15401196,          0
 25594,    70,   52000000,   36893872,        0,  -15106128,          0
 25594,    71,   52000000,   36649114,        0,  -15350886,          0
 25594,    72,   52000000,   36623508,        0,  -15376492,          0
 25594,    73,   52000000,   36613929,        0,  -15386071,          0
 25594,    74,   52000000,   36599490,        0,  -15400510,          0
 25594,    75,   52000000,   36891625,        0,  -15108375,          0
 25594,    76,   52000000,   36622151,        0,  -15377849,          0
 25594,    77,   52000000,   36620830,        0,  -15379170,          0
 25594,    78,   52000000,   36614263,        0,  -15385737,          0
 25594,    79,   52000000,   36674469,        0,  -15325531,          0
 25594,    80,   52000000,   36915293,        0,  -15084707,          0
 25594,    81,   52000000,   36654639,        0,  -15345361,          0
 25594,    82,   52000000,   37057453,        0,  -14942547,          0
 25594,    83,   52000000,   36800059,        0,  -15199941,          0
 25594,    84,   52000000,   36581180,        0,  -15418820,          0
 25594,    85,   52000000,   36627439,        0,  -15372561,          0
 25594,    86,   52000000,   36594968,        0,  -15405032,          0
 25594,    87,   52000000,   36908956,        0,  -15091044,          0
 25594,    88,   52000000,   36600266,        0,  -15399734,          0
 25594,    89,   52000000,   36615096,        0,  -15384904,          0
 25594,    90,   52000000,   36626606,        0,  -15373394,          0
 25594,    91,   52000000,   36567988,        0,  -15432012,          0
 25594,    92,   52000000,   36863873,        0,  -15136127,          0
 25594,    93,   52000000,   36656482,        0,  -15343518,          0
 25594,    94,   52000000,   37026540,        0,  -14973460,          0
 25594,    95,   52000000,   37568956,        0,  -14431044,          0
 25594,    96,   52000000,   36619977,        0,  -15380023,          0
 25594,    97,   52000000,   36580125,        0,  -15419875,          0
 25594,    98,   52000000,   36593654,        0,  -15406346,          0
 25594,    99,   52000000,   36867610,        0,  -15132390,          0
 25594,   100,   52000000,   36646867,        0,  -15353133,          0
 25594,   101,   52000000,   36746025,        0,  -15253975,          0
 25594,   102,   52000000,   36622609,        0,  -15377391,          0
 25594,   103,   52000000,   36606435,        0,  -15393565,          0
 25594,   104,   52000000,   36888260,        0,  -15111740,          0
 25594,   105,   52000000,   36590406,        0,  -15409594,          0
 25594,   106,   52000000,   37557567,        0,  -14442433,          0
 25594,   107,   52000000,   36650272,        0,  -15349728,          0
 25594,   108,   52000000,   36596080,        0,  -15403920,          0
 25594,   109,   52000000,   36585934,        0,  -15414066,          0
 25594,   110,   52000000,   36757400,        0,  -15242600,          0
 25594,   111,   52000000,   36898148,        0,  -15101852,          0
 25594,   112,   52000000,   36585565,        0,  -15414435,          0
 25594,   113,   52000000,   37570835,        0,  -14429165,          0
 25594,   114,   52000000,   36612549,        0,  -15387451,          0
 25594,   115,   52000000,   36685877,        0,  -15314123,          0
 25594,   116,   52000000,   37061854,        0,  -14938146,          0
 25594,   117,   52000000,   36614307,        0,  -15385693,          0
 25594,   118,   52000000,   37042044,        0,  -14957956,          0
 25594,   119,   52000000,   36770087,        0,  -15229913,          0
 25594,   120,   52000000,   36594495,        0,  -15405505,          0
 25594,   121,   52000000,   36889257,        0,  -15110743,          0
 25594,   122,   52000000,   36577430,        0,  -15422570,          0
 25594,   123,   52000000,   36869869,        0,  -15130131,          0
 25594,   124,   52000000,   36602764,        0,  -15397236,          0
 25594,   125,   52000000,   36758327,        0,  -15241673,          0
 25594,   126,   52000000,   36590776,        0,  -15409224,          0
 25594,   127,   52000000,   36645902,        0,  -15354098,          0
 25594,   128,   52000000,   36936151,        0,  -15063849,          0
 25594,   129,   52000000,   36725526,        0,  -15274474,          0
 25594,   130,   52000000,   36868117,        0,  -15131883,          0
 25594,   131,   52000000,   36626743,        0,  -15373257,          0
 25594,   132,   52000000,   36726648,        0,  -15273352,          0
 25594,   133,   52000000,   36890033,        0,  -15109967,          0
 25594,   134,   52000000,   36585759,        0,  -15414241,          0
 25594,   135,   52000000,   36879691,        0,  -15120309,          0
 25594,   136,   52000000,   36584137,        0,  -15415863,          0
 25594,   137,   52000000,   36762003,        0,  -15237997,          0
 25594,   138,   52000000,   36595994,        0,  -15404006,          0
 25594,   139,   52000000,   36605600,        0,  -15394400,          0
 25594,   140,   52000000,   36865230,        0,  -15134770,          0
 25594,   141,   52000000,   36584940,        0,  -15415060,          0
 25594,   142,   52000000,   36982688,        0,  -15017312,          0
 25594,   143,   52000000,   36579771,        0,  -15420229,          0
 25594,   144,   52000000,   36698230,        0,  -15301770,          0
 25594,   145,   52000000,   36889162,        0,  -15110838,          0
 25594,   146,   52000000,   36595548,        0,  -15404452,          0
 25594,   147,   52000000,   36886555,        0,  -15113445,          0
 25594,   148,   52000000,   36671865,        0,  -15328135,          0
 25594,   149,   52000000,   36795368,        0,  -15204632,          0
 25594,   150,   52000000,   36594512,        0,  -15405488,          0
 25594,   151,   52000000,   36776641,        0,  -15223359,          0
 25594,   152,   52000000,   36922099,        0,  -15077901,          0
 25594,   153,   52000000,   36608333,        0,  -15391667,          0
 25594,   154,   52000000,   37085999,        0,  -14914001,          0
 25594,   155,   52000000,   36637838,        0,  -15362162,          0
 25594,   156,   52000000,   36605380,        0,  -15394620,          0
 25594,   157,   52000000,   36940656,        0,  -15059344,          0
 25594,   158,   52000000,   36615968,        0,  -15384032,          0
 25594,   159,   52000000,   36892599,        0,  -15107401,          0
 25594,   160,   52000000,   36607666,        0,  -15392334,          0
 25594,   161,   52000000,   36611642,        0,  -15388358,          0
 25594,   162,   52000000,   36621380,        0,  -15378620,          0
 25594,   163,   52000000,   36622529,        0,  -15377471,          0
 25594,   164,   52000000,   36890976,        0,  -15109024,          0
 25594,   165,   52000000,   36866465,        0,  -15133535,          0
 25594,   166,   52000000,   36952213,        0,  -15047787,          0
 25594,   167,   52000000,   36752016,        0,  -15247984,          0
 25594,   168,   52000000,   36601341,        0,  -15398659,          0
 25594,   169,   52000000,   36962024,        0,  -15037976,          0
 25594,   170,   52000000,   36608688,        0,  -15391312,          0
 25594,   171,   52000000,   36865193,        0,  -15134807,          0
 25594,   172,   52000000,   36617538,        0,  -15382462,          0
 25594,   173,   52000000,   36722081,        0,  -15277919,          0
 25594,   174,   52000000,   36623586,        0,  -15376414,          0
 25594,   175,   52000000,   37787305,        0,  -14212695,          0
 25594,   176,   52000000,   36895881,        0,  -15104119,          0
 25594,   177,   52000000,   36853469,        0,  -15146531,          0
 25594,   178,   52000000,   37042653,        0,  -14957347,          0
 25594,   179,   52000000,   36601458,        0,  -15398542,          0
 25594,   180,   52000000,   36617756,        0,  -15382244,          0
 25594,   181,   52000000,   36891398,        0,  -15108602,          0
 25594,   182,   52000000,   36604455,        0,  -15395545,          0
 25594,   183,   52000000,   36919237,        0,  -15080763,          0
 25594,   184,   52000000,   36728643,        0,  -15271357,          0
 25594,   185,   52000000,   36748852,        0,  -15251148,          0
 25594,   186,   52000000,   36778962,        0,  -15221038,          0
 25594,   187,   52000000,   36724181,        0,  -15275819,          0
 25594,   188,   52000000,   36885263,        0,  -15114737,          0
 25594,   189,   52000000,   36728771,        0,  -15271229,          0
 25594,   190,   52000000,   37804980,        0,  -14195020,          0
 25594,   191,   52000000,   36618809,        0,  -15381191,          0
 25594,   192,   52000000,   36599410,        0,  -15400590,          0
 25594,   193,   52000000,   36904143,        0,  -15095857,          0
 25594,   194,   52000000,   36755804,        0,  -15244196,          0
 25594,   195,   52000000,   36917342,        0,  -15082658,          0
 25594,   196,   52000000,   36771536,        0,  -15228464,          0
# task NAME=myapp PID=25598 COST=55602000 PERIOD=85000000 CPU=0
 25598,     2,   85000000,      15354,        0,  -84984646,          0
 25598,     3,   85000000,      63324,        0,  -84936676,          0
 25598,     4,   85000000,   55787212,        0,  -29212788,          0
 25598,     5,   85000000,   54451312,        0,  -30548688,          0
 25598,     6,   85000000,   54935119,        0,  -30064881,          0
 25598,     7,   85000000,   54696875,        0,  -30303125,          0
 25598,     8,   85000000,   54488835,        0,  -30511165,          0
 25598,     9,   85000000,   54765516,        0,  -30234484,          0
 25598,    10,   85000000,   54755205,        0,  -30244795,          0
 25598,    11,   85000000,   54428607,        0,  -30571393,          0
 25598,    12,   85000000,   54466190,        0,  -30533810,          0
 25598,    13,   85000000,   54705480,        0,  -30294520,          0
 25598,    14,   85000000,   54446509,        0,  -30553491,          0
 25598,    15,   85000000,   54434634,        0,  -30565366,          0
 25598,    16,   85000000,   54720171,        0,  -30279829,          0
 25598,    17,   85000000,   54429420,        0,  -30570580,          0
 25598,    18,   85000000,   54444064,        0,  -30555936,          0
 25598,    19,   85000000,   54953071,        0,  -30046929,          0
 25598,    20,   85000000,   54420539,        0,  -30579461,          0
 25598,    21,   85000000,   54572098,        0,  -30427902,          0
 25598,    22,   85000000,   54809416,        0,  -30190584,          0
 25598,    23,   85000000,   54453972,        0,  -30546028,          0
 25598,    24,   85000000,   54775216,        0,  -30224784,          0
 25598,    25,   85000000,   54792087,        0,  -30207913,          0
 25598,    26,   85000000,   54702670,        0,  -30297330,          0
 25598,    27,   85000000,   54468283,        0,  -30531717,          0
 25598,    28,   85000000,   54730149,        0,  -30269851,          0
 25598,    29,   85000000,   54939132,        0,  -30060868,          0
 25598,    30,   85000000,   54460426,        0,  -30539574,          0
 25598,    31,   85000000,   54759587,        0,  -30240413,          0
 25598,    32,   85000000,   54770780,        0,  -30229220,          0
 25598,    33,   85000000,   54746807,        0,  -30253193,          0
 25598,    34,   85000000,   54780736,        0,  -30219264,          0
 25598,    35,   85000000,   54954772,        0,  -30045228,          0
 25598,    36,   85000000,   54458787,        0,  -30541213,          0
 25598,    37,   85000000,   54437718,        0,  -30562282,          0
 25598,    38,   85000000,   54749515,        0,  -30250485,          0
 25598,    39,   85000000,   54532549,        0,  -30467451,          0
 25598,    40,   85000000,   54594732,        0,  -30405268,          0
 25598,    41,   85000000,   54786216,        0,  -30213784,          0
 25598,    42,   85000000,   54429053,        0,  -30570947,          0
 25598,    43,   85000000,   54680539,        0,  -30319461,          0
 25598,    44,   85000000,   54764716,        0,  -30235284,          0
 25598,    45,   85000000,   54513204,        0,  -30486796,          0
 25598,    46,   85000000,   54715020,        0,  -30284980,          0
 25598,    47,   85000000,   54964725,        0,  -30035275,          0
 25598,    48,   85000000,   55465104,        0,  -29534896,          0
 25598,    49,   85000000,   54786286,        0,  -30213714,          0
 25598,    50,   85000000,   54853525,        0,  -30146475,          0
 25598,    51,   85000000,   54462304,        0,  -30537696,          0
 25598,    52,   85000000,   54468558,        0,  -30531442,          0
 25598,    53,   85000000,   54748429,        0,  -30251571,          0
 25598,    54,   85000000,   54718586,        0,  -30281414,          0
 25598,    55,   85000000,   54474786,        0,  -30525214,          0
 25598,    56,   85000000,   54785851,        0,  -30214149,          0
 25598,    57,   85000000,   54760002,        0,  -30239998,          0
 25598,    58,   85000000,   54458149,        0,  -30541851,          0
 25598,    59,   85000000,   54751875,        0,  -30248125,          0
 25598,    60,   85000000,   54742955,        0,  -30257045,          0
 25598,    61,   85000000,   54459203,        0,  -30540797,          0
 25598,    62,   85000000,   54454714,        0,  -30545286,          0
 25598,    63,   85000000,   54759538,        0,  -30240462,          0
 25598,    64,   85000000,   54470327,        0,  -30529673,          0
 25598,    65,   85000000,   54455130,        0,  -30544870,          0
 25598,    66,   85000000,   54827176,        0,  -30172824,          0
 25598,    67,   85000000,   54462390,        0,  -30537610,          0
 25598,    68,   85000000,   54523392,        0,  -30476608,          0
 25598,    69,   85000000,   54811607,        0,  -30188393,          0
 25598,    70,   85000000,   55466105,        0,  -29533895,          0
 25598,    71,   85000000,   54494669,        0,  -30505331,          0
 25598,    72,   85000000,   54752344,        0,  -30247656,          0
 25598,    73,   85000000,   54448422,        0,  -30551578,          0
 25598,    74,   85000000,   54820592,        0,  -30179408,          0
 25598,    75,   85000000,   54781424,        0,  -30218576,          0
 25598,    76,   85000000,   54505609,        0,  -30494391,          0
 25598,    77,   85000000,   54423872,        0,  -30576128,          0
 25598,    78,   85000000,   54787237,        0,  -30212763,          0
 25598,    79,   85000000,   54728618,        0,  -30271382,          0
 25598,    80,   85000000,   54536497,        0,  -30463503,          0
 25598,    81,   85000000,   54943668,        0,  -30056332,          0
 25598,    82,   85000000,   54958454,        0,  -30041546,          0
 25598,    83,   85000000,   54533680,        0,  -30466320,          0
 25598,    84,   85000000,   54719827,        0,  -30280173,          0
 25598,    85,   85000000,   54758526,        0,  -30241474,          0
 25598,    86,   85000000,   54412097,        0,  -30587903,          0
 25598,    87,   85000000,   55437062,        0,  -29562938,          0
 25598,    88,   85000000,   54958540,        0,  -30041460,          0
 25598,    89,   85000000,   54434455,        0,  -30565545,          0
 25598,    90,   85000000,   54447622,        0,  -30552378,          0
 25598,    91,   85000000,   54737767,        0,  -30262233,          0
 25598,    92,   85000000,   54523767,        0,  -30476233,          0
 25598,    93,   85000000,   54952443,        0,  -30047557,          0
 25598,    94,   85000000,   54918985,        0,  -30081015,          0
 25598,    95,   85000000,   54471749,        0,  -30528251,          0
 25598,    96,   85000000,   54677276,        0,  -30322724,          0
 25598,    97,   85000000,   54722174,        0,  -30277826,          0
 25598,    98,   85000000,   54441968,        0,  -30558032,          0
 25598,    99,   85000000,   54437555,        0,  -30562445,          0
 25598,   100,   85000000,   54915538,        0,  -30084462,          0
 25598,   101,   85000000,   54452350,        0,  -30547650,          0
 25598,   102,   85000000,   54443494,        0,  -30556506,          0
 25598,   103,   85000000,   54699066,        0,  -30300934,          0
 25598,   104,   85000000,   54938675,        0,  -30061325,          0
 25598,   105,   85000000,   54648213,        0,  -30351787,          0
 25598,   106,   85000000,   54927363,        0,  -30072637,          0
 25598,   107,   85000000,   55112864,        0,  -29887136,          0
 25598,   108,   85000000,   54460531,        0,  -30539469,          0
 25598,   109,   85000000,   55035617,        0,  -29964383,          0
 25598,   110,   85000000,   54740434,        0,  -30259566,          0
 25598,   111,   85000000,   54486160,        0,  -30513840,          0
 25598,   112,   85000000,   54461366,        0,  -30538634,          0
 25598,   113,   85000000,   54724339,        0,  -30275661,          0
 25598,   114,   85000000,   54449083,        0,  -30550917,          0
 25598,   115,   85000000,   54579197,        0,  -30420803,          0
 25598,   116,   85000000,   54955601,        0,  -30044399,          0
 25598,   117,   85000000,   54476165,        0,  -30523835,          0
 25598,   118,   85000000,   54451712,        0,  -30548288,          0
 25598,   119,   85000000,   54775281,        0,  -30224719,          0
 25598,   120,   85000000,   54475577,        0,  -30524423,          0
 25598,   121,   85000000,   55342052,        0,  -29657948,          0
