# Task,   Job,     Period,   Response, DL Miss?,   Lateness,  Tardiness
# task NAME=myapp PID=21432 COST=26408000 PERIOD=37000000 CPU=0
 21432,     2,   37000000,       8776,        0,  -36991224,          0
 21432,     3,   37000000,      50830,        0,  -36949170,          0
 21432,     4,   37000000,   26924074,        0,  -10075926,          0
 21432,     5,   37000000,   25868516,        0,  -11131484,          0
 21432,     6,   37000000,   25854027,        0,  -11145973,          0
 21432,     7,   37000000,   25839529,        0,  -11160471,          0
 21432,     8,   37000000,   25949883,        0,  -11050117,          0
 21432,     9,   37000000,   25859532,        0,  -11140468,          0
 21432,    10,   37000000,   26242931,        0,  -10757069,          0
 21432,    11,   37000000,   25960543,        0,  -11039457,          0
 21432,    12,   37000000,   25844730,        0,  -11155270,          0
 21432,    13,   37000000,   26137717,        0,  -10862283,          0
 21432,    14,   37000000,   25853741,        0,  -11146259,          0
 21432,    15,   37000000,   25847747,        0,  -11152253,          0
 21432,    16,   37000000,   25958227,        0,  -11041773,          0
 21432,    17,   37000000,   25840369,        0,  -11159631,          0
 21432,    18,   37000000,   25849084,        0,  -11150916,          0
 21432,    19,   37000000,   25850763,        0,  -11149237,          0
 21432,    20,   37000000,   26131072,        0,  -10868928,          0
 21432,    21,   37000000,   25857702,        0,  -11142298,          0
 21432,    22,   37000000,   25861919,        0,  -11138081,          0
 21432,    23,   37000000,   26184416,        0,  -10815584,          0
 21432,    24,   37000000,   25855033,        0,  -11144967,          0
 21432,    25,   37000000,   25867582,        0,  -11132418,          0
 21432,    26,   37000000,   25853998,        0,  -11146002,          0
 21432,    27,   37000000,   26164005,        0,  -10835995,          0
 21432,    28,   37000000,   25883377,        0,  -11116623,          0
 21432,    29,   37000000,   25844563,        0,  -11155437,          0
 21432,    30,   37000000,   26213967,        0,  -10786033,          0
 21432,    31,   37000000,   25851469,        0,  -11148531,          0
 21432,    32,   37000000,   25856657,        0,  -11143343,          0
 21432,    33,   37000000,   25849804,        0,  -11150196,          0
 21432,    34,   37000000,   25874774,        0,  -11125226,          0
 21432,    35,   37000000,   25847878,        0,  -11152122,          0
 21432,    36,   37000000,   25863695,        0,  -11136305,          0
 21432,    37,   37000000,   26134006,        0,  -10865994,          0
 21432,    38,   37000000,   25873869,        0,  -11126131,          0
 21432,    39,   37000000,   25891446,        0,  -11108554,          0
 21432,    40,   37000000,   26138324,        0,  -10861676,          0
 21432,    41,   37000000,   25861956,        0,  -11138044,          0
 21432,    42,   37000000,   25958826,        0,  -11041174,          0
 21432,    43,   37000000,   25855200,        0,  -11144800,          0
 21432,    44,   37000000,   25836782,        0,  -11163218,          0
 21432,    45,   37000000,   25864698,        0,  -11135302,          0
 21432,    46,   37000000,   25870900,        0,  -11129100,          0
 21432,    47,   37000000,   26143242,        0,  -10856758,          0
 21432,    48,   37000000,   25866808,        0,  -11133192,          0
 21432,    49,   37000000,   25864517,        0,  -11135483,          0
 21432,    50,   37000000,   26136445,        0,  -10863555,          0
 21432,    51,   37000000,   25868642,        0,  -11131358,          0
 21432,    52,   37000000,   25857513,        0,  -11142487,          0
 21432,    53,   37000000,   25984452,        0,  -11015548,          0
 21432,    54,   37000000,   26141262,        0,  -10858738,          0
 21432,    55,   37000000,   25941610,        0,  -11058390,          0
 21432,    56,   37000000,   25885471,        0,  -11114529,          0
 21432,    57,   37000000,   26249700,        0,  -10750300,          0
 21432,    58,   37000000,   25868567,        0,  -11131433,          0
 21432,    59,   37000000,   25864564,        0,  -11135436,          0
 21432,    60,   37000000,   25919354,        0,  -11080646,          0
 21432,    61,   37000000,   25987623,        0,  -11012377,          0
 21432,    62,   37000000,   25879150,        0,  -11120850,          0
 21432,    63,   37000000,   25979329,        0,  -11020671,          0
 21432,    64,   37000000,   26288394,        0,  -10711606,          0
 21432,    65,   37000000,   25867780,        0,  -11132220,          0
 21432,    66,   37000000,   25868500,        0,  -11131500,          0
 21432,    67,   37000000,   26168936,        0,  -10831064,          0
 21432,    68,   37000000,   25974110,        0,  -11025890,          0
 21432,    69,   37000000,   25991589,        0,  -11008411,          0
 21432,    70,   37000000,   25985501,        0,  -11014499,          0
 21432,    71,   37000000,   25862609,        0,  -11137391,          0
 21432,    72,   37000000,   25848473,        0,  -11151527,          0
 21432,    73,   37000000,   25982886,        0,  -11017114,          0
 21432,    74,   37000000,   26164423,        0,  -10835577,          0
 21432,    75,   37000000,   25986368,        0,  -11013632,          0
 21432,    76,   37000000,   25882145,        0,  -11117855,          0
 21432,    77,   37000000,   26200449,        0,  -10799551,          0
 21432,    78,   37000000,   25857179,        0,  -11142821,          0
 21432,    79,   37000000,   25872680,        0,  -11127320,          0
 21432,    80,   37000000,   25862471,        0,  -11137529,          0
 21432,    81,   37000000,   26141780,        0,  -10858220,          0
 21432,    82,   37000000,   25862098,        0,  -11137902,          0
 21432,    83,   37000000,   25876528,        0,  -11123472,          0
 21432,    84,   37000000,   26273042,        0,  -10726958,          0
 21432,    85,   37000000,   25873756,        0,  -11126244,          0
 21432,    86,   37000000,   25847313,        0,  -11152687,          0
 21432,    87,   37000000,   25885163,        0,  -11114837,          0
 21432,    88,   37000000,   25873379,        0,  -11126621,          0
 21432,    89,   37000000,   25917255,        0,  -11082745,          0
 21432,    90,   37000000,   25917760,        0,  -11082240,          0
 21432,    91,   37000000,   26241363,        0,  -10758637,          0
 21432,    92,   37000000,   25850666,        0,  -11149334,          0
 21432,    93,   37000000,   25888803,        0,  -11111197,          0
 21432,    94,   37000000,   26139770,        0,  -10860230,          0
 21432,    95,   37000000,   25906306,        0,  -11093694,          0
 21432,    96,   37000000,   25850876,        0,  -11149124,          0
 21432,    97,   37000000,   25927756,        0,  -11072244,          0
 21432,    98,   37000000,   25875484,        0,  -11124516,          0
 21432,    99,   37000000,   25853700,        0,  -11146300,          0
 21432,   100,   37000000,   25846980,        0,  -11153020,          0
 21432,   101,   37000000,   26153603,        0,  -10846397,          0
 21432,   102,   37000000,   25879561,        0,  -11120439,          0
 21432,   103,   37000000,   25842543,        0,  -11157457,          0
 21432,   104,   37000000,   25860732,        0,  -11139268,          0
 21432,   105,   37000000,   25855157,        0,  -11144843,          0
 21432,   106,   37000000,   25865170,        0,  -11134830,          0
 21432,   107,   37000000,   25859785,        0,  -11140215,          0
 21432,   108,   37000000,   26146004,        0,  -10853996,          0
 21432,   109,   37000000,   25866705,        0,  -11133295,          0
 21432,   110,   37000000,   25943349,        0,  -11056651,          0
 21432,   111,   37000000,   26240429,        0,  -10759571,          0
 21432,   112,   37000000,   25854269,        0,  -11145731,          0
 21432,   113,   37000000,   25872851,        0,  -11127149,          0
 21432,   114,   37000000,   25845159,        0,  -11154841,          0
 21432,   115,   37000000,   25862687,        0,  -11137313,          0
 21432,   116,   37000000,   25846448,        0,  -11153552,          0
 21432,   117,   37000000,   25874705,        0,  -11125295,          0
 21432,   118,   37000000,   26138390,        0,  -10861610,          0
 21432,   119,   37000000,   25865192,        0,  -11134808,          0
 21432,   120,   37000000,   25856010,        0,  -11143990,          0
 21432,   121,   37000000,   26171308,        0,  -10828692,          0
 21432,   122,   37000000,   25867397,        0,  -11132603,          0
 21432,   123,   37000000,   25858593,        0,  -11141407,          0
 21432,   124,   37000000,   25865181,        0,  -11134819,          0
 21432,   125,   37000000,   25909935,        0,  -11090065,          0
 21432,   126,   37000000,   25850065,        0,  -11149935,          0
 21432,   127,   37000000,   25888267,        0,  -11111733,          0
 21432,   128,   37000000,   26255574,        0,  -10744426,          0
 21432,   129,   37000000,   25844846,        0,  -11155154,          0
 21432,   130,   37000000,   25857437,        0,  -11142563,          0
 21432,   131,   37000000,   25871695,        0,  -11128305,          0
 21432,   132,   37000000,   25879006,        0,  -11120994,          0
 21432,   133,   37000000,   25880857,        0,  -11119143,          0
 21432,   134,   37000000,   25889407,        0,  -11110593,          0
 21432,   135,   37000000,   26138535,        0,  -10861465,          0
 21432,   136,   37000000,   25866119,        0,  -11133881,          0
 21432,   137,   37000000,   25870203,        0,  -11129797,          0
 21432,   138,   37000000,   26271764,        0,  -10728236,          0
 21432,   139,   37000000,   25867793,        0,  -11132207,          0
 21432,   140,   37000000,   25979672,        0,  -11020328,          0
 21432,   141,   37000000,   25883546,        0,  -11116454,          0
 21432,   142,   37000000,   25855399,        0,  -11144601,          0
 21432,   143,   37000000,   25875226,        0,  -11124774,          0
 21432,   144,   37000000,   25845353,        0,  -11154647,          0
 21432,   145,   37000000,   26163648,        0,  -10836352,          0
 21432,   146,   37000000,   25885267,        0,  -11114733,          0
 21432,   147,   37000000,   25881979,        0,  -11118021,          0
 21432,   148,   37000000,   26212646,        0,  -10787354,          0
 21432,   149,   37000000,   25985078,        0,  -11014922,          0
 21432,   150,   37000000,   25855003,        0,  -11144997,          0
 21432,   151,   37000000,   25868495,        0,  -11131505,          0
 21432,   152,   37000000,   26194029,        0,  -10805971,          0
 21432,   153,   37000000,   25898628,        0,  -11101372,          0
 21432,   154,   37000000,   25880974,        0,  -11119026,          0
 21432,   155,   37000000,   26147111,        0,  -10852889,          0
 21432,   156,   37000000,   25902699,        0,  -11097301,          0
 21432,   157,   37000000,   25889459,        0,  -11110541,          0
 21432,   158,   37000000,   25866230,        0,  -11133770,          0
 21432,   159,   37000000,   25898444,        0,  -11101556,          0
 21432,   160,   37000000,   25861128,        0,  -11138872,          0
 21432,   161,   37000000,   25976363,        0,  -11023637,          0
 21432,   162,   37000000,   26154014,        0,  -10845986,          0
 21432,   163,   37000000,   25893231,        0,  -11106769,          0
 21432,   164,   37000000,   25867582,        0,  -11132418,          0
 21432,   165,   37000000,   26237629,        0,  -10762371,          0
 21432,   166,   37000000,   25874726,        0,  -11125274,          0
 21432,   167,   37000000,   25919636,        0,  -11080364,          0
 21432,   168,   37000000,   25876151,        0,  -11123849,          0
 21432,   169,   37000000,   25975719,        0,  -11024281,          0
 21432,   170,   37000000,   25850612,        0,  -11149388,          0
 21432,   171,   37000000,   25875250,        0,  -11124750,          0
 21432,   172,   37000000,   26281119,        0,  -10718881,          0
 21432,   173,   37000000,   25917049,        0,  -11082951,          0
 21432,   174,   37000000,   25856565,        0,  -11143435,          0
 21432,   175,   37000000,   26174381,        0,  -10825619,          0
 21432,   176,   37000000,   25900211,        0,  -11099789,          0
 21432,   177,   37000000,   25876312,        0,  -11123688,          0
 21432,   178,   37000000,   25840781,        0,  -11159219,          0
 21432,   179,   37000000,   26129063,        0,  -10870937,          0
 21432,   180,   37000000,   25858341,        0,  -11141659,          0
 21432,   181,   37000000,   25990087,        0,  -11009913,          0
 21432,   182,   37000000,   26148535,        0,  -10851465,          0
 21432,   183,   37000000,   25985604,        0,  -11014396,          0
 21432,   184,   37000000,   25989782,        0,  -11010218,          0
 21432,   185,   37000000,   25878774,        0,  -11121226,          0
 21432,   186,   37000000,   25865681,        0,  -11134319,          0
 21432,   187,   37000000,   26132500,        0,  -10867500,          0
 21432,   188,   37000000,   25852511,        0,  -11147489,          0
 21432,   189,   37000000,   26145246,        0,  -10854754,          0
 21432,   190,   37000000,   25873278,        0,  -11126722,          0
 21432,   191,   37000000,   25854078,        0,  -11145922,          0
 21432,   192,   37000000,   26160872,        0,  -10839128,          0
 21432,   193,   37000000,   25848955,        0,  -11151045,          0
 21432,   194,   37000000,   25845681,        0,  -11154319,          0
 21432,   195,   37000000,   25859213,        0,  -11140787,          0
 21432,   196,   37000000,   25954769,        0,  -11045231,          0
 21432,   197,   37000000,   25854928,        0,  -11145072,          0
 21432,   198,   37000000,   25958321,        0,  -11041679,          0
 21432,   199,   37000000,   26240509,        0,  -10759491,          0
 21432,   200,   37000000,   25847356,        0,  -11152644,          0
 21432,   201,   37000000,   25859376,        0,  -11140624,          0
 21432,   202,   37000000,   25846920,        0,  -11153080,          0
 21432,   203,   37000000,   25883557,        0,  -11116443,          0
 21432,   204,   37000000,   25944503,        0,  -11055497,          0
 21432,   205,   37000000,   25856226,        0,  -11143774,          0
 21432,   206,   37000000,   26152918,        0,  -10847082,          0
 21432,   207,   37000000,   25973185,        0,  -11026815,          0
 21432,   208,   37000000,   25845083,        0,  -11154917,          0
 21432,   209,   37000000,   26162680,        0,  -10837320,          0
 21432,   210,   37000000,   25857905,        0,  -11142095,          0
 21432,   211,   37000000,   25896498,        0,  -11103502,          0
 21432,   212,   37000000,   25849986,        0,  -11150014,          0
 21432,   213,   37000000,   25878642,        0,  -11121358,          0
 21432,   214,   37000000,   25956394,        0,  -11043606,          0
 21432,   215,   37000000,   25845998,        0,  -11154002,          0
 21432,   216,   37000000,   26289019,        0,  -10710981,          0
 21432,   217,   37000000,   25914759,        0,  -11085241,          0
 21432,   218,   37000000,   25884625,        0,  -11115375,          0
 21432,   219,   37000000,   26204810,        0,  -10795190,          0
 21432,   220,   37000000,   25869018,        0,  -11130982,          0
 21432,   221,   37000000,   25860702,        0,  -11139298,          0
 21432,   222,   37000000,   25879647,        0,  -11120353,          0
 21432,   223,   37000000,   25841653,        0,  -11158347,          0
 21432,   224,   37000000,   25898317,        0,  -11101683,          0
 21432,   225,   37000000,   25878454,        0,  -11121546,          0
 21432,   226,   37000000,   26161615,        0,  -10838385,          0
 21432,   227,   37000000,   25863354,        0,  -11136646,          0
 21432,   228,   37000000,   25860777,        0,  -11139223,          0
 21432,   229,   37000000,   25879498,        0,  -11120502,          0
 21432,   230,   37000000,   25878928,        0,  -11121072,          0
 21432,   231,   37000000,   25928628,        0,  -11071372,          0
 21432,   232,   37000000,   25921667,        0,  -11078333,          0
 21432,   233,   37000000,   26262971,        0,  -10737029,          0
 21432,   234,   37000000,   25900829,        0,  -11099171,          0
 21432,   235,   37000000,   25944242,        0,  -11055758,          0
 21432,   236,   37000000,   26237207,        0,  -10762793,          0
 21432,   237,   37000000,   26017385,        0,  -10982615,          0
 21432,   238,   37000000,   25880236,        0,  -11119764,          0
 21432,   239,   37000000,   25869031,        0,  -11130969,          0
 21432,   240,   37000000,   25887013,        0,  -11112987,          0
 21432,   241,   37000000,   25940639,        0,  -11059361,          0
 21432,   242,   37000000,   25867635,        0,  -11132365,          0
 21432,   243,   37000000,   26179565,        0,  -10820435,          0
 21432,   244,   37000000,   25855502,        0,  -11144498,          0
 21432,   245,   37000000,   25864401,        0,  -11135599,          0
 21432,   246,   37000000,   26143244,        0,  -10856756,          0
 21432,   247,   37000000,   25863561,        0,  -11136439,          0
 21432,   248,   37000000,   25888358,        0,  -11111642,          0
 21432,   249,   37000000,   25848188,        0,  -11151812,          0
 21432,   250,   37000000,   26151151,        0,  -10848849,          0
 21432,   251,   37000000,   25868626,        0,  -11131374,          0
 21432,   252,   37000000,   25844567,        0,  -11155433,          0
 21432,   253,   37000000,   26161968,        0,  -10838032,          0
 21432,   254,   37000000,   25924893,        0,  -11075107,          0
 21432,   255,   37000000,   25912650,        0,  -11087350,          0
 21432,   256,   37000000,   25864973,        0,  -11135027,          0
 21432,   257,   37000000,   25876620,        0,  -11123380,          0
 21432,   258,   37000000,   25866414,        0,  -11133586,          0
 21432,   259,   37000000,   25847797,        0,  -11152203,          0
 21432,   260,   37000000,   26154810,        0,  -10845190,          0
 21432,   261,   37000000,   25990664,        0,  -11009336,          0
 21432,   262,   37000000,   25869344,        0,  -11130656,          0
 21432,   263,   37000000,   26149296,        0,  -10850704,          0
 21432,   264,   37000000,   25845802,        0,  -11154198,          0
 21432,   265,   37000000,   25841357,        0,  -11158643,          0
 21432,   266,   37000000,   25840982,        0,  -11159018,          0
 21432,   267,   37000000,   25953148,        0,  -11046852,          0
 21432,   268,   37000000,   25850745,        0,  -11149255,          0
 21432,   269,   37000000,   25850961,        0,  -11149039,          0
 21432,   270,   37000000,   26154184,        0,  -10845816,          0
 21432,   271,   37000000,   25847783,        0,  -11152217,          0
 21432,   272,   37000000,   25869096,        0,  -11130904,          0
 21432,   273,   37000000,   26236599,        0,  -10763401,          0
 21432,   274,   37000000,   26826043,        0,  -10173957,          0
# task NAME=myapp PID=21435 COST=12309000 PERIOD=43000000 CPU=0
 21435,     2,   43000000,      15062,        0,  -42984938,          0
 21435,     3,   43000000,      57616,        0,  -42942384,          0
 21435,     4,   43000000,   13185829,        0,  -29814171,          0
 21435,     5,   43000000,   12086033,        0,  -30913967,          0
 21435,     6,   43000000,   12398122,        0,  -30601878,          0
 21435,     7,   43000000,   12105164,        0,  -30894836,          0
 21435,     8,   43000000,   12083011,        0,  -30916989,          0
 21435,     9,   43000000,   12377680,        0,  -30622320,          0
 21435,    10,   43000000,   12156357,        0,  -30843643,          0
 21435,    11,   43000000,   12097160,        0,  -30902840,          0
 21435,    12,   43000000,   12407360,        0,  -30592640,          0
 21435,    13,   43000000,   12078489,        0,  -30921511,          0
 21435,    14,   43000000,   12088932,        0,  -30911068,          0
 21435,    15,   43000000,   12074193,        0,  -30925807,          0
 21435,    16,   43000000,   12082165,        0,  -30917835,          0
 21435,    17,   43000000,   12094264,        0,  -30905736,          0
 21435,    18,   43000000,   12106960,        0,  -30893040,          0
 21435,    19,   43000000,   12070946,        0,  -30929054,          0
 21435,    20,   43000000,   12125567,        0,  -30874433,          0
 21435,    21,   43000000,   12098212,        0,  -30901788,          0
 21435,    22,   43000000,   12119266,        0,  -30880734,          0
 21435,    23,   43000000,   12197409,        0,  -30802591,          0
 21435,    24,   43000000,   12071524,        0,  -30928476,          0
 21435,    25,   43000000,   12107208,        0,  -30892792,          0
 21435,    26,   43000000,   12081820,        0,  -30918180,          0
 21435,    27,   43000000,   12085406,        0,  -30914594,          0
 21435,    28,   43000000,   12112183,        0,  -30887817,          0
 21435,    29,   43000000,   12083734,        0,  -30916266,          0
 21435,    30,   43000000,   12104936,        0,  -30895064,          0
 21435,    31,   43000000,   12107072,        0,  -30892928,          0
 21435,    32,   43000000,   12113395,        0,  -30886605,          0
 21435,    33,   43000000,   12098622,        0,  -30901378,          0
 21435,    34,   43000000,   12113038,        0,  -30886962,          0
 21435,    35,   43000000,   12082443,        0,  -30917557,          0
 21435,    36,   43000000,   12071916,        0,  -30928084,          0
 21435,    37,   43000000,   12108562,        0,  -30891438,          0
 21435,    38,   43000000,   12394023,        0,  -30605977,          0
 21435,    39,   43000000,   12070056,        0,  -30929944,          0
 21435,    40,   43000000,   14106006,        0,  -28893994,          0
 21435,    41,   43000000,   12370056,        0,  -30629944,          0
 21435,    42,   43000000,   12069891,        0,  -30930109,          0
 21435,    43,   43000000,   12078971,        0,  -30921029,          0
 21435,    44,   43000000,   12367473,        0,  -30632527,          0
 21435,    45,   43000000,   12075474,        0,  -30924526,          0
 21435,    46,   43000000,   12439114,        0,  -30560886,          0
 21435,    47,   43000000,   12073434,        0,  -30926566,          0
 21435,    48,   43000000,   12091266,        0,  -30908734,          0
 21435,    49,   43000000,   12074103,        0,  -30925897,          0
 21435,    50,   43000000,   12175733,        0,  -30824267,          0
 21435,    51,   43000000,   12110226,        0,  -30889774,          0
 21435,    52,   43000000,   12149593,        0,  -30850407,          0
 21435,    53,   43000000,   12103409,        0,  -30896591,          0
 21435,    54,   43000000,   12116089,        0,  -30883911,          0
 21435,    55,   43000000,   12077836,        0,  -30922164,          0
 21435,    56,   43000000,   12158477,        0,  -30841523,          0
 21435,    57,   43000000,   12071304,        0,  -30928696,          0
 21435,    58,   43000000,   12086612,        0,  -30913388,          0
 21435,    59,   43000000,   12097940,        0,  -30902060,          0
 21435,    60,   43000000,   12078225,        0,  -30921775,          0
 21435,    61,   43000000,   12144809,        0,  -30855191,          0
 21435,    62,   43000000,   12135392,        0,  -30864608,          0
 21435,    63,   43000000,   12051666,        0,  -30948334,          0
 21435,    64,   43000000,   12102053,        0,  -30897947,          0
 21435,    65,   43000000,   12089886,        0,  -30910114,          0
 21435,    66,   43000000,   12161122,        0,  -30838878,          0
 21435,    67,   43000000,   12425072,        0,  -30574928,          0
 21435,    68,   43000000,   12170715,        0,  -30829285,          0
 21435,    69,   43000000,   12138686,        0,  -30861314,          0
 21435,    70,   43000000,   12356936,        0,  -30643064,          0
 21435,    71,   43000000,   12090016,        0,  -30909984,          0
 21435,    72,   43000000,   12092179,        0,  -30907821,          0
 21435,    73,   43000000,   12442712,        0,  -30557288,          0
 21435,    74,   43000000,   12149294,        0,  -30850706,          0
 21435,    75,   43000000,   12089301,        0,  -30910699,          0
 21435,    76,   43000000,   12091993,        0,  -30908007,          0
 21435,    77,   43000000,   12105625,        0,  -30894375,          0
 21435,    78,   43000000,   12084994,        0,  -30915006,          0
 21435,    79,   43000000,   12253714,        0,  -30746286,          0
 21435,    80,   43000000,   12138192,        0,  -30861808,          0
 21435,    81,   43000000,   12133599,        0,  -30866401,          0
 21435,    82,   43000000,   12081529,        0,  -30918471,          0
 21435,    83,   43000000,   12088740,        0,  -30911260,          0
 21435,    84,   43000000,   12093607,        0,  -30906393,          0
 21435,    85,   43000000,   12147051,        0,  -30852949,          0
 21435,    86,   43000000,   12075610,        0,  -30924390,          0
 21435,    87,   43000000,   12127875,        0,  -30872125,          0
 21435,    88,   43000000,   12168550,        0,  -30831450,          0
 21435,    89,   43000000,   12075978,        0,  -30924022,          0
 21435,    90,   43000000,   12071286,        0,  -30928714,          0
 21435,    91,   43000000,   12080466,        0,  -30919534,          0
 21435,    92,   43000000,   12111106,        0,  -30888894,          0
 21435,    93,   43000000,   12073489,        0,  -30926511,          0
 21435,    94,   43000000,   12097490,        0,  -30902510,          0
 21435,    95,   43000000,   12179436,        0,  -30820564,          0
 21435,    96,   43000000,   12108221,        0,  -30891779,          0
 21435,    97,   43000000,   12150747,        0,  -30849253,          0
 21435,    98,   43000000,   12165586,        0,  -30834414,          0
 21435,    99,   43000000,   12362188,        0,  -30637812,          0
 21435,   100,   43000000,   12091480,        0,  -30908520,          0
 21435,   101,   43000000,   12123467,        0,  -30876533,          0
 21435,   102,   43000000,   12400460,        0,  -30599540,          0
 21435,   103,   43000000,   12126756,        0,  -30873244,          0
 21435,   104,   43000000,   12070346,        0,  -30929654,          0
 21435,   105,   43000000,   12418410,        0,  -30581590,          0
 21435,   106,   43000000,   12079331,        0,  -30920669,          0
 21435,   107,   43000000,   12070871,        0,  -30929129,          0
 21435,   108,   43000000,   12082795,        0,  -30917205,          0
 21435,   109,   43000000,   12074349,        0,  -30925651,          0
 21435,   110,   43000000,   12098465,        0,  -30901535,          0
 21435,   111,   43000000,   12091064,        0,  -30908936,          0
 21435,   112,   43000000,   12100141,        0,  -30899859,          0
 21435,   113,   43000000,   12075165,        0,  -30924835,          0
 21435,   114,   43000000,   12129590,        0,  -30870410,          0
 21435,   115,   43000000,   12083493,        0,  -30916507,          0
 21435,   116,   43000000,   12102403,        0,  -30897597,          0
 21435,   117,   43000000,   12084118,        0,  -30915882,          0
 21435,   118,   43000000,   12100775,        0,  -30899225,          0
 21435,   119,   43000000,   12052751,        0,  -30947249,          0
 21435,   120,   43000000,   12110901,        0,  -30889099,          0
 21435,   121,   43000000,   12098918,        0,  -30901082,          0
 21435,   122,   43000000,   12075603,        0,  -30924397,          0
 21435,   123,   43000000,   12076958,        0,  -30923042,          0
 21435,   124,   43000000,   12158685,        0,  -30841315,          0
 21435,   125,   43000000,   12087358,        0,  -30912642,          0
 21435,   126,   43000000,   12067282,        0,  -30932718,          0
 21435,   127,   43000000,   12106784,        0,  -30893216,          0
 21435,   128,   43000000,   12070680,        0,  -30929320,          0
 21435,   129,   43000000,   12107521,        0,  -30892479,          0
 21435,   130,   43000000,   12064970,        0,  -30935030,          0
 21435,   131,   43000000,   12359298,        0,  -30640702,          0
 21435,   132,   43000000,   12103669,        0,  -30896331,          0
 21435,   133,   43000000,   12075454,        0,  -30924546,          0
 21435,   134,   43000000,   12403941,        0,  -30596059,          0
 21435,   135,   43000000,   12073825,        0,  -30926175,          0
 21435,   136,   43000000,   12112296,        0,  -30887704,          0
 21435,   137,   43000000,   12359813,        0,  -30640187,          0
 21435,   138,   43000000,   12101889,        0,  -30898111,          0
 21435,   139,   43000000,   12091452,        0,  -30908548,          0
 21435,   140,   43000000,   12074921,        0,  -30925079,          0
 21435,   141,   43000000,   12111188,        0,  -30888812,          0
 21435,   142,   43000000,   12132807,        0,  -30867193,          0
 21435,   143,   43000000,   12176115,        0,  -30823885,          0
 21435,   144,   43000000,   12137108,        0,  -30862892,          0
 21435,   145,   43000000,   12077366,        0,  -30922634,          0
 21435,   146,   43000000,   12101513,        0,  -30898487,          0
 21435,   147,   43000000,   12091487,        0,  -30908513,          0
 21435,   148,   43000000,   12145625,        0,  -30854375,          0
 21435,   149,   43000000,   12070543,        0,  -30929457,          0
 21435,   150,   43000000,   12088766,        0,  -30911234,          0
 21435,   151,   43000000,   12095167,        0,  -30904833,          0
 21435,   152,   43000000,   12724475,        0,  -30275525,          0
 21435,   153,   43000000,   12108626,        0,  -30891374,          0
 21435,   154,   43000000,   12102060,        0,  -30897940,          0
 21435,   155,   43000000,   12133024,        0,  -30866976,          0
 21435,   156,   43000000,   12077141,        0,  -30922859,          0
 21435,   157,   43000000,   12075547,        0,  -30924453,          0
 21435,   158,   43000000,   12091610,        0,  -30908390,          0
 21435,   159,   43000000,   12077637,        0,  -30922363,          0
 21435,   160,   43000000,   12080281,        0,  -30919719,          0
 21435,   161,   43000000,   12080211,        0,  -30919789,          0
 21435,   162,   43000000,   12097501,        0,  -30902499,          0
 21435,   163,   43000000,   12369075,        0,  -30630925,          0
 21435,   164,   43000000,   12096314,        0,  -30903686,          0
 21435,   165,   43000000,   12112829,        0,  -30887171,          0
 21435,   166,   43000000,   12456290,        0,  -30543710,          0
 21435,   167,   43000000,   12079783,        0,  -30920217,          0
 21435,   168,   43000000,   12096242,        0,  -30903758,          0
 21435,   169,   43000000,   12415880,        0,  -30584120,          0
 21435,   170,   43000000,   12157671,        0,  -30842329,          0
 21435,   171,   43000000,   12105998,        0,  -30894002,          0
 21435,   172,   43000000,   12112914,        0,  -30887086,          0
 21435,   173,   43000000,   12103271,        0,  -30896729,          0
 21435,   174,   43000000,   12145335,        0,  -30854665,          0
 21435,   175,   43000000,   12149061,        0,  -30850939,          0
 21435,   176,   43000000,   12069801,        0,  -30930199,          0
 21435,   177,   43000000,   12108591,        0,  -30891409,          0
 21435,   178,   43000000,   12156650,        0,  -30843350,          0
 21435,   179,   43000000,   12096253,        0,  -30903747,          0
 21435,   180,   43000000,   12123088,        0,  -30876912,          0
 21435,   181,   43000000,   12105336,        0,  -30894664,          0
 21435,   182,   43000000,   12093325,        0,  -30906675,          0
 21435,   183,   43000000,   12131956,        0,  -30868044,          0
 21435,   184,   43000000,   12116127,        0,  -30883873,          0
 21435,   185,   43000000,   12078577,        0,  -30921423,          0
 21435,   186,   43000000,   12088005,        0,  -30911995,          0
 21435,   187,   43000000,   12118852,        0,  -30881148,          0
 21435,   188,   43000000,   12096842,        0,  -30903158,          0
 21435,   189,   43000000,   12068883,        0,  -30931117,          0
 21435,   190,   43000000,   12069940,        0,  -30930060,          0
 21435,   191,   43000000,   12101090,        0,  -30898910,          0
 21435,   192,   43000000,   12336308,        0,  -30663692,          0
 21435,   193,   43000000,   12121163,        0,  -30878837,          0
 21435,   194,   43000000,   12139931,        0,  -30860069,          0
 21435,   195,   43000000,   12359755,        0,  -30640245,          0
 21435,   196,   43000000,   12148662,        0,  -30851338,          0
 21435,   197,   43000000,   12077587,        0,  -30922413,          0
 21435,   198,   43000000,   12349882,        0,  -30650118,          0
 21435,   199,   43000000,   12096788,        0,  -30903212,          0
 21435,   200,   43000000,   12113240,        0,  -30886760,          0
 21435,   201,   43000000,   12392615,        0,  -30607385,          0
 21435,   202,   43000000,   12089141,        0,  -30910859,          0
 21435,   203,   43000000,   12080145,        0,  -30919855,          0
 21435,   204,   43000000,   12125617,        0,  -30874383,          0
 21435,   205,   43000000,   12093037,        0,  -30906963,          0
 21435,   206,   43000000,   12060532,        0,  -30939468,          0
 21435,   207,   43000000,   12079938,        0,  -30920062,          0
 21435,   208,   43000000,   12079717,        0,  -30920283,          0
 21435,   209,   43000000,   12073512,        0,  -30926488,          0
 21435,   210,   43000000,   12088192,        0,  -30911808,          0
 21435,   211,   43000000,   12066555,        0,  -30933445,          0
 21435,   212,   43000000,   12061785,        0,  -30938215,          0
 21435,   213,   43000000,   12143281,        0,  -30856719,          0
 21435,   214,   43000000,   12115629,        0,  -30884371,          0
 21435,   215,   43000000,   12105090,        0,  -30894910,          0
 21435,   216,   43000000,   12127358,        0,  -30872642,          0
 21435,   217,   43000000,   12070784,        0,  -30929216,          0
 21435,   218,   43000000,   12070419,        0,  -30929581,          0
 21435,   219,   43000000,   12091845,        0,  -30908155,          0
 21435,   220,   43000000,   12103298,        0,  -30896702,          0
 21435,   221,   43000000,   12072026,        0,  -30927974,          0
 21435,   222,   43000000,   12078328,        0,  -30921672,          0
 21435,   223,   43000000,   12068162,        0,  -30931838,          0
 21435,   224,   43000000,   12332629,        0,  -30667371,          0
 21435,   225,   43000000,   12140323,        0,  -30859677,          0
 21435,   226,   43000000,   12230356,        0,  -30769644,          0
 21435,   227,   43000000,   12371328,        0,  -30628672,          0
 21435,   228,   43000000,   12129083,        0,  -30870917,          0
 21435,   229,   43000000,   12074690,        0,  -30925310,          0
 21435,   230,   43000000,   12366865,        0,  -30633135,          0
 21435,   231,   43000000,   12075684,        0,  -30924316,          0
 21435,   232,   43000000,   12138268,        0,  -30861732,          0
 21435,   233,   43000000,   12097068,        0,  -30902932,          0
 21435,   234,   43000000,   12076930,        0,  -30923070,          0
 21435,   235,   43000000,   12077776,        0,  -30922224,          0
 21435,   236,   43000000,   12170184,        0,  -30829816,          0
