# Task,   Job,     Period,   Response, DL Miss?,   Lateness,  Tardiness
# task NAME=myapp PID=2319 COST=28815000 PERIOD=38000000 CPU=0
  2319,     2,   38000000,       8225,        0,  -37991775,          0
  2319,     3,   38000000,      70705,        0,  -37929295,          0
  2319,     4,   38000000,   29374859,        0,   -8625141,          0
  2319,     5,   38000000,   28331199,        0,   -9668801,          0
  2319,     6,   38000000,   28643990,        0,   -9356010,          0
  2319,     7,   38000000,   28300242,        0,   -9699758,          0
  2319,     8,   38000000,   28321788,        0,   -9678212,          0
  2319,     9,   38000000,   28328251,        0,   -9671749,          0
  2319,    10,   38000000,   28311039,        0,   -9688961,          0
  2319,    11,   38000000,   28319833,        0,   -9680167,          0
  2319,    12,   38000000,   28298516,        0,   -9701484,          0
  2319,    13,   38000000,   28599277,        0,   -9400723,          0
  2319,    14,   38000000,   28314292,        0,   -9685708,          0
  2319,    15,   38000000,   28308784,        0,   -9691216,          0
  2319,    16,   38000000,   28594162,        0,   -9405838,          0
  2319,    17,   38000000,   28325320,        0,   -9674680,          0
  2319,    18,   38000000,   28307916,        0,   -9692084,          0
  2319,    19,   38000000,   28313948,        0,   -9686052,          0
  2319,    20,   38000000,   28323189,        0,   -9676811,          0
  2319,    21,   38000000,   28300484,        0,   -9699516,          0
  2319,    22,   38000000,   28324360,        0,   -9675640,          0
  2319,    23,   38000000,   28627339,        0,   -9372661,          0
  2319,    24,   38000000,   28296462,        0,   -9703538,          0
  2319,    25,   38000000,   28338706,        0,   -9661294,          0
  2319,    26,   38000000,   28619448,        0,   -9380552,          0
  2319,    27,   38000000,   28315593,        0,   -9684407,          0
  2319,    28,   38000000,   28327727,        0,   -9672273,          0
  2319,    29,   38000000,   28596733,        0,   -9403267,          0
  2319,    30,   38000000,   28320474,        0,   -9679526,          0
  2319,    31,   38000000,   28318879,        0,   -9681121,          0
  2319,    32,   38000000,   28320416,        0,   -9679584,          0
  2319,    33,   38000000,   28320091,        0,   -9679909,          0
  2319,    34,   38000000,   28350581,        0,   -9649419,          0
  2319,    35,   38000000,   28308720,        0,   -9691280,          0
  2319,    36,   38000000,   28580282,        0,   -9419718,          0
  2319,    37,   38000000,   28274012,        0,   -9725988,          0
  2319,    38,   38000000,   28264544,        0,   -9735456,          0
  2319,    39,   38000000,   28583307,        0,   -9416693,          0
  2319,    40,   38000000,   28285160,        0,   -9714840,          0
  2319,    41,   38000000,   28293613,        0,   -9706387,          0
  2319,    42,   38000000,   28361133,        0,   -9638867,          0
  2319,    43,   38000000,   28278919,        0,   -9721081,          0
  2319,    44,   38000000,   28274499,        0,   -9725501,          0
  2319,    45,   38000000,   28290773,        0,   -9709227,          0
  2319,    46,   38000000,   28565346,        0,   -9434654,          0
  2319,    47,   38000000,   28287584,        0,   -9712416,          0
  2319,    48,   38000000,   28323274,        0,   -9676726,          0
  2319,    49,   38000000,   28566595,        0,   -9433405,          0
  2319,    50,   38000000,   28287305,        0,   -9712695,          0
  2319,    51,   38000000,   28306021,        0,   -9693979,          0
  2319,    52,   38000000,   28539400,        0,   -9460600,          0
  2319,    53,   38000000,   28293341,        0,   -9706659,          0
  2319,    54,   38000000,   28311329,        0,   -9688671,          0
  2319,    55,   38000000,   28280282,        0,   -9719718,          0
  2319,    56,   38000000,   28551592,        0,   -9448408,          0
  2319,    57,   38000000,   28275980,        0,   -9724020,          0
  2319,    58,   38000000,   28287828,        0,   -9712172,          0
  2319,    59,   38000000,   28563953,        0,   -9436047,          0
  2319,    60,   38000000,   28287668,        0,   -9712332,          0
  2319,    61,   38000000,   28260342,        0,   -9739658,          0
  2319,    62,   38000000,   28611096,        0,   -9388904,          0
  2319,    63,   38000000,   28269809,        0,   -9730191,          0
  2319,    64,   38000000,   28279140,        0,   -9720860,          0
  2319,    65,   38000000,   28295895,        0,   -9704105,          0
  2319,    66,   38000000,   28274726,        0,   -9725274,          0
  2319,    67,   38000000,   28286702,        0,   -9713298,          0
  2319,    68,   38000000,   28381444,        0,   -9618556,          0
  2319,    69,   38000000,   28585122,        0,   -9414878,          0
  2319,    70,   38000000,   28277170,        0,   -9722830,          0
  2319,    71,   38000000,   28257125,        0,   -9742875,          0
  2319,    72,   38000000,   28562383,        0,   -9437617,          0
  2319,    73,   38000000,   28257178,        0,   -9742822,          0
  2319,    74,   38000000,   28273939,        0,   -9726061,          0
  2319,    75,   38000000,   28540106,        0,   -9459894,          0
  2319,    76,   38000000,   28253745,        0,   -9746255,          0
  2319,    77,   38000000,   28246292,        0,   -9753708,          0
  2319,    78,   38000000,   28275744,        0,   -9724256,          0
  2319,    79,   38000000,   28539433,        0,   -9460567,          0
  2319,    80,   38000000,   28248639,        0,   -9751361,          0
  2319,    81,   38000000,   28300380,        0,   -9699620,          0
  2319,    82,   38000000,   28628679,        0,   -9371321,          0
  2319,    83,   38000000,   28306242,        0,   -9693758,          0
  2319,    84,   38000000,   28301015,        0,   -9698985,          0
  2319,    85,   38000000,   28602450,        0,   -9397550,          0
  2319,    86,   38000000,   28292924,        0,   -9707076,          0
  2319,    87,   38000000,   28307656,        0,   -9692344,          0
  2319,    88,   38000000,   28309468,        0,   -9690532,          0
  2319,    89,   38000000,   28300806,        0,   -9699194,          0
  2319,    90,   38000000,   28310751,        0,   -9689249,          0
  2319,    91,   38000000,   28295123,        0,   -9704877,          0
  2319,    92,   38000000,   28598481,        0,   -9401519,          0
  2319,    93,   38000000,   28350014,        0,   -9649986,          0
  2319,    94,   38000000,   28347457,        0,   -9652543,          0
  2319,    95,   38000000,   28602087,        0,   -9397913,          0
  2319,    96,   38000000,   28327440,        0,   -9672560,          0
  2319,    97,   38000000,   28302889,        0,   -9697111,          0
  2319,    98,   38000000,   28299913,        0,   -9700087,          0
  2319,    99,   38000000,   28305570,        0,   -9694430,          0
  2319,   100,   38000000,   28275090,        0,   -9724910,          0
  2319,   101,   38000000,   28292060,        0,   -9707940,          0
  2319,   102,   38000000,   28545786,        0,   -9454214,          0
  2319,   103,   38000000,   28268308,        0,   -9731692,          0
  2319,   104,   38000000,   28280618,        0,   -9719382,          0
  2319,   105,   38000000,   28587088,        0,   -9412912,          0
  2319,   106,   38000000,   28298301,        0,   -9701699,          0
  2319,   107,   38000000,   28324234,        0,   -9675766,          0
  2319,   108,   38000000,   28579000,        0,   -9421000,          0
  2319,   109,   38000000,   28290438,        0,   -9709562,          0
  2319,   110,   38000000,   28304837,        0,   -9695163,          0
  2319,   111,   38000000,   28265837,        0,   -9734163,          0
  2319,   112,   38000000,   28281913,        0,   -9718087,          0
  2319,   113,   38000000,   28300781,        0,   -9699219,          0
  2319,   114,   38000000,   28317318,        0,   -9682682,          0
  2319,   115,   38000000,   28563501,        0,   -9436499,          0
  2319,   116,   38000000,   28286575,        0,   -9713425,          0
  2319,   117,   38000000,   28230562,        0,   -9769438,          0
  2319,   118,   38000000,   28581271,        0,   -9418729,          0
  2319,   119,   38000000,   28300876,        0,   -9699124,          0
  2319,   120,   38000000,   28319682,        0,   -9680318,          0
  2319,   121,   38000000,   28667535,        0,   -9332465,          0
  2319,   122,   38000000,   28282170,        0,   -9717830,          0
  2319,   123,   38000000,   28281221,        0,   -9718779,          0
  2319,   124,   38000000,   28309195,        0,   -9690805,          0
  2319,   125,   38000000,   28541748,        0,   -9458252,          0
  2319,   126,   38000000,   28285422,        0,   -9714578,          0
  2319,   127,   38000000,   28291672,        0,   -9708328,          0
  2319,   128,   38000000,   28544941,        0,   -9455059,          0
  2319,   129,   38000000,   28280061,        0,   -9719939,          0
  2319,   130,   38000000,   28279834,        0,   -9720166,          0
  2319,   131,   38000000,   28551554,        0,   -9448446,          0
  2319,   132,   38000000,   28267896,        0,   -9732104,          0
  2319,   133,   38000000,   28272418,        0,   -9727582,          0
  2319,   134,   38000000,   28269211,        0,   -9730789,          0
  2319,   135,   38000000,   28318488,        0,   -9681512,          0
  2319,   136,   38000000,   28308247,        0,   -9691753,          0
  2319,   137,   38000000,   28301323,        0,   -9698677,          0
  2319,   138,   38000000,   28619021,        0,   -9380979,          0
  2319,   139,   38000000,   28275662,        0,   -9724338,          0
  2319,   140,   38000000,   28282985,        0,   -9717015,          0
  2319,   141,   38000000,   28569318,        0,   -9430682,          0
  2319,   142,   38000000,   28266687,        0,   -9733313,          0
  2319,   143,   38000000,   28256514,        0,   -9743486,          0
  2319,   144,   38000000,   28293008,        0,   -9706992,          0
  2319,   145,   38000000,   28272933,        0,   -9727067,          0
  2319,   146,   38000000,   28262241,        0,   -9737759,          0
  2319,   147,   38000000,   28324271,        0,   -9675729,          0
  2319,   148,   38000000,   28533200,        0,   -9466800,          0
  2319,   149,   38000000,   28258758,        0,   -9741242,          0
  2319,   150,   38000000,   28257815,        0,   -9742185,          0
  2319,   151,   38000000,   28554938,        0,   -9445062,          0
  2319,   152,   38000000,   28273398,        0,   -9726602,          0
  2319,   153,   38000000,   28261040,        0,   -9738960,          0
  2319,   154,   38000000,   28542193,        0,   -9457807,          0
  2319,   155,   38000000,   28280162,        0,   -9719838,          0
  2319,   156,   38000000,   28270498,        0,   -9729502,          0
  2319,   157,   38000000,   28334945,        0,   -9665055,          0
  2319,   158,   38000000,   28277597,        0,   -9722403,          0
  2319,   159,   38000000,   28281215,        0,   -9718785,          0
  2319,   160,   38000000,   28293337,        0,   -9706663,          0
  2319,   161,   38000000,   28550258,        0,   -9449742,          0
  2319,   162,   38000000,   28287816,        0,   -9712184,          0
  2319,   163,   38000000,   28283844,        0,   -9716156,          0
  2319,   164,   38000000,   28566242,        0,   -9433758,          0
  2319,   165,   38000000,   28284444,        0,   -9715556,          0
  2319,   166,   38000000,   28329631,        0,   -9670369,          0
  2319,   167,   38000000,   28283710,        0,   -9716290,          0
  2319,   168,   38000000,   28295129,        0,   -9704871,          0
  2319,   169,   38000000,   28325246,        0,   -9674754,          0
  2319,   170,   38000000,   28266044,        0,   -9733956,          0
  2319,   171,   38000000,   28568351,        0,   -9431649,          0
  2319,   172,   38000000,   28306282,        0,   -9693718,          0
  2319,   173,   38000000,   28284032,        0,   -9715968,          0
  2319,   174,   38000000,   28556047,        0,   -9443953,          0
  2319,   175,   38000000,   28289822,        0,   -9710178,          0
  2319,   176,   38000000,   28298648,        0,   -9701352,          0
  2319,   177,   38000000,   28571686,        0,   -9428314,          0
  2319,   178,   38000000,   28269082,        0,   -9730918,          0
  2319,   179,   38000000,   28286479,        0,   -9713521,          0
  2319,   180,   38000000,   28332004,        0,   -9667996,          0
  2319,   181,   38000000,   28577338,        0,   -9422662,          0
  2319,   182,   38000000,   28309170,        0,   -9690830,          0
  2319,   183,   38000000,   28348796,        0,   -9651204,          0
  2319,   184,   38000000,   28578837,        0,   -9421163,          0
  2319,   185,   38000000,   28307853,        0,   -9692147,          0
  2319,   186,   38000000,   28315348,        0,   -9684652,          0
  2319,   187,   38000000,   28585515,        0,   -9414485,          0
  2319,   188,   38000000,   28294402,        0,   -9705598,          0
  2319,   189,   38000000,   28293682,        0,   -9706318,          0
  2319,   190,   38000000,   28309926,        0,   -9690074,          0
  2319,   191,   38000000,   28304187,        0,   -9695813,          0
  2319,   192,   38000000,   28293126,        0,   -9706874,          0
  2319,   193,   38000000,   28298755,        0,   -9701245,          0
  2319,   194,   38000000,   28577033,        0,   -9422967,          0
  2319,   195,   38000000,   28301335,        0,   -9698665,          0
  2319,   196,   38000000,   28297311,        0,   -9702689,          0
  2319,   197,   38000000,   28577433,        0,   -9422567,          0
  2319,   198,   38000000,   28281918,        0,   -9718082,          0
  2319,   199,   38000000,   28265543,        0,   -9734457,          0
  2319,   200,   38000000,   28639736,        0,   -9360264,          0
  2319,   201,   38000000,   28292691,        0,   -9707309,          0
  2319,   202,   38000000,   28304534,        0,   -9695466,          0
  2319,   203,   38000000,   28310337,        0,   -9689663,          0
  2319,   204,   38000000,   28577757,        0,   -9422243,          0
  2319,   205,   38000000,   28297355,        0,   -9702645,          0
  2319,   206,   38000000,   28290129,        0,   -9709871,          0
  2319,   207,   38000000,   28594451,        0,   -9405549,          0
  2319,   208,   38000000,   28293212,        0,   -9706788,          0
  2319,   209,   38000000,   28279990,        0,   -9720010,          0
  2319,   210,   38000000,   28569587,        0,   -9430413,          0
  2319,   211,   38000000,   28314914,        0,   -9685086,          0
  2319,   212,   38000000,   28270340,        0,   -9729660,          0
  2319,   213,   38000000,   28283026,        0,   -9716974,          0
  2319,   214,   38000000,   28304861,        0,   -9695139,          0
  2319,   215,   38000000,   28261521,        0,   -9738479,          0
  2319,   216,   38000000,   28271568,        0,   -9728432,          0
  2319,   217,   38000000,   28578783,        0,   -9421217,          0
  2319,   218,   38000000,   28283038,        0,   -9716962,          0
  2319,   219,   38000000,   28266313,        0,   -9733687,          0
  2319,   220,   38000000,   28550451,        0,   -9449549,          0
  2319,   221,   38000000,   28284651,        0,   -9715349,          0
  2319,   222,   38000000,   28287190,        0,   -9712810,          0
  2319,   223,   38000000,   28277801,        0,   -9722199,          0
  2319,   224,   38000000,   28279855,        0,   -9720145,          0
  2319,   225,   38000000,   28302230,        0,   -9697770,          0
  2319,   226,   38000000,   28373643,        0,   -9626357,          0
  2319,   227,   38000000,   28570718,        0,   -9429282,          0
  2319,   228,   38000000,   28291879,        0,   -9708121,          0
  2319,   229,   38000000,   28308357,        0,   -9691643,          0
  2319,   230,   38000000,   28591447,        0,   -9408553,          0
  2319,   231,   38000000,   28296317,        0,   -9703683,          0
  2319,   232,   38000000,   28302170,        0,   -9697830,          0
  2319,   233,   38000000,   28585392,        0,   -9414608,          0
  2319,   234,   38000000,   28270820,        0,   -9729180,          0
  2319,   235,   38000000,   28281039,        0,   -9718961,          0
  2319,   236,   38000000,   28295044,        0,   -9704956,          0
  2319,   237,   38000000,   28301689,        0,   -9698311,          0
  2319,   238,   38000000,   28306249,        0,   -9693751,          0
  2319,   239,   38000000,   28334131,        0,   -9665869,          0
  2319,   240,   38000000,   28561347,        0,   -9438653,          0
  2319,   241,   38000000,   28239756,        0,   -9760244,          0
  2319,   242,   38000000,   28379324,        0,   -9620676,          0
  2319,   243,   38000000,   28567664,        0,   -9432336,          0
  2319,   244,   38000000,   28320209,        0,   -9679791,          0
  2319,   245,   38000000,   28321143,        0,   -9678857,          0
  2319,   246,   38000000,   28291371,        0,   -9708629,          0
  2319,   247,   38000000,   28311578,        0,   -9688422,          0
  2319,   248,   38000000,   28307937,        0,   -9692063,          0
  2319,   249,   38000000,   28311741,        0,   -9688259,          0
  2319,   250,   38000000,   28588826,        0,   -9411174,          0
  2319,   251,   38000000,   28306525,        0,   -9693475,          0
  2319,   252,   38000000,   28314243,        0,   -9685757,          0
  2319,   253,   38000000,   28595199,        0,   -9404801,          0
  2319,   254,   38000000,   28306556,        0,   -9693444,          0
  2319,   255,   38000000,   28316186,        0,   -9683814,          0
  2319,   256,   38000000,   28621721,        0,   -9378279,          0
  2319,   257,   38000000,   28280141,        0,   -9719859,          0
  2319,   258,   38000000,   28317126,        0,   -9682874,          0
  2319,   259,   38000000,   28307015,        0,   -9692985,          0
  2319,   260,   38000000,   28226278,        0,   -9773722,          0
  2319,   261,   38000000,   28337755,        0,   -9662245,          0
  2319,   262,   38000000,   28324976,        0,   -9675024,          0
  2319,   263,   38000000,   28572587,        0,   -9427413,          0
  2319,   264,   38000000,   28311692,        0,   -9688308,          0
  2319,   265,   38000000,   28285277,        0,   -9714723,          0
  2319,   266,   38000000,   28598368,        0,   -9401632,          0
  2319,   267,   38000000,   28339436,        0,   -9660564,          0
# task NAME=myapp PID=2322 COST=6205000 PERIOD=77000000 CPU=0
  2322,     2,   77000000,       5822,        0,  -76994178,          0
  2322,     3,   77000000,      75661,        0,  -76924339,          0
  2322,     4,   77000000,    8128238,        0,  -68871762,          0
  2322,     5,   77000000,    6124329,        0,  -70875671,          0
  2322,     6,   77000000,    6116008,        0,  -70883992,          0
  2322,     7,   77000000,    6126423,        0,  -70873577,          0
  2322,     8,   77000000,    6398725,        0,  -70601275,          0
  2322,     9,   77000000,    6117766,        0,  -70882234,          0
  2322,    10,   77000000,    6122511,        0,  -70877489,          0
  2322,    11,   77000000,    6120563,        0,  -70879437,          0
  2322,    12,   77000000,    6119975,        0,  -70880025,          0
  2322,    13,   77000000,    6118323,        0,  -70881677,          0
  2322,    14,   77000000,    6124142,        0,  -70875858,          0
  2322,    15,   77000000,    8125930,        0,  -68874070,          0
  2322,    16,   77000000,    6131505,        0,  -70868495,          0
  2322,    17,   77000000,    6112693,        0,  -70887307,          0
  2322,    18,   77000000,    6113634,        0,  -70886366,          0
  2322,    19,   77000000,    6101394,        0,  -70898606,          0
  2322,    20,   77000000,    6112741,        0,  -70887259,          0
  2322,    21,   77000000,    6408677,        0,  -70591323,          0
  2322,    22,   77000000,    6112186,        0,  -70887814,          0
  2322,    23,   77000000,    6120444,        0,  -70879556,          0
  2322,    24,   77000000,    6119429,        0,  -70880571,          0
  2322,    25,   77000000,    6123447,        0,  -70876553,          0
  2322,    26,   77000000,    6118736,        0,  -70881264,          0
  2322,    27,   77000000,    6125906,        0,  -70874094,          0
  2322,    28,   77000000,    6116438,        0,  -70883562,          0
  2322,    29,   77000000,    6114328,        0,  -70885672,          0
  2322,    30,   77000000,    6119303,        0,  -70880697,          0
  2322,    31,   77000000,    6116750,        0,  -70883250,          0
  2322,    32,   77000000,    6126121,        0,  -70873879,          0
  2322,    33,   77000000,    6115414,        0,  -70884586,          0
  2322,    34,   77000000,    6388658,        0,  -70611342,          0
  2322,    35,   77000000,    6119098,        0,  -70880902,          0
  2322,    36,   77000000,    6119888,        0,  -70880112,          0
  2322,    37,   77000000,    6110715,        0,  -70889285,          0
  2322,    38,   77000000,    6116752,        0,  -70883248,          0
  2322,    39,   77000000,    6129056,        0,  -70870944,          0
  2322,    40,   77000000,    6114043,        0,  -70885957,          0
  2322,    41,   77000000,    6120191,        0,  -70879809,          0
  2322,    42,   77000000,    6108044,        0,  -70891956,          0
  2322,    43,   77000000,    6113045,        0,  -70886955,          0
  2322,    44,   77000000,    6118365,        0,  -70881635,          0
  2322,    45,   77000000,    6117423,        0,  -70882577,          0
  2322,    46,   77000000,    6116732,        0,  -70883268,          0
  2322,    47,   77000000,    6399453,        0,  -70600547,          0
  2322,    48,   77000000,    6115583,        0,  -70884417,          0
  2322,    49,   77000000,    6115724,        0,  -70884276,          0
  2322,    50,   77000000,    6115495,        0,  -70884505,          0
  2322,    51,   77000000,    6120850,        0,  -70879150,          0
  2322,    52,   77000000,    6114929,        0,  -70885071,          0
  2322,    53,   77000000,    6112915,        0,  -70887085,          0
  2322,    54,   77000000,    6122927,        0,  -70877073,          0
  2322,    55,   77000000,    6120145,        0,  -70879855,          0
  2322,    56,   77000000,    6126690,        0,  -70873310,          0
  2322,    57,   77000000,    6120065,        0,  -70879935,          0
  2322,    58,   77000000,    6118472,        0,  -70881528,          0
  2322,    59,   77000000,    6123625,        0,  -70876375,          0
  2322,    60,   77000000,    6399707,        0,  -70600293,          0
  2322,    61,   77000000,    6122013,        0,  -70877987,          0
  2322,    62,   77000000,    6120270,        0,  -70879730,          0
  2322,    63,   77000000,    6129759,        0,  -70870241,          0
  2322,    64,   77000000,    6118327,        0,  -70881673,          0
  2322,    65,   77000000,    6110665,        0,  -70889335,          0
  2322,    66,   77000000,    6123669,        0,  -70876331,          0
  2322,    67,   77000000,    6135682,        0,  -70864318,          0
  2322,    68,   77000000,    6109434,        0,  -70890566,          0
  2322,    69,   77000000,    6115468,        0,  -70884532,          0
  2322,    70,   77000000,    6113452,        0,  -70886548,          0
  2322,    71,   77000000,    6118510,        0,  -70881490,          0
  2322,    72,   77000000,    6115801,        0,  -70884199,          0
  2322,    73,   77000000,    6119881,        0,  -70880119,          0
  2322,    74,   77000000,    6119854,        0,  -70880146,          0
  2322,    75,   77000000,    6125933,        0,  -70874067,          0
  2322,    76,   77000000,    6122746,        0,  -70877254,          0
  2322,    77,   77000000,    6125365,        0,  -70874635,          0
  2322,    78,   77000000,    6127339,        0,  -70872661,          0
  2322,    79,   77000000,    6136926,        0,  -70863074,          0
  2322,    80,   77000000,    8142391,        0,  -68857609,          0
  2322,    81,   77000000,    6139488,        0,  -70860512,          0
  2322,    82,   77000000,    6111696,        0,  -70888304,          0
  2322,    83,   77000000,    6106872,        0,  -70893128,          0
  2322,    84,   77000000,    6113707,        0,  -70886293,          0
  2322,    85,   77000000,    6112178,        0,  -70887822,          0
  2322,    86,   77000000,    6107347,        0,  -70892653,          0
  2322,    87,   77000000,    6127021,        0,  -70872979,          0
  2322,    88,   77000000,    6113008,        0,  -70886992,          0
  2322,    89,   77000000,    6114496,        0,  -70885504,          0
  2322,    90,   77000000,    6107538,        0,  -70892462,          0
  2322,    91,   77000000,    6112890,        0,  -70887110,          0
  2322,    92,   77000000,    6119346,        0,  -70880654,          0
  2322,    93,   77000000,    6131888,        0,  -70868112,          0
  2322,    94,   77000000,    6115446,        0,  -70884554,          0
  2322,    95,   77000000,    6120252,        0,  -70879748,          0
  2322,    96,   77000000,    6114792,        0,  -70885208,          0
  2322,    97,   77000000,    6119578,        0,  -70880422,          0
  2322,    98,   77000000,    6118516,        0,  -70881484,          0
  2322,    99,   77000000,    6108642,        0,  -70891358,          0
  2322,   100,   77000000,    6107047,        0,  -70892953,          0
  2322,   101,   77000000,    6109268,        0,  -70890732,          0
  2322,   102,   77000000,    6115389,        0,  -70884611,          0
  2322,   103,   77000000,    6116699,        0,  -70883301,          0
  2322,   104,   77000000,    6129755,        0,  -70870245,          0
  2322,   105,   77000000,    6132376,        0,  -70867624,          0
  2322,   106,   77000000,    6113945,        0,  -70886055,          0
  2322,   107,   77000000,    6122269,        0,  -70877731,          0
  2322,   108,   77000000,    6122438,        0,  -70877562,          0
  2322,   109,   77000000,    6113670,        0,  -70886330,          0
  2322,   110,   77000000,    6110217,        0,  -70889783,          0
  2322,   111,   77000000,    6157821,        0,  -70842179,          0
  2322,   112,   77000000,    6119535,        0,  -70880465,          0
  2322,   113,   77000000,    6125945,        0,  -70874055,          0
  2322,   114,   77000000,    6106489,        0,  -70893511,          0
  2322,   115,   77000000,    6120505,        0,  -70879495,          0
  2322,   116,   77000000,    6115049,        0,  -70884951,          0
  2322,   117,   77000000,    6117602,        0,  -70882398,          0
  2322,   118,   77000000,    6114096,        0,  -70885904,          0
  2322,   119,   77000000,    6113650,        0,  -70886350,          0
  2322,   120,   77000000,    6391633,        0,  -70608367,          0
  2322,   121,   77000000,    6144535,        0,  -70855465,          0
  2322,   122,   77000000,    6124420,        0,  -70875580,          0
  2322,   123,   77000000,    6122915,        0,  -70877085,          0
  2322,   124,   77000000,    6114003,        0,  -70885997,          0
  2322,   125,   77000000,    6117664,        0,  -70882336,          0
  2322,   126,   77000000,    6121404,        0,  -70878596,          0
  2322,   127,   77000000,    6113339,        0,  -70886661,          0
  2322,   128,   77000000,    6117915,        0,  -70882085,          0
  2322,   129,   77000000,    6125792,        0,  -70874208,          0
  2322,   130,   77000000,    6111030,        0,  -70888970,          0
  2322,   131,   77000000,    6118525,        0,  -70881475,          0
  2322,   132,   77000000,    6116077,        0,  -70883923,          0
  2322,   133,   77000000,    6396222,        0,  -70603778,          0
# task NAME=myapp PID=2326 COST=7572000 PERIOD=39000000 CPU=0
  2326,     2,   39000000,       8542,        0,  -38991458,          0
  2326,     3,   39000000,      57893,        0,  -38942107,          0
  2326,     4,   39000000,    9464382,        0,  -29535618,          0
  2326,     5,   39000000,    7457936,        0,  -31542064,          0
  2326,     6,   39000000,    7448252,        0,  -31551748,          0
  2326,     7,   39000000,    7453514,        0,  -31546486,          0
  2326,     8,   39000000,    7451639,        0,  -31548361,          0
  2326,     9,   39000000,    7449109,        0,  -31550891,          0
  2326,    10,   39000000,    7452184,        0,  -31547816,          0
  2326,    11,   39000000,    7447855,        0,  -31552145,          0
  2326,    12,   39000000,    7448434,        0,  -31551566,          0
  2326,    13,   39000000,    7448855,        0,  -31551145,          0
  2326,    14,   39000000,    7451671,        0,  -31548329,          0
  2326,    15,   39000000,    7452908,        0,  -31547092,          0
  2326,    16,   39000000,    7734330,        0,  -31265670,          0
  2326,    17,   39000000,    7450345,        0,  -31549655,          0
  2326,    18,   39000000,    7450195,        0,  -31549805,          0
  2326,    19,   39000000,    7454027,        0,  -31545973,          0
  2326,    20,   39000000,    7450992,        0,  -31549008,          0
  2326,    21,   39000000,    7455546,        0,  -31544454,          0
  2326,    22,   39000000,    7452264,        0,  -31547736,          0
  2326,    23,   39000000,    7460305,        0,  -31539695,          0
  2326,    24,   39000000,    7445088,        0,  -31554912,          0
  2326,    25,   39000000,    7452772,        0,  -31547228,          0
  2326,    26,   39000000,    7459018,        0,  -31540982,          0
  2326,    27,   39000000,    7435776,        0,  -31564224,          0
  2326,    28,   39000000,    7453069,        0,  -31546931,          0
  2326,    29,   39000000,    7655120,        0,  -31344880,          0
  2326,    30,   39000000,    7435771,        0,  -31564229,          0
  2326,    31,   39000000,    7449630,        0,  -31550370,          0
  2326,    32,   39000000,    7448078,        0,  -31551922,          0
  2326,    33,   39000000,    7467512,        0,  -31532488,          0
  2326,    34,   39000000,    7458756,        0,  -31541244,          0
  2326,    35,   39000000,    7445883,        0,  -31554117,          0
  2326,    36,   39000000,    7463846,        0,  -31536154,          0
  2326,    37,   39000000,    7452039,        0,  -31547961,          0
  2326,    38,   39000000,    7452061,        0,  -31547939,          0
  2326,    39,   39000000,    7456374,        0,  -31543626,          0
  2326,    40,   39000000,    7453265,        0,  -31546735,          0
  2326,    41,   39000000,    7447527,        0,  -31552473,          0
  2326,    42,   39000000,    7459382,        0,  -31540618,          0
  2326,    43,   39000000,    7455401,        0,  -31544599,          0
  2326,    44,   39000000,    7461034,        0,  -31538966,          0
  2326,    45,   39000000,    7737835,        0,  -31262165,          0
  2326,    46,   39000000,    7458868,        0,  -31541132,          0
  2326,    47,   39000000,    7452524,        0,  -31547476,          0
  2326,    48,   39000000,    7450318,        0,  -31549682,          0
  2326,    49,   39000000,    7455773,        0,  -31544227,          0
  2326,    50,   39000000,    7450787,        0,  -31549213,          0
  2326,    51,   39000000,    7463503,        0,  -31536497,          0
  2326,    52,   39000000,    7454186,        0,  -31545814,          0
  2326,    53,   39000000,    7462439,        0,  -31537561,          0
  2326,    54,   39000000,    7447696,        0,  -31552304,          0
  2326,    55,   39000000,    7458619,        0,  -31541381,          0
  2326,    56,   39000000,    7451997,        0,  -31548003,          0
  2326,    57,   39000000,    7465647,        0,  -31534353,          0
  2326,    58,   39000000,    7452032,        0,  -31547968,          0
  2326,    59,   39000000,    7454740,        0,  -31545260,          0
  2326,    60,   39000000,    7449788,        0,  -31550212,          0
  2326,    61,   39000000,    7735508,        0,  -31264492,          0
  2326,    62,   39000000,    7456832,        0,  -31543168,          0
  2326,    63,   39000000,    7458163,        0,  -31541837,          0
  2326,    64,   39000000,    7450254,        0,  -31549746,          0
  2326,    65,   39000000,    7470227,        0,  -31529773,          0
  2326,    66,   39000000,    7462492,        0,  -31537508,          0
  2326,    67,   39000000,    7461218,        0,  -31538782,          0
  2326,    68,   39000000,    7449700,        0,  -31550300,          0
  2326,    69,   39000000,    7463827,        0,  -31536173,          0
  2326,    70,   39000000,    7466848,        0,  -31533152,          0
  2326,    71,   39000000,    7477028,        0,  -31522972,          0
  2326,    72,   39000000,    7454534,        0,  -31545466,          0
  2326,    73,   39000000,    7450682,        0,  -31549318,          0
  2326,    74,   39000000,    7486974,        0,  -31513026,          0
  2326,    75,   39000000,    7447556,        0,  -31552444,          0
  2326,    76,   39000000,    7475189,        0,  -31524811,          0
  2326,    77,   39000000,    7794165,        0,  -31205835,          0
  2326,    78,   39000000,    7450700,        0,  -31549300,          0
  2326,    79,   39000000,    7450978,        0,  -31549022,          0
  2326,    80,   39000000,    7463323,        0,  -31536677,          0
  2326,    81,   39000000,    7448036,        0,  -31551964,          0
  2326,    82,   39000000,    7442641,        0,  -31557359,          0
  2326,    83,   39000000,    7444439,        0,  -31555561,          0
  2326,    84,   39000000,    7451804,        0,  -31548196,          0
  2326,    85,   39000000,    7444148,        0,  -31555852,          0
  2326,    86,   39000000,    7453566,        0,  -31546434,          0
  2326,    87,   39000000,    7451274,        0,  -31548726,          0
  2326,    88,   39000000,    7445050,        0,  -31554950,          0
  2326,    89,   39000000,    7443228,        0,  -31556772,          0
  2326,    90,   39000000,    7453303,        0,  -31546697,          0
  2326,    91,   39000000,    7460187,        0,  -31539813,          0
  2326,    92,   39000000,    7467500,        0,  -31532500,          0
  2326,    93,   39000000,    7733221,        0,  -31266779,          0
  2326,    94,   39000000,    7453486,        0,  -31546514,          0
  2326,    95,   39000000,    7450902,        0,  -31549098,          0
  2326,    96,   39000000,    7458608,        0,  -31541392,          0
  2326,    97,   39000000,    7452847,        0,  -31547153,          0
  2326,    98,   39000000,    7445896,        0,  -31554104,          0
  2326,    99,   39000000,    7453829,        0,  -31546171,          0
  2326,   100,   39000000,    7445663,        0,  -31554337,          0
  2326,   101,   39000000,    7448594,        0,  -31551406,          0
  2326,   102,   39000000,    7455255,        0,  -31544745,          0
  2326,   103,   39000000,    7457719,        0,  -31542281,          0
  2326,   104,   39000000,    7449661,        0,  -31550339,          0
  2326,   105,   39000000,    7447471,        0,  -31552529,          0
  2326,   106,   39000000,    7448397,        0,  -31551603,          0
  2326,   107,   39000000,    7463519,        0,  -31536481,          0
  2326,   108,   39000000,    7452799,        0,  -31547201,          0
  2326,   109,   39000000,    7730572,        0,  -31269428,          0
  2326,   110,   39000000,    7452642,        0,  -31547358,          0
  2326,   111,   39000000,    7453415,        0,  -31546585,          0
  2326,   112,   39000000,    7448361,        0,  -31551639,          0
  2326,   113,   39000000,    7466874,        0,  -31533126,          0
  2326,   114,   39000000,    7456150,        0,  -31543850,          0
  2326,   115,   39000000,    7460701,        0,  -31539299,          0
  2326,   116,   39000000,    7461189,        0,  -31538811,          0
  2326,   117,   39000000,    7453220,        0,  -31546780,          0
  2326,   118,   39000000,    7525492,        0,  -31474508,          0
  2326,   119,   39000000,    7455194,        0,  -31544806,          0
  2326,   120,   39000000,    7458785,        0,  -31541215,          0
  2326,   121,   39000000,    7457547,        0,  -31542453,          0
  2326,   122,   39000000,    7462533,        0,  -31537467,          0
  2326,   123,   39000000,    7456524,        0,  -31543476,          0
  2326,   124,   39000000,    7456044,        0,  -31543956,          0
  2326,   125,   39000000,    7733106,        0,  -31266894,          0
  2326,   126,   39000000,    7458886,        0,  -31541114,          0
  2326,   127,   39000000,    7462015,        0,  -31537985,          0
  2326,   128,   39000000,    7454932,        0,  -31545068,          0
  2326,   129,   39000000,    7457231,        0,  -31542769,          0
  2326,   130,   39000000,    7455052,        0,  -31544948,          0
  2326,   131,   39000000,    7457048,        0,  -31542952,          0
  2326,   132,   39000000,    7458966,        0,  -31541034,          0
  2326,   133,   39000000,    7450955,        0,  -31549045,          0
  2326,   134,   39000000,    7463442,        0,  -31536558,          0
  2326,   135,   39000000,    7458550,        0,  -31541450,          0
  2326,   136,   39000000,    7454209,        0,  -31545791,          0
  2326,   137,   39000000,    7452607,        0,  -31547393,          0
  2326,   138,   39000000,    7459715,        0,  -31540285,          0
  2326,   139,   39000000,    7451980,        0,  -31548020,          0
  2326,   140,   39000000,    7450717,        0,  -31549283,          0
  2326,   141,   39000000,    7725451,        0,  -31274549,          0
  2326,   142,   39000000,    7439730,        0,  -31560270,          0
  2326,   143,   39000000,    7439415,        0,  -31560585,          0
  2326,   144,   39000000,    7446798,        0,  -31553202,          0
  2326,   145,   39000000,    7438159,        0,  -31561841,          0
  2326,   146,   39000000,    7455002,        0,  -31544998,          0
  2326,   147,   39000000,    7452097,        0,  -31547903,          0
  2326,   148,   39000000,    7477026,        0,  -31522974,          0
  2326,   149,   39000000,    7444580,        0,  -31555420,          0
  2326,   150,   39000000,    7444474,        0,  -31555526,          0
  2326,   151,   39000000,    7476231,        0,  -31523769,          0
  2326,   152,   39000000,    7452171,        0,  -31547829,          0
  2326,   153,   39000000,    7471976,        0,  -31528024,          0
  2326,   154,   39000000,    7733286,        0,  -31266714,          0
  2326,   155,   39000000,    7460566,        0,  -31539434,          0
  2326,   156,   39000000,    7464300,        0,  -31535700,          0
  2326,   157,   39000000,    7459434,        0,  -31540566,          0
  2326,   158,   39000000,    7456519,        0,  -31543481,          0
  2326,   159,   39000000,    7460173,        0,  -31539827,          0
  2326,   160,   39000000,    7456368,        0,  -31543632,          0
  2326,   161,   39000000,    7452200,        0,  -31547800,          0
  2326,   162,   39000000,    7456910,        0,  -31543090,          0
  2326,   163,   39000000,    7461334,        0,  -31538666,          0
  2326,   164,   39000000,    7458108,        0,  -31541892,          0
  2326,   165,   39000000,    7454211,        0,  -31545789,          0
  2326,   166,   39000000,    7451165,        0,  -31548835,          0
  2326,   167,   39000000,    7454110,        0,  -31545890,          0
  2326,   168,   39000000,    7453897,        0,  -31546103,          0
  2326,   169,   39000000,    7456336,        0,  -31543664,          0
  2326,   170,   39000000,    7724424,        0,  -31275576,          0
  2326,   171,   39000000,    7457044,        0,  -31542956,          0
  2326,   172,   39000000,    7456318,        0,  -31543682,          0
  2326,   173,   39000000,    7461362,        0,  -31538638,          0
  2326,   174,   39000000,    7458852,        0,  -31541148,          0
  2326,   175,   39000000,    7457109,        0,  -31542891,          0
  2326,   176,   39000000,    7454041,        0,  -31545959,          0
  2326,   177,   39000000,    7453620,        0,  -31546380,          0
  2326,   178,   39000000,    7455781,        0,  -31544219,          0
  2326,   179,   39000000,    7449233,        0,  -31550767,          0
  2326,   180,   39000000,    7440475,        0,  -31559525,          0
  2326,   181,   39000000,    7446734,        0,  -31553266,          0
  2326,   182,   39000000,    7443494,        0,  -31556506,          0
  2326,   183,   39000000,    7451252,        0,  -31548748,          0
  2326,   184,   39000000,    7450728,        0,  -31549272,          0
  2326,   185,   39000000,    7449882,        0,  -31550118,          0
  2326,   186,   39000000,    7765313,        0,  -31234687,          0
  2326,   187,   39000000,    7446030,        0,  -31553970,          0
  2326,   188,   39000000,    7444305,        0,  -31555695,          0
  2326,   189,   39000000,    7477263,        0,  -31522737,          0
  2326,   190,   39000000,    7453779,        0,  -31546221,          0
  2326,   191,   39000000,    7457475,        0,  -31542525,          0
  2326,   192,   39000000,    7483581,        0,  -31516419,          0
  2326,   193,   39000000,    7462117,        0,  -31537883,          0
  2326,   194,   39000000,    7452053,        0,  -31547947,          0
  2326,   195,   39000000,    7525547,        0,  -31474453,          0
  2326,   196,   39000000,    7447332,        0,  -31552668,          0
  2326,   197,   39000000,    7457111,        0,  -31542889,          0
  2326,   198,   39000000,    7444003,        0,  -31555997,          0
  2326,   199,   39000000,    7455023,        0,  -31544977,          0
  2326,   200,   39000000,    7457208,        0,  -31542792,          0
  2326,   201,   39000000,    7458176,        0,  -31541824,          0
  2326,   202,   39000000,    7728241,        0,  -31271759,          0
  2326,   203,   39000000,    7449653,        0,  -31550347,          0
  2326,   204,   39000000,    7456591,        0,  -31543409,          0
  2326,   205,   39000000,    7462206,        0,  -31537794,          0
  2326,   206,   39000000,    7461913,        0,  -31538087,          0
  2326,   207,   39000000,    7459057,        0,  -31540943,          0
  2326,   208,   39000000,    7459903,        0,  -31540097,          0
  2326,   209,   39000000,    7459540,        0,  -31540460,          0
  2326,   210,   39000000,    7458443,        0,  -31541557,          0
  2326,   211,   39000000,    7459842,        0,  -31540158,          0
  2326,   212,   39000000,    7457965,        0,  -31542035,          0
  2326,   213,   39000000,    7459333,        0,  -31540667,          0
  2326,   214,   39000000,    7460159,        0,  -31539841,          0
  2326,   215,   39000000,    7460289,        0,  -31539711,          0
  2326,   216,   39000000,    7449190,        0,  -31550810,          0
  2326,   217,   39000000,    7457546,        0,  -31542454,          0
  2326,   218,   39000000,    7735850,        0,  -31264150,          0
  2326,   219,   39000000,    7455003,        0,  -31544997,          0
  2326,   220,   39000000,    7459325,        0,  -31540675,          0
  2326,   221,   39000000,    7458825,        0,  -31541175,          0
  2326,   222,   39000000,    7452193,        0,  -31547807,          0
  2326,   223,   39000000,    7454468,        0,  -31545532,          0
  2326,   224,   39000000,    7450065,        0,  -31549935,          0
  2326,   225,   39000000,    7441570,        0,  -31558430,          0
  2326,   226,   39000000,    7451381,        0,  -31548619,          0
  2326,   227,   39000000,    7451118,        0,  -31548882,          0
  2326,   228,   39000000,    7455073,        0,  -31544927,          0
  2326,   229,   39000000,    7452509,        0,  -31547491,          0
  2326,   230,   39000000,    7456347,        0,  -31543653,          0
  2326,   231,   39000000,    7450964,        0,  -31549036,          0
  2326,   232,   39000000,    7460881,        0,  -31539119,          0
  2326,   233,   39000000,    7457347,        0,  -31542653,          0
  2326,   234,   39000000,    7734278,        0,  -31265722,          0
  2326,   235,   39000000,    7444898,        0,  -31555102,          0
  2326,   236,   39000000,    7485984,        0,  -31514016,          0
  2326,   237,   39000000,    7455897,        0,  -31544103,          0
  2326,   238,   39000000,    7449512,        0,  -31550488,          0
  2326,   239,   39000000,    7458968,        0,  -31541032,          0
  2326,   240,   39000000,    7451702,        0,  -31548298,          0
  2326,   241,   39000000,    7442019,        0,  -31557981,          0
  2326,   242,   39000000,    7446142,        0,  -31553858,          0
  2326,   243,   39000000,    7446489,        0,  -31553511,          0
  2326,   244,   39000000,    7448335,        0,  -31551665,          0
  2326,   245,   39000000,    7455650,        0,  -31544350,          0
  2326,   246,   39000000,    7451509,        0,  -31548491,          0
  2326,   247,   39000000,    7456925,        0,  -31543075,          0
  2326,   248,   39000000,    7454022,        0,  -31545978,          0
  2326,   249,   39000000,    7452863,        0,  -31547137,          0
  2326,   250,   39000000,    7734209,        0,  -31265791,          0
  2326,   251,   39000000,    7440637,        0,  -31559363,          0
  2326,   252,   39000000,    7449463,        0,  -31550537,          0
  2326,   253,   39000000,    7449902,        0,  -31550098,          0
  2326,   254,   39000000,    7446337,        0,  -31553663,          0
  2326,   255,   39000000,    7456603,        0,  -31543397,          0
  2326,   256,   39000000,    7452190,        0,  -31547810,          0
  2326,   257,   39000000,    7441516,        0,  -31558484,          0
  2326,   258,   39000000,    7452829,        0,  -31547171,          0
  2326,   259,   39000000,    7441658,        0,  -31558342,          0
  2326,   260,   39000000,    7494167,        0,  -31505833,          0
# task NAME=myapp PID=2330 COST=3269000 PERIOD=68000000 CPU=0
  2330,     2,   68000000,       6409,        0,  -67993591,          0
  2330,     3,   68000000,      66511,        0,  -67933489,          0
  2330,     4,   68000000,    5240593,        0,  -62759407,          0
  2330,     5,   68000000,    3516072,        0,  -64483928,          0
  2330,     6,   68000000,    3232495,        0,  -64767505,          0
  2330,     7,   68000000,    3233166,        0,  -64766834,          0
  2330,     8,   68000000,    3233292,        0,  -64766708,          0
  2330,     9,   68000000,    3230735,        0,  -64769265,          0
  2330,    10,   68000000,    3231119,        0,  -64768881,          0
  2330,    11,   68000000,    3233989,        0,  -64766011,          0
  2330,    12,   68000000,    3230953,        0,  -64769047,          0
  2330,    13,   68000000,    3233204,        0,  -64766796,          0
  2330,    14,   68000000,    3229492,        0,  -64770508,          0
  2330,    15,   68000000,    3235530,        0,  -64764470,          0
  2330,    16,   68000000,    3229154,        0,  -64770846,          0
  2330,    17,   68000000,    3238970,        0,  -64761030,          0
  2330,    18,   68000000,    3235998,        0,  -64764002,          0
  2330,    19,   68000000,    3231268,        0,  -64768732,          0
  2330,    20,   68000000,    3235826,        0,  -64764174,          0
  2330,    21,   68000000,    3231403,        0,  -64768597,          0
  2330,    22,   68000000,    3229965,        0,  -64770035,          0
  2330,    23,   68000000,    3234018,        0,  -64765982,          0
  2330,    24,   68000000,    3229117,        0,  -64770883,          0
  2330,    25,   68000000,    3236919,        0,  -64763081,          0
  2330,    26,   68000000,    3231996,        0,  -64768004,          0
  2330,    27,   68000000,    3231857,        0,  -64768143,          0
  2330,    28,   68000000,    3227420,        0,  -64772580,          0
  2330,    29,   68000000,    3234189,        0,  -64765811,          0
  2330,    30,   68000000,    3233880,        0,  -64766120,          0
  2330,    31,   68000000,    3232315,        0,  -64767685,          0
  2330,    32,   68000000,    3233052,        0,  -64766948,          0
  2330,    33,   68000000,    3234960,        0,  -64765040,          0
  2330,    34,   68000000,    3235695,        0,  -64764305,          0
  2330,    35,   68000000,    3232125,        0,  -64767875,          0
  2330,    36,   68000000,    4245673,        0,  -63754327,          0
  2330,    37,   68000000,    3235838,        0,  -64764162,          0
  2330,    38,   68000000,    5271271,        0,  -62728729,          0
  2330,    39,   68000000,    3230071,        0,  -64769929,          0
  2330,    40,   68000000,    3232872,        0,  -64767128,          0
  2330,    41,   68000000,    3238011,        0,  -64761989,          0
  2330,    42,   68000000,    3265051,        0,  -64734949,          0
  2330,    43,   68000000,    3234712,        0,  -64765288,          0
  2330,    44,   68000000,    3227163,        0,  -64772837,          0
  2330,    45,   68000000,    3231024,        0,  -64768976,          0
  2330,    46,   68000000,    3228156,        0,  -64771844,          0
  2330,    47,   68000000,    3228111,        0,  -64771889,          0
  2330,    48,   68000000,    3233092,        0,  -64766908,          0
  2330,    49,   68000000,    3232359,        0,  -64767641,          0
  2330,    50,   68000000,    3230145,        0,  -64769855,          0
  2330,    51,   68000000,    3509883,        0,  -64490117,          0
  2330,    52,   68000000,    3230338,        0,  -64769662,          0
  2330,    53,   68000000,    3228836,        0,  -64771164,          0
  2330,    54,   68000000,    3233725,        0,  -64766275,          0
  2330,    55,   68000000,    3232467,        0,  -64767533,          0
  2330,    56,   68000000,    3234054,        0,  -64765946,          0
  2330,    57,   68000000,    3234251,        0,  -64765749,          0
  2330,    58,   68000000,    3233974,        0,  -64766026,          0
  2330,    59,   68000000,    3233562,        0,  -64766438,          0
  2330,    60,   68000000,    3241330,        0,  -64758670,          0
  2330,    61,   68000000,    3233573,        0,  -64766427,          0
  2330,    62,   68000000,    3517374,        0,  -64482626,          0
  2330,    63,   68000000,    3241115,        0,  -64758885,          0
  2330,    64,   68000000,    3232840,        0,  -64767160,          0
  2330,    65,   68000000,    3238868,        0,  -64761132,          0
  2330,    66,   68000000,    3238981,        0,  -64761019,          0
  2330,    67,   68000000,    3233129,        0,  -64766871,          0
  2330,    68,   68000000,    3237197,        0,  -64762803,          0
  2330,    69,   68000000,    5313664,        0,  -62686336,          0
  2330,    70,   68000000,    3227637,        0,  -64772363,          0
  2330,    71,   68000000,    3229124,        0,  -64770876,          0
  2330,    72,   68000000,    3225282,        0,  -64774718,          0
  2330,    73,   68000000,    3228172,        0,  -64771828,          0
  2330,    74,   68000000,    3226594,        0,  -64773406,          0
  2330,    75,   68000000,    3256662,        0,  -64743338,          0
  2330,    76,   68000000,    3223719,        0,  -64776281,          0
  2330,    77,   68000000,    3230086,        0,  -64769914,          0
  2330,    78,   68000000,    3226147,        0,  -64773853,          0
  2330,    79,   68000000,    3240214,        0,  -64759786,          0
  2330,    80,   68000000,    3232160,        0,  -64767840,          0
  2330,    81,   68000000,    3243340,        0,  -64756660,          0
  2330,    82,   68000000,    3239732,        0,  -64760268,          0
  2330,    83,   68000000,    3237779,        0,  -64762221,          0
  2330,    84,   68000000,    3237684,        0,  -64762316,          0
  2330,    85,   68000000,    3238978,        0,  -64761022,          0
  2330,    86,   68000000,    3240184,        0,  -64759816,          0
  2330,    87,   68000000,    3237739,        0,  -64762261,          0
  2330,    88,   68000000,    3239583,        0,  -64760417,          0
  2330,    89,   68000000,    3235983,        0,  -64764017,          0
  2330,    90,   68000000,    3237899,        0,  -64762101,          0
  2330,    91,   68000000,    3237209,        0,  -64762791,          0
  2330,    92,   68000000,    3237865,        0,  -64762135,          0
  2330,    93,   68000000,    3234015,        0,  -64765985,          0
  2330,    94,   68000000,    3256077,        0,  -64743923,          0
  2330,    95,   68000000,    3234539,        0,  -64765461,          0
  2330,    96,   68000000,    3236691,        0,  -64763309,          0
  2330,    97,   68000000,    3235512,        0,  -64764488,          0
  2330,    98,   68000000,    3240248,        0,  -64759752,          0
  2330,    99,   68000000,    3231043,        0,  -64768957,          0
  2330,   100,   68000000,    3231228,        0,  -64768772,          0
  2330,   101,   68000000,    3233242,        0,  -64766758,          0
  2330,   102,   68000000,    3239713,        0,  -64760287,          0
  2330,   103,   68000000,    3231180,        0,  -64768820,          0
  2330,   104,   68000000,    3237199,        0,  -64762801,          0
  2330,   105,   68000000,    3234388,        0,  -64765612,          0
  2330,   106,   68000000,    3236105,        0,  -64763895,          0
  2330,   107,   68000000,    3238267,        0,  -64761733,          0
  2330,   108,   68000000,    3235388,        0,  -64764612,          0
  2330,   109,   68000000,    3232328,        0,  -64767672,          0
  2330,   110,   68000000,    3231210,        0,  -64768790,          0
  2330,   111,   68000000,    3226450,        0,  -64773550,          0
  2330,   112,   68000000,    3230188,        0,  -64769812,          0
  2330,   113,   68000000,    3223914,        0,  -64776086,          0
  2330,   114,   68000000,    3238662,        0,  -64761338,          0
  2330,   115,   68000000,    3236490,        0,  -64763510,          0
  2330,   116,   68000000,    3238161,        0,  -64761839,          0
  2330,   117,   68000000,    3235822,        0,  -64764178,          0
  2330,   118,   68000000,    3231838,        0,  -64768162,          0
  2330,   119,   68000000,    3516090,        0,  -64483910,          0
  2330,   120,   68000000,    3233723,        0,  -64766277,          0
  2330,   121,   68000000,    3238656,        0,  -64761344,          0
  2330,   122,   68000000,    3236931,        0,  -64763069,          0
  2330,   123,   68000000,    3231112,        0,  -64768888,          0
  2330,   124,   68000000,    3241921,        0,  -64758079,          0
  2330,   125,   68000000,    3231046,        0,  -64768954,          0
  2330,   126,   68000000,    3231264,        0,  -64768736,          0
  2330,   127,   68000000,    3267203,        0,  -64732797,          0
  2330,   128,   68000000,    3239991,        0,  -64760009,          0
  2330,   129,   68000000,    3238303,        0,  -64761697,          0
  2330,   130,   68000000,    3229755,        0,  -64770245,          0
  2330,   131,   68000000,    5245960,        0,  -62754040,          0
  2330,   132,   68000000,    3227424,        0,  -64772576,          0
  2330,   133,   68000000,    3232894,        0,  -64767106,          0
  2330,   134,   68000000,    3231053,        0,  -64768947,          0
  2330,   135,   68000000,    3237909,        0,  -64762091,          0
  2330,   136,   68000000,    3235189,        0,  -64764811,          0
  2330,   137,   68000000,    3237823,        0,  -64762177,          0
  2330,   138,   68000000,    3237048,        0,  -64762952,          0
  2330,   139,   68000000,    3230620,        0,  -64769380,          0
  2330,   140,   68000000,    3235136,        0,  -64764864,          0
  2330,   141,   68000000,    3227908,        0,  -64772092,          0
  2330,   142,   68000000,    3228631,        0,  -64771369,          0
  2330,   143,   68000000,    3233728,        0,  -64766272,          0
  2330,   144,   68000000,    3229314,        0,  -64770686,          0
  2330,   145,   68000000,    3239834,        0,  -64760166,          0
  2330,   146,   68000000,    3270926,        0,  -64729074,          0
  2330,   147,   68000000,    3239187,        0,  -64760813,          0
  2330,   148,   68000000,    3237546,        0,  -64762454,          0
  2330,   149,   68000000,    3230988,        0,  -64769012,          0
  2330,   150,   68000000,    3231039,        0,  -64768961,          0
  2330,   151,   68000000,    3232773,        0,  -64767227,          0
# task NAME=myapp PID=2334 COST=48027000 PERIOD=59000000 CPU=0
  2334,     2,   59000000,       6138,        0,  -58993862,          0
  2334,     3,   59000000,      53125,        0,  -58946875,          0
  2334,     4,   59000000,   49146487,        0,   -9853513,          0
  2334,     5,   59000000,   47406220,        0,  -11593780,          0
  2334,     6,   59000000,   47112653,        0,  -11887347,          0
  2334,     7,   59000000,   47419784,        0,  -11580216,          0
  2334,     8,   59000000,   47146446,        0,  -11853554,          0
  2334,     9,   59000000,   47410134,        0,  -11589866,          0
  2334,    10,   59000000,   47134375,        0,  -11865625,          0
  2334,    11,   59000000,   47500730,        0,  -11499270,          0
  2334,    12,   59000000,   47156052,        0,  -11843948,          0
  2334,    13,   59000000,   47138442,        0,  -11861558,          0
  2334,    14,   59000000,   47132642,        0,  -11867358,          0
  2334,    15,   59000000,   47137874,        0,  -11862126,          0
  2334,    16,   59000000,   47170469,        0,  -11829531,          0
  2334,    17,   59000000,   47155912,        0,  -11844088,          0
  2334,    18,   59000000,   47446203,        0,  -11553797,          0
  2334,    19,   59000000,   47185786,        0,  -11814214,          0
  2334,    20,   59000000,   47448981,        0,  -11551019,          0
  2334,    21,   59000000,   47150850,        0,  -11849150,          0
  2334,    22,   59000000,   47456436,        0,  -11543564,          0
  2334,    23,   59000000,   47150204,        0,  -11849796,          0
  2334,    24,   59000000,   47457525,        0,  -11542475,          0
  2334,    25,   59000000,   47154226,        0,  -11845774,          0
  2334,    26,   59000000,   47443998,        0,  -11556002,          0
  2334,    27,   59000000,   47174975,        0,  -11825025,          0
  2334,    28,   59000000,   47531947,        0,  -11468053,          0
  2334,    29,   59000000,   47132375,        0,  -11867625,          0
  2334,    30,   59000000,   47451849,        0,  -11548151,          0
  2334,    31,   59000000,   47144108,        0,  -11855892,          0
  2334,    32,   59000000,   47137048,        0,  -11862952,          0
  2334,    33,   59000000,   47146643,        0,  -11853357,          0
  2334,    34,   59000000,   47128696,        0,  -11871304,          0
  2334,    35,   59000000,   47445131,        0,  -11554869,          0
  2334,    36,   59000000,   47150948,        0,  -11849052,          0
  2334,    37,   59000000,   47439489,        0,  -11560511,          0
  2334,    38,   59000000,   47166600,        0,  -11833400,          0
  2334,    39,   59000000,   47477390,        0,  -11522610,          0
  2334,    40,   59000000,   47082208,        0,  -11917792,          0
  2334,    41,   59000000,   47478665,        0,  -11521335,          0
  2334,    42,   59000000,   47167292,        0,  -11832708,          0
  2334,    43,   59000000,   47436814,        0,  -11563186,          0
  2334,    44,   59000000,   47172035,        0,  -11827965,          0
  2334,    45,   59000000,   47478796,        0,  -11521204,          0
  2334,    46,   59000000,   47100866,        0,  -11899134,          0
  2334,    47,   59000000,   47365786,        0,  -11634214,          0
  2334,    48,   59000000,   47110504,        0,  -11889496,          0
  2334,    49,   59000000,   47089054,        0,  -11910946,          0
  2334,    50,   59000000,   47158499,        0,  -11841501,          0
  2334,    51,   59000000,   47187913,        0,  -11812087,          0
  2334,    52,   59000000,   47025171,        0,  -11974829,          0
  2334,    53,   59000000,   47148444,        0,  -11851556,          0
  2334,    54,   59000000,   47480555,        0,  -11519445,          0
  2334,    55,   59000000,   47157974,        0,  -11842026,          0
  2334,    56,   59000000,   47486177,        0,  -11513823,          0
  2334,    57,   59000000,   47189199,        0,  -11810801,          0
  2334,    58,   59000000,   47487315,        0,  -11512685,          0
  2334,    59,   59000000,   47178479,        0,  -11821521,          0
  2334,    60,   59000000,   47475580,        0,  -11524420,          0
  2334,    61,   59000000,   47185258,        0,  -11814742,          0
  2334,    62,   59000000,   47548898,        0,  -11451102,          0
  2334,    63,   59000000,   47179303,        0,  -11820697,          0
  2334,    64,   59000000,   47441865,        0,  -11558135,          0
  2334,    65,   59000000,   47088171,        0,  -11911829,          0
  2334,    66,   59000000,   47458646,        0,  -11541354,          0
  2334,    67,   59000000,   47140682,        0,  -11859318,          0
  2334,    68,   59000000,   47186841,        0,  -11813159,          0
  2334,    69,   59000000,   47165500,        0,  -11834500,          0
  2334,    70,   59000000,   47154381,        0,  -11845619,          0
  2334,    71,   59000000,   47387923,        0,  -11612077,          0
  2334,    72,   59000000,   47102807,        0,  -11897193,          0
  2334,    73,   59000000,   47380226,        0,  -11619774,          0
  2334,    74,   59000000,   47114340,        0,  -11885660,          0
  2334,    75,   59000000,   47422307,        0,  -11577693,          0
  2334,    76,   59000000,   47063969,        0,  -11936031,          0
  2334,    77,   59000000,   47425091,        0,  -11574909,          0
  2334,    78,   59000000,   47102484,        0,  -11897516,          0
  2334,    79,   59000000,   47798288,        0,  -11201712,          0
  2334,    80,   59000000,   47126437,        0,  -11873563,          0
  2334,    81,   59000000,   47401842,        0,  -11598158,          0
  2334,    82,   59000000,   47097900,        0,  -11902100,          0
  2334,    83,   59000000,   47399267,        0,  -11600733,          0
  2334,    84,   59000000,   47094579,        0,  -11905421,          0
  2334,    85,   59000000,   47097945,        0,  -11902055,          0
  2334,    86,   59000000,   47079581,        0,  -11920419,          0
  2334,    87,   59000000,   47082750,        0,  -11917250,          0
  2334,    88,   59000000,   47112025,        0,  -11887975,          0
  2334,    89,   59000000,   47100355,        0,  -11899645,          0
  2334,    90,   59000000,   47379955,        0,  -11620045,          0
  2334,    91,   59000000,   47092792,        0,  -11907208,          0
  2334,    92,   59000000,   47392774,        0,  -11607226,          0
  2334,    93,   59000000,   47076536,        0,  -11923464,          0
  2334,    94,   59000000,   47389878,        0,  -11610122,          0
  2334,    95,   59000000,   47088362,        0,  -11911638,          0
  2334,    96,   59000000,   47441657,        0,  -11558343,          0
  2334,    97,   59000000,   47111115,        0,  -11888885,          0
  2334,    98,   59000000,   47386496,        0,  -11613504,          0
  2334,    99,   59000000,   47107555,        0,  -11892445,          0
  2334,   100,   59000000,   47371642,        0,  -11628358,          0
  2334,   101,   59000000,   47143398,        0,  -11856602,          0
  2334,   102,   59000000,   47168974,        0,  -11831026,          0
  2334,   103,   59000000,   47160139,        0,  -11839861,          0
  2334,   104,   59000000,   47164627,        0,  -11835373,          0
  2334,   105,   59000000,   47142995,        0,  -11857005,          0
  2334,   106,   59000000,   47145357,        0,  -11854643,          0
  2334,   107,   59000000,   47431412,        0,  -11568588,          0
  2334,   108,   59000000,   47148156,        0,  -11851844,          0
  2334,   109,   59000000,   47435925,        0,  -11564075,          0
  2334,   110,   59000000,   47160840,        0,  -11839160,          0
  2334,   111,   59000000,   47437220,        0,  -11562780,          0
  2334,   112,   59000000,   47161304,        0,  -11838696,          0
  2334,   113,   59000000,   47529793,        0,  -11470207,          0
  2334,   114,   59000000,   47167305,        0,  -11832695,          0
  2334,   115,   59000000,   47459152,        0,  -11540848,          0
  2334,   116,   59000000,   47158567,        0,  -11841433,          0
  2334,   117,   59000000,   47425401,        0,  -11574599,          0
  2334,   118,   59000000,   47117551,        0,  -11882449,          0
  2334,   119,   59000000,   47394773,        0,  -11605227,          0
  2334,   120,   59000000,   47122508,        0,  -11877492,          0
  2334,   121,   59000000,   47103733,        0,  -11896267,          0
  2334,   122,   59000000,   47104492,        0,  -11895508,          0
  2334,   123,   59000000,   47116258,        0,  -11883742,          0
  2334,   124,   59000000,   47403076,        0,  -11596924,          0
  2334,   125,   59000000,   47113029,        0,  -11886971,          0
  2334,   126,   59000000,   47392105,        0,  -11607895,          0
  2334,   127,   59000000,   47115225,        0,  -11884775,          0
  2334,   128,   59000000,   47389264,        0,  -11610736,          0
  2334,   129,   59000000,   47068902,        0,  -11931098,          0
  2334,   130,   59000000,   47395286,        0,  -11604714,          0
  2334,   131,   59000000,   47097954,        0,  -11902046,          0
  2334,   132,   59000000,   47374396,        0,  -11625604,          0
  2334,   133,   59000000,   47103332,        0,  -11896668,          0
  2334,   134,   59000000,   47382775,        0,  -11617225,          0
  2334,   135,   59000000,   47118304,        0,  -11881696,          0
  2334,   136,   59000000,   47382525,        0,  -11617475,          0
  2334,   137,   59000000,   47095942,        0,  -11904058,          0
  2334,   138,   59000000,   47103843,        0,  -11896157,          0
  2334,   139,   59000000,   47111913,        0,  -11888087,          0
  2334,   140,   59000000,   47086478,        0,  -11913522,          0
  2334,   141,   59000000,   47093437,        0,  -11906563,          0
  2334,   142,   59000000,   47124665,        0,  -11875335,          0
  2334,   143,   59000000,   47421513,        0,  -11578487,          0
  2334,   144,   59000000,   47130782,        0,  -11869218,          0
  2334,   145,   59000000,   47382271,        0,  -11617729,          0
  2334,   146,   59000000,   47094653,        0,  -11905347,          0
  2334,   147,   59000000,   47388373,        0,  -11611627,          0
  2334,   148,   59000000,   47103071,        0,  -11896929,          0
  2334,   149,   59000000,   47391852,        0,  -11608148,          0
  2334,   150,   59000000,   47141361,        0,  -11858639,          0
  2334,   151,   59000000,   47430435,        0,  -11569565,          0
  2334,   152,   59000000,   47076215,        0,  -11923785,          0
  2334,   153,   59000000,   47400393,        0,  -11599607,          0
  2334,   154,   59000000,   47111961,        0,  -11888039,          0
  2334,   155,   59000000,   47461951,        0,  -11538049,          0
  2334,   156,   59000000,   47145747,        0,  -11854253,          0
  2334,   157,   59000000,   47153685,        0,  -11846315,          0
  2334,   158,   59000000,   47103205,        0,  -11896795,          0
  2334,   159,   59000000,   47114523,        0,  -11885477,          0
  2334,   160,   59000000,   47406966,        0,  -11593034,          0
  2334,   161,   59000000,   47124596,        0,  -11875404,          0
  2334,   162,   59000000,   47433660,        0,  -11566340,          0
  2334,   163,   59000000,   47124610,        0,  -11875390,          0
  2334,   164,   59000000,   47422521,        0,  -11577479,          0
  2334,   165,   59000000,   47118845,        0,  -11881155,          0
  2334,   166,   59000000,   47385830,        0,  -11614170,          0
  2334,   167,   59000000,   47088247,        0,  -11911753,          0
  2334,   168,   59000000,   47371106,        0,  -11628894,          0
  2334,   169,   59000000,   47104196,        0,  -11895804,          0
  2334,   170,   59000000,   47395391,        0,  -11604609,          0
  2334,   171,   59000000,   47109971,        0,  -11890029,          0
  2334,   172,   59000000,   47387327,        0,  -11612673,          0
  2334,   173,   59000000,   47192054,        0,  -11807946,          0
# task NAME=myapp PID=2338 COST=6922000 PERIOD=66000000 CPU=0
  2338,     2,   66000000,      14051,        0,  -65985949,          0
  2338,     3,   66000000,      62123,        0,  -65937877,          0
  2338,     4,   66000000,    8818053,        0,  -57181947,          0
  2338,     5,   66000000,    6808261,        0,  -59191739,          0
  2338,     6,   66000000,    6809757,        0,  -59190243,          0
  2338,     7,   66000000,    6971385,        0,  -59028615,          0
  2338,     8,   66000000,    6807747,        0,  -59192253,          0
  2338,     9,   66000000,    6811809,        0,  -59188191,          0
  2338,    10,   66000000,    6813550,        0,  -59186450,          0
  2338,    11,   66000000,    6842201,        0,  -59157799,          0
  2338,    12,   66000000,    6815324,        0,  -59184676,          0
  2338,    13,   66000000,    6810180,        0,  -59189820,          0
  2338,    14,   66000000,    6815956,        0,  -59184044,          0
  2338,    15,   66000000,    6819290,        0,  -59180710,          0
  2338,    16,   66000000,    6825485,        0,  -59174515,          0
  2338,    17,   66000000,    6820081,        0,  -59179919,          0
  2338,    18,   66000000,    6813732,        0,  -59186268,          0
  2338,    19,   66000000,    6804631,        0,  -59195369,          0
  2338,    20,   66000000,    6814481,        0,  -59185519,          0
  2338,    21,   66000000,    6815291,        0,  -59184709,          0
  2338,    22,   66000000,    6813254,        0,  -59186746,          0
  2338,    23,   66000000,    6808584,        0,  -59191416,          0
  2338,    24,   66000000,    7105547,        0,  -58894453,          0
  2338,    25,   66000000,    6805994,        0,  -59194006,          0
  2338,    26,   66000000,    6811933,        0,  -59188067,          0
  2338,    27,   66000000,    6804999,        0,  -59195001,          0
  2338,    28,   66000000,    6813834,        0,  -59186166,          0
  2338,    29,   66000000,    6818929,        0,  -59181071,          0
  2338,    30,   66000000,    6818835,        0,  -59181165,          0
  2338,    31,   66000000,    6814575,        0,  -59185425,          0
  2338,    32,   66000000,    6810937,        0,  -59189063,          0
  2338,    33,   66000000,    6810456,        0,  -59189544,          0
  2338,    34,   66000000,    6804276,        0,  -59195724,          0
  2338,    35,   66000000,    6809831,        0,  -59190169,          0
  2338,    36,   66000000,    6823741,        0,  -59176259,          0
  2338,    37,   66000000,    6810556,        0,  -59189444,          0
  2338,    38,   66000000,    6809479,        0,  -59190521,          0
  2338,    39,   66000000,    6813798,        0,  -59186202,          0
  2338,    40,   66000000,    6808137,        0,  -59191863,          0
  2338,    41,   66000000,    7110948,        0,  -58889052,          0
  2338,    42,   66000000,    6820597,        0,  -59179403,          0
  2338,    43,   66000000,    6823221,        0,  -59176779,          0
  2338,    44,   66000000,    6816927,        0,  -59183073,          0
  2338,    45,   66000000,    6810550,        0,  -59189450,          0
  2338,    46,   66000000,    6809891,        0,  -59190109,          0
  2338,    47,   66000000,    6802718,        0,  -59197282,          0
  2338,    48,   66000000,    6813314,        0,  -59186686,          0
  2338,    49,   66000000,    6803368,        0,  -59196632,          0
  2338,    50,   66000000,    6809862,        0,  -59190138,          0
  2338,    51,   66000000,    6805953,        0,  -59194047,          0
  2338,    52,   66000000,    6818658,        0,  -59181342,          0
  2338,    53,   66000000,    6835404,        0,  -59164596,          0
  2338,    54,   66000000,    6809070,        0,  -59190930,          0
  2338,    55,   66000000,    6812145,        0,  -59187855,          0
  2338,    56,   66000000,    6812391,        0,  -59187609,          0
  2338,    57,   66000000,    6802102,        0,  -59197898,          0
  2338,    58,   66000000,    6810264,        0,  -59189736,          0
  2338,    59,   66000000,    6815683,        0,  -59184317,          0
  2338,    60,   66000000,    7107487,        0,  -58892513,          0
  2338,    61,   66000000,    6818631,        0,  -59181369,          0
  2338,    62,   66000000,    6817629,        0,  -59182371,          0
  2338,    63,   66000000,    6813135,        0,  -59186865,          0
  2338,    64,   66000000,    6820362,        0,  -59179638,          0
  2338,    65,   66000000,    6819198,        0,  -59180802,          0
  2338,    66,   66000000,    6828050,        0,  -59171950,          0
  2338,    67,   66000000,    6820201,        0,  -59179799,          0
  2338,    68,   66000000,    6818640,        0,  -59181360,          0
  2338,    69,   66000000,    6793941,        0,  -59206059,          0
  2338,    70,   66000000,    6806133,        0,  -59193867,          0
  2338,    71,   66000000,    6896960,        0,  -59103040,          0
  2338,    72,   66000000,    6813097,        0,  -59186903,          0
  2338,    73,   66000000,    6826709,        0,  -59173291,          0
  2338,    74,   66000000,    6823915,        0,  -59176085,          0
  2338,    75,   66000000,    6821782,        0,  -59178218,          0
  2338,    76,   66000000,    6816681,        0,  -59183319,          0
  2338,    77,   66000000,    7102622,        0,  -58897378,          0
  2338,    78,   66000000,    6820525,        0,  -59179475,          0
  2338,    79,   66000000,    6819827,        0,  -59180173,          0
  2338,    80,   66000000,    6823946,        0,  -59176054,          0
  2338,    81,   66000000,    6814574,        0,  -59185426,          0
  2338,    82,   66000000,    6801779,        0,  -59198221,          0
  2338,    83,   66000000,    6809985,        0,  -59190015,          0
  2338,    84,   66000000,    6822097,        0,  -59177903,          0
  2338,    85,   66000000,    6822849,        0,  -59177151,          0
  2338,    86,   66000000,    6816121,        0,  -59183879,          0
  2338,    87,   66000000,    6823529,        0,  -59176471,          0
  2338,    88,   66000000,    6818539,        0,  -59181461,          0
  2338,    89,   66000000,    6819995,        0,  -59180005,          0
  2338,    90,   66000000,    6823722,        0,  -59176278,          0
  2338,    91,   66000000,    6811939,        0,  -59188061,          0
  2338,    92,   66000000,    6818533,        0,  -59181467,          0
  2338,    93,   66000000,    6814848,        0,  -59185152,          0
  2338,    94,   66000000,    6858683,        0,  -59141317,          0
  2338,    95,   66000000,    6830681,        0,  -59169319,          0
  2338,    96,   66000000,    7103447,        0,  -58896553,          0
  2338,    97,   66000000,    6806300,        0,  -59193700,          0
  2338,    98,   66000000,    6813904,        0,  -59186096,          0
  2338,    99,   66000000,    6816106,        0,  -59183894,          0
  2338,   100,   66000000,    6808321,        0,  -59191679,          0
  2338,   101,   66000000,    6817963,        0,  -59182037,          0
  2338,   102,   66000000,    6805742,        0,  -59194258,          0
  2338,   103,   66000000,    6801181,        0,  -59198819,          0
  2338,   104,   66000000,    6804381,        0,  -59195619,          0
  2338,   105,   66000000,    6808638,        0,  -59191362,          0
  2338,   106,   66000000,    6808259,        0,  -59191741,          0
  2338,   107,   66000000,    6814524,        0,  -59185476,          0
  2338,   108,   66000000,    6811770,        0,  -59188230,          0
  2338,   109,   66000000,    6801689,        0,  -59198311,          0
  2338,   110,   66000000,    6799229,        0,  -59200771,          0
  2338,   111,   66000000,    6802052,        0,  -59197948,          0
  2338,   112,   66000000,    6806844,        0,  -59193156,          0
  2338,   113,   66000000,    7101580,        0,  -58898420,          0
  2338,   114,   66000000,    6802488,        0,  -59197512,          0
  2338,   115,   66000000,    6824686,        0,  -59175314,          0
  2338,   116,   66000000,    6807886,        0,  -59192114,          0
  2338,   117,   66000000,    6816825,        0,  -59183175,          0
  2338,   118,   66000000,    6818942,        0,  -59181058,          0
  2338,   119,   66000000,    6817335,        0,  -59182665,          0
  2338,   120,   66000000,    6810531,        0,  -59189469,          0
  2338,   121,   66000000,    6848291,        0,  -59151709,          0
  2338,   122,   66000000,    6820640,        0,  -59179360,          0
  2338,   123,   66000000,    6823487,        0,  -59176513,          0
  2338,   124,   66000000,    6817962,        0,  -59182038,          0
  2338,   125,   66000000,    6811310,        0,  -59188690,          0
  2338,   126,   66000000,    6820505,        0,  -59179495,          0
  2338,   127,   66000000,    6814439,        0,  -59185561,          0
  2338,   128,   66000000,    6813208,        0,  -59186792,          0
  2338,   129,   66000000,    6860214,        0,  -59139786,          0
  2338,   130,   66000000,    6819951,        0,  -59180049,          0
  2338,   131,   66000000,    6811998,        0,  -59188002,          0
  2338,   132,   66000000,    7103501,        0,  -58896499,          0
  2338,   133,   66000000,    6834727,        0,  -59165273,          0
  2338,   134,   66000000,    6813748,        0,  -59186252,          0
  2338,   135,   66000000,    6810362,        0,  -59189638,          0
  2338,   136,   66000000,    6823941,        0,  -59176059,          0
  2338,   137,   66000000,    6804990,        0,  -59195010,          0
  2338,   138,   66000000,    6813334,        0,  -59186666,          0
  2338,   139,   66000000,    6813128,        0,  -59186872,          0
  2338,   140,   66000000,    6809394,        0,  -59190606,          0
  2338,   141,   66000000,    6803560,        0,  -59196440,          0
  2338,   142,   66000000,    6806032,        0,  -59193968,          0
  2338,   143,   66000000,    6820700,        0,  -59179300,          0
  2338,   144,   66000000,    6811240,        0,  -59188760,          0
  2338,   145,   66000000,    6819421,        0,  -59180579,          0
  2338,   146,   66000000,    6811262,        0,  -59188738,          0
  2338,   147,   66000000,    6811114,        0,  -59188886,          0
  2338,   148,   66000000,    6814765,        0,  -59185235,          0
  2338,   149,   66000000,    7103505,        0,  -58896495,          0
  2338,   150,   66000000,    6821011,        0,  -59178989,          0
  2338,   151,   66000000,    6809000,        0,  -59191000,          0
  2338,   152,   66000000,    6825462,        0,  -59174538,          0
  2338,   153,   66000000,    6814530,        0,  -59185470,          0
  2338,   154,   66000000,    6813584,        0,  -59186416,          0
  2338,   155,   66000000,    6810411,        0,  -59189589,          0
