# Task,   Job,     Period,   Response, DL Miss?,   Lateness,  Tardiness
# task NAME=myapp PID=22451 COST=9120000 PERIOD=11000000 CPU=0
 22451,     2,   11000000,       8735,        0,  -10991265,          0
 22451,     3,   11000000,      28436,        0,  -10971564,          0
 22451,     4,   11000000,   10993017,        0,      -6983,          0
 22451,     5,   11000000,    8928094,        0,   -2071906,          0
 22451,     6,   11000000,    8932103,        0,   -2067897,          0
 22451,     7,   11000000,    9213504,        0,   -1786496,          0
 22451,     8,   11000000,    8962556,        0,   -2037444,          0
 22451,     9,   11000000,    9043789,        0,   -1956211,          0
 22451,    10,   11000000,    8936522,        0,   -2063478,          0
 22451,    11,   11000000,    8930962,        0,   -2069038,          0
 22451,    12,   11000000,    9012136,        0,   -1987864,          0
 22451,    13,   11000000,    8968007,        0,   -2031993,          0
 22451,    14,   11000000,    8938683,        0,   -2061317,          0
 22451,    15,   11000000,    8957066,        0,   -2042934,          0
 22451,    16,   11000000,    8999725,        0,   -2000275,          0
 22451,    17,   11000000,    8949146,        0,   -2050854,          0
 22451,    18,   11000000,    8952790,        0,   -2047210,          0
 22451,    19,   11000000,    9277368,        0,   -1722632,          0
 22451,    20,   11000000,    8978753,        0,   -2021247,          0
 22451,    21,   11000000,    8966437,        0,   -2033563,          0
 22451,    22,   11000000,    8935193,        0,   -2064807,          0
 22451,    23,   11000000,    8926900,        0,   -2073100,          0
 22451,    24,   11000000,    9021101,        0,   -1978899,          0
 22451,    25,   11000000,    8939122,        0,   -2060878,          0
 22451,    26,   11000000,    9020507,        0,   -1979493,          0
 22451,    27,   11000000,    8945851,        0,   -2054149,          0
 22451,    28,   11000000,    8959582,        0,   -2040418,          0
 22451,    29,   11000000,    8974039,        0,   -2025961,          0
 22451,    30,   11000000,    9234479,        0,   -1765521,          0
 22451,    31,   11000000,    8929002,        0,   -2070998,          0
 22451,    32,   11000000,    8953660,        0,   -2046340,          0
 22451,    33,   11000000,    8936839,        0,   -2063161,          0
 22451,    34,   11000000,    8939844,        0,   -2060156,          0
 22451,    35,   11000000,    8927731,        0,   -2072269,          0
 22451,    36,   11000000,    8986582,        0,   -2013418,          0
 22451,    37,   11000000,    8937731,        0,   -2062269,          0
 22451,    38,   11000000,    8946977,        0,   -2053023,          0
 22451,    39,   11000000,    8950807,        0,   -2049193,          0
 22451,    40,   11000000,    8938157,        0,   -2061843,          0
 22451,    41,   11000000,    8952759,        0,   -2047241,          0
 22451,    42,   11000000,    8945427,        0,   -2054573,          0
 22451,    43,   11000000,    8943727,        0,   -2056273,          0
 22451,    44,   11000000,    8932566,        0,   -2067434,          0
 22451,    45,   11000000,    8942771,        0,   -2057229,          0
 22451,    46,   11000000,    8926230,        0,   -2073770,          0
 22451,    47,   11000000,    8936514,        0,   -2063486,          0
 22451,    48,   11000000,    8947593,        0,   -2052407,          0
 22451,    49,   11000000,    8934283,        0,   -2065717,          0
 22451,    50,   11000000,    8954032,        0,   -2045968,          0
 22451,    51,   11000000,    8943701,        0,   -2056299,          0
 22451,    52,   11000000,    8944326,        0,   -2055674,          0
 22451,    53,   11000000,    9233066,        0,   -1766934,          0
 22451,    54,   11000000,    8961008,        0,   -2038992,          0
 22451,    55,   11000000,    8940954,        0,   -2059046,          0
 22451,    56,   11000000,    8951757,        0,   -2048243,          0
 22451,    57,   11000000,    8934251,        0,   -2065749,          0
 22451,    58,   11000000,    8948036,        0,   -2051964,          0
 22451,    59,   11000000,    8943667,        0,   -2056333,          0
 22451,    60,   11000000,    9017630,        0,   -1982370,          0
 22451,    61,   11000000,    8976778,        0,   -2023222,          0
 22451,    62,   11000000,    8977012,        0,   -2022988,          0
 22451,    63,   11000000,    8957059,        0,   -2042941,          0
 22451,    64,   11000000,    9249079,        0,   -1750921,          0
 22451,    65,   11000000,    8955650,        0,   -2044350,          0
 22451,    66,   11000000,    8938665,        0,   -2061335,          0
 22451,    67,   11000000,    8938713,        0,   -2061287,          0
 22451,    68,   11000000,    8946645,        0,   -2053355,          0
 22451,    69,   11000000,    9028251,        0,   -1971749,          0
 22451,    70,   11000000,    8949130,        0,   -2050870,          0
 22451,    71,   11000000,    8980298,        0,   -2019702,          0
 22451,    72,   11000000,    8972701,        0,   -2027299,          0
 22451,    73,   11000000,    9003404,        0,   -1996596,          0
 22451,    74,   11000000,    8978941,        0,   -2021059,          0
 22451,    75,   11000000,    8938491,        0,   -2061509,          0
 22451,    76,   11000000,    8963700,        0,   -2036300,          0
 22451,    77,   11000000,    9008756,        0,   -1991244,          0
 22451,    78,   11000000,    8948657,        0,   -2051343,          0
 22451,    79,   11000000,    8974203,        0,   -2025797,          0
 22451,    80,   11000000,    8950186,        0,   -2049814,          0
 22451,    81,   11000000,    8953654,        0,   -2046346,          0
 22451,    82,   11000000,    8942571,        0,   -2057429,          0
 22451,    83,   11000000,    8942941,        0,   -2057059,          0
 22451,    84,   11000000,    8979830,        0,   -2020170,          0
 22451,    85,   11000000,    8945420,        0,   -2054580,          0
 22451,    86,   11000000,    8944219,        0,   -2055781,          0
 22451,    87,   11000000,    9263612,        0,   -1736388,          0
 22451,    88,   11000000,    8931462,        0,   -2068538,          0
 22451,    89,   11000000,    8965809,        0,   -2034191,          0
 22451,    90,   11000000,    8937824,        0,   -2062176,          0
 22451,    91,   11000000,    8944132,        0,   -2055868,          0
 22451,    92,   11000000,    8943276,        0,   -2056724,          0
 22451,    93,   11000000,    8949891,        0,   -2050109,          0
 22451,    94,   11000000,    8965668,        0,   -2034332,          0
 22451,    95,   11000000,    8955321,        0,   -2044679,          0
 22451,    96,   11000000,    8950449,        0,   -2049551,          0
 22451,    97,   11000000,    8962894,        0,   -2037106,          0
 22451,    98,   11000000,    9235839,        0,   -1764161,          0
 22451,    99,   11000000,    8953761,        0,   -2046239,          0
 22451,   100,   11000000,    9026686,        0,   -1973314,          0
 22451,   101,   11000000,    9004186,        0,   -1995814,          0
 22451,   102,   11000000,    8973805,        0,   -2026195,          0
 22451,   103,   11000000,    8975427,        0,   -2024573,          0
 22451,   104,   11000000,    8954370,        0,   -2045630,          0
 22451,   105,   11000000,    8932293,        0,   -2067707,          0
 22451,   106,   11000000,    8935396,        0,   -2064604,          0
 22451,   107,   11000000,    8966247,        0,   -2033753,          0
 22451,   108,   11000000,    9010517,        0,   -1989483,          0
 22451,   109,   11000000,    8977595,        0,   -2022405,          0
 22451,   110,   11000000,    9265435,        0,   -1734565,          0
 22451,   111,   11000000,    8986453,        0,   -2013547,          0
 22451,   112,   11000000,    8981172,        0,   -2018828,          0
 22451,   113,   11000000,    8952694,        0,   -2047306,          0
 22451,   114,   11000000,    8953014,        0,   -2046986,          0
 22451,   115,   11000000,    8958126,        0,   -2041874,          0
 22451,   116,   11000000,    8998726,        0,   -2001274,          0
 22451,   117,   11000000,    8943572,        0,   -2056428,          0
 22451,   118,   11000000,    9023213,        0,   -1976787,          0
 22451,   119,   11000000,    8982947,        0,   -2017053,          0
 22451,   120,   11000000,    8949220,        0,   -2050780,          0
 22451,   121,   11000000,    9264329,        0,   -1735671,          0
 22451,   122,   11000000,    8949093,        0,   -2050907,          0
 22451,   123,   11000000,    8976147,        0,   -2023853,          0
 22451,   124,   11000000,    8957484,        0,   -2042516,          0
 22451,   125,   11000000,    9724405,        0,   -1275595,          0
 22451,   126,   11000000,    8927600,        0,   -2072400,          0
 22451,   127,   11000000,    8933676,        0,   -2066324,          0
 22451,   128,   11000000,    8941011,        0,   -2058989,          0
 22451,   129,   11000000,    8952045,        0,   -2047955,          0
 22451,   130,   11000000,    8938911,        0,   -2061089,          0
 22451,   131,   11000000,    8941493,        0,   -2058507,          0
 22451,   132,   11000000,    9281076,        0,   -1718924,          0
 22451,   133,   11000000,    8997132,        0,   -2002868,          0
 22451,   134,   11000000,    8939212,        0,   -2060788,          0
 22451,   135,   11000000,    8958004,        0,   -2041996,          0
 22451,   136,   11000000,    8954407,        0,   -2045593,          0
 22451,   137,   11000000,    8971850,        0,   -2028150,          0
 22451,   138,   11000000,    8930756,        0,   -2069244,          0
 22451,   139,   11000000,    8954397,        0,   -2045603,          0
 22451,   140,   11000000,    8986311,        0,   -2013689,          0
 22451,   141,   11000000,    8948805,        0,   -2051195,          0
 22451,   142,   11000000,    8984140,        0,   -2015860,          0
 22451,   143,   11000000,    8926942,        0,   -2073058,          0
 22451,   144,   11000000,    9234786,        0,   -1765214,          0
 22451,   145,   11000000,    8963785,        0,   -2036215,          0
 22451,   146,   11000000,    8990149,        0,   -2009851,          0
 22451,   147,   11000000,    8972109,        0,   -2027891,          0
 22451,   148,   11000000,    8981844,        0,   -2018156,          0
 22451,   149,   11000000,    8987681,        0,   -2012319,          0
 22451,   150,   11000000,    8948336,        0,   -2051664,          0
 22451,   151,   11000000,    8954468,        0,   -2045532,          0
 22451,   152,   11000000,    8942276,        0,   -2057724,          0
 22451,   153,   11000000,    8945413,        0,   -2054587,          0
 22451,   154,   11000000,    8942223,        0,   -2057777,          0
 22451,   155,   11000000,    9224941,        0,   -1775059,          0
 22451,   156,   11000000,    8942096,        0,   -2057904,          0
 22451,   157,   11000000,    8977012,        0,   -2022988,          0
 22451,   158,   11000000,    8933922,        0,   -2066078,          0
 22451,   159,   11000000,    8938594,        0,   -2061406,          0
 22451,   160,   11000000,    8942479,        0,   -2057521,          0
 22451,   161,   11000000,    8957759,        0,   -2042241,          0
 22451,   162,   11000000,    8966661,        0,   -2033339,          0
 22451,   163,   11000000,    8956116,        0,   -2043884,          0
 22451,   164,   11000000,    8933622,        0,   -2066378,          0
 22451,   165,   11000000,    8927200,        0,   -2072800,          0
 22451,   166,   11000000,    8982332,        0,   -2017668,          0
 22451,   167,   11000000,    8943765,        0,   -2056235,          0
 22451,   168,   11000000,    9020731,        0,   -1979269,          0
 22451,   169,   11000000,    8978309,        0,   -2021691,          0
 22451,   170,   11000000,    8946077,        0,   -2053923,          0
 22451,   171,   11000000,    8931758,        0,   -2068242,          0
 22451,   172,   11000000,    8955831,        0,   -2044169,          0
 22451,   173,   11000000,    8956879,        0,   -2043121,          0
 22451,   174,   11000000,    8947277,        0,   -2052723,          0
 22451,   175,   11000000,    8935108,        0,   -2064892,          0
 22451,   176,   11000000,    8954642,        0,   -2045358,          0
 22451,   177,   11000000,    8953519,        0,   -2046481,          0
 22451,   178,   11000000,    9281629,        0,   -1718371,          0
 22451,   179,   11000000,    9037808,        0,   -1962192,          0
 22451,   180,   11000000,    8941298,        0,   -2058702,          0
 22451,   181,   11000000,    8934195,        0,   -2065805,          0
 22451,   182,   11000000,    8953558,        0,   -2046442,          0
 22451,   183,   11000000,    8967441,        0,   -2032559,          0
 22451,   184,   11000000,    8965650,        0,   -2034350,          0
 22451,   185,   11000000,    8953306,        0,   -2046694,          0
 22451,   186,   11000000,    8938986,        0,   -2061014,          0
 22451,   187,   11000000,    8955541,        0,   -2044459,          0
 22451,   188,   11000000,    8942832,        0,   -2057168,          0
 22451,   189,   11000000,    9229113,        0,   -1770887,          0
 22451,   190,   11000000,    8940760,        0,   -2059240,          0
 22451,   191,   11000000,    9043948,        0,   -1956052,          0
 22451,   192,   11000000,    8944414,        0,   -2055586,          0
 22451,   193,   11000000,    8952202,        0,   -2047798,          0
 22451,   194,   11000000,    9011005,        0,   -1988995,          0
 22451,   195,   11000000,    8983110,        0,   -2016890,          0
 22451,   196,   11000000,    8964112,        0,   -2035888,          0
 22451,   197,   11000000,    8953340,        0,   -2046660,          0
 22451,   198,   11000000,    8957824,        0,   -2042176,          0
 22451,   199,   11000000,    8936888,        0,   -2063112,          0
 22451,   200,   11000000,    8950675,        0,   -2049325,          0
 22451,   201,   11000000,    8949461,        0,   -2050539,          0
 22451,   202,   11000000,    8941113,        0,   -2058887,          0
 22451,   203,   11000000,    8964418,        0,   -2035582,          0
 22451,   204,   11000000,    8951232,        0,   -2048768,          0
 22451,   205,   11000000,    8956023,        0,   -2043977,          0
 22451,   206,   11000000,    8943354,        0,   -2056646,          0
 22451,   207,   11000000,    8951411,        0,   -2048589,          0
 22451,   208,   11000000,    8954003,        0,   -2045997,          0
 22451,   209,   11000000,    8936112,        0,   -2063888,          0
 22451,   210,   11000000,    8951149,        0,   -2048851,          0
 22451,   211,   11000000,    8961439,        0,   -2038561,          0
 22451,   212,   11000000,    9242884,        0,   -1757116,          0
 22451,   213,   11000000,    8965495,        0,   -2034505,          0
 22451,   214,   11000000,    8987521,        0,   -2012479,          0
 22451,   215,   11000000,    8972503,        0,   -2027497,          0
 22451,   216,   11000000,    9026691,        0,   -1973309,          0
 22451,   217,   11000000,    8951709,        0,   -2048291,          0
 22451,   218,   11000000,    8967808,        0,   -2032192,          0
 22451,   219,   11000000,    8965027,        0,   -2034973,          0
 22451,   220,   11000000,    8934029,        0,   -2065971,          0
 22451,   221,   11000000,    8937918,        0,   -2062082,          0
 22451,   222,   11000000,    8955457,        0,   -2044543,          0
 22451,   223,   11000000,    9223853,        0,   -1776147,          0
 22451,   224,   11000000,    8966579,        0,   -2033421,          0
 22451,   225,   11000000,    8947306,        0,   -2052694,          0
 22451,   226,   11000000,    8936332,        0,   -2063668,          0
 22451,   227,   11000000,    8959348,        0,   -2040652,          0
 22451,   228,   11000000,    8943690,        0,   -2056310,          0
 22451,   229,   11000000,    8946336,        0,   -2053664,          0
 22451,   230,   11000000,    8935129,        0,   -2064871,          0
 22451,   231,   11000000,    8961401,        0,   -2038599,          0
 22451,   232,   11000000,    8943586,        0,   -2056414,          0
 22451,   233,   11000000,    8948419,        0,   -2051581,          0
 22451,   234,   11000000,    8963787,        0,   -2036213,          0
 22451,   235,   11000000,    9250882,        0,   -1749118,          0
 22451,   236,   11000000,    8965181,        0,   -2034819,          0
 22451,   237,   11000000,    8956933,        0,   -2043067,          0
 22451,   238,   11000000,    9010488,        0,   -1989512,          0
 22451,   239,   11000000,    8938316,        0,   -2061684,          0
 22451,   240,   11000000,    8975779,        0,   -2024221,          0
 22451,   241,   11000000,    8989507,        0,   -2010493,          0
 22451,   242,   11000000,    8934991,        0,   -2065009,          0
 22451,   243,   11000000,    8954791,        0,   -2045209,          0
 22451,   244,   11000000,    8977948,        0,   -2022052,          0
 22451,   245,   11000000,    8996297,        0,   -2003703,          0
 22451,   246,   11000000,    9235123,        0,   -1764877,          0
 22451,   247,   11000000,    8965373,        0,   -2034627,          0
 22451,   248,   11000000,    8929948,        0,   -2070052,          0
 22451,   249,   11000000,    8984828,        0,   -2015172,          0
 22451,   250,   11000000,    8977941,        0,   -2022059,          0
 22451,   251,   11000000,    8971114,        0,   -2028886,          0
 22451,   252,   11000000,    8934062,        0,   -2065938,          0
 22451,   253,   11000000,    8948161,        0,   -2051839,          0
 22451,   254,   11000000,    8965383,        0,   -2034617,          0
 22451,   255,   11000000,    8942659,        0,   -2057341,          0
 22451,   256,   11000000,    8943470,        0,   -2056530,          0
 22451,   257,   11000000,    9215253,        0,   -1784747,          0
 22451,   258,   11000000,    8962960,        0,   -2037040,          0
 22451,   259,   11000000,    8932707,        0,   -2067293,          0
 22451,   260,   11000000,    8962393,        0,   -2037607,          0
 22451,   261,   11000000,    8943917,        0,   -2056083,          0
 22451,   262,   11000000,    9008163,        0,   -1991837,          0
 22451,   263,   11000000,    8960203,        0,   -2039797,          0
 22451,   264,   11000000,    8946095,        0,   -2053905,          0
 22451,   265,   11000000,    8946720,        0,   -2053280,          0
 22451,   266,   11000000,    8936737,        0,   -2063263,          0
 22451,   267,   11000000,    9015989,        0,   -1984011,          0
 22451,   268,   11000000,    8968801,        0,   -2031199,          0
 22451,   269,   11000000,    9235256,        0,   -1764744,          0
 22451,   270,   11000000,    8965297,        0,   -2034703,          0
 22451,   271,   11000000,    8942587,        0,   -2057413,          0
 22451,   272,   11000000,    8970811,        0,   -2029189,          0
 22451,   273,   11000000,    8932715,        0,   -2067285,          0
 22451,   274,   11000000,    8947102,        0,   -2052898,          0
 22451,   275,   11000000,    8954668,        0,   -2045332,          0
 22451,   276,   11000000,    8961251,        0,   -2038749,          0
 22451,   277,   11000000,    8950016,        0,   -2049984,          0
 22451,   278,   11000000,    9029628,        0,   -1970372,          0
 22451,   279,   11000000,    8963013,        0,   -2036987,          0
 22451,   280,   11000000,    9232322,        0,   -1767678,          0
 22451,   281,   11000000,    8942732,        0,   -2057268,          0
 22451,   282,   11000000,    9076123,        0,   -1923877,          0
 22451,   283,   11000000,    8942365,        0,   -2057635,          0
 22451,   284,   11000000,    8933764,        0,   -2066236,          0
 22451,   285,   11000000,    8941256,        0,   -2058744,          0
 22451,   286,   11000000,    8947805,        0,   -2052195,          0
 22451,   287,   11000000,    8981701,        0,   -2018299,          0
 22451,   288,   11000000,    8948441,        0,   -2051559,          0
 22451,   289,   11000000,    8947899,        0,   -2052101,          0
 22451,   290,   11000000,    8937727,        0,   -2062273,          0
 22451,   291,   11000000,    8961781,        0,   -2038219,          0
 22451,   292,   11000000,    8965584,        0,   -2034416,          0
 22451,   293,   11000000,    8937970,        0,   -2062030,          0
 22451,   294,   11000000,    8955551,        0,   -2044449,          0
 22451,   295,   11000000,    9207033,        0,   -1792967,          0
 22451,   296,   11000000,    8939955,        0,   -2060045,          0
 22451,   297,   11000000,    8966189,        0,   -2033811,          0
 22451,   298,   11000000,    8968759,        0,   -2031241,          0
 22451,   299,   11000000,    8941930,        0,   -2058070,          0
 22451,   300,   11000000,    8957108,        0,   -2042892,          0
 22451,   301,   11000000,    8986798,        0,   -2013202,          0
 22451,   302,   11000000,    8954098,        0,   -2045902,          0
 22451,   303,   11000000,    9250408,        0,   -1749592,          0
 22451,   304,   11000000,    8943640,        0,   -2056360,          0
 22451,   305,   11000000,    8948908,        0,   -2051092,          0
 22451,   306,   11000000,    8962017,        0,   -2037983,          0
 22451,   307,   11000000,    8946930,        0,   -2053070,          0
 22451,   308,   11000000,    8941459,        0,   -2058541,          0
 22451,   309,   11000000,    8951206,        0,   -2048794,          0
 22451,   310,   11000000,    8983520,        0,   -2016480,          0
 22451,   311,   11000000,    8952073,        0,   -2047927,          0
 22451,   312,   11000000,    8953219,        0,   -2046781,          0
 22451,   313,   11000000,    8936537,        0,   -2063463,          0
 22451,   314,   11000000,    9242430,        0,   -1757570,          0
 22451,   315,   11000000,    8944825,        0,   -2055175,          0
 22451,   316,   11000000,    8949422,        0,   -2050578,          0
 22451,   317,   11000000,    8955845,        0,   -2044155,          0
 22451,   318,   11000000,    8974041,        0,   -2025959,          0
 22451,   319,   11000000,    9001275,        0,   -1998725,          0
 22451,   320,   11000000,    8949464,        0,   -2050536,          0
 22451,   321,   11000000,    8960408,        0,   -2039592,          0
 22451,   322,   11000000,    8936645,        0,   -2063355,          0
 22451,   323,   11000000,    8956746,        0,   -2043254,          0
 22451,   324,   11000000,    8947026,        0,   -2052974,          0
 22451,   325,   11000000,    8985539,        0,   -2014461,          0
 22451,   326,   11000000,    8936182,        0,   -2063818,          0
 22451,   327,   11000000,    8968458,        0,   -2031542,          0
 22451,   328,   11000000,    8945188,        0,   -2054812,          0
 22451,   329,   11000000,    8938816,        0,   -2061184,          0
 22451,   330,   11000000,    8967420,        0,   -2032580,          0
 22451,   331,   11000000,    8957113,        0,   -2042887,          0
 22451,   332,   11000000,    8941698,        0,   -2058302,          0
 22451,   333,   11000000,    8965460,        0,   -2034540,          0
 22451,   334,   11000000,    8947621,        0,   -2052379,          0
 22451,   335,   11000000,    8934375,        0,   -2065625,          0
 22451,   336,   11000000,    8955529,        0,   -2044471,          0
 22451,   337,   11000000,    9228915,        0,   -1771085,          0
 22451,   338,   11000000,    8956701,        0,   -2043299,          0
 22451,   339,   11000000,    8966275,        0,   -2033725,          0
 22451,   340,   11000000,    8989636,        0,   -2010364,          0
 22451,   341,   11000000,    8980048,        0,   -2019952,          0
 22451,   342,   11000000,    8951139,        0,   -2048861,          0
 22451,   343,   11000000,    8939958,        0,   -2060042,          0
 22451,   344,   11000000,    8951942,        0,   -2048058,          0
 22451,   345,   11000000,    8947616,        0,   -2052384,          0
 22451,   346,   11000000,    8937186,        0,   -2062814,          0
 22451,   347,   11000000,    8948525,        0,   -2051475,          0
 22451,   348,   11000000,    9227484,        0,   -1772516,          0
 22451,   349,   11000000,    8945575,        0,   -2054425,          0
 22451,   350,   11000000,    8964427,        0,   -2035573,          0
 22451,   351,   11000000,    8941865,        0,   -2058135,          0
 22451,   352,   11000000,    8993230,        0,   -2006770,          0
 22451,   353,   11000000,    8947098,        0,   -2052902,          0
 22451,   354,   11000000,    8962891,        0,   -2037109,          0
 22451,   355,   11000000,    8949030,        0,   -2050970,          0
 22451,   356,   11000000,    8938669,        0,   -2061331,          0
 22451,   357,   11000000,    8932141,        0,   -2067859,          0
 22451,   358,   11000000,    8957609,        0,   -2042391,          0
 22451,   359,   11000000,    8949259,        0,   -2050741,          0
 22451,   360,   11000000,    9272541,        0,   -1727459,          0
 22451,   361,   11000000,    9029454,        0,   -1970546,          0
 22451,   362,   11000000,    8943935,        0,   -2056065,          0
 22451,   363,   11000000,    8978358,        0,   -2021642,          0
 22451,   364,   11000000,    8948158,        0,   -2051842,          0
 22451,   365,   11000000,    8939108,        0,   -2060892,          0
 22451,   366,   11000000,    8982157,        0,   -2017843,          0
 22451,   367,   11000000,    8941033,        0,   -2058967,          0
 22451,   368,   11000000,    8952995,        0,   -2047005,          0
 22451,   369,   11000000,    8935204,        0,   -2064796,          0
 22451,   370,   11000000,    8955117,        0,   -2044883,          0
 22451,   371,   11000000,    9235634,        0,   -1764366,          0
 22451,   372,   11000000,    8940243,        0,   -2059757,          0
 22451,   373,   11000000,    9025709,        0,   -1974291,          0
 22451,   374,   11000000,    8948385,        0,   -2051615,          0
 22451,   375,   11000000,    8984735,        0,   -2015265,          0
 22451,   376,   11000000,    8941965,        0,   -2058035,          0
 22451,   377,   11000000,    8953258,        0,   -2046742,          0
 22451,   378,   11000000,    8931211,        0,   -2068789,          0
 22451,   379,   11000000,    8940578,        0,   -2059422,          0
 22451,   380,   11000000,    8999642,        0,   -2000358,          0
 22451,   381,   11000000,    8995873,        0,   -2004127,          0
 22451,   382,   11000000,    9257641,        0,   -1742359,          0
 22451,   383,   11000000,    8967444,        0,   -2032556,          0
 22451,   384,   11000000,    8959719,        0,   -2040281,          0
 22451,   385,   11000000,    8970673,        0,   -2029327,          0
 22451,   386,   11000000,    8963004,        0,   -2036996,          0
 22451,   387,   11000000,    8962262,        0,   -2037738,          0
 22451,   388,   11000000,    8953755,        0,   -2046245,          0
 22451,   389,   11000000,    8970364,        0,   -2029636,          0
 22451,   390,   11000000,    8952008,        0,   -2047992,          0
 22451,   391,   11000000,    8938203,        0,   -2061797,          0
 22451,   392,   11000000,    8960106,        0,   -2039894,          0
 22451,   393,   11000000,    8930309,        0,   -2069691,          0
 22451,   394,   11000000,    9219623,        0,   -1780377,          0
 22451,   395,   11000000,    8958513,        0,   -2041487,          0
 22451,   396,   11000000,    8977171,        0,   -2022829,          0
 22451,   397,   11000000,    8946051,        0,   -2053949,          0
 22451,   398,   11000000,    8962483,        0,   -2037517,          0
 22451,   399,   11000000,    8930545,        0,   -2069455,          0
 22451,   400,   11000000,    8943776,        0,   -2056224,          0
 22451,   401,   11000000,    8932958,        0,   -2067042,          0
 22451,   402,   11000000,    8944679,        0,   -2055321,          0
 22451,   403,   11000000,    8938771,        0,   -2061229,          0
 22451,   404,   11000000,    8947667,        0,   -2052333,          0
 22451,   405,   11000000,    9217463,        0,   -1782537,          0
 22451,   406,   11000000,    8982503,        0,   -2017497,          0
 22451,   407,   11000000,    8937341,        0,   -2062659,          0
 22451,   408,   11000000,    8962178,        0,   -2037822,          0
 22451,   409,   11000000,    8955549,        0,   -2044451,          0
 22451,   410,   11000000,    8980426,        0,   -2019574,          0
 22451,   411,   11000000,    8953770,        0,   -2046230,          0
 22451,   412,   11000000,    8934265,        0,   -2065735,          0
 22451,   413,   11000000,    8940293,        0,   -2059707,          0
 22451,   414,   11000000,    8963183,        0,   -2036817,          0
 22451,   415,   11000000,    8983627,        0,   -2016373,          0
 22451,   416,   11000000,    8939775,        0,   -2060225,          0
 22451,   417,   11000000,    8942212,        0,   -2057788,          0
 22451,   418,   11000000,    8949791,        0,   -2050209,          0
 22451,   419,   11000000,    8946533,        0,   -2053467,          0
 22451,   420,   11000000,    8949454,        0,   -2050546,          0
 22451,   421,   11000000,    8944750,        0,   -2055250,          0
 22451,   422,   11000000,    8943216,        0,   -2056784,          0
 22451,   423,   11000000,    8962046,        0,   -2037954,          0
 22451,   424,   11000000,    8986744,        0,   -2013256,          0
 22451,   425,   11000000,    8941849,        0,   -2058151,          0
 22451,   426,   11000000,    8944270,        0,   -2055730,          0
 22451,   427,   11000000,    8952961,        0,   -2047039,          0
 22451,   428,   11000000,    9247894,        0,   -1752106,          0
 22451,   429,   11000000,    8942597,        0,   -2057403,          0
 22451,   430,   11000000,    8987609,        0,   -2012391,          0
 22451,   431,   11000000,    8955436,        0,   -2044564,          0
 22451,   432,   11000000,    8934224,        0,   -2065776,          0
 22451,   433,   11000000,    8936164,        0,   -2063836,          0
 22451,   434,   11000000,    8950299,        0,   -2049701,          0
 22451,   435,   11000000,    8966471,        0,   -2033529,          0
 22451,   436,   11000000,    8945978,        0,   -2054022,          0
 22451,   437,   11000000,    8951424,        0,   -2048576,          0
 22451,   438,   11000000,    8948208,        0,   -2051792,          0
 22451,   439,   11000000,    9241409,        0,   -1758591,          0
 22451,   440,   11000000,    8947283,        0,   -2052717,          0
 22451,   441,   11000000,    8962061,        0,   -2037939,          0
 22451,   442,   11000000,    8974601,        0,   -2025399,          0
 22451,   443,   11000000,    8947905,        0,   -2052095,          0
 22451,   444,   11000000,    8950515,        0,   -2049485,          0
 22451,   445,   11000000,    8948780,        0,   -2051220,          0
 22451,   446,   11000000,    8944904,        0,   -2055096,          0
 22451,   447,   11000000,    8943049,        0,   -2056951,          0
 22451,   448,   11000000,    8937965,        0,   -2062035,          0
 22451,   449,   11000000,    8985593,        0,   -2014407,          0
 22451,   450,   11000000,    8940710,        0,   -2059290,          0
 22451,   451,   11000000,    9036698,        0,   -1963302,          0
 22451,   452,   11000000,    8955525,        0,   -2044475,          0
 22451,   453,   11000000,    8938343,        0,   -2061657,          0
 22451,   454,   11000000,    8934937,        0,   -2065063,          0
 22451,   455,   11000000,    8936396,        0,   -2063604,          0
 22451,   456,   11000000,    8952692,        0,   -2047308,          0
 22451,   457,   11000000,    8984461,        0,   -2015539,          0
 22451,   458,   11000000,    8950656,        0,   -2049344,          0
 22451,   459,   11000000,    8955770,        0,   -2044230,          0
 22451,   460,   11000000,    8933739,        0,   -2066261,          0
 22451,   461,   11000000,    8937700,        0,   -2062300,          0
 22451,   462,   11000000,    9256766,        0,   -1743234,          0
 22451,   463,   11000000,    8973175,        0,   -2026825,          0
 22451,   464,   11000000,    9023308,        0,   -1976692,          0
 22451,   465,   11000000,    8962740,        0,   -2037260,          0
 22451,   466,   11000000,    8946166,        0,   -2053834,          0
 22451,   467,   11000000,    8962920,        0,   -2037080,          0
 22451,   468,   11000000,    8943278,        0,   -2056722,          0
 22451,   469,   11000000,    8940399,        0,   -2059601,          0
 22451,   470,   11000000,    8940918,        0,   -2059082,          0
 22451,   471,   11000000,    8978773,        0,   -2021227,          0
 22451,   472,   11000000,    8950119,        0,   -2049881,          0
 22451,   473,   11000000,    9242478,        0,   -1757522,          0
 22451,   474,   11000000,    8990937,        0,   -2009063,          0
 22451,   475,   11000000,    8939272,        0,   -2060728,          0
 22451,   476,   11000000,    8973516,        0,   -2026484,          0
 22451,   477,   11000000,    8965264,        0,   -2034736,          0
 22451,   478,   11000000,    8995255,        0,   -2004745,          0
 22451,   479,   11000000,    8950683,        0,   -2049317,          0
 22451,   480,   11000000,    8939237,        0,   -2060763,          0
 22451,   481,   11000000,    8953705,        0,   -2046295,          0
 22451,   482,   11000000,    8936656,        0,   -2063344,          0
 22451,   483,   11000000,    8978102,        0,   -2021898,          0
 22451,   484,   11000000,    8970557,        0,   -2029443,          0
 22451,   485,   11000000,    9302597,        0,   -1697403,          0
 22451,   486,   11000000,    8968530,        0,   -2031470,          0
 22451,   487,   11000000,    8975053,        0,   -2024947,          0
 22451,   488,   11000000,    8938195,        0,   -2061805,          0
 22451,   489,   11000000,    8981058,        0,   -2018942,          0
 22451,   490,   11000000,    8979953,        0,   -2020047,          0
 22451,   491,   11000000,    8957423,        0,   -2042577,          0
 22451,   492,   11000000,    8944524,        0,   -2055476,          0
 22451,   493,   11000000,    8946275,        0,   -2053725,          0
 22451,   494,   11000000,    8939328,        0,   -2060672,          0
 22451,   495,   11000000,    8945158,        0,   -2054842,          0
 22451,   496,   11000000,    9237491,        0,   -1762509,          0
 22451,   497,   11000000,    8979424,        0,   -2020576,          0
 22451,   498,   11000000,    8972652,        0,   -2027348,          0
 22451,   499,   11000000,    8970877,        0,   -2029123,          0
 22451,   500,   11000000,    8955847,        0,   -2044153,          0
 22451,   501,   11000000,    8949994,        0,   -2050006,          0
 22451,   502,   11000000,    8945213,        0,   -2054787,          0
 22451,   503,   11000000,    8937752,        0,   -2062248,          0
 22451,   504,   11000000,    8939374,        0,   -2060626,          0
 22451,   505,   11000000,    8930813,        0,   -2069187,          0
 22451,   506,   11000000,    8972768,        0,   -2027232,          0
 22451,   507,   11000000,    9238161,        0,   -1761839,          0
 22451,   508,   11000000,    8929789,        0,   -2070211,          0
 22451,   509,   11000000,    8950899,        0,   -2049101,          0
 22451,   510,   11000000,    8933473,        0,   -2066527,          0
 22451,   511,   11000000,    8965743,        0,   -2034257,          0
 22451,   512,   11000000,    8952535,        0,   -2047465,          0
 22451,   513,   11000000,    8971437,        0,   -2028563,          0
 22451,   514,   11000000,    8937807,        0,   -2062193,          0
 22451,   515,   11000000,    8932264,        0,   -2067736,          0
 22451,   516,   11000000,    8998506,        0,   -2001494,          0
 22451,   517,   11000000,    8960650,        0,   -2039350,          0
 22451,   518,   11000000,    8937446,        0,   -2062554,          0
 22451,   519,   11000000,    9234647,        0,   -1765353,          0
 22451,   520,   11000000,    8945687,        0,   -2054313,          0
 22451,   521,   11000000,    8933091,        0,   -2066909,          0
 22451,   522,   11000000,    8940648,        0,   -2059352,          0
 22451,   523,   11000000,    9016872,        0,   -1983128,          0
 22451,   524,   11000000,    8975281,        0,   -2024719,          0
 22451,   525,   11000000,    8989130,        0,   -2010870,          0
 22451,   526,   11000000,    8941602,        0,   -2058398,          0
 22451,   527,   11000000,    8982455,        0,   -2017545,          0
 22451,   528,   11000000,    8954281,        0,   -2045719,          0
 22451,   529,   11000000,    8953503,        0,   -2046497,          0
 22451,   530,   11000000,    9272301,        0,   -1727699,          0
 22451,   531,   11000000,    8940916,        0,   -2059084,          0
 22451,   532,   11000000,    8962270,        0,   -2037730,          0
 22451,   533,   11000000,    9020893,        0,   -1979107,          0
 22451,   534,   11000000,    8940885,        0,   -2059115,          0
 22451,   535,   11000000,    8960214,        0,   -2039786,          0
 22451,   536,   11000000,    8932937,        0,   -2067063,          0
 22451,   537,   11000000,    8935116,        0,   -2064884,          0
 22451,   538,   11000000,    8966862,        0,   -2033138,          0
 22451,   539,   11000000,    8946407,        0,   -2053593,          0
 22451,   540,   11000000,    8950280,        0,   -2049720,          0
 22451,   541,   11000000,    8929945,        0,   -2070055,          0
 22451,   542,   11000000,    8941364,        0,   -2058636,          0
 22451,   543,   11000000,    8961545,        0,   -2038455,          0
 22451,   544,   11000000,    8961826,        0,   -2038174,          0
 22451,   545,   11000000,    8953902,        0,   -2046098,          0
 22451,   546,   11000000,    8936825,        0,   -2063175,          0
 22451,   547,   11000000,    8948561,        0,   -2051439,          0
 22451,   548,   11000000,    8942448,        0,   -2057552,          0
 22451,   549,   11000000,    8961154,        0,   -2038846,          0
 22451,   550,   11000000,    8969561,        0,   -2030439,          0
 22451,   551,   11000000,    8938695,        0,   -2061305,          0
 22451,   552,   11000000,    8960932,        0,   -2039068,          0
 22451,   553,   11000000,    9236868,        0,   -1763132,          0
 22451,   554,   11000000,    8949064,        0,   -2050936,          0
 22451,   555,   11000000,    9081844,        0,   -1918156,          0
 22451,   556,   11000000,    8954327,        0,   -2045673,          0
 22451,   557,   11000000,    8995588,        0,   -2004412,          0
 22451,   558,   11000000,    8996694,        0,   -2003306,          0
 22451,   559,   11000000,    9024051,        0,   -1975949,          0
 22451,   560,   11000000,    8946580,        0,   -2053420,          0
 22451,   561,   11000000,    8941624,        0,   -2058376,          0
 22451,   562,   11000000,    8968788,        0,   -2031212,          0
 22451,   563,   11000000,    8948141,        0,   -2051859,          0
 22451,   564,   11000000,    9223403,        0,   -1776597,          0
 22451,   565,   11000000,    8944409,        0,   -2055591,          0
 22451,   566,   11000000,    8951908,        0,   -2048092,          0
 22451,   567,   11000000,    8939847,        0,   -2060153,          0
 22451,   568,   11000000,    8967666,        0,   -2032334,          0
 22451,   569,   11000000,    8958879,        0,   -2041121,          0
 22451,   570,   11000000,    8945687,        0,   -2054313,          0
 22451,   571,   11000000,    8974666,        0,   -2025334,          0
 22451,   572,   11000000,    8953838,        0,   -2046162,          0
 22451,   573,   11000000,    8942444,        0,   -2057556,          0
 22451,   574,   11000000,    8973493,        0,   -2026507,          0
 22451,   575,   11000000,    8968084,        0,   -2031916,          0
 22451,   576,   11000000,    9091300,        0,   -1908700,          0
 22451,   577,   11000000,    8938976,        0,   -2061024,          0
 22451,   578,   11000000,    8966848,        0,   -2033152,          0
 22451,   579,   11000000,    8948718,        0,   -2051282,          0
 22451,   580,   11000000,    8937331,        0,   -2062669,          0
 22451,   581,   11000000,    8963568,        0,   -2036432,          0
 22451,   582,   11000000,    8951570,        0,   -2048430,          0
 22451,   583,   11000000,    8969399,        0,   -2030601,          0
 22451,   584,   11000000,    9027014,        0,   -1972986,          0
 22451,   585,   11000000,    8934534,        0,   -2065466,          0
 22451,   586,   11000000,    8934868,        0,   -2065132,          0
 22451,   587,   11000000,    9261446,        0,   -1738554,          0
 22451,   588,   11000000,    8941382,        0,   -2058618,          0
 22451,   589,   11000000,    8952194,        0,   -2047806,          0
 22451,   590,   11000000,    8963877,        0,   -2036123,          0
 22451,   591,   11000000,    8954885,        0,   -2045115,          0
 22451,   592,   11000000,    8942641,        0,   -2057359,          0
 22451,   593,   11000000,    8954710,        0,   -2045290,          0
 22451,   594,   11000000,    8944050,        0,   -2055950,          0
 22451,   595,   11000000,    8948624,        0,   -2051376,          0
 22451,   596,   11000000,    8941140,        0,   -2058860,          0
 22451,   597,   11000000,    8960473,        0,   -2039527,          0
 22451,   598,   11000000,    9233370,        0,   -1766630,          0
 22451,   599,   11000000,    9557124,        0,   -1442876,          0
 22451,   600,   11000000,    8961861,        0,   -2038139,          0
 22451,   601,   11000000,    8948597,        0,   -2051403,          0
 22451,   602,   11000000,    8932388,        0,   -2067612,          0
 22451,   603,   11000000,    8992611,        0,   -2007389,          0
 22451,   604,   11000000,    8960664,        0,   -2039336,          0
 22451,   605,   11000000,    8957751,        0,   -2042249,          0
 22451,   606,   11000000,    8930039,        0,   -2069961,          0
 22451,   607,   11000000,    8940030,        0,   -2059970,          0
 22451,   608,   11000000,    8934105,        0,   -2065895,          0
 22451,   609,   11000000,    8995737,        0,   -2004263,          0
 22451,   610,   11000000,    9227719,        0,   -1772281,          0
 22451,   611,   11000000,    8958175,        0,   -2041825,          0
 22451,   612,   11000000,    9026988,        0,   -1973012,          0
 22451,   613,   11000000,    8940446,        0,   -2059554,          0
 22451,   614,   11000000,    8964076,        0,   -2035924,          0
 22451,   615,   11000000,    9044943,        0,   -1955057,          0
 22451,   616,   11000000,    8986348,        0,   -2013652,          0
 22451,   617,   11000000,    8945683,        0,   -2054317,          0
 22451,   618,   11000000,    8931023,        0,   -2068977,          0
 22451,   619,   11000000,    8931795,        0,   -2068205,          0
 22451,   620,   11000000,    9042114,        0,   -1957886,          0
 22451,   621,   11000000,    9290434,        0,   -1709566,          0
 22451,   622,   11000000,    8948769,        0,   -2051231,          0
 22451,   623,   11000000,    8958863,        0,   -2041137,          0
 22451,   624,   11000000,    8963688,        0,   -2036312,          0
 22451,   625,   11000000,    8945891,        0,   -2054109,          0
 22451,   626,   11000000,    9016747,        0,   -1983253,          0
 22451,   627,   11000000,    8942218,        0,   -2057782,          0
 22451,   628,   11000000,    8996658,        0,   -2003342,          0
 22451,   629,   11000000,    8954760,        0,   -2045240,          0
 22451,   630,   11000000,    8944323,        0,   -2055677,          0
 22451,   631,   11000000,    8986587,        0,   -2013413,          0
 22451,   632,   11000000,    9256655,        0,   -1743345,          0
 22451,   633,   11000000,    8971253,        0,   -2028747,          0
 22451,   634,   11000000,    8959325,        0,   -2040675,          0
 22451,   635,   11000000,    8968139,        0,   -2031861,          0
 22451,   636,   11000000,    9023398,        0,   -1976602,          0
 22451,   637,   11000000,    8946761,        0,   -2053239,          0
 22451,   638,   11000000,    8991752,        0,   -2008248,          0
 22451,   639,   11000000,    8928537,        0,   -2071463,          0
 22451,   640,   11000000,    8966549,        0,   -2033451,          0
 22451,   641,   11000000,    8952531,        0,   -2047469,          0
 22451,   642,   11000000,    8998287,        0,   -2001713,          0
 22451,   643,   11000000,    8962183,        0,   -2037817,          0
 22451,   644,   11000000,    9262385,        0,   -1737615,          0
 22451,   645,   11000000,    8956533,        0,   -2043467,          0
 22451,   646,   11000000,    9042648,        0,   -1957352,          0
 22451,   647,   11000000,    8943942,        0,   -2056058,          0
 22451,   648,   11000000,    8975809,        0,   -2024191,          0
 22451,   649,   11000000,    8961959,        0,   -2038041,          0
 22451,   650,   11000000,    8957039,        0,   -2042961,          0
 22451,   651,   11000000,    8937851,        0,   -2062149,          0
 22451,   652,   11000000,    8936099,        0,   -2063901,          0
 22451,   653,   11000000,    8959510,        0,   -2040490,          0
 22451,   654,   11000000,    8941859,        0,   -2058141,          0
 22451,   655,   11000000,    9272247,        0,   -1727753,          0
 22451,   656,   11000000,    8974221,        0,   -2025779,          0
 22451,   657,   11000000,    9008733,        0,   -1991267,          0
 22451,   658,   11000000,    8983821,        0,   -2016179,          0
 22451,   659,   11000000,    8956347,        0,   -2043653,          0
 22451,   660,   11000000,    8980825,        0,   -2019175,          0
 22451,   661,   11000000,    9034556,        0,   -1965444,          0
 22451,   662,   11000000,    8989230,        0,   -2010770,          0
 22451,   663,   11000000,    8975246,        0,   -2024754,          0
 22451,   664,   11000000,    9013494,        0,   -1986506,          0
 22451,   665,   11000000,    8953612,        0,   -2046388,          0
 22451,   666,   11000000,    8940585,        0,   -2059415,          0
 22451,   667,   11000000,    8951432,        0,   -2048568,          0
 22451,   668,   11000000,    8959430,        0,   -2040570,          0
 22451,   669,   11000000,    8948145,        0,   -2051855,          0
 22451,   670,   11000000,    8958393,        0,   -2041607,          0
 22451,   671,   11000000,    8948858,        0,   -2051142,          0
 22451,   672,   11000000,    8936574,        0,   -2063426,          0
 22451,   673,   11000000,    8932322,        0,   -2067678,          0
 22451,   674,   11000000,    8950883,        0,   -2049117,          0
 22451,   675,   11000000,    8958757,        0,   -2041243,          0
 22451,   676,   11000000,    8967710,        0,   -2032290,          0
 22451,   677,   11000000,    8936415,        0,   -2063585,          0
 22451,   678,   11000000,    9243553,        0,   -1756447,          0
 22451,   679,   11000000,    8967390,        0,   -2032610,          0
 22451,   680,   11000000,    8961505,        0,   -2038495,          0
 22451,   681,   11000000,    8946770,        0,   -2053230,          0
 22451,   682,   11000000,    8991967,        0,   -2008033,          0
 22451,   683,   11000000,    8939566,        0,   -2060434,          0
 22451,   684,   11000000,    8936035,        0,   -2063965,          0
 22451,   685,   11000000,    8945846,        0,   -2054154,          0
 22451,   686,   11000000,    8959792,        0,   -2040208,          0
 22451,   687,   11000000,    8971612,        0,   -2028388,          0
 22451,   688,   11000000,    9014738,        0,   -1985262,          0
 22451,   689,   11000000,    9246248,        0,   -1753752,          0
 22451,   690,   11000000,    8966248,        0,   -2033752,          0
 22451,   691,   11000000,    8947645,        0,   -2052355,          0
 22451,   692,   11000000,    8938960,        0,   -2061040,          0
 22451,   693,   11000000,    8992641,        0,   -2007359,          0
 22451,   694,   11000000,    8976847,        0,   -2023153,          0
 22451,   695,   11000000,    8970251,        0,   -2029749,          0
 22451,   696,   11000000,    8974494,        0,   -2025506,          0
 22451,   697,   11000000,    8952265,        0,   -2047735,          0
 22451,   698,   11000000,    8952281,        0,   -2047719,          0
 22451,   699,   11000000,    8938175,        0,   -2061825,          0
 22451,   700,   11000000,    8959288,        0,   -2040712,          0
 22451,   701,   11000000,    9136877,        0,   -1863123,          0
 22451,   702,   11000000,    8991297,        0,   -2008703,          0
 22451,   703,   11000000,    9030508,        0,   -1969492,          0
 22451,   704,   11000000,    8960662,        0,   -2039338,          0
 22451,   705,   11000000,    8986713,        0,   -2013287,          0
 22451,   706,   11000000,    8949939,        0,   -2050061,          0
 22451,   707,   11000000,    8966721,        0,   -2033279,          0
 22451,   708,   11000000,    9028477,        0,   -1971523,          0
 22451,   709,   11000000,    8948683,        0,   -2051317,          0
 22451,   710,   11000000,    8937227,        0,   -2062773,          0
 22451,   711,   11000000,    8936070,        0,   -2063930,          0
 22451,   712,   11000000,    9251817,        0,   -1748183,          0
 22451,   713,   11000000,    8959583,        0,   -2040417,          0
 22451,   714,   11000000,    8965270,        0,   -2034730,          0
 22451,   715,   11000000,    8954077,        0,   -2045923,          0
 22451,   716,   11000000,    8963487,        0,   -2036513,          0
 22451,   717,   11000000,    8936109,        0,   -2063891,          0
 22451,   718,   11000000,    9024011,        0,   -1975989,          0
 22451,   719,   11000000,    8948147,        0,   -2051853,          0
 22451,   720,   11000000,    8960059,        0,   -2039941,          0
 22451,   721,   11000000,    8937503,        0,   -2062497,          0
 22451,   722,   11000000,    8941233,        0,   -2058767,          0
 22451,   723,   11000000,    9253389,        0,   -1746611,          0
 22451,   724,   11000000,    8945360,        0,   -2054640,          0
 22451,   725,   11000000,    8997529,        0,   -2002471,          0
 22451,   726,   11000000,    8975352,        0,   -2024648,          0
 22451,   727,   11000000,    8965678,        0,   -2034322,          0
 22451,   728,   11000000,    8975269,        0,   -2024731,          0
 22451,   729,   11000000,    8967327,        0,   -2032673,          0
 22451,   730,   11000000,    8973600,        0,   -2026400,          0
 22451,   731,   11000000,    8973840,        0,   -2026160,          0
 22451,   732,   11000000,    8934821,        0,   -2065179,          0
 22451,   733,   11000000,    8952043,        0,   -2047957,          0
 22451,   734,   11000000,    9059153,        0,   -1940847,          0
 22451,   735,   11000000,    9255991,        0,   -1744009,          0
 22451,   736,   11000000,    9026567,        0,   -1973433,          0
 22451,   737,   11000000,    8992603,        0,   -2007397,          0
 22451,   738,   11000000,    8929441,        0,   -2070559,          0
 22451,   739,   11000000,    8939059,        0,   -2060941,          0
 22451,   740,   11000000,    8942549,        0,   -2057451,          0
 22451,   741,   11000000,    8978123,        0,   -2021877,          0
 22451,   742,   11000000,    8940152,        0,   -2059848,          0
 22451,   743,   11000000,    8974902,        0,   -2025098,          0
 22451,   744,   11000000,    8975253,        0,   -2024747,          0
 22451,   745,   11000000,    8965862,        0,   -2034138,          0
 22451,   746,   11000000,    9243171,        0,   -1756829,          0
 22451,   747,   11000000,    8946731,        0,   -2053269,          0
 22451,   748,   11000000,    8934805,        0,   -2065195,          0
 22451,   749,   11000000,    8942769,        0,   -2057231,          0
 22451,   750,   11000000,    8941516,        0,   -2058484,          0
 22451,   751,   11000000,    8935876,        0,   -2064124,          0
 22451,   752,   11000000,    8939223,        0,   -2060777,          0
 22451,   753,   11000000,    8937857,        0,   -2062143,          0
 22451,   754,   11000000,    8930337,        0,   -2069663,          0
 22451,   755,   11000000,    8942269,        0,   -2057731,          0
 22451,   756,   11000000,    8960718,        0,   -2039282,          0
 22451,   757,   11000000,    8935991,        0,   -2064009,          0
 22451,   758,   11000000,    8978491,        0,   -2021509,          0
 22451,   759,   11000000,    8953099,        0,   -2046901,          0
 22451,   760,   11000000,    8940767,        0,   -2059233,          0
 22451,   761,   11000000,    8944692,        0,   -2055308,          0
 22451,   762,   11000000,    9009696,        0,   -1990304,          0
 22451,   763,   11000000,    8965879,        0,   -2034121,          0
 22451,   764,   11000000,    8936000,        0,   -2064000,          0
 22451,   765,   11000000,    8968532,        0,   -2031468,          0
 22451,   766,   11000000,    8932128,        0,   -2067872,          0
 22451,   767,   11000000,    8951287,        0,   -2048713,          0
 22451,   768,   11000000,    8949007,        0,   -2050993,          0
 22451,   769,   11000000,    9235418,        0,   -1764582,          0
 22451,   770,   11000000,    8935826,        0,   -2064174,          0
 22451,   771,   11000000,    8938809,        0,   -2061191,          0
 22451,   772,   11000000,    8949219,        0,   -2050781,          0
 22451,   773,   11000000,    8950349,        0,   -2049651,          0
 22451,   774,   11000000,    8961944,        0,   -2038056,          0
 22451,   775,   11000000,    8945533,        0,   -2054467,          0
 22451,   776,   11000000,    8963124,        0,   -2036876,          0
 22451,   777,   11000000,    8940580,        0,   -2059420,          0
 22451,   778,   11000000,    8949010,        0,   -2050990,          0
 22451,   779,   11000000,    8971992,        0,   -2028008,          0
 22451,   780,   11000000,    9218751,        0,   -1781249,          0
 22451,   781,   11000000,    8947304,        0,   -2052696,          0
 22451,   782,   11000000,    8958246,        0,   -2041754,          0
 22451,   783,   11000000,    9029562,        0,   -1970438,          0
 22451,   784,   11000000,    8998835,        0,   -2001165,          0
 22451,   785,   11000000,    8953026,        0,   -2046974,          0
 22451,   786,   11000000,    8949786,        0,   -2050214,          0
 22451,   787,   11000000,    8951211,        0,   -2048789,          0
 22451,   788,   11000000,    8948929,        0,   -2051071,          0
 22451,   789,   11000000,    9022407,        0,   -1977593,          0
 22451,   790,   11000000,    8952252,        0,   -2047748,          0
 22451,   791,   11000000,    8948276,        0,   -2051724,          0
 22451,   792,   11000000,    8958441,        0,   -2041559,          0
 22451,   793,   11000000,    8959387,        0,   -2040613,          0
 22451,   794,   11000000,    8939086,        0,   -2060914,          0
 22451,   795,   11000000,    8938932,        0,   -2061068,          0
 22451,   796,   11000000,    8947544,        0,   -2052456,          0
 22451,   797,   11000000,    8985850,        0,   -2014150,          0
 22451,   798,   11000000,    8949243,        0,   -2050757,          0
 22451,   799,   11000000,    8953699,        0,   -2046301,          0
 22451,   800,   11000000,    9027992,        0,   -1972008,          0
 22451,   801,   11000000,    8960969,        0,   -2039031,          0
 22451,   802,   11000000,    8952252,        0,   -2047748,          0
 22451,   803,   11000000,    9249418,        0,   -1750582,          0
 22451,   804,   11000000,    8944136,        0,   -2055864,          0
 22451,   805,   11000000,    8946014,        0,   -2053986,          0
 22451,   806,   11000000,    8987708,        0,   -2012292,          0
 22451,   807,   11000000,    8952779,        0,   -2047221,          0
 22451,   808,   11000000,    8954645,        0,   -2045355,          0
 22451,   809,   11000000,    8971410,        0,   -2028590,          0
 22451,   810,   11000000,    8953567,        0,   -2046433,          0
 22451,   811,   11000000,    8940925,        0,   -2059075,          0
 22451,   812,   11000000,    8971641,        0,   -2028359,          0
 22451,   813,   11000000,    8982290,        0,   -2017710,          0
 22451,   814,   11000000,    9232780,        0,   -1767220,          0
 22451,   815,   11000000,    8956405,        0,   -2043595,          0
 22451,   816,   11000000,    8942789,        0,   -2057211,          0
 22451,   817,   11000000,    8958624,        0,   -2041376,          0
 22451,   818,   11000000,    8941769,        0,   -2058231,          0
 22451,   819,   11000000,    8950333,        0,   -2049667,          0
 22451,   820,   11000000,    8954553,        0,   -2045447,          0
 22451,   821,   11000000,    8937010,        0,   -2062990,          0
 22451,   822,   11000000,    8939043,        0,   -2060957,          0
 22451,   823,   11000000,    8963843,        0,   -2036157,          0
 22451,   824,   11000000,    8956543,        0,   -2043457,          0
 22451,   825,   11000000,    8937031,        0,   -2062969,          0
 22451,   826,   11000000,    9212616,        0,   -1787384,          0
 22451,   827,   11000000,    8960118,        0,   -2039882,          0
 22451,   828,   11000000,    8942278,        0,   -2057722,          0
 22451,   829,   11000000,    8969130,        0,   -2030870,          0
 22451,   830,   11000000,    8935491,        0,   -2064509,          0
 22451,   831,   11000000,    8936395,        0,   -2063605,          0
 22451,   832,   11000000,    8946334,        0,   -2053666,          0
 22451,   833,   11000000,    8953051,        0,   -2046949,          0
 22451,   834,   11000000,    8951098,        0,   -2048902,          0
 22451,   835,   11000000,    8952198,        0,   -2047802,          0
 22451,   836,   11000000,    8944897,        0,   -2055103,          0
 22451,   837,   11000000,    9285556,        0,   -1714444,          0
 22451,   838,   11000000,    8940890,        0,   -2059110,          0
 22451,   839,   11000000,    8937863,        0,   -2062137,          0
 22451,   840,   11000000,    8954838,        0,   -2045162,          0
 22451,   841,   11000000,    8966421,        0,   -2033579,          0
 22451,   842,   11000000,    8956361,        0,   -2043639,          0
 22451,   843,   11000000,    8941227,        0,   -2058773,          0
 22451,   844,   11000000,    8936349,        0,   -2063651,          0
 22451,   845,   11000000,    8945197,        0,   -2054803,          0
 22451,   846,   11000000,    8944780,        0,   -2055220,          0
 22451,   847,   11000000,    8948829,        0,   -2051171,          0
 22451,   848,   11000000,    9224260,        0,   -1775740,          0
 22451,   849,   11000000,    8955876,        0,   -2044124,          0
 22451,   850,   11000000,    8991994,        0,   -2008006,          0
 22451,   851,   11000000,    8940525,        0,   -2059475,          0
 22451,   852,   11000000,    8987440,        0,   -2012560,          0
 22451,   853,   11000000,    8984308,        0,   -2015692,          0
 22451,   854,   11000000,    8989552,        0,   -2010448,          0
 22451,   855,   11000000,    8952066,        0,   -2047934,          0
 22451,   856,   11000000,    8948810,        0,   -2051190,          0
 22451,   857,   11000000,    8959208,        0,   -2040792,          0
 22451,   858,   11000000,    8930257,        0,   -2069743,          0
 22451,   859,   11000000,    8955310,        0,   -2044690,          0
 22451,   860,   11000000,    9225745,        0,   -1774255,          0
 22451,   861,   11000000,    8938377,        0,   -2061623,          0
 22451,   862,   11000000,    8937456,        0,   -2062544,          0
 22451,   863,   11000000,    8927743,        0,   -2072257,          0
 22451,   864,   11000000,    8929290,        0,   -2070710,          0
 22451,   865,   11000000,    8933435,        0,   -2066565,          0
 22451,   866,   11000000,    8940333,        0,   -2059667,          0
 22451,   867,   11000000,    8943188,        0,   -2056812,          0
 22451,   868,   11000000,    8932534,        0,   -2067466,          0
 22451,   869,   11000000,    8975746,        0,   -2024254,          0
 22451,   870,   11000000,    8949730,        0,   -2050270,          0
 22451,   871,   11000000,    9343457,        0,   -1656543,          0
 22451,   872,   11000000,    8965318,        0,   -2034682,          0
 22451,   873,   11000000,    8999426,        0,   -2000574,          0
 22451,   874,   11000000,    8979745,        0,   -2020255,          0
 22451,   875,   11000000,    8947927,        0,   -2052073,          0
 22451,   876,   11000000,    8938929,        0,   -2061071,          0
 22451,   877,   11000000,    8952194,        0,   -2047806,          0
 22451,   878,   11000000,    8949916,        0,   -2050084,          0
 22451,   879,   11000000,    8951528,        0,   -2048472,          0
 22451,   880,   11000000,    8928023,        0,   -2071977,          0
 22451,   881,   11000000,    8964473,        0,   -2035527,          0
 22451,   882,   11000000,    8958210,        0,   -2041790,          0
 22451,   883,   11000000,    8947221,        0,   -2052779,          0
 22451,   884,   11000000,    8999383,        0,   -2000617,          0
 22451,   885,   11000000,    8940041,        0,   -2059959,          0
 22451,   886,   11000000,    8959152,        0,   -2040848,          0
 22451,   887,   11000000,    8950690,        0,   -2049310,          0
 22451,   888,   11000000,    8947578,        0,   -2052422,          0
 22451,   889,   11000000,    8949101,        0,   -2050899,          0
 22451,   890,   11000000,    8927154,        0,   -2072846,          0
 22451,   891,   11000000,    8944160,        0,   -2055840,          0
 22451,   892,   11000000,    8930606,        0,   -2069394,          0
 22451,   893,   11000000,    8957842,        0,   -2042158,          0
 22451,   894,   11000000,    9274448,        0,   -1725552,          0
 22451,   895,   11000000,    8958859,        0,   -2041141,          0
 22451,   896,   11000000,    8926761,        0,   -2073239,          0
 22451,   897,   11000000,    8963453,        0,   -2036547,          0
 22451,   898,   11000000,    9045533,        0,   -1954467,          0
 22451,   899,   11000000,    9095225,        0,   -1904775,          0
 22451,   900,   11000000,    8939824,        0,   -2060176,          0
 22451,   901,   11000000,    8934444,        0,   -2065556,          0
 22451,   902,   11000000,    8973651,        0,   -2026349,          0
 22451,   903,   11000000,    8971505,        0,   -2028495,          0
 22451,   904,   11000000,    8944395,        0,   -2055605,          0
 22451,   905,   11000000,    9231637,        0,   -1768363,          0
 22451,   906,   11000000,    8955821,        0,   -2044179,          0
 22451,   907,   11000000,    8935133,        0,   -2064867,          0
 22451,   908,   11000000,    8969634,        0,   -2030366,          0
 22451,   909,   11000000,    8983224,        0,   -2016776,          0
 22451,   910,   11000000,    8946465,        0,   -2053535,          0
 22451,   911,   11000000,    8966838,        0,   -2033162,          0
 22451,   912,   11000000,    8949018,        0,   -2050982,          0
 22451,   913,   11000000,    8949051,        0,   -2050949,          0
# task NAME=myapp PID=22454 COST=34254000 PERIOD=60000000 CPU=0
 22454,     2,   60000000,      15470,        0,  -59984530,          0
 22454,     3,   60000000,      52376,        0,  -59947624,          0
 22454,     4,   60000000,   34754978,        0,  -25245022,          0
 22454,     5,   60000000,   33737587,        0,  -26262413,          0
 22454,     6,   60000000,   33653277,        0,  -26346723,          0
 22454,     7,   60000000,   33555279,        0,  -26444721,          0
 22454,     8,   60000000,   33834178,        0,  -26165822,          0
 22454,     9,   60000000,   33568274,        0,  -26431726,          0
 22454,    10,   60000000,   33988751,        0,  -26011249,          0
 22454,    11,   60000000,   33585105,        0,  -26414895,          0
 22454,    12,   60000000,   34022660,        0,  -25977340,          0
 22454,    13,   60000000,   33573028,        0,  -26426972,          0
 22454,    14,   60000000,   35045703,        0,  -24954297,          0
 22454,    15,   60000000,   33546167,        0,  -26453833,          0
 22454,    16,   60000000,   33828253,        0,  -26171747,          0
 22454,    17,   60000000,   33566081,        0,  -26433919,          0
 22454,    18,   60000000,   33960572,        0,  -26039428,          0
 22454,    19,   60000000,   33534580,        0,  -26465420,          0
 22454,    20,   60000000,   33869169,        0,  -26130831,          0
 22454,    21,   60000000,   33549710,        0,  -26450290,          0
 22454,    22,   60000000,   33557394,        0,  -26442606,          0
 22454,    23,   60000000,   33567379,        0,  -26432621,          0
 22454,    24,   60000000,   33599542,        0,  -26400458,          0
 22454,    25,   60000000,   33566591,        0,  -26433409,          0
 22454,    26,   60000000,   33615731,        0,  -26384269,          0
 22454,    27,   60000000,   33544192,        0,  -26455808,          0
 22454,    28,   60000000,   33570526,        0,  -26429474,          0
 22454,    29,   60000000,   33567197,        0,  -26432803,          0
 22454,    30,   60000000,   33557566,        0,  -26442434,          0
 22454,    31,   60000000,   33572989,        0,  -26427011,          0
 22454,    32,   60000000,   33571463,        0,  -26428537,          0
 22454,    33,   60000000,   33846845,        0,  -26153155,          0
 22454,    34,   60000000,   33580645,        0,  -26419355,          0
 22454,    35,   60000000,   33830635,        0,  -26169365,          0
 22454,    36,   60000000,   33709092,        0,  -26290908,          0
 22454,    37,   60000000,   33895186,        0,  -26104814,          0
 22454,    38,   60000000,   33517556,        0,  -26482444,          0
 22454,    39,   60000000,   33927920,        0,  -26072080,          0
 22454,    40,   60000000,   33517245,        0,  -26482755,          0
 22454,    41,   60000000,   33819433,        0,  -26180567,          0
 22454,    42,   60000000,   33558096,        0,  -26441904,          0
 22454,    43,   60000000,   33882736,        0,  -26117264,          0
 22454,    44,   60000000,   33665125,        0,  -26334875,          0
 22454,    45,   60000000,   33823848,        0,  -26176152,          0
 22454,    46,   60000000,   33539254,        0,  -26460746,          0
 22454,    47,   60000000,   33635037,        0,  -26364963,          0
 22454,    48,   60000000,   33603904,        0,  -26396096,          0
 22454,    49,   60000000,   33673316,        0,  -26326684,          0
 22454,    50,   60000000,   33722714,        0,  -26277286,          0
 22454,    51,   60000000,   33544366,        0,  -26455634,          0
 22454,    52,   60000000,   33708806,        0,  -26291194,          0
 22454,    53,   60000000,   33553146,        0,  -26446854,          0
 22454,    54,   60000000,   33635377,        0,  -26364623,          0
 22454,    55,   60000000,   33550051,        0,  -26449949,          0
 22454,    56,   60000000,   33817026,        0,  -26182974,          0
 22454,    57,   60000000,   33573716,        0,  -26426284,          0
 22454,    58,   60000000,   33800756,        0,  -26199244,          0
 22454,    59,   60000000,   33547446,        0,  -26452554,          0
 22454,    60,   60000000,   33806020,        0,  -26193980,          0
 22454,    61,   60000000,   33635383,        0,  -26364617,          0
 22454,    62,   60000000,   33792591,        0,  -26207409,          0
 22454,    63,   60000000,   33525851,        0,  -26474149,          0
 22454,    64,   60000000,   33821454,        0,  -26178546,          0
 22454,    65,   60000000,   33533155,        0,  -26466845,          0
 22454,    66,   60000000,   33818910,        0,  -26181090,          0
 22454,    67,   60000000,   33544520,        0,  -26455480,          0
 22454,    68,   60000000,   33845353,        0,  -26154647,          0
 22454,    69,   60000000,   33566801,        0,  -26433199,          0
 22454,    70,   60000000,   33973768,        0,  -26026232,          0
 22454,    71,   60000000,   33570156,        0,  -26429844,          0
 22454,    72,   60000000,   33578066,        0,  -26421934,          0
 22454,    73,   60000000,   33693605,        0,  -26306395,          0
 22454,    74,   60000000,   33690777,        0,  -26309223,          0
 22454,    75,   60000000,   33716640,        0,  -26283360,          0
 22454,    76,   60000000,   33584450,        0,  -26415550,          0
 22454,    77,   60000000,   33562090,        0,  -26437910,          0
 22454,    78,   60000000,   34098283,        0,  -25901717,          0
 22454,    79,   60000000,   33564127,        0,  -26435873,          0
 22454,    80,   60000000,   33555592,        0,  -26444408,          0
 22454,    81,   60000000,   33538372,        0,  -26461628,          0
 22454,    82,   60000000,   33550566,        0,  -26449434,          0
 22454,    83,   60000000,   33956655,        0,  -26043345,          0
 22454,    84,   60000000,   33538201,        0,  -26461799,          0
 22454,    85,   60000000,   33829493,        0,  -26170507,          0
 22454,    86,   60000000,   33566336,        0,  -26433664,          0
 22454,    87,   60000000,   33917816,        0,  -26082184,          0
 22454,    88,   60000000,   33532830,        0,  -26467170,          0
 22454,    89,   60000000,   34043669,        0,  -25956331,          0
 22454,    90,   60000000,   33543239,        0,  -26456761,          0
 22454,    91,   60000000,   33852460,        0,  -26147540,          0
 22454,    92,   60000000,   33622006,        0,  -26377994,          0
 22454,    93,   60000000,   33862680,        0,  -26137320,          0
 22454,    94,   60000000,   33652818,        0,  -26347182,          0
 22454,    95,   60000000,   33994165,        0,  -26005835,          0
 22454,    96,   60000000,   33567251,        0,  -26432749,          0
 22454,    97,   60000000,   33561406,        0,  -26438594,          0
 22454,    98,   60000000,   33610528,        0,  -26389472,          0
 22454,    99,   60000000,   33747338,        0,  -26252662,          0
 22454,   100,   60000000,   33675797,        0,  -26324203,          0
 22454,   101,   60000000,   33615050,        0,  -26384950,          0
 22454,   102,   60000000,   33619295,        0,  -26380705,          0
 22454,   103,   60000000,   33687757,        0,  -26312243,          0
 22454,   104,   60000000,   33615638,        0,  -26384362,          0
 22454,   105,   60000000,   33560961,        0,  -26439039,          0
 22454,   106,   60000000,   33552063,        0,  -26447937,          0
 22454,   107,   60000000,   33554190,        0,  -26445810,          0
 22454,   108,   60000000,   33872777,        0,  -26127223,          0
 22454,   109,   60000000,   33527499,        0,  -26472501,          0
 22454,   110,   60000000,   33866424,        0,  -26133576,          0
 22454,   111,   60000000,   33536091,        0,  -26463909,          0
 22454,   112,   60000000,   33812426,        0,  -26187574,          0
 22454,   113,   60000000,   33583240,        0,  -26416760,          0
 22454,   114,   60000000,   33827855,        0,  -26172145,          0
 22454,   115,   60000000,   33545575,        0,  -26454425,          0
 22454,   116,   60000000,   33835129,        0,  -26164871,          0
 22454,   117,   60000000,   33549011,        0,  -26450989,          0
 22454,   118,   60000000,   33821623,        0,  -26178377,          0
 22454,   119,   60000000,   33543542,        0,  -26456458,          0
 22454,   120,   60000000,   33958532,        0,  -26041468,          0
 22454,   121,   60000000,   33608839,        0,  -26391161,          0
 22454,   122,   60000000,   33620659,        0,  -26379341,          0
 22454,   123,   60000000,   33564547,        0,  -26435453,          0
 22454,   124,   60000000,   33553450,        0,  -26446550,          0
 22454,   125,   60000000,   33690141,        0,  -26309859,          0
 22454,   126,   60000000,   33538992,        0,  -26461008,          0
 22454,   127,   60000000,   33663793,        0,  -26336207,          0
 22454,   128,   60000000,   33534549,        0,  -26465451,          0
 22454,   129,   60000000,   33526163,        0,  -26473837,          0
 22454,   130,   60000000,   33533074,        0,  -26466926,          0
 22454,   131,   60000000,   33591440,        0,  -26408560,          0
 22454,   132,   60000000,   33540320,        0,  -26459680,          0
 22454,   133,   60000000,   33817743,        0,  -26182257,          0
 22454,   134,   60000000,   33563028,        0,  -26436972,          0
 22454,   135,   60000000,   34110023,        0,  -25889977,          0
 22454,   136,   60000000,   33547125,        0,  -26452875,          0
 22454,   137,   60000000,   35152953,        0,  -24847047,          0
 22454,   138,   60000000,   33545882,        0,  -26454118,          0
 22454,   139,   60000000,   34003340,        0,  -25996660,          0
 22454,   140,   60000000,   33548201,        0,  -26451799,          0
 22454,   141,   60000000,   33868094,        0,  -26131906,          0
 22454,   142,   60000000,   33697472,        0,  -26302528,          0
 22454,   143,   60000000,   33861508,        0,  -26138492,          0
 22454,   144,   60000000,   34105025,        0,  -25894975,          0
 22454,   145,   60000000,   33885758,        0,  -26114242,          0
 22454,   146,   60000000,   33537349,        0,  -26462651,          0
 22454,   147,   60000000,   33538094,        0,  -26461906,          0
 22454,   148,   60000000,   33677000,        0,  -26323000,          0
 22454,   149,   60000000,   33544852,        0,  -26455148,          0
 22454,   150,   60000000,   33546142,        0,  -26453858,          0
 22454,   151,   60000000,   33527724,        0,  -26472276,          0
 22454,   152,   60000000,   33536351,        0,  -26463649,          0
 22454,   153,   60000000,   33539458,        0,  -26460542,          0
 22454,   154,   60000000,   33605404,        0,  -26394596,          0
 22454,   155,   60000000,   33554008,        0,  -26445992,          0
 22454,   156,   60000000,   33541030,        0,  -26458970,          0
 22454,   157,   60000000,   33758281,        0,  -26241719,          0
 22454,   158,   60000000,   33972815,        0,  -26027185,          0
 22454,   159,   60000000,   33714555,        0,  -26285445,          0
 22454,   160,   60000000,   33849280,        0,  -26150720,          0
 22454,   161,   60000000,   33640865,        0,  -26359135,          0
 22454,   162,   60000000,   33834116,        0,  -26165884,          0
 22454,   163,   60000000,   33535303,        0,  -26464697,          0
 22454,   164,   60000000,   34228993,        0,  -25771007,          0
 22454,   165,   60000000,   33579341,        0,  -26420659,          0
 22454,   166,   60000000,   34716839,        0,  -25283161,          0
 22454,   167,   60000000,   33693643,        0,  -26306357,          0
 22454,   168,   60000000,   33828149,        0,  -26171851,          0
 22454,   169,   60000000,   33669684,        0,  -26330316,          0
 22454,   170,   60000000,   33945530,        0,  -26054470,          0
