138 138 0
174 174 0
189 189 0
438 438 0
141 141 0
836 836 0
267 267 0
114 114 0
364 364 0
144 144 0
151 151 0
914 914 0
157 157 0
118 118 0
231 231 0
106 106 0
361 361 0
135 135 0
216 216 0
913 913 0
111 111 0
532 532 0
481 481 0
179 179 0
210 210 0
278 278 0
191 191 0
362 362 0
375 375 0
440 440 0
113 113 0
485 485 0
215 215 0
140 140 0
151 151 0
172 172 0
148 148 0
317 317 0
172 172 0
185 185 0
206 206 0
153 153 0
161 161 0
838 838 0
168 168 0
205 205 0
227 227 0
186 186 0
110 110 0
504 504 0
628 628 0
237 237 0
185 185 0
124 124 0
184 184 0
213 213 0
363 363 0
297 297 0
104 104 0
306 306 0
180 180 0
912 912 0
503 503 0
137 137 0
248 248 0
161 161 0
141 141 0
194 194 0
259 259 0
186 186 0
329 329 0
374 374 0
1005 1005 0
119 119 0
173 173 0
129 129 0
672 672 0
327 327 0
148 148 0
