683 683 0
238 238 0
347 347 0
270 270 0
118 118 0
461 461 0
143 143 0
211 211 0
159 159 0
185 185 0
217 217 0
117 117 0
291 291 0
223 223 0
130 130 0
179 179 0
506 506 0
719 719 0
327 327 0
144 144 0
113 113 0
147 147 0
183 183 0
111 111 0
271 271 0
203 203 0
148 148 0
303 303 0
463 463 0
152 152 0
305 305 0
340 340 0
284 284 0
193 193 0
112 112 0
159 159 0
112 112 0
128 128 0
318 318 0
143 143 0
109 109 0
226 226 0
837 837 0
148 148 0
173 173 0
238 238 0
140 140 0
113 113 0
180 180 0
247 247 0
104 104 0
127 127 0
215 215 0
197 197 0
458 458 0
180 180 0
214 214 0
559 559 0
172 172 0
112 112 0
199 199 0
111 111 0
592 592 0
138 138 0
201 201 0
204 204 0
130 130 0
338 338 0
123 123 0
117 117 0
631 631 0
152 152 0
162 162 0
326 326 0
111 111 0
114 114 0
150 150 0
168 168 0
561 561 0
364 364 0
124 124 0
144 144 0
153 153 0
256 256 0
838 838 0
140 140 0
326 326 0
207 207 0
130 130 0
204 204 0
914 914 0
216 216 0
152 152 0
259 259 0
127 127 0
178 178 0
125 125 0
117 117 0
108 108 0
560 560 0
243 243 0
838 838 0
203 203 0
135 135 0
163 163 0
484 484 0
168 168 0
674 674 0
113 113 0
387 387 0
914 914 0
351 351 0
172 172 0
311 311 0
127 127 0
179 179 0
117 117 0
208 208 0
292 292 0
145 145 0
111 111 0
107 107 0
