255 255 0
173 173 0
146 146 0
120 120 0
269 269 0
533 533 0
336 336 0
376 376 0
462 462 0
187 187 0
292 292 0
113 113 0
226 226 0
144 144 0
128 128 0
407 407 0
507 507 0
353 353 0
233 233 0
115 115 0
156 156 0
422 422 0
362 362 0
459 459 0
675 675 0
121 121 0
292 292 0
128 128 0
210 210 0
111 111 0
117 117 0
182 182 0
562 562 0
773 773 0
319 319 0
199 199 0
156 156 0
163 163 0
150 150 0
134 134 0
263 263 0
328 328 0
147 147 0
159 159 0
205 205 0
840 840 0
110 110 0
290 290 0
239 239 0
106 106 0
161 161 0
257 257 0
126 126 0
174 174 0
120 120 0
133 133 0
114 114 0
264 264 0
319 319 0
1003 1003 0
110 110 0
366 366 0
408 408 0
130 130 0
314 314 0
464 464 0
111 111 0
130 130 0
322 322 0
143 143 0
154 154 0
133 133 0
256 256 0
158 158 0
128 128 0
125 125 0
595 595 0
913 913 0
631 631 0
120 120 0
128 128 0
135 135 0
156 156 0
268 268 0
240 240 0
114 114 0
141 141 0
271 271 0
107 107 0
200 200 0
168 168 0
322 322 0
483 483 0
463 463 0
777 777 0
677 677 0
406 406 0
178 178 0
216 216 0
151 151 0
912 912 0
217 217 0
160 160 0
185 185 0
330 330 0
366 366 0
196 196 0
137 137 0
172 172 0
158 158 0
375 375 0
170 170 0
309 309 0
259 259 0
141 141 0
165 165 0
113 113 0
154 154 0
206 206 0
256 256 0
599 599 0
404 404 0
209 209 0
374 374 0
221 221 0
202 202 0
535 535 0
117 117 0
188 188 0
136 136 0
276 276 0
281 281 0
116 116 0
128 128 0
139 139 0
153 153 0
131 131 0
207 207 0
146 146 0
777 777 0
124 124 0
183 183 0
220 220 0
539 539 0
382 382 0
320 320 0
671 671 0
242 242 0
289 289 0
175 175 0
144 144 0
193 193 0
318 318 0
271 271 0
