132 132 0
282 282 0
206 206 0
169 169 0
246 246 0
176 176 0
115 115 0
121 121 0
256 256 0
282 282 0
718 718 0
117 117 0
213 213 0
163 163 0
205 205 0
593 593 0
168 168 0
111 111 0
559 559 0
236 236 0
360 360 0
175 175 0
122 122 0
419 419 0
281 281 0
288 288 0
670 670 0
139 139 0
130 130 0
186 186 0
119 119 0
212 212 0
227 227 0
591 591 0
438 438 0
350 350 0
242 242 0
249 249 0
260 260 0
132 132 0
504 504 0
837 837 0
289 289 0
139 139 0
199 199 0
176 176 0
196 196 0
112 112 0
192 192 0
506 506 0
132 132 0
253 253 0
247 247 0
121 121 0
217 217 0
403 403 0
328 328 0
