# Task,   Job,     Period,   Response, DL Miss?,   Lateness,  Tardiness
# task NAME=myapp PID=2666 COST=19818000 PERIOD=84000000 CPU=0
  2666,     2,   84000000,      10606,        0,  -83989394,          0
  2666,     3,   84000000,      52706,        0,  -83947294,          0
  2666,     4,   84000000,   21723843,        0,  -62276157,          0
  2666,     5,   84000000,   19635326,        0,  -64364674,          0
  2666,     6,   84000000,   19709332,        0,  -64290668,          0
  2666,     7,   84000000,   19625829,        0,  -64374171,          0
  2666,     8,   84000000,   19759559,        0,  -64240441,          0
  2666,     9,   84000000,   19630522,        0,  -64369478,          0
  2666,    10,   84000000,   19900312,        0,  -64099688,          0
  2666,    11,   84000000,   19713829,        0,  -64286171,          0
  2666,    12,   84000000,   19619833,        0,  -64380167,          0
  2666,    13,   84000000,   20035242,        0,  -63964758,          0
  2666,    14,   84000000,   19632133,        0,  -64367867,          0
  2666,    15,   84000000,   19663294,        0,  -64336706,          0
  2666,    16,   84000000,   20045932,        0,  -63954068,          0
  2666,    17,   84000000,   19610735,        0,  -64389265,          0
  2666,    18,   84000000,   19699243,        0,  -64300757,          0
  2666,    19,   84000000,   23044965,        0,  -60955035,          0
  2666,    20,   84000000,   19644850,        0,  -64355150,          0
  2666,    21,   84000000,   19675652,        0,  -64324348,          0
  2666,    22,   84000000,   20877410,        0,  -63122590,          0
  2666,    23,   84000000,   19611099,        0,  -64388901,          0
  2666,    24,   84000000,   19680456,        0,  -64319544,          0
  2666,    25,   84000000,   20045133,        0,  -63954867,          0
  2666,    26,   84000000,   19665146,        0,  -64334854,          0
  2666,    27,   84000000,   19637638,        0,  -64362362,          0
  2666,    28,   84000000,   19935451,        0,  -64064549,          0
  2666,    29,   84000000,   19648469,        0,  -64351531,          0
  2666,    30,   84000000,   19616593,        0,  -64383407,          0
  2666,    31,   84000000,   20017124,        0,  -63982876,          0
  2666,    32,   84000000,   19662239,        0,  -64337761,          0
  2666,    33,   84000000,   19640538,        0,  -64359462,          0
  2666,    34,   84000000,   19912883,        0,  -64087117,          0
  2666,    35,   84000000,   19623720,        0,  -64376280,          0
  2666,    36,   84000000,   19615696,        0,  -64384304,          0
  2666,    37,   84000000,   20037330,        0,  -63962670,          0
  2666,    38,   84000000,   19629377,        0,  -64370623,          0
  2666,    39,   84000000,   19594339,        0,  -64405661,          0
  2666,    40,   84000000,   19626687,        0,  -64373313,          0
  2666,    41,   84000000,   19710065,        0,  -64289935,          0
  2666,    42,   84000000,   19649843,        0,  -64350157,          0
  2666,    43,   84000000,   20286819,        0,  -63713181,          0
  2666,    44,   84000000,   19617091,        0,  -64382909,          0
  2666,    45,   84000000,   19624844,        0,  -64375156,          0
  2666,    46,   84000000,   19713467,        0,  -64286533,          0
  2666,    47,   84000000,   19640245,        0,  -64359755,          0
  2666,    48,   84000000,   19645937,        0,  -64354063,          0
  2666,    49,   84000000,   19655901,        0,  -64344099,          0
  2666,    50,   84000000,   19651494,        0,  -64348506,          0
  2666,    51,   84000000,   20675129,        0,  -63324871,          0
  2666,    52,   84000000,   19616462,        0,  -64383538,          0
  2666,    53,   84000000,   19619392,        0,  -64380608,          0
  2666,    54,   84000000,   19646327,        0,  -64353673,          0
  2666,    55,   84000000,   19664437,        0,  -64335563,          0
  2666,    56,   84000000,   19625722,        0,  -64374278,          0
  2666,    57,   84000000,   19614618,        0,  -64385382,          0
  2666,    58,   84000000,   19611441,        0,  -64388559,          0
  2666,    59,   84000000,   19740310,        0,  -64259690,          0
  2666,    60,   84000000,   19623003,        0,  -64376997,          0
  2666,    61,   84000000,   19637332,        0,  -64362668,          0
  2666,    62,   84000000,   19630196,        0,  -64369804,          0
  2666,    63,   84000000,   19610602,        0,  -64389398,          0
  2666,    64,   84000000,   19610607,        0,  -64389393,          0
  2666,    65,   84000000,   19633053,        0,  -64366947,          0
  2666,    66,   84000000,   19627254,        0,  -64372746,          0
  2666,    67,   84000000,   19670099,        0,  -64329901,          0
  2666,    68,   84000000,   19701859,        0,  -64298141,          0
  2666,    69,   84000000,   19613689,        0,  -64386311,          0
  2666,    70,   84000000,   19621340,        0,  -64378660,          0
  2666,    71,   84000000,   19627479,        0,  -64372521,          0
  2666,    72,   84000000,   19632656,        0,  -64367344,          0
  2666,    73,   84000000,   19742831,        0,  -64257169,          0
  2666,    74,   84000000,   19998637,        0,  -64001363,          0
  2666,    75,   84000000,   19650797,        0,  -64349203,          0
  2666,    76,   84000000,   19646658,        0,  -64353342,          0
  2666,    77,   84000000,   20116257,        0,  -63883743,          0
  2666,    78,   84000000,   19641309,        0,  -64358691,          0
  2666,    79,   84000000,   19653260,        0,  -64346740,          0
  2666,    80,   84000000,   19911181,        0,  -64088819,          0
  2666,    81,   84000000,   19728404,        0,  -64271596,          0
  2666,    82,   84000000,   19626026,        0,  -64373974,          0
  2666,    83,   84000000,   25802261,        0,  -58197739,          0
  2666,    84,   84000000,   19619789,        0,  -64380211,          0
  2666,    85,   84000000,   19662953,        0,  -64337047,          0
  2666,    86,   84000000,   19945123,        0,  -64054877,          0
  2666,    87,   84000000,   19628647,        0,  -64371353,          0
  2666,    88,   84000000,   19731675,        0,  -64268325,          0
  2666,    89,   84000000,   20030502,        0,  -63969498,          0
  2666,    90,   84000000,   19672931,        0,  -64327069,          0
  2666,    91,   84000000,   19611602,        0,  -64388398,          0
  2666,    92,   84000000,   19907712,        0,  -64092288,          0
  2666,    93,   84000000,   19661182,        0,  -64338818,          0
  2666,    94,   84000000,   21700448,        0,  -62299552,          0
  2666,    95,   84000000,   20035072,        0,  -63964928,          0
  2666,    96,   84000000,   20493455,        0,  -63506545,          0
  2666,    97,   84000000,   19652469,        0,  -64347531,          0
  2666,    98,   84000000,   20856813,        0,  -63143187,          0
  2666,    99,   84000000,   19654606,        0,  -64345394,          0
  2666,   100,   84000000,   19696785,        0,  -64303215,          0
  2666,   101,   84000000,   20010362,        0,  -63989638,          0
  2666,   102,   84000000,   19614261,        0,  -64385739,          0
  2666,   103,   84000000,   19603013,        0,  -64396987,          0
  2666,   104,   84000000,   19607198,        0,  -64392802,          0
  2666,   105,   84000000,   19625324,        0,  -64374676,          0
  2666,   106,   84000000,   19627397,        0,  -64372603,          0
  2666,   107,   84000000,   19750446,        0,  -64249554,          0
  2666,   108,   84000000,   19711689,        0,  -64288311,          0
  2666,   109,   84000000,   19620422,        0,  -64379578,          0
  2666,   110,   84000000,   19613893,        0,  -64386107,          0
  2666,   111,   84000000,   19645652,        0,  -64354348,          0
  2666,   112,   84000000,   19641853,        0,  -64358147,          0
  2666,   113,   84000000,   19613814,        0,  -64386186,          0
  2666,   114,   84000000,   19617471,        0,  -64382529,          0
  2666,   115,   84000000,   19628989,        0,  -64371011,          0
  2666,   116,   84000000,   19610130,        0,  -64389870,          0
  2666,   117,   84000000,   19633295,        0,  -64366705,          0
  2666,   118,   84000000,   19668823,        0,  -64331177,          0
  2666,   119,   84000000,   19644263,        0,  -64355737,          0
  2666,   120,   84000000,   19724849,        0,  -64275151,          0
  2666,   121,   84000000,   19689551,        0,  -64310449,          0
  2666,   122,   84000000,   21694414,        0,  -62305586,          0
  2666,   123,   84000000,   19668557,        0,  -64331443,          0
# task NAME=myapp PID=2669 COST=13376000 PERIOD=64000000 CPU=0
  2669,     2,   64000000,       8631,        0,  -63991369,          0
  2669,     3,   64000000,      39456,        0,  -63960544,          0
  2669,     4,   64000000,   15318355,        0,  -48681645,          0
  2669,     5,   64000000,   13306904,        0,  -50693096,          0
  2669,     6,   64000000,   13301024,        0,  -50698976,          0
  2669,     7,   64000000,   13338596,        0,  -50661404,          0
  2669,     8,   64000000,   13259451,        0,  -50740549,          0
  2669,     9,   64000000,   13248303,        0,  -50751697,          0
  2669,    10,   64000000,   13245969,        0,  -50754031,          0
  2669,    11,   64000000,   14367511,        0,  -49632489,          0
  2669,    12,   64000000,   13260697,        0,  -50739303,          0
  2669,    13,   64000000,   13303487,        0,  -50696513,          0
  2669,    14,   64000000,   13266965,        0,  -50733035,          0
  2669,    15,   64000000,   13260139,        0,  -50739861,          0
  2669,    16,   64000000,   13265268,        0,  -50734732,          0
  2669,    17,   64000000,   13243135,        0,  -50756865,          0
  2669,    18,   64000000,   13290512,        0,  -50709488,          0
  2669,    19,   64000000,   14066764,        0,  -49933236,          0
  2669,    20,   64000000,   15420151,        0,  -48579849,          0
  2669,    21,   64000000,   13264377,        0,  -50735623,          0
  2669,    22,   64000000,   13262704,        0,  -50737296,          0
  2669,    23,   64000000,   13251594,        0,  -50748406,          0
  2669,    24,   64000000,   14766991,        0,  -49233009,          0
  2669,    25,   64000000,   13267807,        0,  -50732193,          0
  2669,    26,   64000000,   13660157,        0,  -50339843,          0
  2669,    27,   64000000,   13247193,        0,  -50752807,          0
  2669,    28,   64000000,   13519163,        0,  -50480837,          0
  2669,    29,   64000000,   13387469,        0,  -50612531,          0
  2669,    30,   64000000,   13525066,        0,  -50474934,          0
  2669,    31,   64000000,   13366973,        0,  -50633027,          0
  2669,    32,   64000000,   13721378,        0,  -50278622,          0
  2669,    33,   64000000,   13257568,        0,  -50742432,          0
  2669,    34,   64000000,   13294544,        0,  -50705456,          0
  2669,    35,   64000000,   13271167,        0,  -50728833,          0
  2669,    36,   64000000,   13281049,        0,  -50718951,          0
  2669,    37,   64000000,   13322923,        0,  -50677077,          0
  2669,    38,   64000000,   13266642,        0,  -50733358,          0
  2669,    39,   64000000,   13301789,        0,  -50698211,          0
  2669,    40,   64000000,   13304234,        0,  -50695766,          0
  2669,    41,   64000000,   13329099,        0,  -50670901,          0
  2669,    42,   64000000,   14166919,        0,  -49833081,          0
  2669,    43,   64000000,   13254742,        0,  -50745258,          0
  2669,    44,   64000000,   13257194,        0,  -50742806,          0
  2669,    45,   64000000,   13275963,        0,  -50724037,          0
  2669,    46,   64000000,   13292160,        0,  -50707840,          0
  2669,    47,   64000000,   13272720,        0,  -50727280,          0
  2669,    48,   64000000,   13304991,        0,  -50695009,          0
  2669,    49,   64000000,   13818447,        0,  -50181553,          0
  2669,    50,   64000000,   13244536,        0,  -50755464,          0
  2669,    51,   64000000,   13290455,        0,  -50709545,          0
  2669,    52,   64000000,   13309124,        0,  -50690876,          0
  2669,    53,   64000000,   13259798,        0,  -50740202,          0
  2669,    54,   64000000,   13281175,        0,  -50718825,          0
  2669,    55,   64000000,   13267172,        0,  -50732828,          0
  2669,    56,   64000000,   13276310,        0,  -50723690,          0
  2669,    57,   64000000,   14860717,        0,  -49139283,          0
  2669,    58,   64000000,   13267687,        0,  -50732313,          0
  2669,    59,   64000000,   13260588,        0,  -50739412,          0
  2669,    60,   64000000,   13250158,        0,  -50749842,          0
  2669,    61,   64000000,   13262764,        0,  -50737236,          0
  2669,    62,   64000000,   13257131,        0,  -50742869,          0
  2669,    63,   64000000,   13261729,        0,  -50738271,          0
  2669,    64,   64000000,   13316852,        0,  -50683148,          0
  2669,    65,   64000000,   13263584,        0,  -50736416,          0
  2669,    66,   64000000,   13309251,        0,  -50690749,          0
  2669,    67,   64000000,   13562919,        0,  -50437081,          0
  2669,    68,   64000000,   13306716,        0,  -50693284,          0
  2669,    69,   64000000,   13591377,        0,  -50408623,          0
  2669,    70,   64000000,   13501641,        0,  -50498359,          0
  2669,    71,   64000000,   13528658,        0,  -50471342,          0
  2669,    72,   64000000,   13356656,        0,  -50643344,          0
  2669,    73,   64000000,   13663448,        0,  -50336552,          0
  2669,    74,   64000000,   14394840,        0,  -49605160,          0
  2669,    75,   64000000,   13325572,        0,  -50674428,          0
  2669,    76,   64000000,   13260329,        0,  -50739671,          0
  2669,    77,   64000000,   13263513,        0,  -50736487,          0
  2669,    78,   64000000,   13298030,        0,  -50701970,          0
  2669,    79,   64000000,   13269992,        0,  -50730008,          0
  2669,    80,   64000000,   13275720,        0,  -50724280,          0
  2669,    81,   64000000,   13300096,        0,  -50699904,          0
  2669,    82,   64000000,   13359694,        0,  -50640306,          0
  2669,    83,   64000000,   13257472,        0,  -50742528,          0
  2669,    84,   64000000,   13276644,        0,  -50723356,          0
  2669,    85,   64000000,   13417517,        0,  -50582483,          0
  2669,    86,   64000000,   14264228,        0,  -49735772,          0
  2669,    87,   64000000,   13275148,        0,  -50724852,          0
  2669,    88,   64000000,   13307004,        0,  -50692996,          0
  2669,    89,   64000000,   13248245,        0,  -50751755,          0
  2669,    90,   64000000,   14228868,        0,  -49771132,          0
  2669,    91,   64000000,   13309178,        0,  -50690822,          0
  2669,    92,   64000000,   13296324,        0,  -50703676,          0
  2669,    93,   64000000,   13413565,        0,  -50586435,          0
  2669,    94,   64000000,   13308229,        0,  -50691771,          0
  2669,    95,   64000000,   13639707,        0,  -50360293,          0
  2669,    96,   64000000,   13256116,        0,  -50743884,          0
  2669,    97,   64000000,   13245267,        0,  -50754733,          0
  2669,    98,   64000000,   13320080,        0,  -50679920,          0
  2669,    99,   64000000,   13310274,        0,  -50689726,          0
  2669,   100,   64000000,   13255242,        0,  -50744758,          0
  2669,   101,   64000000,   13260312,        0,  -50739688,          0
  2669,   102,   64000000,   13276425,        0,  -50723575,          0
  2669,   103,   64000000,   16769468,        0,  -47230532,          0
  2669,   104,   64000000,   13255410,        0,  -50744590,          0
  2669,   105,   64000000,   13304096,        0,  -50695904,          0
  2669,   106,   64000000,   13244771,        0,  -50755229,          0
  2669,   107,   64000000,   13246332,        0,  -50753668,          0
  2669,   108,   64000000,   15835681,        0,  -48164319,          0
  2669,   109,   64000000,   13244795,        0,  -50755205,          0
  2669,   110,   64000000,   13610718,        0,  -50389282,          0
  2669,   111,   64000000,   13265147,        0,  -50734853,          0
  2669,   112,   64000000,   13703281,        0,  -50296719,          0
  2669,   113,   64000000,   14184309,        0,  -49815691,          0
  2669,   114,   64000000,   13579276,        0,  -50420724,          0
  2669,   115,   64000000,   13252764,        0,  -50747236,          0
  2669,   116,   64000000,   13602873,        0,  -50397127,          0
  2669,   117,   64000000,   13271324,        0,  -50728676,          0
  2669,   118,   64000000,   13265184,        0,  -50734816,          0
  2669,   119,   64000000,   13271432,        0,  -50728568,          0
  2669,   120,   64000000,   13356061,        0,  -50643939,          0
  2669,   121,   64000000,   13297516,        0,  -50702484,          0
  2669,   122,   64000000,   13269962,        0,  -50730038,          0
  2669,   123,   64000000,   13270802,        0,  -50729198,          0
  2669,   124,   64000000,   13454452,        0,  -50545548,          0
  2669,   125,   64000000,   13291650,        0,  -50708350,          0
  2669,   126,   64000000,   13276596,        0,  -50723404,          0
  2669,   127,   64000000,   13256793,        0,  -50743207,          0
  2669,   128,   64000000,   13322123,        0,  -50677877,          0
  2669,   129,   64000000,   13279366,        0,  -50720634,          0
  2669,   130,   64000000,   13297750,        0,  -50702250,          0
  2669,   131,   64000000,   13253660,        0,  -50746340,          0
  2669,   132,   64000000,   13292252,        0,  -50707748,          0
  2669,   133,   64000000,   13266732,        0,  -50733268,          0
  2669,   134,   64000000,   13247619,        0,  -50752381,          0
  2669,   135,   64000000,   13254351,        0,  -50745649,          0
  2669,   136,   64000000,   13986501,        0,  -50013499,          0
  2669,   137,   64000000,   13266184,        0,  -50733816,          0
  2669,   138,   64000000,   13337823,        0,  -50662177,          0
  2669,   139,   64000000,   13330343,        0,  -50669657,          0
  2669,   140,   64000000,   13249121,        0,  -50750879,          0
  2669,   141,   64000000,   13959060,        0,  -50040940,          0
  2669,   142,   64000000,   13264547,        0,  -50735453,          0
  2669,   143,   64000000,   13242790,        0,  -50757210,          0
  2669,   144,   64000000,   13310018,        0,  -50689982,          0
  2669,   145,   64000000,   13241223,        0,  -50758777,          0
  2669,   146,   64000000,   13249604,        0,  -50750396,          0
  2669,   147,   64000000,   13270855,        0,  -50729145,          0
  2669,   148,   64000000,   13265135,        0,  -50734865,          0
  2669,   149,   64000000,   14446769,        0,  -49553231,          0
  2669,   150,   64000000,   13320863,        0,  -50679137,          0
  2669,   151,   64000000,   13543764,        0,  -50456236,          0
  2669,   152,   64000000,   13269305,        0,  -50730695,          0
  2669,   153,   64000000,   13536822,        0,  -50463178,          0
  2669,   154,   64000000,   13270523,        0,  -50729477,          0
  2669,   155,   64000000,   13527635,        0,  -50472365,          0
  2669,   156,   64000000,   13269000,        0,  -50731000,          0
  2669,   157,   64000000,   13614495,        0,  -50385505,          0
  2669,   158,   64000000,   13262061,        0,  -50737939,          0
  2669,   159,   64000000,   13314346,        0,  -50685654,          0
  2669,   160,   64000000,   13359213,        0,  -50640787,          0
# task NAME=myapp PID=2673 COST=27549000 PERIOD=78000000 CPU=0
  2673,     2,   78000000,       8777,        0,  -77991223,          0
  2673,     3,   78000000,      31291,        0,  -77968709,          0
  2673,     4,   78000000,   29436753,        0,  -48563247,          0
  2673,     5,   78000000,   27252901,        0,  -50747099,          0
  2673,     6,   78000000,   27286702,        0,  -50713298,          0
  2673,     7,   78000000,   27381500,        0,  -50618500,          0
  2673,     8,   78000000,   27282626,        0,  -50717374,          0
  2673,     9,   78000000,   27527869,        0,  -50472131,          0
  2673,    10,   78000000,   27278545,        0,  -50721455,          0
  2673,    11,   78000000,   27279359,        0,  -50720641,          0
  2673,    12,   78000000,   27254405,        0,  -50745595,          0
  2673,    13,   78000000,   27282715,        0,  -50717285,          0
  2673,    14,   78000000,   27474589,        0,  -50525411,          0
  2673,    15,   78000000,   27260816,        0,  -50739184,          0
  2673,    16,   78000000,   28291488,        0,  -49708512,          0
  2673,    17,   78000000,   27550078,        0,  -50449922,          0
  2673,    18,   78000000,   27383432,        0,  -50616568,          0
  2673,    19,   78000000,   27387647,        0,  -50612353,          0
  2673,    20,   78000000,   28060799,        0,  -49939201,          0
  2673,    21,   78000000,   27255106,        0,  -50744894,          0
  2673,    22,   78000000,   27540053,        0,  -50459947,          0
  2673,    23,   78000000,   27280661,        0,  -50719339,          0
  2673,    24,   78000000,   27273575,        0,  -50726425,          0
  2673,    25,   78000000,   27546131,        0,  -50453869,          0
  2673,    26,   78000000,   27268783,        0,  -50731217,          0
  2673,    27,   78000000,   27265426,        0,  -50734574,          0
  2673,    28,   78000000,   27351557,        0,  -50648443,          0
  2673,    29,   78000000,   27298839,        0,  -50701161,          0
  2673,    30,   78000000,   27712824,        0,  -50287176,          0
  2673,    31,   78000000,   27415213,        0,  -50584787,          0
  2673,    32,   78000000,   27394713,        0,  -50605287,          0
  2673,    33,   78000000,   27572945,        0,  -50427055,          0
  2673,    34,   78000000,   27287180,        0,  -50712820,          0
  2673,    35,   78000000,   27986824,        0,  -50013176,          0
  2673,    36,   78000000,   27295180,        0,  -50704820,          0
  2673,    37,   78000000,   27248527,        0,  -50751473,          0
  2673,    38,   78000000,   27523432,        0,  -50476568,          0
  2673,    39,   78000000,   27319034,        0,  -50680966,          0
  2673,    40,   78000000,   27268597,        0,  -50731403,          0
  2673,    41,   78000000,   27552096,        0,  -50447904,          0
  2673,    42,   78000000,   27271878,        0,  -50728122,          0
  2673,    43,   78000000,   27306586,        0,  -50693414,          0
  2673,    44,   78000000,   27250353,        0,  -50749647,          0
  2673,    45,   78000000,   27297594,        0,  -50702406,          0
  2673,    46,   78000000,   27565747,        0,  -50434253,          0
  2673,    47,   78000000,   27275026,        0,  -50724974,          0
  2673,    48,   78000000,   27322031,        0,  -50677969,          0
  2673,    49,   78000000,   27567288,        0,  -50432712,          0
  2673,    50,   78000000,   27402564,        0,  -50597436,          0
  2673,    51,   78000000,   27246681,        0,  -50753319,          0
  2673,    52,   78000000,   27344678,        0,  -50655322,          0
  2673,    53,   78000000,   27395129,        0,  -50604871,          0
  2673,    54,   78000000,   27530330,        0,  -50469670,          0
  2673,    55,   78000000,   27317994,        0,  -50682006,          0
  2673,    56,   78000000,   27253983,        0,  -50746017,          0
  2673,    57,   78000000,   27656956,        0,  -50343044,          0
  2673,    58,   78000000,   27408339,        0,  -50591661,          0
  2673,    59,   78000000,   27308864,        0,  -50691136,          0
  2673,    60,   78000000,   27303785,        0,  -50696215,          0
  2673,    61,   78000000,   27420162,        0,  -50579838,          0
  2673,    62,   78000000,   27556871,        0,  -50443129,          0
  2673,    63,   78000000,   27360805,        0,  -50639195,          0
  2673,    64,   78000000,   27362536,        0,  -50637464,          0
  2673,    65,   78000000,   27626429,        0,  -50373571,          0
  2673,    66,   78000000,   27272988,        0,  -50727012,          0
  2673,    67,   78000000,   27313318,        0,  -50686682,          0
  2673,    68,   78000000,   27275163,        0,  -50724837,          0
  2673,    69,   78000000,   27296931,        0,  -50703069,          0
  2673,    70,   78000000,   27585033,        0,  -50414967,          0
  2673,    71,   78000000,   27262150,        0,  -50737850,          0
  2673,    72,   78000000,   27371715,        0,  -50628285,          0
  2673,    73,   78000000,   27556821,        0,  -50443179,          0
  2673,    74,   78000000,   27283542,        0,  -50716458,          0
  2673,    75,   78000000,   27390603,        0,  -50609397,          0
  2673,    76,   78000000,   27281335,        0,  -50718665,          0
  2673,    77,   78000000,   27278749,        0,  -50721251,          0
  2673,    78,   78000000,   27705464,        0,  -50294536,          0
  2673,    79,   78000000,   27420679,        0,  -50579321,          0
  2673,    80,   78000000,   27288280,        0,  -50711720,          0
  2673,    81,   78000000,   27605860,        0,  -50394140,          0
  2673,    82,   78000000,   27291343,        0,  -50708657,          0
  2673,    83,   78000000,   27288948,        0,  -50711052,          0
  2673,    84,   78000000,   27365457,        0,  -50634543,          0
  2673,    85,   78000000,   29341886,        0,  -48658114,          0
  2673,    86,   78000000,   28605787,        0,  -49394213,          0
  2673,    87,   78000000,   27453234,        0,  -50546766,          0
  2673,    88,   78000000,   27278953,        0,  -50721047,          0
  2673,    89,   78000000,   31427243,        0,  -46572757,          0
  2673,    90,   78000000,   27405435,        0,  -50594565,          0
  2673,    91,   78000000,   27274402,        0,  -50725598,          0
  2673,    92,   78000000,   27387754,        0,  -50612246,          0
  2673,    93,   78000000,   27291920,        0,  -50708080,          0
  2673,    94,   78000000,   27564744,        0,  -50435256,          0
  2673,    95,   78000000,   27391085,        0,  -50608915,          0
  2673,    96,   78000000,   27248704,        0,  -50751296,          0
  2673,    97,   78000000,   27536281,        0,  -50463719,          0
  2673,    98,   78000000,   27288985,        0,  -50711015,          0
  2673,    99,   78000000,   27398474,        0,  -50601526,          0
  2673,   100,   78000000,   27279467,        0,  -50720533,          0
  2673,   101,   78000000,   27267329,        0,  -50732671,          0
  2673,   102,   78000000,   27549960,        0,  -50450040,          0
  2673,   103,   78000000,   27377285,        0,  -50622715,          0
  2673,   104,   78000000,   27275416,        0,  -50724584,          0
  2673,   105,   78000000,   27546341,        0,  -50453659,          0
  2673,   106,   78000000,   27265488,        0,  -50734512,          0
  2673,   107,   78000000,   27272363,        0,  -50727637,          0
  2673,   108,   78000000,   27277055,        0,  -50722945,          0
  2673,   109,   78000000,   27262265,        0,  -50737735,          0
  2673,   110,   78000000,   27516275,        0,  -50483725,          0
  2673,   111,   78000000,   27256579,        0,  -50743421,          0
  2673,   112,   78000000,   27275202,        0,  -50724798,          0
  2673,   113,   78000000,   27382378,        0,  -50617622,          0
  2673,   114,   78000000,   27372333,        0,  -50627667,          0
  2673,   115,   78000000,   27290610,        0,  -50709390,          0
  2673,   116,   78000000,   27266235,        0,  -50733765,          0
  2673,   117,   78000000,   27296725,        0,  -50703275,          0
  2673,   118,   78000000,   27669723,        0,  -50330277,          0
  2673,   119,   78000000,   27284833,        0,  -50715167,          0
  2673,   120,   78000000,   27246300,        0,  -50753700,          0
  2673,   121,   78000000,   27405202,        0,  -50594798,          0
  2673,   122,   78000000,   27271053,        0,  -50728947,          0
  2673,   123,   78000000,   27367530,        0,  -50632470,          0
  2673,   124,   78000000,   27271293,        0,  -50728707,          0
  2673,   125,   78000000,   27280813,        0,  -50719187,          0
  2673,   126,   78000000,   28494663,        0,  -49505337,          0
  2673,   127,   78000000,   27449272,        0,  -50550728,          0
  2673,   128,   78000000,   27263625,        0,  -50736375,          0
  2673,   129,   78000000,   27294729,        0,  -50705271,          0
  2673,   130,   78000000,   27286620,        0,  -50713380,          0
  2673,   131,   78000000,   27266435,        0,  -50733565,          0
  2673,   132,   78000000,   27252488,        0,  -50747512,          0
# task NAME=myapp PID=2678 COST=16074000 PERIOD=46000000 CPU=0
  2678,     2,   46000000,      10413,        0,  -45989587,          0
  2678,     3,   46000000,      35377,        0,  -45964623,          0
  2678,     4,   46000000,   16946366,        0,  -29053634,          0
  2678,     5,   46000000,   17589249,        0,  -28410751,          0
  2678,     6,   46000000,   16020507,        0,  -29979493,          0
  2678,     7,   46000000,   15954904,        0,  -30045096,          0
  2678,     8,   46000000,   16245185,        0,  -29754815,          0
  2678,     9,   46000000,   16004224,        0,  -29995776,          0
  2678,    10,   46000000,   15935071,        0,  -30064929,          0
  2678,    11,   46000000,   15947144,        0,  -30052856,          0
  2678,    12,   46000000,   16014047,        0,  -29985953,          0
  2678,    13,   46000000,   16072118,        0,  -29927882,          0
  2678,    14,   46000000,   15928464,        0,  -30071536,          0
  2678,    15,   46000000,   15918132,        0,  -30081868,          0
  2678,    16,   46000000,   16226606,        0,  -29773394,          0
  2678,    17,   46000000,   15927708,        0,  -30072292,          0
  2678,    18,   46000000,   15916181,        0,  -30083819,          0
  2678,    19,   46000000,   15920863,        0,  -30079137,          0
  2678,    20,   46000000,   15933368,        0,  -30066632,          0
  2678,    21,   46000000,   16035743,        0,  -29964257,          0
  2678,    22,   46000000,   15976469,        0,  -30023531,          0
  2678,    23,   46000000,   16004171,        0,  -29995829,          0
  2678,    24,   46000000,   15920457,        0,  -30079543,          0
  2678,    25,   46000000,   16073122,        0,  -29926878,          0
  2678,    26,   46000000,   15916966,        0,  -30083034,          0
  2678,    27,   46000000,   16200674,        0,  -29799326,          0
  2678,    28,   46000000,   15975350,        0,  -30024650,          0
  2678,    29,   46000000,   15930819,        0,  -30069181,          0
  2678,    30,   46000000,   15967673,        0,  -30032327,          0
  2678,    31,   46000000,   15964960,        0,  -30035040,          0
  2678,    32,   46000000,   16847853,        0,  -29152147,          0
  2678,    33,   46000000,   15906965,        0,  -30093035,          0
  2678,    34,   46000000,   16544348,        0,  -29455652,          0
  2678,    35,   46000000,   16256843,        0,  -29743157,          0
  2678,    36,   46000000,   15931385,        0,  -30068615,          0
  2678,    37,   46000000,   15922551,        0,  -30077449,          0
  2678,    38,   46000000,   16026091,        0,  -29973909,          0
  2678,    39,   46000000,   15935734,        0,  -30064266,          0
  2678,    40,   46000000,   15931839,        0,  -30068161,          0
  2678,    41,   46000000,   15917097,        0,  -30082903,          0
  2678,    42,   46000000,   15925658,        0,  -30074342,          0
  2678,    43,   46000000,   15951512,        0,  -30048488,          0
  2678,    44,   46000000,   15919023,        0,  -30080977,          0
  2678,    45,   46000000,   16020159,        0,  -29979841,          0
  2678,    46,   46000000,   16189189,        0,  -29810811,          0
  2678,    47,   46000000,   15917309,        0,  -30082691,          0
  2678,    48,   46000000,   15947419,        0,  -30052581,          0
  2678,    49,   46000000,   16822107,        0,  -29177893,          0
  2678,    50,   46000000,   15931905,        0,  -30068095,          0
  2678,    51,   46000000,   15924186,        0,  -30075814,          0
  2678,    52,   46000000,   15921935,        0,  -30078065,          0
  2678,    53,   46000000,   16043011,        0,  -29956989,          0
  2678,    54,   46000000,   16198092,        0,  -29801908,          0
  2678,    55,   46000000,   15937139,        0,  -30062861,          0
  2678,    56,   46000000,   15920232,        0,  -30079768,          0
  2678,    57,   46000000,   15932610,        0,  -30067390,          0
  2678,    58,   46000000,   15902674,        0,  -30097326,          0
  2678,    59,   46000000,   16069861,        0,  -29930139,          0
  2678,    60,   46000000,   15978762,        0,  -30021238,          0
  2678,    61,   46000000,   15926486,        0,  -30073514,          0
  2678,    62,   46000000,   15923650,        0,  -30076350,          0
  2678,    63,   46000000,   15918856,        0,  -30081144,          0
  2678,    64,   46000000,   15997794,        0,  -30002206,          0
  2678,    65,   46000000,   16265595,        0,  -29734405,          0
  2678,    66,   46000000,   15915912,        0,  -30084088,          0
  2678,    67,   46000000,   16010606,        0,  -29989394,          0
  2678,    68,   46000000,   15908949,        0,  -30091051,          0
  2678,    69,   46000000,   16018452,        0,  -29981548,          0
  2678,    70,   46000000,   15918716,        0,  -30081284,          0
  2678,    71,   46000000,   15928087,        0,  -30071913,          0
  2678,    72,   46000000,   15912534,        0,  -30087466,          0
  2678,    73,   46000000,   16201302,        0,  -29798698,          0
  2678,    74,   46000000,   16009181,        0,  -29990819,          0
  2678,    75,   46000000,   15905885,        0,  -30094115,          0
  2678,    76,   46000000,   15960992,        0,  -30039008,          0
  2678,    77,   46000000,   15956621,        0,  -30043379,          0
  2678,    78,   46000000,   16023927,        0,  -29976073,          0
  2678,    79,   46000000,   15973530,        0,  -30026470,          0
  2678,    80,   46000000,   15915798,        0,  -30084202,          0
  2678,    81,   46000000,   16032080,        0,  -29967920,          0
  2678,    82,   46000000,   15993921,        0,  -30006079,          0
  2678,    83,   46000000,   15917735,        0,  -30082265,          0
  2678,    84,   46000000,   16263624,        0,  -29736376,          0
  2678,    85,   46000000,   15908803,        0,  -30091197,          0
  2678,    86,   46000000,   16005878,        0,  -29994122,          0
  2678,    87,   46000000,   16033652,        0,  -29966348,          0
  2678,    88,   46000000,   17068636,        0,  -28931364,          0
  2678,    89,   46000000,   15917376,        0,  -30082624,          0
  2678,    90,   46000000,   15936881,        0,  -30063119,          0
  2678,    91,   46000000,   15910349,        0,  -30089651,          0
  2678,    92,   46000000,   16193144,        0,  -29806856,          0
  2678,    93,   46000000,   15908898,        0,  -30091102,          0
  2678,    94,   46000000,   15927371,        0,  -30072629,          0
  2678,    95,   46000000,   16324281,        0,  -29675719,          0
  2678,    96,   46000000,   15924544,        0,  -30075456,          0
  2678,    97,   46000000,   15923779,        0,  -30076221,          0
  2678,    98,   46000000,   15918898,        0,  -30081102,          0
  2678,    99,   46000000,   16472802,        0,  -29527198,          0
  2678,   100,   46000000,   15987602,        0,  -30012398,          0
  2678,   101,   46000000,   15960901,        0,  -30039099,          0
  2678,   102,   46000000,   15966229,        0,  -30033771,          0
  2678,   103,   46000000,   16217594,        0,  -29782406,          0
  2678,   104,   46000000,   15936464,        0,  -30063536,          0
  2678,   105,   46000000,   15919833,        0,  -30080167,          0
  2678,   106,   46000000,   15982582,        0,  -30017418,          0
  2678,   107,   46000000,   15913726,        0,  -30086274,          0
  2678,   108,   46000000,   15907083,        0,  -30092917,          0
  2678,   109,   46000000,   16021102,        0,  -29978898,          0
  2678,   110,   46000000,   15915442,        0,  -30084558,          0
  2678,   111,   46000000,   16218791,        0,  -29781209,          0
  2678,   112,   46000000,   15908387,        0,  -30091613,          0
  2678,   113,   46000000,   15927489,        0,  -30072511,          0
  2678,   114,   46000000,   16204068,        0,  -29795932,          0
  2678,   115,   46000000,   15917615,        0,  -30082385,          0
  2678,   116,   46000000,   15910569,        0,  -30089431,          0
  2678,   117,   46000000,   15973304,        0,  -30026696,          0
  2678,   118,   46000000,   15919381,        0,  -30080619,          0
  2678,   119,   46000000,   15918003,        0,  -30081997,          0
  2678,   120,   46000000,   16023345,        0,  -29976655,          0
  2678,   121,   46000000,   15900222,        0,  -30099778,          0
  2678,   122,   46000000,   16209681,        0,  -29790319,          0
  2678,   123,   46000000,   15916714,        0,  -30083286,          0
  2678,   124,   46000000,   15947430,        0,  -30052570,          0
  2678,   125,   46000000,   15904290,        0,  -30095710,          0
  2678,   126,   46000000,   15981410,        0,  -30018590,          0
  2678,   127,   46000000,   16016392,        0,  -29983608,          0
  2678,   128,   46000000,   15907229,        0,  -30092771,          0
  2678,   129,   46000000,   15921905,        0,  -30078095,          0
  2678,   130,   46000000,   16192171,        0,  -29807829,          0
  2678,   131,   46000000,   15949601,        0,  -30050399,          0
  2678,   132,   46000000,   15911431,        0,  -30088569,          0
  2678,   133,   46000000,   16230733,        0,  -29769267,          0
  2678,   134,   46000000,   15954591,        0,  -30045409,          0
  2678,   135,   46000000,   15909709,        0,  -30090291,          0
  2678,   136,   46000000,   15900985,        0,  -30099015,          0
  2678,   137,   46000000,   15907963,        0,  -30092037,          0
  2678,   138,   46000000,   15914816,        0,  -30085184,          0
  2678,   139,   46000000,   15925923,        0,  -30074077,          0
  2678,   140,   46000000,   15916130,        0,  -30083870,          0
  2678,   141,   46000000,   16207584,        0,  -29792416,          0
  2678,   142,   46000000,   16501139,        0,  -29498861,          0
  2678,   143,   46000000,   15910832,        0,  -30089168,          0
  2678,   144,   46000000,   16185530,        0,  -29814470,          0
  2678,   145,   46000000,   16003645,        0,  -29996355,          0
  2678,   146,   46000000,   15896436,        0,  -30103564,          0
  2678,   147,   46000000,   15919922,        0,  -30080078,          0
  2678,   148,   46000000,   15900701,        0,  -30099299,          0
  2678,   149,   46000000,   17282275,        0,  -28717725,          0
  2678,   150,   46000000,   15980369,        0,  -30019631,          0
  2678,   151,   46000000,   16787200,        0,  -29212800,          0
  2678,   152,   46000000,   16277926,        0,  -29722074,          0
  2678,   153,   46000000,   15921663,        0,  -30078337,          0
  2678,   154,   46000000,   15913425,        0,  -30086575,          0
  2678,   155,   46000000,   15909941,        0,  -30090059,          0
  2678,   156,   46000000,   15969621,        0,  -30030379,          0
  2678,   157,   46000000,   15904874,        0,  -30095126,          0
  2678,   158,   46000000,   15910589,        0,  -30089411,          0
  2678,   159,   46000000,   16179403,        0,  -29820597,          0
  2678,   160,   46000000,   16227883,        0,  -29772117,          0
  2678,   161,   46000000,   16905852,        0,  -29094148,          0
  2678,   162,   46000000,   15974924,        0,  -30025076,          0
  2678,   163,   46000000,   15912639,        0,  -30087361,          0
  2678,   164,   46000000,   15928379,        0,  -30071621,          0
  2678,   165,   46000000,   15923424,        0,  -30076576,          0
  2678,   166,   46000000,   15989108,        0,  -30010892,          0
  2678,   167,   46000000,   16042011,        0,  -29957989,          0
  2678,   168,   46000000,   15903036,        0,  -30096964,          0
  2678,   169,   46000000,   15945259,        0,  -30054741,          0
  2678,   170,   46000000,   15913237,        0,  -30086763,          0
  2678,   171,   46000000,   17355722,        0,  -28644278,          0
  2678,   172,   46000000,   15964623,        0,  -30035377,          0
  2678,   173,   46000000,   17984782,        0,  -28015218,          0
  2678,   174,   46000000,   15926721,        0,  -30073279,          0
  2678,   175,   46000000,   15925168,        0,  -30074832,          0
  2678,   176,   46000000,   15934786,        0,  -30065214,          0
  2678,   177,   46000000,   15934824,        0,  -30065176,          0
  2678,   178,   46000000,   15935112,        0,  -30064888,          0
  2678,   179,   46000000,   16251794,        0,  -29748206,          0
  2678,   180,   46000000,   15918414,        0,  -30081586,          0
  2678,   181,   46000000,   15910754,        0,  -30089246,          0
  2678,   182,   46000000,   16002575,        0,  -29997425,          0
  2678,   183,   46000000,   15918470,        0,  -30081530,          0
  2678,   184,   46000000,   15946016,        0,  -30053984,          0
  2678,   185,   46000000,   15941247,        0,  -30058753,          0
  2678,   186,   46000000,   15961350,        0,  -30038650,          0
  2678,   187,   46000000,   15915740,        0,  -30084260,          0
  2678,   188,   46000000,   15921204,        0,  -30078796,          0
  2678,   189,   46000000,   15963032,        0,  -30036968,          0
  2678,   190,   46000000,   17064648,        0,  -28935352,          0
  2678,   191,   46000000,   15905140,        0,  -30094860,          0
  2678,   192,   46000000,   15915148,        0,  -30084852,          0
  2678,   193,   46000000,   15946357,        0,  -30053643,          0
  2678,   194,   46000000,   15906449,        0,  -30093551,          0
  2678,   195,   46000000,   16001966,        0,  -29998034,          0
  2678,   196,   46000000,   15907620,        0,  -30092380,          0
  2678,   197,   46000000,   15907017,        0,  -30092983,          0
  2678,   198,   46000000,   16225674,        0,  -29774326,          0
  2678,   199,   46000000,   15910431,        0,  -30089569,          0
  2678,   200,   46000000,   15973986,        0,  -30026014,          0
  2678,   201,   46000000,   16181802,        0,  -29818198,          0
  2678,   202,   46000000,   16044553,        0,  -29955447,          0
  2678,   203,   46000000,   15906534,        0,  -30093466,          0
  2678,   204,   46000000,   15909656,        0,  -30090344,          0
  2678,   205,   46000000,   15935735,        0,  -30064265,          0
  2678,   206,   46000000,   15969333,        0,  -30030667,          0
  2678,   207,   46000000,   15976224,        0,  -30023776,          0
  2678,   208,   46000000,   15918508,        0,  -30081492,          0
  2678,   209,   46000000,   16213825,        0,  -29786175,          0
  2678,   210,   46000000,   15919722,        0,  -30080278,          0
  2678,   211,   46000000,   15902544,        0,  -30097456,          0
  2678,   212,   46000000,   15906973,        0,  -30093027,          0
  2678,   213,   46000000,   15928016,        0,  -30071984,          0
  2678,   214,   46000000,   15908374,        0,  -30091626,          0
  2678,   215,   46000000,   16573763,        0,  -29426237,          0
  2678,   216,   46000000,   15938261,        0,  -30061739,          0
  2678,   217,   46000000,   16325930,        0,  -29674070,          0
  2678,   218,   46000000,   15971828,        0,  -30028172,          0
  2678,   219,   46000000,   15900329,        0,  -30099671,          0
  2678,   220,   46000000,   16200709,        0,  -29799291,          0
  2678,   221,   46000000,   15914797,        0,  -30085203,          0
# task NAME=myapp PID=2681 COST=20952000 PERIOD=83000000 CPU=0
  2681,     2,   83000000,      11423,        0,  -82988577,          0
  2681,     3,   83000000,      66565,        0,  -82933435,          0
  2681,     4,   83000000,   22792372,        0,  -60207628,          0
  2681,     5,   83000000,   20883233,        0,  -62116767,          0
  2681,     6,   83000000,   20769903,        0,  -62230097,          0
  2681,     7,   83000000,   20779222,        0,  -62220778,          0
  2681,     8,   83000000,   20835626,        0,  -62164374,          0
  2681,     9,   83000000,   20747744,        0,  -62252256,          0
  2681,    10,   83000000,   20822708,        0,  -62177292,          0
  2681,    11,   83000000,   20763280,        0,  -62236720,          0
  2681,    12,   83000000,   20806916,        0,  -62193084,          0
  2681,    13,   83000000,   20736004,        0,  -62263996,          0
  2681,    14,   83000000,   20754097,        0,  -62245903,          0
  2681,    15,   83000000,   20728545,        0,  -62271455,          0
  2681,    16,   83000000,   20750323,        0,  -62249677,          0
  2681,    17,   83000000,   20727399,        0,  -62272601,          0
  2681,    18,   83000000,   20761609,        0,  -62238391,          0
  2681,    19,   83000000,   20728912,        0,  -62271088,          0
  2681,    20,   83000000,   20842552,        0,  -62157448,          0
  2681,    21,   83000000,   20750498,        0,  -62249502,          0
  2681,    22,   83000000,   20745262,        0,  -62254738,          0
  2681,    23,   83000000,   20837820,        0,  -62162180,          0
  2681,    24,   83000000,   20776537,        0,  -62223463,          0
  2681,    25,   83000000,   20739097,        0,  -62260903,          0
  2681,    26,   83000000,   20745372,        0,  -62254628,          0
  2681,    27,   83000000,   20723196,        0,  -62276804,          0
  2681,    28,   83000000,   20772449,        0,  -62227551,          0
  2681,    29,   83000000,   20778021,        0,  -62221979,          0
  2681,    30,   83000000,   20730791,        0,  -62269209,          0
  2681,    31,   83000000,   20824851,        0,  -62175149,          0
  2681,    32,   83000000,   20818298,        0,  -62181702,          0
  2681,    33,   83000000,   20759236,        0,  -62240764,          0
  2681,    34,   83000000,   20776279,        0,  -62223721,          0
  2681,    35,   83000000,   20788469,        0,  -62211531,          0
  2681,    36,   83000000,   20775753,        0,  -62224247,          0
  2681,    37,   83000000,   20784627,        0,  -62215373,          0
  2681,    38,   83000000,   20778733,        0,  -62221267,          0
  2681,    39,   83000000,   20751320,        0,  -62248680,          0
  2681,    40,   83000000,   20865518,        0,  -62134482,          0
  2681,    41,   83000000,   20804327,        0,  -62195673,          0
  2681,    42,   83000000,   20730807,        0,  -62269193,          0
  2681,    43,   83000000,   20902567,        0,  -62097433,          0
  2681,    44,   83000000,   20741089,        0,  -62258911,          0
  2681,    45,   83000000,   20761153,        0,  -62238847,          0
  2681,    46,   83000000,   20834341,        0,  -62165659,          0
  2681,    47,   83000000,   20737275,        0,  -62262725,          0
  2681,    48,   83000000,   20742308,        0,  -62257692,          0
  2681,    49,   83000000,   20833105,        0,  -62166895,          0
  2681,    50,   83000000,   20793696,        0,  -62206304,          0
  2681,    51,   83000000,   20729827,        0,  -62270173,          0
  2681,    52,   83000000,   20736241,        0,  -62263759,          0
  2681,    53,   83000000,   20873076,        0,  -62126924,          0
  2681,    54,   83000000,   20798315,        0,  -62201685,          0
  2681,    55,   83000000,   20749097,        0,  -62250903,          0
  2681,    56,   83000000,   20746251,        0,  -62253749,          0
  2681,    57,   83000000,   21032938,        0,  -61967062,          0
  2681,    58,   83000000,   20757894,        0,  -62242106,          0
  2681,    59,   83000000,   20743707,        0,  -62256293,          0
  2681,    60,   83000000,   21109361,        0,  -61890639,          0
  2681,    61,   83000000,   20732238,        0,  -62267762,          0
  2681,    62,   83000000,   20741014,        0,  -62258986,          0
  2681,    63,   83000000,   21044350,        0,  -61955650,          0
  2681,    64,   83000000,   20775822,        0,  -62224178,          0
  2681,    65,   83000000,   20750454,        0,  -62249546,          0
  2681,    66,   83000000,   21029549,        0,  -61970451,          0
  2681,    67,   83000000,   20866122,        0,  -62133878,          0
  2681,    68,   83000000,   20736559,        0,  -62263441,          0
  2681,    69,   83000000,   21047583,        0,  -61952417,          0
  2681,    70,   83000000,   20850009,        0,  -62149991,          0
  2681,    71,   83000000,   20739223,        0,  -62260777,          0
  2681,    72,   83000000,   21053012,        0,  -61946988,          0
  2681,    73,   83000000,   21751353,        0,  -61248647,          0
  2681,    74,   83000000,   20938384,        0,  -62061616,          0
  2681,    75,   83000000,   21040573,        0,  -61959427,          0
  2681,    76,   83000000,   20738286,        0,  -62261714,          0
  2681,    77,   83000000,   20745923,        0,  -62254077,          0
  2681,    78,   83000000,   21904522,        0,  -61095478,          0
  2681,    79,   83000000,   20727382,        0,  -62272618,          0
  2681,    80,   83000000,   20763422,        0,  -62236578,          0
  2681,    81,   83000000,   22073352,        0,  -60926648,          0
  2681,    82,   83000000,   20783364,        0,  -62216636,          0
  2681,    83,   83000000,   20737013,        0,  -62262987,          0
  2681,    84,   83000000,   24109354,        0,  -58890646,          0
  2681,    85,   83000000,   20774204,        0,  -62225796,          0
  2681,    86,   83000000,   20743994,        0,  -62256006,          0
  2681,    87,   83000000,   21129064,        0,  -61870936,          0
  2681,    88,   83000000,   20724076,        0,  -62275924,          0
  2681,    89,   83000000,   20757660,        0,  -62242340,          0
  2681,    90,   83000000,   21032106,        0,  -61967894,          0
  2681,    91,   83000000,   20748644,        0,  -62251356,          0
  2681,    92,   83000000,   20779964,        0,  -62220036,          0
  2681,    93,   83000000,   21021899,        0,  -61978101,          0
  2681,    94,   83000000,   20749441,        0,  -62250559,          0
  2681,    95,   83000000,   20858025,        0,  -62141975,          0
  2681,    96,   83000000,   21075091,        0,  -61924909,          0
  2681,    97,   83000000,   20778055,        0,  -62221945,          0
  2681,    98,   83000000,   20737542,        0,  -62262458,          0
  2681,    99,   83000000,   21085396,        0,  -61914604,          0
  2681,   100,   83000000,   20837971,        0,  -62162029,          0
  2681,   101,   83000000,   20754758,        0,  -62245242,          0
  2681,   102,   83000000,   21025643,        0,  -61974357,          0
  2681,   103,   83000000,   20744387,        0,  -62255613,          0
  2681,   104,   83000000,   20761648,        0,  -62238352,          0
  2681,   105,   83000000,   21045893,        0,  -61954107,          0
  2681,   106,   83000000,   20755661,        0,  -62244339,          0
  2681,   107,   83000000,   20749058,        0,  -62250942,          0
  2681,   108,   83000000,   21070509,        0,  -61929491,          0
  2681,   109,   83000000,   20756833,        0,  -62243167,          0
  2681,   110,   83000000,   20851555,        0,  -62148445,          0
  2681,   111,   83000000,   21062404,        0,  -61937596,          0
  2681,   112,   83000000,   20750543,        0,  -62249457,          0
  2681,   113,   83000000,   20759759,        0,  -62240241,          0
  2681,   114,   83000000,   21076052,        0,  -61923948,          0
  2681,   115,   83000000,   20772314,        0,  -62227686,          0
  2681,   116,   83000000,   20789425,        0,  -62210575,          0
  2681,   117,   83000000,   20858123,        0,  -62141877,          0
  2681,   118,   83000000,   20733351,        0,  -62266649,          0
  2681,   119,   83000000,   20729663,        0,  -62270337,          0
  2681,   120,   83000000,   20744110,        0,  -62255890,          0
  2681,   121,   83000000,   20753130,        0,  -62246870,          0
  2681,   122,   83000000,   20737083,        0,  -62262917,          0
  2681,   123,   83000000,   20809858,        0,  -62190142,          0
  2681,   124,   83000000,   20769370,        0,  -62230630,          0
