800 800 0
614 614 0
351 351 0
229 229 0
173 173 0
149 149 0
241 241 0
809 809 0
522 522 0
260 260 0
325 325 0
329 329 0
157 157 0
140 140 0
697 697 0
211 211 0
519 519 0
265 265 0
171 171 0
177 177 0
211 211 0
438 438 0
853 853 0
172 172 0
155 155 0
187 187 0
557 557 0
159 159 0
301 301 0
265 265 0
143 143 0
167 167 0
1163 1163 0
737 737 0
164 164 0
378 378 0
294 294 0
356 356 0
486 486 0
1022 1022 0
139 139 0
363 363 0
129 129 0
276 276 0
555 555 0
363 363 0
144 144 0
139 139 0
406 406 0
169 169 0
131 131 0
186 186 0
244 244 0
217 217 0
182 182 0
136 136 0
220 220 0
748 748 0
189 189 0
162 162 0
127 127 0
189 189 0
186 186 0
264 264 0
149 149 0
196 196 0
164 164 0
151 151 0
406 406 0
934 934 0
168 168 0
132 132 0
222 222 0
156 156 0
201 201 0
318 318 0
159 159 0
293 293 0
190 190 0
122 122 0
166 166 0
326 326 0
888 888 0
231 231 0
740 740 0
256 256 0
222 222 0
302 302 0
796 796 0
135 135 0
953 953 0
275 275 0
519 519 0
425 425 0
153 153 0
175 175 0
263 263 0
175 175 0
143 143 0
197 197 0
317 317 0
142 142 0
153 153 0
272 272 0
436 436 0
157 157 0
127 127 0
1582 1582 0
175 175 0
617 617 0
288 288 0
156 156 0
160 160 0
437 437 0
169 169 0
140 140 0
185 185 0
185 185 0
162 162 0
147 147 0
692 692 0
204 204 0
160 160 0
219 219 0
262 262 0
146 146 0
148 148 0
155 155 0
314 314 0
188 188 0
443 443 0
222 222 0
470 470 0
454 454 0
