114 114 0
149 149 0
671 671 0
276 276 0
510 510 0
114 114 0
544 544 0
143 143 0
194 194 0
116 116 0
359 359 0
189 189 0
726 726 0
281 281 0
266 266 0
290 290 0
223 223 0
140 140 0
561 561 0
374 374 0
161 161 0
144 144 0
103 103 0
289 289 0
772 772 0
147 147 0
405 405 0
559 559 0
375 375 0
113 113 0
134 134 0
106 106 0
138 138 0
300 300 0
108 108 0
247 247 0
150 150 0
133 133 0
504 504 0
481 481 0
480 480 0
140 140 0
163 163 0
164 164 0
119 119 0
108 108 0
130 130 0
109 109 0
193 193 0
378 378 0
121 121 0
267 267 0
124 124 0
248 248 0
112 112 0
136 136 0
205 205 0
110 110 0
114 114 0
720 720 0
116 116 0
159 159 0
772 772 0
178 178 0
337 337 0
120 120 0
720 720 0
198 198 0
177 177 0
186 186 0
180 180 0
157 157 0
124 124 0
209 209 0
155 155 0
128 128 0
278 278 0
773 773 0
124 124 0
106 106 0
390 390 0
146 146 0
132 132 0
137 137 0
137 137 0
114 114 0
186 186 0
271 271 0
365 365 0
135 135 0
107 107 0
838 838 0
173 173 0
109 109 0
268 268 0
339 339 0
118 118 0
289 289 0
348 348 0
421 421 0
130 130 0
1004 1004 0
440 440 0
250 250 0
144 144 0
173 173 0
183 183 0
227 227 0
209 209 0
124 124 0
133 133 0
195 195 0
232 232 0
107 107 0
179 179 0
162 162 0
269 269 0
256 256 0
