# Task,   Job,     Period,   Response, DL Miss?,   Lateness,  Tardiness
# task NAME=myapp PID=7014 COST=1169000 PERIOD=75000000 CPU=0
  7014,     2,   75000000,       8514,        0,  -74991486,          0
  7014,     3,   75000000,     101964,        0,  -74898036,          0
  7014,     4,   75000000,    1188341,        0,  -73811659,          0
  7014,     5,   75000000,    1177311,        0,  -73822689,          0
  7014,     6,   75000000,    1211229,        0,  -73788771,          0
  7014,     7,   75000000,    1190440,        0,  -73809560,          0
  7014,     8,   75000000,    1198405,        0,  -73801595,          0
  7014,     9,   75000000,    1214333,        0,  -73785667,          0
  7014,    10,   75000000,    1191753,        0,  -73808247,          0
  7014,    11,   75000000,    1184181,        0,  -73815819,          0
  7014,    12,   75000000,    1238371,        0,  -73761629,          0
  7014,    13,   75000000,    1189988,        0,  -73810012,          0
  7014,    14,   75000000,    1200000,        0,  -73800000,          0
  7014,    15,   75000000,    1214424,        0,  -73785576,          0
  7014,    16,   75000000,    1201425,        0,  -73798575,          0
  7014,    17,   75000000,    1210341,        0,  -73789659,          0
  7014,    18,   75000000,    1250981,        0,  -73749019,          0
  7014,    19,   75000000,    1237144,        0,  -73762856,          0
  7014,    20,   75000000,    1188781,        0,  -73811219,          0
  7014,    21,   75000000,    1191404,        0,  -73808596,          0
  7014,    22,   75000000,    1193869,        0,  -73806131,          0
  7014,    23,   75000000,    1206010,        0,  -73793990,          0
  7014,    24,   75000000,    1217778,        0,  -73782222,          0
  7014,    25,   75000000,    1192733,        0,  -73807267,          0
  7014,    26,   75000000,    1252899,        0,  -73747101,          0
  7014,    27,   75000000,    1198580,        0,  -73801420,          0
  7014,    28,   75000000,    1195749,        0,  -73804251,          0
  7014,    29,   75000000,    1202260,        0,  -73797740,          0
  7014,    30,   75000000,    1202483,        0,  -73797517,          0
  7014,    31,   75000000,    1198684,        0,  -73801316,          0
  7014,    32,   75000000,    1245106,        0,  -73754894,          0
  7014,    33,   75000000,    1193104,        0,  -73806896,          0
  7014,    34,   75000000,    1184680,        0,  -73815320,          0
  7014,    35,   75000000,    1191186,        0,  -73808814,          0
  7014,    36,   75000000,    1221570,        0,  -73778430,          0
  7014,    37,   75000000,    1194520,        0,  -73805480,          0
  7014,    38,   75000000,    1219248,        0,  -73780752,          0
  7014,    39,   75000000,    1181919,        0,  -73818081,          0
  7014,    40,   75000000,    1963680,        0,  -73036320,          0
  7014,    41,   75000000,    1237794,        0,  -73762206,          0
  7014,    42,   75000000,    1209403,        0,  -73790597,          0
  7014,    43,   75000000,    1199016,        0,  -73800984,          0
  7014,    44,   75000000,    1187210,        0,  -73812790,          0
  7014,    45,   75000000,    1212500,        0,  -73787500,          0
  7014,    46,   75000000,    1213789,        0,  -73786211,          0
  7014,    47,   75000000,    1227161,        0,  -73772839,          0
  7014,    48,   75000000,    1189202,        0,  -73810798,          0
  7014,    49,   75000000,    1209513,        0,  -73790487,          0
  7014,    50,   75000000,    1197544,        0,  -73802456,          0
  7014,    51,   75000000,    1193685,        0,  -73806315,          0
  7014,    52,   75000000,    1251792,        0,  -73748208,          0
  7014,    53,   75000000,    1191587,        0,  -73808413,          0
  7014,    54,   75000000,    1185312,        0,  -73814688,          0
  7014,    55,   75000000,    1188612,        0,  -73811388,          0
  7014,    56,   75000000,    1178853,        0,  -73821147,          0
  7014,    57,   75000000,    1216382,        0,  -73783618,          0
  7014,    58,   75000000,    1214191,        0,  -73785809,          0
  7014,    59,   75000000,    1188121,        0,  -73811879,          0
  7014,    60,   75000000,    1209229,        0,  -73790771,          0
  7014,    61,   75000000,    1195863,        0,  -73804137,          0
  7014,    62,   75000000,    1189699,        0,  -73810301,          0
  7014,    63,   75000000,    1208900,        0,  -73791100,          0
  7014,    64,   75000000,    1201073,        0,  -73798927,          0
  7014,    65,   75000000,    1179595,        0,  -73820405,          0
  7014,    66,   75000000,    1181029,        0,  -73818971,          0
  7014,    67,   75000000,    1187096,        0,  -73812904,          0
  7014,    68,   75000000,    1182729,        0,  -73817271,          0
  7014,    69,   75000000,    1187751,        0,  -73812249,          0
  7014,    70,   75000000,    1183092,        0,  -73816908,          0
  7014,    71,   75000000,    1190464,        0,  -73809536,          0
  7014,    72,   75000000,    1194467,        0,  -73805533,          0
  7014,    73,   75000000,    1239654,        0,  -73760346,          0
  7014,    74,   75000000,    1181189,        0,  -73818811,          0
  7014,    75,   75000000,    1186123,        0,  -73813877,          0
  7014,    76,   75000000,    1998304,        0,  -73001696,          0
  7014,    77,   75000000,    2235581,        0,  -72764419,          0
  7014,    78,   75000000,    1250877,        0,  -73749123,          0
  7014,    79,   75000000,    1181250,        0,  -73818750,          0
  7014,    80,   75000000,    1310860,        0,  -73689140,          0
  7014,    81,   75000000,    1208421,        0,  -73791579,          0
  7014,    82,   75000000,    1196005,        0,  -73803995,          0
  7014,    83,   75000000,    1216472,        0,  -73783528,          0
  7014,    84,   75000000,    1208912,        0,  -73791088,          0
  7014,    85,   75000000,    1197050,        0,  -73802950,          0
  7014,    86,   75000000,    1193206,        0,  -73806794,          0
  7014,    87,   75000000,    1183383,        0,  -73816617,          0
  7014,    88,   75000000,    1190718,        0,  -73809282,          0
  7014,    89,   75000000,    1184866,        0,  -73815134,          0
  7014,    90,   75000000,    1201588,        0,  -73798412,          0
  7014,    91,   75000000,    1195568,        0,  -73804432,          0
  7014,    92,   75000000,    1265136,        0,  -73734864,          0
  7014,    93,   75000000,    1192544,        0,  -73807456,          0
  7014,    94,   75000000,    1182039,        0,  -73817961,          0
  7014,    95,   75000000,    1204041,        0,  -73795959,          0
  7014,    96,   75000000,    1238543,        0,  -73761457,          0
  7014,    97,   75000000,    1199210,        0,  -73800790,          0
  7014,    98,   75000000,    1189687,        0,  -73810313,          0
  7014,    99,   75000000,    1199809,        0,  -73800191,          0
  7014,   100,   75000000,    1209851,        0,  -73790149,          0
  7014,   101,   75000000,    1177001,        0,  -73822999,          0
  7014,   102,   75000000,    1370606,        0,  -73629394,          0
  7014,   103,   75000000,    1181568,        0,  -73818432,          0
  7014,   104,   75000000,    1195797,        0,  -73804203,          0
  7014,   105,   75000000,    1196214,        0,  -73803786,          0
  7014,   106,   75000000,    1192942,        0,  -73807058,          0
  7014,   107,   75000000,    1207502,        0,  -73792498,          0
  7014,   108,   75000000,    1189000,        0,  -73811000,          0
  7014,   109,   75000000,    1201706,        0,  -73798294,          0
  7014,   110,   75000000,    1186731,        0,  -73813269,          0
  7014,   111,   75000000,    1203741,        0,  -73796259,          0
  7014,   112,   75000000,    1179838,        0,  -73820162,          0
  7014,   113,   75000000,    1208334,        0,  -73791666,          0
  7014,   114,   75000000,    2250117,        0,  -72749883,          0
  7014,   115,   75000000,    1177801,        0,  -73822199,          0
  7014,   116,   75000000,    1182067,        0,  -73817933,          0
  7014,   117,   75000000,    1212309,        0,  -73787691,          0
  7014,   118,   75000000,    1216527,        0,  -73783473,          0
  7014,   119,   75000000,    1177718,        0,  -73822282,          0
  7014,   120,   75000000,    1188876,        0,  -73811124,          0
  7014,   121,   75000000,    1205804,        0,  -73794196,          0
  7014,   122,   75000000,    1210706,        0,  -73789294,          0
  7014,   123,   75000000,    1215698,        0,  -73784302,          0
  7014,   124,   75000000,    1215738,        0,  -73784262,          0
  7014,   125,   75000000,    1193655,        0,  -73806345,          0
  7014,   126,   75000000,    1199060,        0,  -73800940,          0
  7014,   127,   75000000,    1177281,        0,  -73822719,          0
  7014,   128,   75000000,    1195616,        0,  -73804384,          0
  7014,   129,   75000000,    1180111,        0,  -73819889,          0
  7014,   130,   75000000,    1211490,        0,  -73788510,          0
  7014,   131,   75000000,    1210946,        0,  -73789054,          0
  7014,   132,   75000000,    1272163,        0,  -73727837,          0
  7014,   133,   75000000,    1199215,        0,  -73800785,          0
  7014,   134,   75000000,    1182087,        0,  -73817913,          0
  7014,   135,   75000000,    1263598,        0,  -73736402,          0
  7014,   136,   75000000,    1189378,        0,  -73810622,          0
  7014,   137,   75000000,    1187856,        0,  -73812144,          0
# task NAME=myapp PID=7017 COST=5355000 PERIOD=81000000 CPU=0
  7017,     2,   81000000,       8538,        0,  -80991462,          0
  7017,     3,   81000000,     108818,        0,  -80891182,          0
  7017,     4,   81000000,    7407834,        0,  -73592166,          0
  7017,     5,   81000000,    5352991,        0,  -75647009,          0
  7017,     6,   81000000,    5335944,        0,  -75664056,          0
  7017,     7,   81000000,    5318924,        0,  -75681076,          0
  7017,     8,   81000000,    5318174,        0,  -75681826,          0
  7017,     9,   81000000,    5332492,        0,  -75667508,          0
  7017,    10,   81000000,    5334256,        0,  -75665744,          0
  7017,    11,   81000000,    5640091,        0,  -75359909,          0
  7017,    12,   81000000,    5320916,        0,  -75679084,          0
  7017,    13,   81000000,    5313879,        0,  -75686121,          0
  7017,    14,   81000000,    5336745,        0,  -75663255,          0
  7017,    15,   81000000,    5377910,        0,  -75622090,          0
  7017,    16,   81000000,    5309624,        0,  -75690376,          0
  7017,    17,   81000000,    5322190,        0,  -75677810,          0
  7017,    18,   81000000,    5343286,        0,  -75656714,          0
  7017,    19,   81000000,    5334792,        0,  -75665208,          0
  7017,    20,   81000000,    5328755,        0,  -75671245,          0
  7017,    21,   81000000,    5336085,        0,  -75663915,          0
  7017,    22,   81000000,    5372206,        0,  -75627794,          0
  7017,    23,   81000000,    5370486,        0,  -75629514,          0
  7017,    24,   81000000,    5335326,        0,  -75664674,          0
  7017,    25,   81000000,    5334602,        0,  -75665398,          0
  7017,    26,   81000000,    5319063,        0,  -75680937,          0
  7017,    27,   81000000,    5318696,        0,  -75681304,          0
  7017,    28,   81000000,    5627573,        0,  -75372427,          0
  7017,    29,   81000000,    5326109,        0,  -75673891,          0
  7017,    30,   81000000,    5343001,        0,  -75656999,          0
  7017,    31,   81000000,    5345834,        0,  -75654166,          0
  7017,    32,   81000000,    5320800,        0,  -75679200,          0
  7017,    33,   81000000,    5331724,        0,  -75668276,          0
  7017,    34,   81000000,    5348756,        0,  -75651244,          0
  7017,    35,   81000000,    5325194,        0,  -75674806,          0
  7017,    36,   81000000,    5445884,        0,  -75554116,          0
  7017,    37,   81000000,    5333770,        0,  -75666230,          0
  7017,    38,   81000000,    5342393,        0,  -75657607,          0
  7017,    39,   81000000,    5325434,        0,  -75674566,          0
  7017,    40,   81000000,    5339068,        0,  -75660932,          0
  7017,    41,   81000000,    5343808,        0,  -75656192,          0
  7017,    42,   81000000,    5412047,        0,  -75587953,          0
  7017,    43,   81000000,    5331797,        0,  -75668203,          0
  7017,    44,   81000000,    5325762,        0,  -75674238,          0
  7017,    45,   81000000,    5329872,        0,  -75670128,          0
  7017,    46,   81000000,    5317216,        0,  -75682784,          0
  7017,    47,   81000000,    5344928,        0,  -75655072,          0
  7017,    48,   81000000,    5362315,        0,  -75637685,          0
  7017,    49,   81000000,    5350231,        0,  -75649769,          0
  7017,    50,   81000000,    5334406,        0,  -75665594,          0
  7017,    51,   81000000,    5353346,        0,  -75646654,          0
  7017,    52,   81000000,    5375014,        0,  -75624986,          0
  7017,    53,   81000000,    5346488,        0,  -75653512,          0
  7017,    54,   81000000,    5350802,        0,  -75649198,          0
  7017,    55,   81000000,    5341965,        0,  -75658035,          0
  7017,    56,   81000000,    5324349,        0,  -75675651,          0
  7017,    57,   81000000,    5312659,        0,  -75687341,          0
  7017,    58,   81000000,    5359472,        0,  -75640528,          0
  7017,    59,   81000000,    5414727,        0,  -75585273,          0
  7017,    60,   81000000,    5354007,        0,  -75645993,          0
  7017,    61,   81000000,    5386509,        0,  -75613491,          0
  7017,    62,   81000000,    5329428,        0,  -75670572,          0
  7017,    63,   81000000,    5327465,        0,  -75672535,          0
  7017,    64,   81000000,    5327224,        0,  -75672776,          0
  7017,    65,   81000000,    5605434,        0,  -75394566,          0
  7017,    66,   81000000,    5327832,        0,  -75672168,          0
  7017,    67,   81000000,    5337190,        0,  -75662810,          0
  7017,    68,   81000000,    5353619,        0,  -75646381,          0
  7017,    69,   81000000,    5316887,        0,  -75683113,          0
  7017,    70,   81000000,    5342602,        0,  -75657398,          0
  7017,    71,   81000000,    5339683,        0,  -75660317,          0
  7017,    72,   81000000,    5312870,        0,  -75687130,          0
  7017,    73,   81000000,    5388586,        0,  -75611414,          0
  7017,    74,   81000000,    5380013,        0,  -75619987,          0
  7017,    75,   81000000,    5334866,        0,  -75665134,          0
  7017,    76,   81000000,    5331183,        0,  -75668817,          0
  7017,    77,   81000000,    5416758,        0,  -75583242,          0
  7017,    78,   81000000,    5352983,        0,  -75647017,          0
  7017,    79,   81000000,    5339551,        0,  -75660449,          0
  7017,    80,   81000000,    5341732,        0,  -75658268,          0
  7017,    81,   81000000,    5388585,        0,  -75611415,          0
  7017,    82,   81000000,    5605423,        0,  -75394577,          0
  7017,    83,   81000000,    5314459,        0,  -75685541,          0
  7017,    84,   81000000,    5323530,        0,  -75676470,          0
  7017,    85,   81000000,    5312851,        0,  -75687149,          0
  7017,    86,   81000000,    5337045,        0,  -75662955,          0
  7017,    87,   81000000,    5323084,        0,  -75676916,          0
  7017,    88,   81000000,    5335301,        0,  -75664699,          0
  7017,    89,   81000000,    5368654,        0,  -75631346,          0
  7017,    90,   81000000,    5318511,        0,  -75681489,          0
  7017,    91,   81000000,    5334771,        0,  -75665229,          0
  7017,    92,   81000000,    5332686,        0,  -75667314,          0
  7017,    93,   81000000,    5320036,        0,  -75679964,          0
  7017,    94,   81000000,    5324695,        0,  -75675305,          0
  7017,    95,   81000000,    5336341,        0,  -75663659,          0
  7017,    96,   81000000,    5351166,        0,  -75648834,          0
  7017,    97,   81000000,    5348864,        0,  -75651136,          0
  7017,    98,   81000000,    5339353,        0,  -75660647,          0
  7017,    99,   81000000,    5663331,        0,  -75336669,          0
  7017,   100,   81000000,    5319247,        0,  -75680753,          0
  7017,   101,   81000000,    5430448,        0,  -75569552,          0
  7017,   102,   81000000,    5335507,        0,  -75664493,          0
  7017,   103,   81000000,    5351886,        0,  -75648114,          0
  7017,   104,   81000000,    5340408,        0,  -75659592,          0
  7017,   105,   81000000,    5321375,        0,  -75678625,          0
  7017,   106,   81000000,    5340053,        0,  -75659947,          0
  7017,   107,   81000000,    5336216,        0,  -75663784,          0
  7017,   108,   81000000,    5348940,        0,  -75651060,          0
  7017,   109,   81000000,    5337916,        0,  -75662084,          0
  7017,   110,   81000000,    5315809,        0,  -75684191,          0
  7017,   111,   81000000,    5335681,        0,  -75664319,          0
  7017,   112,   81000000,    5319639,        0,  -75680361,          0
  7017,   113,   81000000,    5337848,        0,  -75662152,          0
  7017,   114,   81000000,    5339584,        0,  -75660416,          0
  7017,   115,   81000000,    5350041,        0,  -75649959,          0
  7017,   116,   81000000,    5335725,        0,  -75664275,          0
  7017,   117,   81000000,    5338884,        0,  -75661116,          0
  7017,   118,   81000000,    5353382,        0,  -75646618,          0
  7017,   119,   81000000,    5322050,        0,  -75677950,          0
  7017,   120,   81000000,    5325680,        0,  -75674320,          0
  7017,   121,   81000000,    5325125,        0,  -75674875,          0
  7017,   122,   81000000,    5346199,        0,  -75653801,          0
  7017,   123,   81000000,    5320605,        0,  -75679395,          0
  7017,   124,   81000000,    5335254,        0,  -75664746,          0
  7017,   125,   81000000,    5324655,        0,  -75675345,          0
  7017,   126,   81000000,    5321431,        0,  -75678569,          0
  7017,   127,   81000000,    5328914,        0,  -75671086,          0
# task NAME=myapp PID=7021 COST=2969000 PERIOD=47000000 CPU=0
  7021,     2,   47000000,       8518,        0,  -46991482,          0
  7021,     3,   47000000,      84258,        0,  -46915742,          0
  7021,     4,   47000000,    3999094,        0,  -43000906,          0
  7021,     5,   47000000,    2981102,        0,  -44018898,          0
  7021,     6,   47000000,    2972697,        0,  -44027303,          0
  7021,     7,   47000000,    2974260,        0,  -44025740,          0
  7021,     8,   47000000,    2969796,        0,  -44030204,          0
  7021,     9,   47000000,    2962350,        0,  -44037650,          0
  7021,    10,   47000000,    2981248,        0,  -44018752,          0
  7021,    11,   47000000,    2963005,        0,  -44036995,          0
  7021,    12,   47000000,    2980502,        0,  -44019498,          0
  7021,    13,   47000000,    2980545,        0,  -44019455,          0
  7021,    14,   47000000,    2999475,        0,  -44000525,          0
  7021,    15,   47000000,    2952629,        0,  -44047371,          0
  7021,    16,   47000000,    2967375,        0,  -44032625,          0
  7021,    17,   47000000,    2978055,        0,  -44021945,          0
  7021,    18,   47000000,    2974115,        0,  -44025885,          0
  7021,    19,   47000000,    3029058,        0,  -43970942,          0
  7021,    20,   47000000,    2961046,        0,  -44038954,          0
  7021,    21,   47000000,    2963438,        0,  -44036562,          0
  7021,    22,   47000000,    2962102,        0,  -44037898,          0
  7021,    23,   47000000,    3038350,        0,  -43961650,          0
  7021,    24,   47000000,    2978996,        0,  -44021004,          0
  7021,    25,   47000000,    3090149,        0,  -43909851,          0
  7021,    26,   47000000,    2959554,        0,  -44040446,          0
  7021,    27,   47000000,    2970640,        0,  -44029360,          0
  7021,    28,   47000000,    2977659,        0,  -44022341,          0
  7021,    29,   47000000,    3049705,        0,  -43950295,          0
  7021,    30,   47000000,    2991644,        0,  -44008356,          0
  7021,    31,   47000000,    2950251,        0,  -44049749,          0
  7021,    32,   47000000,    2955531,        0,  -44044469,          0
  7021,    33,   47000000,    2965461,        0,  -44034539,          0
  7021,    34,   47000000,    2978437,        0,  -44021563,          0
  7021,    35,   47000000,    2968811,        0,  -44031189,          0
  7021,    36,   47000000,    2955557,        0,  -44044443,          0
  7021,    37,   47000000,    2981197,        0,  -44018803,          0
  7021,    38,   47000000,    2960086,        0,  -44039914,          0
  7021,    39,   47000000,    2973857,        0,  -44026143,          0
  7021,    40,   47000000,    2986530,        0,  -44013470,          0
  7021,    41,   47000000,    3044607,        0,  -43955393,          0
  7021,    42,   47000000,    2962372,        0,  -44037628,          0
  7021,    43,   47000000,    2964326,        0,  -44035674,          0
  7021,    44,   47000000,    2986736,        0,  -44013264,          0
  7021,    45,   47000000,    2956606,        0,  -44043394,          0
  7021,    46,   47000000,    2984894,        0,  -44015106,          0
  7021,    47,   47000000,    2969126,        0,  -44030874,          0
  7021,    48,   47000000,    2980762,        0,  -44019238,          0
  7021,    49,   47000000,    2979759,        0,  -44020241,          0
  7021,    50,   47000000,    2961565,        0,  -44038435,          0
  7021,    51,   47000000,    2982321,        0,  -44017679,          0
  7021,    52,   47000000,    2955998,        0,  -44044002,          0
  7021,    53,   47000000,    3013196,        0,  -43986804,          0
  7021,    54,   47000000,    2961625,        0,  -44038375,          0
  7021,    55,   47000000,    2959473,        0,  -44040527,          0
  7021,    56,   47000000,    3013077,        0,  -43986923,          0
  7021,    57,   47000000,    3009642,        0,  -43990358,          0
  7021,    58,   47000000,    3027046,        0,  -43972954,          0
  7021,    59,   47000000,    2970335,        0,  -44029665,          0
  7021,    60,   47000000,    2969718,        0,  -44030282,          0
  7021,    61,   47000000,    2977233,        0,  -44022767,          0
  7021,    62,   47000000,    2955456,        0,  -44044544,          0
  7021,    63,   47000000,    3011709,        0,  -43988291,          0
  7021,    64,   47000000,    2962822,        0,  -44037178,          0
  7021,    65,   47000000,    2953535,        0,  -44046465,          0
  7021,    66,   47000000,    2984253,        0,  -44015747,          0
  7021,    67,   47000000,    3028104,        0,  -43971896,          0
  7021,    68,   47000000,    2966226,        0,  -44033774,          0
  7021,    69,   47000000,    2966876,        0,  -44033124,          0
  7021,    70,   47000000,    3253149,        0,  -43746851,          0
  7021,    71,   47000000,    2961760,        0,  -44038240,          0
  7021,    72,   47000000,    2952509,        0,  -44047491,          0
  7021,    73,   47000000,    2984486,        0,  -44015514,          0
  7021,    74,   47000000,    2957601,        0,  -44042399,          0
  7021,    75,   47000000,    2983217,        0,  -44016783,          0
  7021,    76,   47000000,    2957513,        0,  -44042487,          0
  7021,    77,   47000000,    3041125,        0,  -43958875,          0
  7021,    78,   47000000,    3256537,        0,  -43743463,          0
  7021,    79,   47000000,    2974699,        0,  -44025301,          0
  7021,    80,   47000000,    2977002,        0,  -44022998,          0
  7021,    81,   47000000,    2965656,        0,  -44034344,          0
  7021,    82,   47000000,    2963301,        0,  -44036699,          0
  7021,    83,   47000000,    2955022,        0,  -44044978,          0
  7021,    84,   47000000,    2968042,        0,  -44031958,          0
  7021,    85,   47000000,    3025441,        0,  -43974559,          0
  7021,    86,   47000000,    3234893,        0,  -43765107,          0
  7021,    87,   47000000,    2971535,        0,  -44028465,          0
  7021,    88,   47000000,    2950226,        0,  -44049774,          0
  7021,    89,   47000000,    2975813,        0,  -44024187,          0
  7021,    90,   47000000,    2970909,        0,  -44029091,          0
  7021,    91,   47000000,    2992657,        0,  -44007343,          0
  7021,    92,   47000000,    2962713,        0,  -44037287,          0
  7021,    93,   47000000,    2967323,        0,  -44032677,          0
  7021,    94,   47000000,    2964594,        0,  -44035406,          0
  7021,    95,   47000000,    2971393,        0,  -44028607,          0
  7021,    96,   47000000,    2959123,        0,  -44040877,          0
  7021,    97,   47000000,    2967602,        0,  -44032398,          0
  7021,    98,   47000000,    2986917,        0,  -44013083,          0
  7021,    99,   47000000,    3019938,        0,  -43980062,          0
  7021,   100,   47000000,    2992751,        0,  -44007249,          0
  7021,   101,   47000000,    2967771,        0,  -44032229,          0
  7021,   102,   47000000,    2967413,        0,  -44032587,          0
  7021,   103,   47000000,    4994051,        0,  -42005949,          0
  7021,   104,   47000000,    2972346,        0,  -44027654,          0
  7021,   105,   47000000,    2966990,        0,  -44033010,          0
  7021,   106,   47000000,    2981498,        0,  -44018502,          0
  7021,   107,   47000000,    2975873,        0,  -44024127,          0
  7021,   108,   47000000,    2982995,        0,  -44017005,          0
  7021,   109,   47000000,    2962071,        0,  -44037929,          0
  7021,   110,   47000000,    3031446,        0,  -43968554,          0
  7021,   111,   47000000,    3004058,        0,  -43995942,          0
  7021,   112,   47000000,    2977619,        0,  -44022381,          0
  7021,   113,   47000000,    2978416,        0,  -44021584,          0
  7021,   114,   47000000,    2999262,        0,  -44000738,          0
  7021,   115,   47000000,    2988852,        0,  -44011148,          0
  7021,   116,   47000000,    3021479,        0,  -43978521,          0
  7021,   117,   47000000,    2963326,        0,  -44036674,          0
  7021,   118,   47000000,    2965438,        0,  -44034562,          0
  7021,   119,   47000000,    2966367,        0,  -44033633,          0
  7021,   120,   47000000,    2962802,        0,  -44037198,          0
  7021,   121,   47000000,    2984606,        0,  -44015394,          0
  7021,   122,   47000000,    2994982,        0,  -44005018,          0
  7021,   123,   47000000,    2956195,        0,  -44043805,          0
  7021,   124,   47000000,    2975302,        0,  -44024698,          0
  7021,   125,   47000000,    2963972,        0,  -44036028,          0
  7021,   126,   47000000,    2979737,        0,  -44020263,          0
  7021,   127,   47000000,    3026749,        0,  -43973251,          0
  7021,   128,   47000000,    2964635,        0,  -44035365,          0
  7021,   129,   47000000,    2949995,        0,  -44050005,          0
  7021,   130,   47000000,    2964874,        0,  -44035126,          0
  7021,   131,   47000000,    2990291,        0,  -44009709,          0
  7021,   132,   47000000,    2950816,        0,  -44049184,          0
  7021,   133,   47000000,    2990409,        0,  -44009591,          0
  7021,   134,   47000000,    2976084,        0,  -44023916,          0
  7021,   135,   47000000,    2998107,        0,  -44001893,          0
  7021,   136,   47000000,    2968290,        0,  -44031710,          0
  7021,   137,   47000000,    2987853,        0,  -44012147,          0
  7021,   138,   47000000,    2988574,        0,  -44011426,          0
  7021,   139,   47000000,    2971526,        0,  -44028474,          0
  7021,   140,   47000000,    2958779,        0,  -44041221,          0
  7021,   141,   47000000,    2953047,        0,  -44046953,          0
  7021,   142,   47000000,    2981968,        0,  -44018032,          0
  7021,   143,   47000000,    2957134,        0,  -44042866,          0
  7021,   144,   47000000,    2996423,        0,  -44003577,          0
  7021,   145,   47000000,    3070621,        0,  -43929379,          0
  7021,   146,   47000000,    3044446,        0,  -43955554,          0
  7021,   147,   47000000,    2958780,        0,  -44041220,          0
  7021,   148,   47000000,    2954745,        0,  -44045255,          0
  7021,   149,   47000000,    2951499,        0,  -44048501,          0
  7021,   150,   47000000,    2960399,        0,  -44039601,          0
  7021,   151,   47000000,    3086182,        0,  -43913818,          0
  7021,   152,   47000000,    3012272,        0,  -43987728,          0
  7021,   153,   47000000,    2958487,        0,  -44041513,          0
  7021,   154,   47000000,    3078365,        0,  -43921635,          0
  7021,   155,   47000000,    2979519,        0,  -44020481,          0
  7021,   156,   47000000,    2965874,        0,  -44034126,          0
  7021,   157,   47000000,    2971775,        0,  -44028225,          0
  7021,   158,   47000000,    2974783,        0,  -44025217,          0
  7021,   159,   47000000,    2969259,        0,  -44030741,          0
  7021,   160,   47000000,    2974833,        0,  -44025167,          0
  7021,   161,   47000000,    2955795,        0,  -44044205,          0
  7021,   162,   47000000,    2970709,        0,  -44029291,          0
  7021,   163,   47000000,    2985518,        0,  -44014482,          0
  7021,   164,   47000000,    3052313,        0,  -43947687,          0
  7021,   165,   47000000,    2992873,        0,  -44007127,          0
  7021,   166,   47000000,    2968274,        0,  -44031726,          0
  7021,   167,   47000000,    2965219,        0,  -44034781,          0
  7021,   168,   47000000,    2994487,        0,  -44005513,          0
  7021,   169,   47000000,    2955674,        0,  -44044326,          0
  7021,   170,   47000000,    2954073,        0,  -44045927,          0
  7021,   171,   47000000,    3054136,        0,  -43945864,          0
  7021,   172,   47000000,    2966398,        0,  -44033602,          0
  7021,   173,   47000000,    2979380,        0,  -44020620,          0
  7021,   174,   47000000,    2990440,        0,  -44009560,          0
  7021,   175,   47000000,    2990711,        0,  -44009289,          0
  7021,   176,   47000000,    3004142,        0,  -43995858,          0
  7021,   177,   47000000,    2956969,        0,  -44043031,          0
  7021,   178,   47000000,    2958919,        0,  -44041081,          0
  7021,   179,   47000000,    2958663,        0,  -44041337,          0
  7021,   180,   47000000,    3827012,        0,  -43172988,          0
  7021,   181,   47000000,    2967282,        0,  -44032718,          0
  7021,   182,   47000000,    3027931,        0,  -43972069,          0
  7021,   183,   47000000,    2971849,        0,  -44028151,          0
  7021,   184,   47000000,    2977603,        0,  -44022397,          0
  7021,   185,   47000000,    2961476,        0,  -44038524,          0
  7021,   186,   47000000,    2964550,        0,  -44035450,          0
  7021,   187,   47000000,    2971805,        0,  -44028195,          0
  7021,   188,   47000000,    2993422,        0,  -44006578,          0
  7021,   189,   47000000,    2981941,        0,  -44018059,          0
  7021,   190,   47000000,    2984476,        0,  -44015524,          0
  7021,   191,   47000000,    2984520,        0,  -44015480,          0
  7021,   192,   47000000,    2991922,        0,  -44008078,          0
  7021,   193,   47000000,    2971336,        0,  -44028664,          0
  7021,   194,   47000000,    3008083,        0,  -43991917,          0
  7021,   195,   47000000,    3278238,        0,  -43721762,          0
  7021,   196,   47000000,    2971722,        0,  -44028278,          0
  7021,   197,   47000000,    2974135,        0,  -44025865,          0
  7021,   198,   47000000,    2979493,        0,  -44020507,          0
  7021,   199,   47000000,    2958961,        0,  -44041039,          0
  7021,   200,   47000000,    2957671,        0,  -44042329,          0
  7021,   201,   47000000,    2975332,        0,  -44024668,          0
  7021,   202,   47000000,    2993705,        0,  -44006295,          0
  7021,   203,   47000000,    3244080,        0,  -43755920,          0
  7021,   204,   47000000,    2975129,        0,  -44024871,          0
  7021,   205,   47000000,    2974717,        0,  -44025283,          0
  7021,   206,   47000000,    2991578,        0,  -44008422,          0
  7021,   207,   47000000,    2962061,        0,  -44037939,          0
  7021,   208,   47000000,    2963389,        0,  -44036611,          0
  7021,   209,   47000000,    2970885,        0,  -44029115,          0
  7021,   210,   47000000,    2964262,        0,  -44035738,          0
  7021,   211,   47000000,    3256029,        0,  -43743971,          0
  7021,   212,   47000000,    2972846,        0,  -44027154,          0
  7021,   213,   47000000,    3032443,        0,  -43967557,          0
  7021,   214,   47000000,    2987349,        0,  -44012651,          0
  7021,   215,   47000000,    2988557,        0,  -44011443,          0
  7021,   216,   47000000,    2965876,        0,  -44034124,          0
# task NAME=myapp PID=7025 COST=4054000 PERIOD=89000000 CPU=0
  7025,     2,   89000000,       9013,        0,  -88990987,          0
  7025,     3,   89000000,     115620,        0,  -88884380,          0
  7025,     4,   89000000,    6087596,        0,  -82912404,          0
  7025,     5,   89000000,    4038626,        0,  -84961374,          0
  7025,     6,   89000000,    4035280,        0,  -84964720,          0
  7025,     7,   89000000,    4033661,        0,  -84966339,          0
  7025,     8,   89000000,    4098104,        0,  -84901896,          0
  7025,     9,   89000000,    4029863,        0,  -84970137,          0
  7025,    10,   89000000,    4027155,        0,  -84972845,          0
  7025,    11,   89000000,    4080371,        0,  -84919629,          0
  7025,    12,   89000000,    4045250,        0,  -84954750,          0
  7025,    13,   89000000,    4041039,        0,  -84958961,          0
  7025,    14,   89000000,    4031120,        0,  -84968880,          0
  7025,    15,   89000000,    4060875,        0,  -84939125,          0
  7025,    16,   89000000,    4040379,        0,  -84959621,          0
  7025,    17,   89000000,    4063648,        0,  -84936352,          0
  7025,    18,   89000000,    4036053,        0,  -84963947,          0
  7025,    19,   89000000,    4046111,        0,  -84953889,          0
  7025,    20,   89000000,    4063411,        0,  -84936589,          0
  7025,    21,   89000000,    4034148,        0,  -84965852,          0
  7025,    22,   89000000,    4040585,        0,  -84959415,          0
  7025,    23,   89000000,    4039830,        0,  -84960170,          0
  7025,    24,   89000000,    4030524,        0,  -84969476,          0
  7025,    25,   89000000,    4055506,        0,  -84944494,          0
  7025,    26,   89000000,    4075469,        0,  -84924531,          0
  7025,    27,   89000000,    4036684,        0,  -84963316,          0
  7025,    28,   89000000,    4032567,        0,  -84967433,          0
  7025,    29,   89000000,    4067700,        0,  -84932300,          0
  7025,    30,   89000000,    4059008,        0,  -84940992,          0
  7025,    31,   89000000,    4063792,        0,  -84936208,          0
  7025,    32,   89000000,    4061790,        0,  -84938210,          0
  7025,    33,   89000000,    4055174,        0,  -84944826,          0
  7025,    34,   89000000,    4070699,        0,  -84929301,          0
  7025,    35,   89000000,    4041529,        0,  -84958471,          0
  7025,    36,   89000000,    4033644,        0,  -84966356,          0
  7025,    37,   89000000,    4330397,        0,  -84669603,          0
  7025,    38,   89000000,    4054553,        0,  -84945447,          0
  7025,    39,   89000000,    4037960,        0,  -84962040,          0
  7025,    40,   89000000,    4062138,        0,  -84937862,          0
  7025,    41,   89000000,    4079473,        0,  -84920527,          0
  7025,    42,   89000000,    5080875,        0,  -83919125,          0
  7025,    43,   89000000,    4049459,        0,  -84950541,          0
  7025,    44,   89000000,    4384635,        0,  -84615365,          0
  7025,    45,   89000000,    4063192,        0,  -84936808,          0
  7025,    46,   89000000,    4027780,        0,  -84972220,          0
  7025,    47,   89000000,    4094966,        0,  -84905034,          0
  7025,    48,   89000000,    4071126,        0,  -84928874,          0
  7025,    49,   89000000,    4040229,        0,  -84959771,          0
  7025,    50,   89000000,    4034981,        0,  -84965019,          0
  7025,    51,   89000000,    4070119,        0,  -84929881,          0
  7025,    52,   89000000,    4031410,        0,  -84968590,          0
  7025,    53,   89000000,    4101691,        0,  -84898309,          0
  7025,    54,   89000000,    4073675,        0,  -84926325,          0
  7025,    55,   89000000,    4031485,        0,  -84968515,          0
  7025,    56,   89000000,    4036747,        0,  -84963253,          0
  7025,    57,   89000000,    4036084,        0,  -84963916,          0
  7025,    58,   89000000,    4483350,        0,  -84516650,          0
  7025,    59,   89000000,    4079855,        0,  -84920145,          0
  7025,    60,   89000000,    4057925,        0,  -84942075,          0
  7025,    61,   89000000,    4039163,        0,  -84960837,          0
  7025,    62,   89000000,    4062423,        0,  -84937577,          0
  7025,    63,   89000000,    4041386,        0,  -84958614,          0
  7025,    64,   89000000,    4046077,        0,  -84953923,          0
  7025,    65,   89000000,    4088492,        0,  -84911508,          0
  7025,    66,   89000000,    4034849,        0,  -84965151,          0
  7025,    67,   89000000,    4068609,        0,  -84931391,          0
  7025,    68,   89000000,    4039923,        0,  -84960077,          0
  7025,    69,   89000000,    4044228,        0,  -84955772,          0
  7025,    70,   89000000,    4048258,        0,  -84951742,          0
  7025,    71,   89000000,    4053958,        0,  -84946042,          0
  7025,    72,   89000000,    4051895,        0,  -84948105,          0
  7025,    73,   89000000,    4035844,        0,  -84964156,          0
  7025,    74,   89000000,    4038823,        0,  -84961177,          0
  7025,    75,   89000000,    4041636,        0,  -84958364,          0
  7025,    76,   89000000,    4060578,        0,  -84939422,          0
  7025,    77,   89000000,    4061677,        0,  -84938323,          0
  7025,    78,   89000000,    4172983,        0,  -84827017,          0
  7025,    79,   89000000,    4059879,        0,  -84940121,          0
  7025,    80,   89000000,    4073475,        0,  -84926525,          0
  7025,    81,   89000000,    4048166,        0,  -84951834,          0
  7025,    82,   89000000,    4041775,        0,  -84958225,          0
  7025,    83,   89000000,    4049851,        0,  -84950149,          0
  7025,    84,   89000000,    4126483,        0,  -84873517,          0
  7025,    85,   89000000,    4032721,        0,  -84967279,          0
  7025,    86,   89000000,    4048206,        0,  -84951794,          0
  7025,    87,   89000000,    4027794,        0,  -84972206,          0
  7025,    88,   89000000,    4064167,        0,  -84935833,          0
  7025,    89,   89000000,    4056086,        0,  -84943914,          0
  7025,    90,   89000000,    4077470,        0,  -84922530,          0
  7025,    91,   89000000,    4066174,        0,  -84933826,          0
  7025,    92,   89000000,    4086248,        0,  -84913752,          0
  7025,    93,   89000000,    4049187,        0,  -84950813,          0
  7025,    94,   89000000,    4087049,        0,  -84912951,          0
  7025,    95,   89000000,    4034216,        0,  -84965784,          0
  7025,    96,   89000000,    4165740,        0,  -84834260,          0
  7025,    97,   89000000,    4061333,        0,  -84938667,          0
  7025,    98,   89000000,    4033449,        0,  -84966551,          0
  7025,    99,   89000000,    4051685,        0,  -84948315,          0
  7025,   100,   89000000,    4049551,        0,  -84950449,          0
  7025,   101,   89000000,    4066670,        0,  -84933330,          0
  7025,   102,   89000000,    4042331,        0,  -84957669,          0
  7025,   103,   89000000,    4334519,        0,  -84665481,          0
  7025,   104,   89000000,    4051089,        0,  -84948911,          0
  7025,   105,   89000000,    4051927,        0,  -84948073,          0
  7025,   106,   89000000,    4078298,        0,  -84921702,          0
  7025,   107,   89000000,    4040778,        0,  -84959222,          0
  7025,   108,   89000000,    4044515,        0,  -84955485,          0
  7025,   109,   89000000,    4038437,        0,  -84961563,          0
  7025,   110,   89000000,    4343483,        0,  -84656517,          0
  7025,   111,   89000000,    4073317,        0,  -84926683,          0
  7025,   112,   89000000,    4075980,        0,  -84924020,          0
  7025,   113,   89000000,    4087310,        0,  -84912690,          0
  7025,   114,   89000000,    4048306,        0,  -84951694,          0
  7025,   115,   89000000,    4049104,        0,  -84950896,          0
  7025,   116,   89000000,    4097032,        0,  -84902968,          0
# task NAME=myapp PID=7029 COST=1753000 PERIOD=37000000 CPU=0
  7029,     2,   37000000,       8887,        0,  -36991113,          0
  7029,     3,   37000000,      88787,        0,  -36911213,          0
  7029,     4,   37000000,    2777423,        0,  -34222577,          0
  7029,     5,   37000000,    1769666,        0,  -35230334,          0
  7029,     6,   37000000,    1801012,        0,  -35198988,          0
  7029,     7,   37000000,    1780337,        0,  -35219663,          0
  7029,     8,   37000000,    1778422,        0,  -35221578,          0
  7029,     9,   37000000,    1814245,        0,  -35185755,          0
  7029,    10,   37000000,    1765549,        0,  -35234451,          0
  7029,    11,   37000000,    1784648,        0,  -35215352,          0
  7029,    12,   37000000,    1763219,        0,  -35236781,          0
  7029,    13,   37000000,    1762826,        0,  -35237174,          0
  7029,    14,   37000000,    1761284,        0,  -35238716,          0
  7029,    15,   37000000,    1767709,        0,  -35232291,          0
  7029,    16,   37000000,    1789048,        0,  -35210952,          0
  7029,    17,   37000000,    1760701,        0,  -35239299,          0
  7029,    18,   37000000,    1755173,        0,  -35244827,          0
  7029,    19,   37000000,    1766855,        0,  -35233145,          0
  7029,    20,   37000000,    1774601,        0,  -35225399,          0
  7029,    21,   37000000,    1764429,        0,  -35235571,          0
  7029,    22,   37000000,    1779847,        0,  -35220153,          0
  7029,    23,   37000000,    1790728,        0,  -35209272,          0
  7029,    24,   37000000,    1764462,        0,  -35235538,          0
  7029,    25,   37000000,    1774997,        0,  -35225003,          0
  7029,    26,   37000000,    1761918,        0,  -35238082,          0
  7029,    27,   37000000,    1780662,        0,  -35219338,          0
  7029,    28,   37000000,    1782294,        0,  -35217706,          0
  7029,    29,   37000000,    1766412,        0,  -35233588,          0
  7029,    30,   37000000,    1762604,        0,  -35237396,          0
  7029,    31,   37000000,    1783281,        0,  -35216719,          0
  7029,    32,   37000000,    1777852,        0,  -35222148,          0
  7029,    33,   37000000,    1764059,        0,  -35235941,          0
  7029,    34,   37000000,    1756197,        0,  -35243803,          0
  7029,    35,   37000000,    1765186,        0,  -35234814,          0
  7029,    36,   37000000,    1774718,        0,  -35225282,          0
  7029,    37,   37000000,    1786213,        0,  -35213787,          0
  7029,    38,   37000000,    1766985,        0,  -35233015,          0
  7029,    39,   37000000,    1766568,        0,  -35233432,          0
  7029,    40,   37000000,    1754377,        0,  -35245623,          0
  7029,    41,   37000000,    1800867,        0,  -35199133,          0
  7029,    42,   37000000,    1777865,        0,  -35222135,          0
  7029,    43,   37000000,    1754096,        0,  -35245904,          0
  7029,    44,   37000000,    1789925,        0,  -35210075,          0
  7029,    45,   37000000,    1765551,        0,  -35234449,          0
  7029,    46,   37000000,    1783714,        0,  -35216286,          0
  7029,    47,   37000000,    1800048,        0,  -35199952,          0
  7029,    48,   37000000,    1779329,        0,  -35220671,          0
  7029,    49,   37000000,    1768448,        0,  -35231552,          0
  7029,    50,   37000000,    1783764,        0,  -35216236,          0
  7029,    51,   37000000,    2091019,        0,  -34908981,          0
  7029,    52,   37000000,    1770879,        0,  -35229121,          0
  7029,    53,   37000000,    1756088,        0,  -35243912,          0
  7029,    54,   37000000,    1775486,        0,  -35224514,          0
  7029,    55,   37000000,    1752866,        0,  -35247134,          0
  7029,    56,   37000000,    1761980,        0,  -35238020,          0
  7029,    57,   37000000,    1763337,        0,  -35236663,          0
  7029,    58,   37000000,    1778328,        0,  -35221672,          0
  7029,    59,   37000000,    1766652,        0,  -35233348,          0
  7029,    60,   37000000,    1770698,        0,  -35229302,          0
  7029,    61,   37000000,    1789494,        0,  -35210506,          0
  7029,    62,   37000000,    1768546,        0,  -35231454,          0
  7029,    63,   37000000,    1778201,        0,  -35221799,          0
  7029,    64,   37000000,    1782120,        0,  -35217880,          0
  7029,    65,   37000000,    1771400,        0,  -35228600,          0
  7029,    66,   37000000,    1763111,        0,  -35236889,          0
  7029,    67,   37000000,    1785975,        0,  -35214025,          0
  7029,    68,   37000000,    1771472,        0,  -35228528,          0
  7029,    69,   37000000,    1860581,        0,  -35139419,          0
  7029,    70,   37000000,    1791700,        0,  -35208300,          0
  7029,    71,   37000000,    1815947,        0,  -35184053,          0
  7029,    72,   37000000,    1769128,        0,  -35230872,          0
  7029,    73,   37000000,    1776064,        0,  -35223936,          0
  7029,    74,   37000000,    1769901,        0,  -35230099,          0
  7029,    75,   37000000,    1771922,        0,  -35228078,          0
  7029,    76,   37000000,    3793042,        0,  -33206958,          0
  7029,    77,   37000000,    1754217,        0,  -35245783,          0
  7029,    78,   37000000,    2068342,        0,  -34931658,          0
  7029,    79,   37000000,    1774585,        0,  -35225415,          0
  7029,    80,   37000000,    1760349,        0,  -35239651,          0
  7029,    81,   37000000,    1780363,        0,  -35219637,          0
  7029,    82,   37000000,    1754311,        0,  -35245689,          0
  7029,    83,   37000000,    1787323,        0,  -35212677,          0
  7029,    84,   37000000,    1764512,        0,  -35235488,          0
  7029,    85,   37000000,    1791234,        0,  -35208766,          0
  7029,    86,   37000000,    1758281,        0,  -35241719,          0
  7029,    87,   37000000,    1761545,        0,  -35238455,          0
  7029,    88,   37000000,    1784285,        0,  -35215715,          0
  7029,    89,   37000000,    1766172,        0,  -35233828,          0
  7029,    90,   37000000,    1759830,        0,  -35240170,          0
  7029,    91,   37000000,    1776662,        0,  -35223338,          0
  7029,    92,   37000000,    1770461,        0,  -35229539,          0
  7029,    93,   37000000,    1773677,        0,  -35226323,          0
  7029,    94,   37000000,    1772014,        0,  -35227986,          0
  7029,    95,   37000000,    1773893,        0,  -35226107,          0
  7029,    96,   37000000,    1765158,        0,  -35234842,          0
  7029,    97,   37000000,    1753592,        0,  -35246408,          0
  7029,    98,   37000000,    1758818,        0,  -35241182,          0
  7029,    99,   37000000,    1767751,        0,  -35232249,          0
  7029,   100,   37000000,    1771286,        0,  -35228714,          0
  7029,   101,   37000000,    1790762,        0,  -35209238,          0
  7029,   102,   37000000,    1788294,        0,  -35211706,          0
  7029,   103,   37000000,    1766670,        0,  -35233330,          0
  7029,   104,   37000000,    1764075,        0,  -35235925,          0
  7029,   105,   37000000,    1864742,        0,  -35135258,          0
  7029,   106,   37000000,    1754370,        0,  -35245630,          0
  7029,   107,   37000000,    1762138,        0,  -35237862,          0
  7029,   108,   37000000,    1760378,        0,  -35239622,          0
  7029,   109,   37000000,    1760580,        0,  -35239420,          0
  7029,   110,   37000000,    1769104,        0,  -35230896,          0
  7029,   111,   37000000,    1763108,        0,  -35236892,          0
  7029,   112,   37000000,    1773775,        0,  -35226225,          0
  7029,   113,   37000000,    1808459,        0,  -35191541,          0
  7029,   114,   37000000,    1790414,        0,  -35209586,          0
  7029,   115,   37000000,    1778646,        0,  -35221354,          0
  7029,   116,   37000000,    1765282,        0,  -35234718,          0
  7029,   117,   37000000,    1752724,        0,  -35247276,          0
  7029,   118,   37000000,    1820685,        0,  -35179315,          0
  7029,   119,   37000000,    1791590,        0,  -35208410,          0
  7029,   120,   37000000,    1759183,        0,  -35240817,          0
  7029,   121,   37000000,    1772085,        0,  -35227915,          0
  7029,   122,   37000000,    1766877,        0,  -35233123,          0
  7029,   123,   37000000,    1770012,        0,  -35229988,          0
  7029,   124,   37000000,    1768013,        0,  -35231987,          0
  7029,   125,   37000000,    1764473,        0,  -35235527,          0
  7029,   126,   37000000,    1798565,        0,  -35201435,          0
  7029,   127,   37000000,    1825363,        0,  -35174637,          0
  7029,   128,   37000000,    1783894,        0,  -35216106,          0
  7029,   129,   37000000,    1774273,        0,  -35225727,          0
  7029,   130,   37000000,    1810733,        0,  -35189267,          0
  7029,   131,   37000000,    1752533,        0,  -35247467,          0
  7029,   132,   37000000,    1780124,        0,  -35219876,          0
  7029,   133,   37000000,    1759966,        0,  -35240034,          0
  7029,   134,   37000000,    1779217,        0,  -35220783,          0
  7029,   135,   37000000,    1760435,        0,  -35239565,          0
  7029,   136,   37000000,    1765653,        0,  -35234347,          0
  7029,   137,   37000000,    1775310,        0,  -35224690,          0
  7029,   138,   37000000,    1754787,        0,  -35245213,          0
  7029,   139,   37000000,    1749137,        0,  -35250863,          0
  7029,   140,   37000000,    1759299,        0,  -35240701,          0
  7029,   141,   37000000,    1760622,        0,  -35239378,          0
  7029,   142,   37000000,    1796214,        0,  -35203786,          0
  7029,   143,   37000000,    1764657,        0,  -35235343,          0
  7029,   144,   37000000,    1780206,        0,  -35219794,          0
  7029,   145,   37000000,    1756209,        0,  -35243791,          0
  7029,   146,   37000000,    1770743,        0,  -35229257,          0
  7029,   147,   37000000,    1779524,        0,  -35220476,          0
  7029,   148,   37000000,    1773908,        0,  -35226092,          0
  7029,   149,   37000000,    1748684,        0,  -35251316,          0
  7029,   150,   37000000,    1754251,        0,  -35245749,          0
  7029,   151,   37000000,    1755442,        0,  -35244558,          0
  7029,   152,   37000000,    1754630,        0,  -35245370,          0
  7029,   153,   37000000,    1791188,        0,  -35208812,          0
  7029,   154,   37000000,    1774960,        0,  -35225040,          0
  7029,   155,   37000000,    1754788,        0,  -35245212,          0
  7029,   156,   37000000,    1756059,        0,  -35243941,          0
  7029,   157,   37000000,    1814831,        0,  -35185169,          0
  7029,   158,   37000000,    1803536,        0,  -35196464,          0
  7029,   159,   37000000,    1766161,        0,  -35233839,          0
  7029,   160,   37000000,    1791637,        0,  -35208363,          0
  7029,   161,   37000000,    1759174,        0,  -35240826,          0
  7029,   162,   37000000,    1757017,        0,  -35242983,          0
  7029,   163,   37000000,    1751389,        0,  -35248611,          0
  7029,   164,   37000000,    1774738,        0,  -35225262,          0
  7029,   165,   37000000,    2770986,        0,  -34229014,          0
  7029,   166,   37000000,    1754117,        0,  -35245883,          0
  7029,   167,   37000000,    1779206,        0,  -35220794,          0
  7029,   168,   37000000,    1762158,        0,  -35237842,          0
  7029,   169,   37000000,    1774868,        0,  -35225132,          0
  7029,   170,   37000000,    1781748,        0,  -35218252,          0
  7029,   171,   37000000,    1756672,        0,  -35243328,          0
  7029,   172,   37000000,    1799239,        0,  -35200761,          0
  7029,   173,   37000000,    1760998,        0,  -35239002,          0
  7029,   174,   37000000,    1767983,        0,  -35232017,          0
  7029,   175,   37000000,    1775981,        0,  -35224019,          0
  7029,   176,   37000000,    2067058,        0,  -34932942,          0
  7029,   177,   37000000,    1791650,        0,  -35208350,          0
  7029,   178,   37000000,    1754099,        0,  -35245901,          0
  7029,   179,   37000000,    1760492,        0,  -35239508,          0
  7029,   180,   37000000,    1762047,        0,  -35237953,          0
  7029,   181,   37000000,    1753764,        0,  -35246236,          0
  7029,   182,   37000000,    1770144,        0,  -35229856,          0
  7029,   183,   37000000,    1764304,        0,  -35235696,          0
  7029,   184,   37000000,    1773802,        0,  -35226198,          0
  7029,   185,   37000000,    1769231,        0,  -35230769,          0
  7029,   186,   37000000,    1777198,        0,  -35222802,          0
  7029,   187,   37000000,    1759710,        0,  -35240290,          0
  7029,   188,   37000000,    1749903,        0,  -35250097,          0
  7029,   189,   37000000,    1762151,        0,  -35237849,          0
  7029,   190,   37000000,    1770579,        0,  -35229421,          0
  7029,   191,   37000000,    1806522,        0,  -35193478,          0
  7029,   192,   37000000,    1782581,        0,  -35217419,          0
  7029,   193,   37000000,    1756038,        0,  -35243962,          0
  7029,   194,   37000000,    1753869,        0,  -35246131,          0
  7029,   195,   37000000,    1757658,        0,  -35242342,          0
  7029,   196,   37000000,    1765913,        0,  -35234087,          0
  7029,   197,   37000000,    1772671,        0,  -35227329,          0
  7029,   198,   37000000,    1801431,        0,  -35198569,          0
  7029,   199,   37000000,    1793558,        0,  -35206442,          0
  7029,   200,   37000000,    1755059,        0,  -35244941,          0
  7029,   201,   37000000,    1781896,        0,  -35218104,          0
  7029,   202,   37000000,    1776728,        0,  -35223272,          0
  7029,   203,   37000000,    1761618,        0,  -35238382,          0
  7029,   204,   37000000,    1768871,        0,  -35231129,          0
  7029,   205,   37000000,    1791500,        0,  -35208500,          0
  7029,   206,   37000000,    1837585,        0,  -35162415,          0
  7029,   207,   37000000,    1764502,        0,  -35235498,          0
  7029,   208,   37000000,    1769896,        0,  -35230104,          0
  7029,   209,   37000000,    1790331,        0,  -35209669,          0
  7029,   210,   37000000,    1762078,        0,  -35237922,          0
  7029,   211,   37000000,    1767155,        0,  -35232845,          0
  7029,   212,   37000000,    1759899,        0,  -35240101,          0
  7029,   213,   37000000,    1769297,        0,  -35230703,          0
  7029,   214,   37000000,    1761677,        0,  -35238323,          0
  7029,   215,   37000000,    1758233,        0,  -35241767,          0
  7029,   216,   37000000,    1771953,        0,  -35228047,          0
  7029,   217,   37000000,    1787470,        0,  -35212530,          0
  7029,   218,   37000000,    1760842,        0,  -35239158,          0
  7029,   219,   37000000,    1770423,        0,  -35229577,          0
  7029,   220,   37000000,    1751813,        0,  -35248187,          0
  7029,   221,   37000000,    1750451,        0,  -35249549,          0
  7029,   222,   37000000,    1768129,        0,  -35231871,          0
  7029,   223,   37000000,    1796719,        0,  -35203281,          0
  7029,   224,   37000000,    1790065,        0,  -35209935,          0
  7029,   225,   37000000,    1769610,        0,  -35230390,          0
  7029,   226,   37000000,    1771538,        0,  -35228462,          0
  7029,   227,   37000000,    1759868,        0,  -35240132,          0
  7029,   228,   37000000,    2757044,        0,  -34242956,          0
  7029,   229,   37000000,    1777857,        0,  -35222143,          0
  7029,   230,   37000000,    1794179,        0,  -35205821,          0
  7029,   231,   37000000,    1755547,        0,  -35244453,          0
  7029,   232,   37000000,    1790617,        0,  -35209383,          0
  7029,   233,   37000000,    1753951,        0,  -35246049,          0
  7029,   234,   37000000,    1756251,        0,  -35243749,          0
  7029,   235,   37000000,    1794784,        0,  -35205216,          0
  7029,   236,   37000000,    1813562,        0,  -35186438,          0
  7029,   237,   37000000,    1774291,        0,  -35225709,          0
  7029,   238,   37000000,    1754001,        0,  -35245999,          0
  7029,   239,   37000000,    1766026,        0,  -35233974,          0
  7029,   240,   37000000,    1773203,        0,  -35226797,          0
  7029,   241,   37000000,    1762804,        0,  -35237196,          0
  7029,   242,   37000000,    1763513,        0,  -35236487,          0
  7029,   243,   37000000,    1776364,        0,  -35223636,          0
  7029,   244,   37000000,    1774846,        0,  -35225154,          0
  7029,   245,   37000000,    1773418,        0,  -35226582,          0
  7029,   246,   37000000,    1769809,        0,  -35230191,          0
  7029,   247,   37000000,    1766066,        0,  -35233934,          0
  7029,   248,   37000000,    1767073,        0,  -35232927,          0
  7029,   249,   37000000,    1763147,        0,  -35236853,          0
  7029,   250,   37000000,    1768343,        0,  -35231657,          0
  7029,   251,   37000000,    1774333,        0,  -35225667,          0
  7029,   252,   37000000,    1769381,        0,  -35230619,          0
  7029,   253,   37000000,    1753979,        0,  -35246021,          0
  7029,   254,   37000000,    1792789,        0,  -35207211,          0
  7029,   255,   37000000,    1773898,        0,  -35226102,          0
  7029,   256,   37000000,    1762160,        0,  -35237840,          0
  7029,   257,   37000000,    1786653,        0,  -35213347,          0
  7029,   258,   37000000,    1807982,        0,  -35192018,          0
  7029,   259,   37000000,    1835341,        0,  -35164659,          0
  7029,   260,   37000000,    1784875,        0,  -35215125,          0
  7029,   261,   37000000,    1776455,        0,  -35223545,          0
  7029,   262,   37000000,    1769177,        0,  -35230823,          0
  7029,   263,   37000000,    1823476,        0,  -35176524,          0
  7029,   264,   37000000,    1775315,        0,  -35224685,          0
  7029,   265,   37000000,    1780908,        0,  -35219092,          0
  7029,   266,   37000000,    1782643,        0,  -35217357,          0
  7029,   267,   37000000,    1755082,        0,  -35244918,          0
  7029,   268,   37000000,    1783341,        0,  -35216659,          0
  7029,   269,   37000000,    1776905,        0,  -35223095,          0
  7029,   270,   37000000,    1765618,        0,  -35234382,          0
  7029,   271,   37000000,    1773473,        0,  -35226527,          0
  7029,   272,   37000000,    1771384,        0,  -35228616,          0
  7029,   273,   37000000,    1763459,        0,  -35236541,          0
  7029,   274,   37000000,    1999669,        0,  -35000331,          0
# task NAME=myapp PID=7033 COST=4560000 PERIOD=55000000 CPU=0
  7033,     2,   55000000,       9356,        0,  -54990644,          0
  7033,     3,   55000000,      97600,        0,  -54902400,          0
  7033,     4,   55000000,    5561337,        0,  -49438663,          0
  7033,     5,   55000000,    4532329,        0,  -50467671,          0
  7033,     6,   55000000,    4540394,        0,  -50459606,          0
  7033,     7,   55000000,    4550472,        0,  -50449528,          0
  7033,     8,   55000000,    4821490,        0,  -50178510,          0
  7033,     9,   55000000,    4549709,        0,  -50450291,          0
  7033,    10,   55000000,    4554329,        0,  -50445671,          0
  7033,    11,   55000000,    4585150,        0,  -50414850,          0
  7033,    12,   55000000,    4545065,        0,  -50454935,          0
  7033,    13,   55000000,    4540018,        0,  -50459982,          0
  7033,    14,   55000000,    4590169,        0,  -50409831,          0
  7033,    15,   55000000,    4526489,        0,  -50473511,          0
  7033,    16,   55000000,    4544906,        0,  -50455094,          0
  7033,    17,   55000000,    4550256,        0,  -50449744,          0
  7033,    18,   55000000,    4538053,        0,  -50461947,          0
  7033,    19,   55000000,    4562515,        0,  -50437485,          0
  7033,    20,   55000000,    4559563,        0,  -50440437,          0
  7033,    21,   55000000,    4563356,        0,  -50436644,          0
  7033,    22,   55000000,    4531875,        0,  -50468125,          0
  7033,    23,   55000000,    4665557,        0,  -50334443,          0
  7033,    24,   55000000,    4537882,        0,  -50462118,          0
  7033,    25,   55000000,    4532625,        0,  -50467375,          0
  7033,    26,   55000000,    4577812,        0,  -50422188,          0
  7033,    27,   55000000,    4552431,        0,  -50447569,          0
  7033,    28,   55000000,    4553818,        0,  -50446182,          0
  7033,    29,   55000000,    4596421,        0,  -50403579,          0
  7033,    30,   55000000,    4533401,        0,  -50466599,          0
  7033,    31,   55000000,    4569534,        0,  -50430466,          0
  7033,    32,   55000000,    4565617,        0,  -50434383,          0
  7033,    33,   55000000,    4821948,        0,  -50178052,          0
  7033,    34,   55000000,    4608868,        0,  -50391132,          0
  7033,    35,   55000000,    4576490,        0,  -50423510,          0
  7033,    36,   55000000,    4529218,        0,  -50470782,          0
  7033,    37,   55000000,    4552382,        0,  -50447618,          0
  7033,    38,   55000000,    4594167,        0,  -50405833,          0
  7033,    39,   55000000,    4530564,        0,  -50469436,          0
  7033,    40,   55000000,    4574475,        0,  -50425525,          0
  7033,    41,   55000000,    4549576,        0,  -50450424,          0
  7033,    42,   55000000,    4543924,        0,  -50456076,          0
  7033,    43,   55000000,    4564444,        0,  -50435556,          0
  7033,    44,   55000000,    4552774,        0,  -50447226,          0
  7033,    45,   55000000,    4540226,        0,  -50459774,          0
  7033,    46,   55000000,    4543323,        0,  -50456677,          0
  7033,    47,   55000000,    4527990,        0,  -50472010,          0
  7033,    48,   55000000,    4536085,        0,  -50463915,          0
  7033,    49,   55000000,    4550585,        0,  -50449415,          0
  7033,    50,   55000000,    4611182,        0,  -50388818,          0
  7033,    51,   55000000,    4581630,        0,  -50418370,          0
  7033,    52,   55000000,    4580518,        0,  -50419482,          0
  7033,    53,   55000000,    4554683,        0,  -50445317,          0
  7033,    54,   55000000,    4530230,        0,  -50469770,          0
  7033,    55,   55000000,    4552056,        0,  -50447944,          0
  7033,    56,   55000000,    4666711,        0,  -50333289,          0
  7033,    57,   55000000,    4552217,        0,  -50447783,          0
  7033,    58,   55000000,    4853451,        0,  -50146549,          0
  7033,    59,   55000000,    4544895,        0,  -50455105,          0
  7033,    60,   55000000,    4566875,        0,  -50433125,          0
  7033,    61,   55000000,    4551373,        0,  -50448627,          0
  7033,    62,   55000000,    4543637,        0,  -50456363,          0
  7033,    63,   55000000,    4529072,        0,  -50470928,          0
  7033,    64,   55000000,    4539672,        0,  -50460328,          0
  7033,    65,   55000000,    4524404,        0,  -50475596,          0
  7033,    66,   55000000,    4541332,        0,  -50458668,          0
  7033,    67,   55000000,    4570097,        0,  -50429903,          0
  7033,    68,   55000000,    4558890,        0,  -50441110,          0
  7033,    69,   55000000,    4530142,        0,  -50469858,          0
  7033,    70,   55000000,    4563791,        0,  -50436209,          0
  7033,    71,   55000000,    4546882,        0,  -50453118,          0
  7033,    72,   55000000,    4537810,        0,  -50462190,          0
  7033,    73,   55000000,    4564122,        0,  -50435878,          0
  7033,    74,   55000000,    4529030,        0,  -50470970,          0
  7033,    75,   55000000,    4552846,        0,  -50447154,          0
  7033,    76,   55000000,    4535709,        0,  -50464291,          0
  7033,    77,   55000000,    4569441,        0,  -50430559,          0
  7033,    78,   55000000,    4572007,        0,  -50427993,          0
  7033,    79,   55000000,    4546209,        0,  -50453791,          0
  7033,    80,   55000000,    4555863,        0,  -50444137,          0
  7033,    81,   55000000,    4540639,        0,  -50459361,          0
  7033,    82,   55000000,    4564305,        0,  -50435695,          0
  7033,    83,   55000000,    4869707,        0,  -50130293,          0
  7033,    84,   55000000,    4537721,        0,  -50462279,          0
  7033,    85,   55000000,    4550733,        0,  -50449267,          0
  7033,    86,   55000000,    4534554,        0,  -50465446,          0
  7033,    87,   55000000,    4560598,        0,  -50439402,          0
  7033,    88,   55000000,    4628478,        0,  -50371522,          0
  7033,    89,   55000000,    4530100,        0,  -50469900,          0
  7033,    90,   55000000,    4527985,        0,  -50472015,          0
  7033,    91,   55000000,    4635495,        0,  -50364505,          0
  7033,    92,   55000000,    4653806,        0,  -50346194,          0
  7033,    93,   55000000,    4530772,        0,  -50469228,          0
  7033,    94,   55000000,    4534144,        0,  -50465856,          0
  7033,    95,   55000000,    4590455,        0,  -50409545,          0
  7033,    96,   55000000,    4529644,        0,  -50470356,          0
  7033,    97,   55000000,    4539349,        0,  -50460651,          0
  7033,    98,   55000000,    4549969,        0,  -50450031,          0
  7033,    99,   55000000,    4536603,        0,  -50463397,          0
  7033,   100,   55000000,    4562436,        0,  -50437564,          0
  7033,   101,   55000000,    4621043,        0,  -50378957,          0
  7033,   102,   55000000,    4553889,        0,  -50446111,          0
  7033,   103,   55000000,    4645865,        0,  -50354135,          0
  7033,   104,   55000000,    4537706,        0,  -50462294,          0
  7033,   105,   55000000,    4550452,        0,  -50449548,          0
  7033,   106,   55000000,    4570408,        0,  -50429592,          0
  7033,   107,   55000000,    4548589,        0,  -50451411,          0
  7033,   108,   55000000,    4918751,        0,  -50081249,          0
  7033,   109,   55000000,    4580558,        0,  -50419442,          0
  7033,   110,   55000000,    4524358,        0,  -50475642,          0
  7033,   111,   55000000,    4548856,        0,  -50451144,          0
  7033,   112,   55000000,    5476759,        0,  -49523241,          0
  7033,   113,   55000000,    4532861,        0,  -50467139,          0
  7033,   114,   55000000,    4593938,        0,  -50406062,          0
  7033,   115,   55000000,    4767216,        0,  -50232784,          0
  7033,   116,   55000000,    4581427,        0,  -50418573,          0
  7033,   117,   55000000,    4543218,        0,  -50456782,          0
  7033,   118,   55000000,    4528362,        0,  -50471638,          0
  7033,   119,   55000000,    4539923,        0,  -50460077,          0
  7033,   120,   55000000,    4558028,        0,  -50441972,          0
  7033,   121,   55000000,    4531950,        0,  -50468050,          0
  7033,   122,   55000000,    4543011,        0,  -50456989,          0
  7033,   123,   55000000,    4554438,        0,  -50445562,          0
  7033,   124,   55000000,    4558405,        0,  -50441595,          0
  7033,   125,   55000000,    4572427,        0,  -50427573,          0
  7033,   126,   55000000,    4552776,        0,  -50447224,          0
  7033,   127,   55000000,    4567234,        0,  -50432766,          0
  7033,   128,   55000000,    4548177,        0,  -50451823,          0
  7033,   129,   55000000,    4554635,        0,  -50445365,          0
  7033,   130,   55000000,    4551612,        0,  -50448388,          0
  7033,   131,   55000000,    4564961,        0,  -50435039,          0
  7033,   132,   55000000,    4536712,        0,  -50463288,          0
  7033,   133,   55000000,    4839967,        0,  -50160033,          0
  7033,   134,   55000000,    4541733,        0,  -50458267,          0
  7033,   135,   55000000,    4549118,        0,  -50450882,          0
  7033,   136,   55000000,    4565500,        0,  -50434500,          0
  7033,   137,   55000000,    4537485,        0,  -50462515,          0
  7033,   138,   55000000,    4563735,        0,  -50436265,          0
  7033,   139,   55000000,    4561493,        0,  -50438507,          0
  7033,   140,   55000000,    4539868,        0,  -50460132,          0
  7033,   141,   55000000,    4525738,        0,  -50474262,          0
  7033,   142,   55000000,    4559245,        0,  -50440755,          0
  7033,   143,   55000000,    4571036,        0,  -50428964,          0
  7033,   144,   55000000,    4556938,        0,  -50443062,          0
  7033,   145,   55000000,    4550612,        0,  -50449388,          0
  7033,   146,   55000000,    4558877,        0,  -50441123,          0
  7033,   147,   55000000,    4528952,        0,  -50471048,          0
  7033,   148,   55000000,    4543362,        0,  -50456638,          0
  7033,   149,   55000000,    4548421,        0,  -50451579,          0
  7033,   150,   55000000,    4551941,        0,  -50448059,          0
  7033,   151,   55000000,    4722834,        0,  -50277166,          0
  7033,   152,   55000000,    4538130,        0,  -50461870,          0
  7033,   153,   55000000,    4553546,        0,  -50446454,          0
  7033,   154,   55000000,    4526870,        0,  -50473130,          0
  7033,   155,   55000000,    4584865,        0,  -50415135,          0
  7033,   156,   55000000,    4585819,        0,  -50414181,          0
  7033,   157,   55000000,    4578824,        0,  -50421176,          0
  7033,   158,   55000000,    4833750,        0,  -50166250,          0
  7033,   159,   55000000,    4535869,        0,  -50464131,          0
  7033,   160,   55000000,    4532753,        0,  -50467247,          0
  7033,   161,   55000000,    4552906,        0,  -50447094,          0
  7033,   162,   55000000,    4546979,        0,  -50453021,          0
  7033,   163,   55000000,    4535774,        0,  -50464226,          0
  7033,   164,   55000000,    4562028,        0,  -50437972,          0
  7033,   165,   55000000,    4529937,        0,  -50470063,          0
  7033,   166,   55000000,    4535107,        0,  -50464893,          0
  7033,   167,   55000000,    4595909,        0,  -50404091,          0
  7033,   168,   55000000,    4555699,        0,  -50444301,          0
  7033,   169,   55000000,    4542788,        0,  -50457212,          0
  7033,   170,   55000000,    4572587,        0,  -50427413,          0
  7033,   171,   55000000,    4536170,        0,  -50463830,          0
  7033,   172,   55000000,    4538635,        0,  -50461365,          0
  7033,   173,   55000000,    4570376,        0,  -50429624,          0
  7033,   174,   55000000,    4545300,        0,  -50454700,          0
  7033,   175,   55000000,    4564333,        0,  -50435667,          0
  7033,   176,   55000000,    4543084,        0,  -50456916,          0
  7033,   177,   55000000,    4594293,        0,  -50405707,          0
  7033,   178,   55000000,    4539162,        0,  -50460838,          0
  7033,   179,   55000000,    4533505,        0,  -50466495,          0
  7033,   180,   55000000,    4538368,        0,  -50461632,          0
  7033,   181,   55000000,    4577938,        0,  -50422062,          0
  7033,   182,   55000000,    4545550,        0,  -50454450,          0
  7033,   183,   55000000,    4869402,        0,  -50130598,          0
  7033,   184,   55000000,    4559370,        0,  -50440630,          0
  7033,   185,   55000000,    4559953,        0,  -50440047,          0
# task NAME=myapp PID=7037 COST=6105000 PERIOD=77000000 CPU=0
  7037,     2,   77000000,      18580,        0,  -76981420,          0
  7037,     3,   77000000,      92840,        0,  -76907160,          0
  7037,     4,   77000000,    7074642,        0,  -69925358,          0
  7037,     5,   77000000,    6163523,        0,  -70836477,          0
  7037,     6,   77000000,    6095741,        0,  -70904259,          0
  7037,     7,   77000000,    6071109,        0,  -70928891,          0
  7037,     8,   77000000,    6087681,        0,  -70912319,          0
  7037,     9,   77000000,    6076210,        0,  -70923790,          0
  7037,    10,   77000000,    6062244,        0,  -70937756,          0
  7037,    11,   77000000,    6070149,        0,  -70929851,          0
  7037,    12,   77000000,    6134404,        0,  -70865596,          0
  7037,    13,   77000000,    6433418,        0,  -70566582,          0
  7037,    14,   77000000,    6094723,        0,  -70905277,          0
  7037,    15,   77000000,    6095467,        0,  -70904533,          0
  7037,    16,   77000000,    6075597,        0,  -70924403,          0
  7037,    17,   77000000,    6066075,        0,  -70933925,          0
  7037,    18,   77000000,    6159227,        0,  -70840773,          0
  7037,    19,   77000000,    6068895,        0,  -70931105,          0
  7037,    20,   77000000,    6057452,        0,  -70942548,          0
  7037,    21,   77000000,    6078056,        0,  -70921944,          0
  7037,    22,   77000000,    6057117,        0,  -70942883,          0
  7037,    23,   77000000,    6127372,        0,  -70872628,          0
  7037,    24,   77000000,    6062467,        0,  -70937533,          0
  7037,    25,   77000000,    6072613,        0,  -70927387,          0
  7037,    26,   77000000,    6359883,        0,  -70640117,          0
  7037,    27,   77000000,    6070523,        0,  -70929477,          0
  7037,    28,   77000000,    7132042,        0,  -69867958,          0
  7037,    29,   77000000,    6088418,        0,  -70911582,          0
  7037,    30,   77000000,    6080404,        0,  -70919596,          0
  7037,    31,   77000000,    6089955,        0,  -70910045,          0
  7037,    32,   77000000,    6078272,        0,  -70921728,          0
  7037,    33,   77000000,    6104918,        0,  -70895082,          0
  7037,    34,   77000000,    6085491,        0,  -70914509,          0
  7037,    35,   77000000,    6064441,        0,  -70935559,          0
  7037,    36,   77000000,    6094916,        0,  -70905084,          0
  7037,    37,   77000000,    6099225,        0,  -70900775,          0
  7037,    38,   77000000,    6098925,        0,  -70901075,          0
  7037,    39,   77000000,    6356645,        0,  -70643355,          0
  7037,    40,   77000000,    6120818,        0,  -70879182,          0
  7037,    41,   77000000,    6094350,        0,  -70905650,          0
  7037,    42,   77000000,    6060995,        0,  -70939005,          0
  7037,    43,   77000000,    6065773,        0,  -70934227,          0
  7037,    44,   77000000,    6069701,        0,  -70930299,          0
  7037,    45,   77000000,    6072747,        0,  -70927253,          0
  7037,    46,   77000000,    6057251,        0,  -70942749,          0
  7037,    47,   77000000,    6057083,        0,  -70942917,          0
  7037,    48,   77000000,    6093267,        0,  -70906733,          0
  7037,    49,   77000000,    6061947,        0,  -70938053,          0
  7037,    50,   77000000,    6087348,        0,  -70912652,          0
  7037,    51,   77000000,    6071405,        0,  -70928595,          0
  7037,    52,   77000000,    6392046,        0,  -70607954,          0
  7037,    53,   77000000,    6111020,        0,  -70888980,          0
  7037,    54,   77000000,    6109254,        0,  -70890746,          0
  7037,    55,   77000000,    6080849,        0,  -70919151,          0
  7037,    56,   77000000,    6072827,        0,  -70927173,          0
  7037,    57,   77000000,    6152966,        0,  -70847034,          0
  7037,    58,   77000000,    6096963,        0,  -70903037,          0
  7037,    59,   77000000,    6058623,        0,  -70941377,          0
  7037,    60,   77000000,    6058090,        0,  -70941910,          0
  7037,    61,   77000000,    6066882,        0,  -70933118,          0
  7037,    62,   77000000,    6063370,        0,  -70936630,          0
  7037,    63,   77000000,    6599659,        0,  -70400341,          0
  7037,    64,   77000000,    6068351,        0,  -70931649,          0
  7037,    65,   77000000,    6357132,        0,  -70642868,          0
  7037,    66,   77000000,    6059080,        0,  -70940920,          0
  7037,    67,   77000000,    6075756,        0,  -70924244,          0
  7037,    68,   77000000,    6073882,        0,  -70926118,          0
  7037,    69,   77000000,    6079312,        0,  -70920688,          0
  7037,    70,   77000000,    6100727,        0,  -70899273,          0
  7037,    71,   77000000,    6064313,        0,  -70935687,          0
  7037,    72,   77000000,    6085580,        0,  -70914420,          0
  7037,    73,   77000000,    6133886,        0,  -70866114,          0
  7037,    74,   77000000,    6065225,        0,  -70934775,          0
  7037,    75,   77000000,    6075412,        0,  -70924588,          0
  7037,    76,   77000000,    6082874,        0,  -70917126,          0
  7037,    77,   77000000,    6090394,        0,  -70909606,          0
  7037,    78,   77000000,    6384781,        0,  -70615219,          0
  7037,    79,   77000000,    6050384,        0,  -70949616,          0
  7037,    80,   77000000,    6061641,        0,  -70938359,          0
  7037,    81,   77000000,    6059908,        0,  -70940092,          0
  7037,    82,   77000000,    6066542,        0,  -70933458,          0
  7037,    83,   77000000,    6122319,        0,  -70877681,          0
  7037,    84,   77000000,    6068648,        0,  -70931352,          0
  7037,    85,   77000000,    6102050,        0,  -70897950,          0
  7037,    86,   77000000,    6069868,        0,  -70930132,          0
  7037,    87,   77000000,    6070192,        0,  -70929808,          0
  7037,    88,   77000000,    6164999,        0,  -70835001,          0
  7037,    89,   77000000,    6088549,        0,  -70911451,          0
  7037,    90,   77000000,    6085138,        0,  -70914862,          0
  7037,    91,   77000000,    6410489,        0,  -70589511,          0
  7037,    92,   77000000,    6062769,        0,  -70937231,          0
  7037,    93,   77000000,    6109348,        0,  -70890652,          0
  7037,    94,   77000000,    6082890,        0,  -70917110,          0
  7037,    95,   77000000,    6081493,        0,  -70918507,          0
  7037,    96,   77000000,    6083967,        0,  -70916033,          0
  7037,    97,   77000000,    6094858,        0,  -70905142,          0
  7037,    98,   77000000,    6122033,        0,  -70877967,          0
  7037,    99,   77000000,    6061702,        0,  -70938298,          0
  7037,   100,   77000000,    6086275,        0,  -70913725,          0
  7037,   101,   77000000,    6122029,        0,  -70877971,          0
  7037,   102,   77000000,    6359819,        0,  -70640181,          0
  7037,   103,   77000000,    6070519,        0,  -70929481,          0
  7037,   104,   77000000,    6208691,        0,  -70791309,          0
  7037,   105,   77000000,    6060270,        0,  -70939730,          0
  7037,   106,   77000000,    6091544,        0,  -70908456,          0
  7037,   107,   77000000,    6056919,        0,  -70943081,          0
  7037,   108,   77000000,    6073884,        0,  -70926116,          0
  7037,   109,   77000000,    6059286,        0,  -70940714,          0
  7037,   110,   77000000,    6057450,        0,  -70942550,          0
  7037,   111,   77000000,    6074537,        0,  -70925463,          0
  7037,   112,   77000000,    6086324,        0,  -70913676,          0
  7037,   113,   77000000,    6536017,        0,  -70463983,          0
  7037,   114,   77000000,    6091178,        0,  -70908822,          0
  7037,   115,   77000000,    6068199,        0,  -70931801,          0
  7037,   116,   77000000,    6059551,        0,  -70940449,          0
  7037,   117,   77000000,    6059498,        0,  -70940502,          0
  7037,   118,   77000000,    6100943,        0,  -70899057,          0
  7037,   119,   77000000,    6062137,        0,  -70937863,          0
  7037,   120,   77000000,    6080925,        0,  -70919075,          0
  7037,   121,   77000000,    6071194,        0,  -70928806,          0
  7037,   122,   77000000,    6080431,        0,  -70919569,          0
  7037,   123,   77000000,    6082795,        0,  -70917205,          0
  7037,   124,   77000000,    6076583,        0,  -70923417,          0
  7037,   125,   77000000,    6084011,        0,  -70915989,          0
  7037,   126,   77000000,    6075393,        0,  -70924607,          0
  7037,   127,   77000000,    6061753,        0,  -70938247,          0
  7037,   128,   77000000,    6133650,        0,  -70866350,          0
  7037,   129,   77000000,    6084774,        0,  -70915226,          0
  7037,   130,   77000000,    6066187,        0,  -70933813,          0
  7037,   131,   77000000,    6098787,        0,  -70901213,          0
  7037,   132,   77000000,    6084822,        0,  -70915178,          0
  7037,   133,   77000000,    6253790,        0,  -70746210,          0
