160 160 0
842 842 0
164 164 0
110 110 0
139 139 0
183 183 0
111 111 0
211 211 0
165 165 0
120 120 0
840 840 0
837 837 0
145 145 0
248 248 0
122 122 0
179 179 0
152 152 0
480 480 0
134 134 0
631 631 0
341 341 0
918 918 0
838 838 0
143 143 0
122 122 0
774 774 0
267 267 0
262 262 0
310 310 0
182 182 0
168 168 0
124 124 0
291 291 0
350 350 0
263 263 0
143 143 0
248 248 0
153 153 0
160 160 0
115 115 0
375 375 0
120 120 0
135 135 0
356 356 0
630 630 0
232 232 0
164 164 0
182 182 0
408 408 0
146 146 0
913 913 0
309 309 0
719 719 0
182 182 0
839 839 0
111 111 0
120 120 0
119 119 0
137 137 0
377 377 0
168 168 0
127 127 0
722 722 0
270 270 0
128 128 0
275 275 0
119 119 0
774 774 0
117 117 0
128 128 0
204 204 0
111 111 0
151 151 0
147 147 0
466 466 0
508 508 0
214 214 0
121 121 0
1006 1006 0
167 167 0
167 167 0
163 163 0
232 232 0
257 257 0
139 139 0
105 105 0
213 213 0
195 195 0
116 116 0
209 209 0
774 774 0
142 142 0
125 125 0
132 132 0
207 207 0
380 380 0
367 367 0
162 162 0
123 123 0
505 505 0
108 108 0
775 775 0
914 914 0
117 117 0
187 187 0
228 228 0
164 164 0
146 146 0
352 352 0
171 171 0
425 425 0
283 283 0
111 111 0
153 153 0
350 350 0
120 120 0
135 135 0
460 460 0
230 230 0
111 111 0
162 162 0
156 156 0
108 108 0
127 127 0
147 147 0
561 561 0
110 110 0
157 157 0
104 104 0
443 443 0
270 270 0
141 141 0
242 242 0
171 171 0
199 199 0
122 122 0
174 174 0
339 339 0
274 274 0
558 558 0
291 291 0
378 378 0
673 673 0
176 176 0
148 148 0
147 147 0
190 190 0
349 349 0
126 126 0
532 532 0
198 198 0
157 157 0
262 262 0
123 123 0
505 505 0
155 155 0
130 130 0
149 149 0
143 143 0
128 128 0
231 231 0
