# Task,   Job,     Period,   Response, DL Miss?,   Lateness,  Tardiness
# task NAME=myapp PID=22677 COST=59953000 PERIOD=76000000 CPU=0
 22677,     2,   76000000,       9679,        0,  -75990321,          0
 22677,     3,   76000000,      40500,        0,  -75959500,          0
 22677,     4,   76000000,   60315989,        0,  -15684011,          0
 22677,     5,   76000000,   58821195,        0,  -17178805,          0
 22677,     6,   76000000,   58953160,        0,  -17046840,          0
 22677,     7,   76000000,   58691478,        0,  -17308522,          0
 22677,     8,   76000000,   58683032,        0,  -17316968,          0
 22677,     9,   76000000,   59188696,        0,  -16811304,          0
 22677,    10,   76000000,   58894237,        0,  -17105763,          0
 22677,    11,   76000000,   58970938,        0,  -17029062,          0
 22677,    12,   76000000,   59046932,        0,  -16953068,          0
 22677,    13,   76000000,   58705507,        0,  -17294493,          0
 22677,    14,   76000000,   58970634,        0,  -17029366,          0
 22677,    15,   76000000,   58937843,        0,  -17062157,          0
 22677,    16,   76000000,   58983287,        0,  -17016713,          0
 22677,    17,   76000000,   58686702,        0,  -17313298,          0
 22677,    18,   76000000,   58992688,        0,  -17007312,          0
 22677,    19,   76000000,   58981907,        0,  -17018093,          0
 22677,    20,   76000000,   58682970,        0,  -17317030,          0
 22677,    21,   76000000,   59226435,        0,  -16773565,          0
 22677,    22,   76000000,   58927114,        0,  -17072886,          0
 22677,    23,   76000000,   58894555,        0,  -17105445,          0
 22677,    24,   76000000,   59219843,        0,  -16780157,          0
 22677,    25,   76000000,   58665901,        0,  -17334099,          0
 22677,    26,   76000000,   58969920,        0,  -17030080,          0
 22677,    27,   76000000,   58973613,        0,  -17026387,          0
 22677,    28,   76000000,   58669868,        0,  -17330132,          0
 22677,    29,   76000000,   58994021,        0,  -17005979,          0
 22677,    30,   76000000,   58660043,        0,  -17339957,          0
 22677,    31,   76000000,   58665751,        0,  -17334249,          0
 22677,    32,   76000000,   59679412,        0,  -16320588,          0
 22677,    33,   76000000,   58910546,        0,  -17089454,          0
 22677,    34,   76000000,   58951499,        0,  -17048501,          0
 22677,    35,   76000000,   58920939,        0,  -17079061,          0
 22677,    36,   76000000,   58929939,        0,  -17070061,          0
 22677,    37,   76000000,   58961239,        0,  -17038761,          0
 22677,    38,   76000000,   58663908,        0,  -17336092,          0
 22677,    39,   76000000,   59104580,        0,  -16895420,          0
 22677,    40,   76000000,   58721245,        0,  -17278755,          0
 22677,    41,   76000000,   59002788,        0,  -16997212,          0
 22677,    42,   76000000,   59213220,        0,  -16786780,          0
 22677,    43,   76000000,   58642019,        0,  -17357981,          0
 22677,    44,   76000000,   59233302,        0,  -16766698,          0
 22677,    45,   76000000,   58975194,        0,  -17024806,          0
 22677,    46,   76000000,   58969035,        0,  -17030965,          0
 22677,    47,   76000000,   58975597,        0,  -17024403,          0
 22677,    48,   76000000,   58773316,        0,  -17226684,          0
 22677,    49,   76000000,   59013526,        0,  -16986474,          0
 22677,    50,   76000000,   58983226,        0,  -17016774,          0
 22677,    51,   76000000,   58885208,        0,  -17114792,          0
 22677,    52,   76000000,   58934718,        0,  -17065282,          0
 22677,    53,   76000000,   58732390,        0,  -17267610,          0
 22677,    54,   76000000,   58781894,        0,  -17218106,          0
 22677,    55,   76000000,   58960007,        0,  -17039993,          0
 22677,    56,   76000000,   59016852,        0,  -16983148,          0
 22677,    57,   76000000,   59079944,        0,  -16920056,          0
 22677,    58,   76000000,   58700949,        0,  -17299051,          0
 22677,    59,   76000000,   58777633,        0,  -17222367,          0
 22677,    60,   76000000,   58970361,        0,  -17029639,          0
 22677,    61,   76000000,   58690439,        0,  -17309561,          0
 22677,    62,   76000000,   58988753,        0,  -17011247,          0
 22677,    63,   76000000,   58695165,        0,  -17304835,          0
 22677,    64,   76000000,   58700460,        0,  -17299540,          0
 22677,    65,   76000000,   58978526,        0,  -17021474,          0
 22677,    66,   76000000,   58730277,        0,  -17269723,          0
 22677,    67,   76000000,   59120175,        0,  -16879825,          0
 22677,    68,   76000000,   58997330,        0,  -17002670,          0
 22677,    69,   76000000,   58704546,        0,  -17295454,          0
 22677,    70,   76000000,   59246744,        0,  -16753256,          0
 22677,    71,   76000000,   58695946,        0,  -17304054,          0
 22677,    72,   76000000,   58978925,        0,  -17021075,          0
 22677,    73,   76000000,   58947585,        0,  -17052415,          0
 22677,    74,   76000000,   58687884,        0,  -17312116,          0
 22677,    75,   76000000,   59244430,        0,  -16755570,          0
 22677,    76,   76000000,   58690326,        0,  -17309674,          0
 22677,    77,   76000000,   58717819,        0,  -17282181,          0
 22677,    78,   76000000,   58966428,        0,  -17033572,          0
 22677,    79,   76000000,   58672382,        0,  -17327618,          0
 22677,    80,   76000000,   59020755,        0,  -16979245,          0
 22677,    81,   76000000,   58888662,        0,  -17111338,          0
 22677,    82,   76000000,   58691953,        0,  -17308047,          0
 22677,    83,   76000000,   58961010,        0,  -17038990,          0
 22677,    84,   76000000,   58878070,        0,  -17121930,          0
 22677,    85,   76000000,   59458164,        0,  -16541836,          0
 22677,    86,   76000000,   58681466,        0,  -17318534,          0
 22677,    87,   76000000,   58690421,        0,  -17309579,          0
 22677,    88,   76000000,   58945721,        0,  -17054279,          0
 22677,    89,   76000000,   58666258,        0,  -17333742,          0
 22677,    90,   76000000,   58967305,        0,  -17032695,          0
 22677,    91,   76000000,   58654102,        0,  -17345898,          0
 22677,    92,   76000000,   58654092,        0,  -17345908,          0
 22677,    93,   76000000,   59011340,        0,  -16988660,          0
 22677,    94,   76000000,   58666703,        0,  -17333297,          0
 22677,    95,   76000000,   58966001,        0,  -17033999,          0
 22677,    96,   76000000,   58929984,        0,  -17070016,          0
 22677,    97,   76000000,   58829801,        0,  -17170199,          0
 22677,    98,   76000000,   58964172,        0,  -17035828,          0
 22677,    99,   76000000,   58678669,        0,  -17321331,          0
 22677,   100,   76000000,   58962456,        0,  -17037544,          0
 22677,   101,   76000000,   58933267,        0,  -17066733,          0
 22677,   102,   76000000,   58756931,        0,  -17243069,          0
 22677,   103,   76000000,   59034045,        0,  -16965955,          0
 22677,   104,   76000000,   58699247,        0,  -17300753,          0
 22677,   105,   76000000,   58679819,        0,  -17320181,          0
 22677,   106,   76000000,   58968310,        0,  -17031690,          0
 22677,   107,   76000000,   58721890,        0,  -17278110,          0
 22677,   108,   76000000,   58963381,        0,  -17036619,          0
 22677,   109,   76000000,   58711169,        0,  -17288831,          0
 22677,   110,   76000000,   58693571,        0,  -17306429,          0
 22677,   111,   76000000,   59074714,        0,  -16925286,          0
 22677,   112,   76000000,   58693937,        0,  -17306063,          0
 22677,   113,   76000000,   58968476,        0,  -17031524,          0
 22677,   114,   76000000,   58951911,        0,  -17048089,          0
 22677,   115,   76000000,   58796860,        0,  -17203140,          0
 22677,   116,   76000000,   59009214,        0,  -16990786,          0
 22677,   117,   76000000,   58687547,        0,  -17312453,          0
 22677,   118,   76000000,   58960926,        0,  -17039074,          0
 22677,   119,   76000000,   59135274,        0,  -16864726,          0
 22677,   120,   76000000,   58853018,        0,  -17146982,          0
 22677,   121,   76000000,   59206760,        0,  -16793240,          0
 22677,   122,   76000000,   59063587,        0,  -16936413,          0
 22677,   123,   76000000,   58978074,        0,  -17021926,          0
 22677,   124,   76000000,   58970478,        0,  -17029522,          0
 22677,   125,   76000000,   58922910,        0,  -17077090,          0
 22677,   126,   76000000,   59226751,        0,  -16773249,          0
 22677,   127,   76000000,   58681590,        0,  -17318410,          0
 22677,   128,   76000000,   58693368,        0,  -17306632,          0
 22677,   129,   76000000,   58941705,        0,  -17058295,          0
 22677,   130,   76000000,   58662259,        0,  -17337741,          0
 22677,   131,   76000000,   58985041,        0,  -17014959,          0
 22677,   132,   76000000,   59016975,        0,  -16983025,          0
 22677,   133,   76000000,   58964478,        0,  -17035522,          0
 22677,   134,   76000000,   58950457,        0,  -17049543,          0
 22677,   135,   76000000,   58713130,        0,  -17286870,          0
# task NAME=myapp PID=22680 COST=61077000 PERIOD=100000000 CPU=0
 22680,     2,  100000000,       6227,        0,  -99993773,          0
 22680,     3,  100000000,      29020,        0,  -99970980,          0
 22680,     4,  100000000,   62162651,        0,  -37837349,          0
 22680,     5,  100000000,   60079403,        0,  -39920597,          0
 22680,     6,  100000000,   60037506,        0,  -39962494,          0
 22680,     7,  100000000,   59772238,        0,  -40227762,          0
 22680,     8,  100000000,   59773982,        0,  -40226018,          0
 22680,     9,  100000000,   60338487,        0,  -39661513,          0
 22680,    10,  100000000,   60199572,        0,  -39800428,          0
 22680,    11,  100000000,   59835063,        0,  -40164937,          0
 22680,    12,  100000000,   59783455,        0,  -40216545,          0
 22680,    13,  100000000,   59855129,        0,  -40144871,          0
 22680,    14,  100000000,   60070063,        0,  -39929937,          0
 22680,    15,  100000000,   60125547,        0,  -39874453,          0
 22680,    16,  100000000,   59801815,        0,  -40198185,          0
 22680,    17,  100000000,   59806415,        0,  -40193585,          0
 22680,    18,  100000000,   59787727,        0,  -40212273,          0
 22680,    19,  100000000,   60158304,        0,  -39841696,          0
 22680,    20,  100000000,   60288896,        0,  -39711104,          0
 22680,    21,  100000000,   59988315,        0,  -40011685,          0
 22680,    22,  100000000,   60911760,        0,  -39088240,          0
 22680,    23,  100000000,   59804766,        0,  -40195234,          0
 22680,    24,  100000000,   60110034,        0,  -39889966,          0
 22680,    25,  100000000,   60142036,        0,  -39857964,          0
 22680,    26,  100000000,   59800239,        0,  -40199761,          0
 22680,    27,  100000000,   59860107,        0,  -40139893,          0
 22680,    28,  100000000,   59788992,        0,  -40211008,          0
 22680,    29,  100000000,   60103344,        0,  -39896656,          0
 22680,    30,  100000000,   60081370,        0,  -39918630,          0
 22680,    31,  100000000,   59794186,        0,  -40205814,          0
 22680,    32,  100000000,   59793644,        0,  -40206356,          0
 22680,    33,  100000000,   59797978,        0,  -40202022,          0
 22680,    34,  100000000,   60195720,        0,  -39804280,          0
 22680,    35,  100000000,   60349585,        0,  -39650415,          0
 22680,    36,  100000000,   59810067,        0,  -40189933,          0
 22680,    37,  100000000,   59781649,        0,  -40218351,          0
 22680,    38,  100000000,   59805019,        0,  -40194981,          0
 22680,    39,  100000000,   60132562,        0,  -39867438,          0
 22680,    40,  100000000,   60156685,        0,  -39843315,          0
 22680,    41,  100000000,   60838707,        0,  -39161293,          0
 22680,    42,  100000000,   60008604,        0,  -39991396,          0
 22680,    43,  100000000,   59767239,        0,  -40232761,          0
 22680,    44,  100000000,   60060270,        0,  -39939730,          0
 22680,    45,  100000000,   60076302,        0,  -39923698,          0
 22680,    46,  100000000,   59781382,        0,  -40218618,          0
 22680,    47,  100000000,   59773748,        0,  -40226252,          0
 22680,    48,  100000000,   59770753,        0,  -40229247,          0
 22680,    49,  100000000,   60062545,        0,  -39937455,          0
 22680,    50,  100000000,   60095046,        0,  -39904954,          0
 22680,    51,  100000000,   59784696,        0,  -40215304,          0
 22680,    52,  100000000,   59781925,        0,  -40218075,          0
 22680,    53,  100000000,   59764948,        0,  -40235052,          0
 22680,    54,  100000000,   60048623,        0,  -39951377,          0
 22680,    55,  100000000,   60076008,        0,  -39923992,          0
 22680,    56,  100000000,   59762336,        0,  -40237664,          0
 22680,    57,  100000000,   59776233,        0,  -40223767,          0
 22680,    58,  100000000,   59770551,        0,  -40229449,          0
 22680,    59,  100000000,   60291914,        0,  -39708086,          0
 22680,    60,  100000000,   60121819,        0,  -39878181,          0
 22680,    61,  100000000,   59802361,        0,  -40197639,          0
 22680,    62,  100000000,   59893819,        0,  -40106181,          0
 22680,    63,  100000000,   59817408,        0,  -40182592,          0
 22680,    64,  100000000,   60207223,        0,  -39792777,          0
 22680,    65,  100000000,   60059039,        0,  -39940961,          0
 22680,    66,  100000000,   59801067,        0,  -40198933,          0
 22680,    67,  100000000,   59786170,        0,  -40213830,          0
 22680,    68,  100000000,   59811742,        0,  -40188258,          0
 22680,    69,  100000000,   60096803,        0,  -39903197,          0
 22680,    70,  100000000,   60476217,        0,  -39523783,          0
 22680,    71,  100000000,   60028506,        0,  -39971494,          0
 22680,    72,  100000000,   59805632,        0,  -40194368,          0
 22680,    73,  100000000,   59786454,        0,  -40213546,          0
 22680,    74,  100000000,   60097247,        0,  -39902753,          0
 22680,    75,  100000000,   60105922,        0,  -39894078,          0
 22680,    76,  100000000,   60126150,        0,  -39873850,          0
 22680,    77,  100000000,   60215454,        0,  -39784546,          0
 22680,    78,  100000000,   59808867,        0,  -40191133,          0
 22680,    79,  100000000,   60219758,        0,  -39780242,          0
 22680,    80,  100000000,   60056428,        0,  -39943572,          0
 22680,    81,  100000000,   59977878,        0,  -40022122,          0
 22680,    82,  100000000,   59769465,        0,  -40230535,          0
 22680,    83,  100000000,   59803829,        0,  -40196171,          0
 22680,    84,  100000000,   60063974,        0,  -39936026,          0
 22680,    85,  100000000,   60068046,        0,  -39931954,          0
 22680,    86,  100000000,   59805094,        0,  -40194906,          0
 22680,    87,  100000000,   59786560,        0,  -40213440,          0
 22680,    88,  100000000,   59825516,        0,  -40174484,          0
 22680,    89,  100000000,   60064924,        0,  -39935076,          0
 22680,    90,  100000000,   60146281,        0,  -39853719,          0
 22680,    91,  100000000,   59764064,        0,  -40235936,          0
 22680,    92,  100000000,   59761871,        0,  -40238129,          0
 22680,    93,  100000000,   59801651,        0,  -40198349,          0
 22680,    94,  100000000,   60165330,        0,  -39834670,          0
 22680,    95,  100000000,   60330011,        0,  -39669989,          0
 22680,    96,  100000000,   59757825,        0,  -40242175,          0
 22680,    97,  100000000,   59756496,        0,  -40243504,          0
 22680,    98,  100000000,   59816715,        0,  -40183285,          0
 22680,    99,  100000000,   60110351,        0,  -39889649,          0
 22680,   100,  100000000,   60060501,        0,  -39939499,          0
 22680,   101,  100000000,   59790356,        0,  -40209644,          0
 22680,   102,  100000000,   59816992,        0,  -40183008,          0
 22680,   103,  100000000,   59816527,        0,  -40183473,          0
 22680,   104,  100000000,   60073355,        0,  -39926645,          0
# task NAME=myapp PID=22684 COST=17000 PERIOD=48000000 CPU=0
 22684,     2,   48000000,      10289,        0,  -47989711,          0
 22684,     3,   48000000,      32595,        0,  -47967405,          0
 22684,     4,   48000000,      50034,        0,  -47949966,          0
 22684,     5,   48000000,      43904,        0,  -47956096,          0
 22684,     6,   48000000,      45848,        0,  -47954152,          0
 22684,     7,   48000000,     111475,        0,  -47888525,          0
 22684,     8,   48000000,      61362,        0,  -47938638,          0
 22684,     9,   48000000,      61802,        0,  -47938198,          0
 22684,    10,   48000000,      53997,        0,  -47946003,          0
 22684,    11,   48000000,      41523,        0,  -47958477,          0
 22684,    12,   48000000,      44565,        0,  -47955435,          0
 22684,    13,   48000000,      54161,        0,  -47945839,          0
 22684,    14,   48000000,      63451,        0,  -47936549,          0
 22684,    15,   48000000,      51871,        0,  -47948129,          0
 22684,    16,   48000000,      46511,        0,  -47953489,          0
 22684,    17,   48000000,      61564,        0,  -47938436,          0
 22684,    18,   48000000,      48092,        0,  -47951908,          0
 22684,    19,   48000000,      62696,        0,  -47937304,          0
 22684,    20,   48000000,     101868,        0,  -47898132,          0
 22684,    21,   48000000,      49020,        0,  -47950980,          0
 22684,    22,   48000000,      68177,        0,  -47931823,          0
 22684,    23,   48000000,      54414,        0,  -47945586,          0
 22684,    24,   48000000,      64868,        0,  -47935132,          0
 22684,    25,   48000000,      92345,        0,  -47907655,          0
 22684,    26,   48000000,      70512,        0,  -47929488,          0
 22684,    27,   48000000,      58066,        0,  -47941934,          0
 22684,    28,   48000000,      88093,        0,  -47911907,          0
 22684,    29,   48000000,     322205,        0,  -47677795,          0
 22684,    30,   48000000,      80676,        0,  -47919324,          0
 22684,    31,   48000000,      56939,        0,  -47943061,          0
 22684,    32,   48000000,      82783,        0,  -47917217,          0
 22684,    33,   48000000,      45963,        0,  -47954037,          0
 22684,    34,   48000000,      43417,        0,  -47956583,          0
 22684,    35,   48000000,      71583,        0,  -47928417,          0
 22684,    36,   48000000,      71765,        0,  -47928235,          0
 22684,    37,   48000000,     100374,        0,  -47899626,          0
 22684,    38,   48000000,      71210,        0,  -47928790,          0
 22684,    39,   48000000,      44354,        0,  -47955646,          0
 22684,    40,   48000000,      41280,        0,  -47958720,          0
 22684,    41,   48000000,      64931,        0,  -47935069,          0
 22684,    42,   48000000,      51651,        0,  -47948349,          0
 22684,    43,   48000000,      56388,        0,  -47943612,          0
 22684,    44,   48000000,      47448,        0,  -47952552,          0
 22684,    45,   48000000,      40525,        0,  -47959475,          0
 22684,    46,   48000000,      56847,        0,  -47943153,          0
 22684,    47,   48000000,      39249,        0,  -47960751,          0
 22684,    48,   48000000,      63514,        0,  -47936486,          0
 22684,    49,   48000000,      40386,        0,  -47959614,          0
 22684,    50,   48000000,      52961,        0,  -47947039,          0
 22684,    51,   48000000,      49555,        0,  -47950445,          0
 22684,    52,   48000000,      53880,        0,  -47946120,          0
 22684,    53,   48000000,      45760,        0,  -47954240,          0
 22684,    54,   48000000,      50068,        0,  -47949932,          0
 22684,    55,   48000000,      57034,        0,  -47942966,          0
 22684,    56,   48000000,      64958,        0,  -47935042,          0
 22684,    57,   48000000,      68724,        0,  -47931276,          0
 22684,    58,   48000000,      85321,        0,  -47914679,          0
 22684,    59,   48000000,      57592,        0,  -47942408,          0
 22684,    60,   48000000,      90067,        0,  -47909933,          0
 22684,    61,   48000000,      73687,        0,  -47926313,          0
 22684,    62,   48000000,      83704,        0,  -47916296,          0
 22684,    63,   48000000,      49877,        0,  -47950123,          0
 22684,    64,   48000000,      74711,        0,  -47925289,          0
 22684,    65,   48000000,      67751,        0,  -47932249,          0
 22684,    66,   48000000,      41318,        0,  -47958682,          0
 22684,    67,   48000000,      51897,        0,  -47948103,          0
 22684,    68,   48000000,      49739,        0,  -47950261,          0
 22684,    69,   48000000,      65163,        0,  -47934837,          0
 22684,    70,   48000000,      43940,        0,  -47956060,          0
 22684,    71,   48000000,      59600,        0,  -47940400,          0
 22684,    72,   48000000,      77548,        0,  -47922452,          0
 22684,    73,   48000000,      57939,        0,  -47942061,          0
 22684,    74,   48000000,      98693,        0,  -47901307,          0
 22684,    75,   48000000,      60508,        0,  -47939492,          0
 22684,    76,   48000000,      56686,        0,  -47943314,          0
 22684,    77,   48000000,      47203,        0,  -47952797,          0
 22684,    78,   48000000,      51755,        0,  -47948245,          0
 22684,    79,   48000000,      63163,        0,  -47936837,          0
 22684,    80,   48000000,      69961,        0,  -47930039,          0
 22684,    81,   48000000,      70628,        0,  -47929372,          0
 22684,    82,   48000000,      48603,        0,  -47951397,          0
 22684,    83,   48000000,      51120,        0,  -47948880,          0
 22684,    84,   48000000,      47842,        0,  -47952158,          0
 22684,    85,   48000000,      58739,        0,  -47941261,          0
 22684,    86,   48000000,      48350,        0,  -47951650,          0
 22684,    87,   48000000,      44293,        0,  -47955707,          0
 22684,    88,   48000000,      56931,        0,  -47943069,          0
 22684,    89,   48000000,      58931,        0,  -47941069,          0
 22684,    90,   48000000,      56206,        0,  -47943794,          0
 22684,    91,   48000000,      76631,        0,  -47923369,          0
 22684,    92,   48000000,      56782,        0,  -47943218,          0
 22684,    93,   48000000,      59379,        0,  -47940621,          0
 22684,    94,   48000000,      61516,        0,  -47938484,          0
 22684,    95,   48000000,      89618,        0,  -47910382,          0
 22684,    96,   48000000,      63651,        0,  -47936349,          0
 22684,    97,   48000000,     152969,        0,  -47847031,          0
 22684,    98,   48000000,      61146,        0,  -47938854,          0
 22684,    99,   48000000,      58724,        0,  -47941276,          0
 22684,   100,   48000000,      42739,        0,  -47957261,          0
 22684,   101,   48000000,      53462,        0,  -47946538,          0
 22684,   102,   48000000,     989169,        0,  -47010831,          0
 22684,   103,   48000000,      55080,        0,  -47944920,          0
 22684,   104,   48000000,      50563,        0,  -47949437,          0
 22684,   105,   48000000,     151483,        0,  -47848517,          0
 22684,   106,   48000000,      48187,        0,  -47951813,          0
 22684,   107,   48000000,      41527,        0,  -47958473,          0
 22684,   108,   48000000,      46891,        0,  -47953109,          0
 22684,   109,   48000000,      59177,        0,  -47940823,          0
 22684,   110,   48000000,      56169,        0,  -47943831,          0
 22684,   111,   48000000,      77030,        0,  -47922970,          0
 22684,   112,   48000000,     150694,        0,  -47849306,          0
 22684,   113,   48000000,      41320,        0,  -47958680,          0
 22684,   114,   48000000,      50341,        0,  -47949659,          0
 22684,   115,   48000000,      75823,        0,  -47924177,          0
 22684,   116,   48000000,      59084,        0,  -47940916,          0
 22684,   117,   48000000,      51626,        0,  -47948374,          0
 22684,   118,   48000000,      50609,        0,  -47949391,          0
 22684,   119,   48000000,      54832,        0,  -47945168,          0
 22684,   120,   48000000,      41287,        0,  -47958713,          0
 22684,   121,   48000000,      50398,        0,  -47949602,          0
 22684,   122,   48000000,      62087,        0,  -47937913,          0
 22684,   123,   48000000,      40119,        0,  -47959881,          0
 22684,   124,   48000000,      62317,        0,  -47937683,          0
 22684,   125,   48000000,      64166,        0,  -47935834,          0
 22684,   126,   48000000,      43631,        0,  -47956369,          0
 22684,   127,   48000000,      59680,        0,  -47940320,          0
 22684,   128,   48000000,      52986,        0,  -47947014,          0
 22684,   129,   48000000,      45136,        0,  -47954864,          0
 22684,   130,   48000000,      71342,        0,  -47928658,          0
 22684,   131,   48000000,      63819,        0,  -47936181,          0
 22684,   132,   48000000,      48741,        0,  -47951259,          0
 22684,   133,   48000000,      43041,        0,  -47956959,          0
 22684,   134,   48000000,      47250,        0,  -47952750,          0
 22684,   135,   48000000,      50591,        0,  -47949409,          0
 22684,   136,   48000000,      67198,        0,  -47932802,          0
 22684,   137,   48000000,      46524,        0,  -47953476,          0
 22684,   138,   48000000,      42059,        0,  -47957941,          0
 22684,   139,   48000000,      59965,        0,  -47940035,          0
 22684,   140,   48000000,      59237,        0,  -47940763,          0
 22684,   141,   48000000,      49635,        0,  -47950365,          0
 22684,   142,   48000000,      39615,        0,  -47960385,          0
 22684,   143,   48000000,      43058,        0,  -47956942,          0
 22684,   144,   48000000,      53500,        0,  -47946500,          0
 22684,   145,   48000000,     128586,        0,  -47871414,          0
 22684,   146,   48000000,      39384,        0,  -47960616,          0
 22684,   147,   48000000,      47919,        0,  -47952081,          0
 22684,   148,   48000000,      48419,        0,  -47951581,          0
 22684,   149,   48000000,      73300,        0,  -47926700,          0
 22684,   150,   48000000,      43152,        0,  -47956848,          0
 22684,   151,   48000000,     109356,        0,  -47890644,          0
 22684,   152,   48000000,      79382,        0,  -47920618,          0
 22684,   153,   48000000,      50726,        0,  -47949274,          0
 22684,   154,   48000000,      44681,        0,  -47955319,          0
 22684,   155,   48000000,      61943,        0,  -47938057,          0
 22684,   156,   48000000,      64965,        0,  -47935035,          0
 22684,   157,   48000000,      56340,        0,  -47943660,          0
 22684,   158,   48000000,      62691,        0,  -47937309,          0
 22684,   159,   48000000,      65407,        0,  -47934593,          0
 22684,   160,   48000000,      50410,        0,  -47949590,          0
 22684,   161,   48000000,      65227,        0,  -47934773,          0
 22684,   162,   48000000,      47682,        0,  -47952318,          0
 22684,   163,   48000000,      48171,        0,  -47951829,          0
 22684,   164,   48000000,      79499,        0,  -47920501,          0
 22684,   165,   48000000,      79632,        0,  -47920368,          0
 22684,   166,   48000000,      61408,        0,  -47938592,          0
 22684,   167,   48000000,      58433,        0,  -47941567,          0
 22684,   168,   48000000,      98704,        0,  -47901296,          0
 22684,   169,   48000000,      64171,        0,  -47935829,          0
 22684,   170,   48000000,      58333,        0,  -47941667,          0
 22684,   171,   48000000,      54080,        0,  -47945920,          0
 22684,   172,   48000000,      54412,        0,  -47945588,          0
 22684,   173,   48000000,      74599,        0,  -47925401,          0
 22684,   174,   48000000,      78103,        0,  -47921897,          0
 22684,   175,   48000000,      48207,        0,  -47951793,          0
 22684,   176,   48000000,      53437,        0,  -47946563,          0
 22684,   177,   48000000,      50696,        0,  -47949304,          0
 22684,   178,   48000000,      50326,        0,  -47949674,          0
 22684,   179,   48000000,      79533,        0,  -47920467,          0
 22684,   180,   48000000,      41923,        0,  -47958077,          0
 22684,   181,   48000000,     111648,        0,  -47888352,          0
 22684,   182,   48000000,      73428,        0,  -47926572,          0
 22684,   183,   48000000,      42940,        0,  -47957060,          0
 22684,   184,   48000000,      40623,        0,  -47959377,          0
 22684,   185,   48000000,      45135,        0,  -47954865,          0
 22684,   186,   48000000,      50074,        0,  -47949926,          0
 22684,   187,   48000000,      73778,        0,  -47926222,          0
 22684,   188,   48000000,      58972,        0,  -47941028,          0
 22684,   189,   48000000,      58930,        0,  -47941070,          0
 22684,   190,   48000000,      60479,        0,  -47939521,          0
 22684,   191,   48000000,      74225,        0,  -47925775,          0
 22684,   192,   48000000,      48228,        0,  -47951772,          0
 22684,   193,   48000000,      48819,        0,  -47951181,          0
 22684,   194,   48000000,      64141,        0,  -47935859,          0
 22684,   195,   48000000,      67827,        0,  -47932173,          0
 22684,   196,   48000000,      49573,        0,  -47950427,          0
 22684,   197,   48000000,      43313,        0,  -47956687,          0
 22684,   198,   48000000,      43501,        0,  -47956499,          0
 22684,   199,   48000000,      50609,        0,  -47949391,          0
 22684,   200,   48000000,      50320,        0,  -47949680,          0
 22684,   201,   48000000,      60766,        0,  -47939234,          0
 22684,   202,   48000000,      41199,        0,  -47958801,          0
 22684,   203,   48000000,      75925,        0,  -47924075,          0
 22684,   204,   48000000,      50097,        0,  -47949903,          0
 22684,   205,   48000000,      66643,        0,  -47933357,          0
 22684,   206,   48000000,      59576,        0,  -47940424,          0
 22684,   207,   48000000,      58438,        0,  -47941562,          0
 22684,   208,   48000000,      68859,        0,  -47931141,          0
 22684,   209,   48000000,      60255,        0,  -47939745,          0
 22684,   210,   48000000,      59574,        0,  -47940426,          0
 22684,   211,   48000000,      54686,        0,  -47945314,          0
 22684,   212,   48000000,      77586,        0,  -47922414,          0
