148 148 0
106 106 0
111 111 0
423 423 0
143 143 0
115 115 0
235 235 0
124 124 0
185 185 0
109 109 0
306 306 0
258 258 0
154 154 0
130 130 0
181 181 0
145 145 0
350 350 0
533 533 0
280 280 0
155 155 0
184 184 0
175 175 0
115 115 0
190 190 0
187 187 0
111 111 0
838 838 0
144 144 0
119 119 0
107 107 0
166 166 0
157 157 0
336 336 0
136 136 0
374 374 0
297 297 0
327 327 0
717 717 0
190 190 0
154 154 0
107 107 0
221 221 0
138 138 0
594 594 0
288 288 0
198 198 0
315 315 0
117 117 0
179 179 0
560 560 0
112 112 0
480 480 0
437 437 0
237 237 0
164 164 0
154 154 0
259 259 0
166 166 0
