169 108 61
549 445 104
1025 869 156
165 133 32
175 128 47
445 368 77
434 355 79
251 195 56
171 127 44
282 200 82
140 82 58
248 187 61
206 168 38
228 171 57
145 99 46
153 122 31
171 115 56
162 137 25
263 223 40
231 153 78
131 107 24
130 76 54
126 96 30
159 118 41
181 156 25
189 144 45
438 370 68
213 150 63
288 239 49
266 214 52
160 108 52
291 215 76
1026 859 167
154 129 25
175 136 39
150 96 54
397 329 68
234 185 49
284 220 64
145 111 34
140 94 46
174 143 31
219 184 35
499 430 69
296 217 79
187 163 24
407 352 55
133 88 45
194 157 37
530 425 105
146 103 43
742 618 124
287 248 39
613 489 124
146 91 55
298 253 45
933 777 156
320 269 51
934 790 144
158 94 64
195 141 54
742 600 142
144 90 54
141 81 60
390 334 56
331 270 61
689 586 103
616 499 117
162 112 50
259 185 74
139 79 60
175 135 40
581 468 113
443 381 62
128 86 42
556 474 82
174 121 53
174 138 36
165 113 52
159 118 41
