# Task,   Job,     Period,   Response, DL Miss?,   Lateness,  Tardiness
# task NAME=myapp PID=27918 COST=74136000 PERIOD=88000000 CPU=0
 27918,     2,   88000000,       7930,        0,  -87992070,          0
 27918,     3,   88000000,      41968,        0,  -87958032,          0
 27918,     4,   88000000,   72883479,        0,  -15116521,          0
 27918,     5,   88000000,   72903984,        0,  -15096016,          0
 27918,     6,   88000000,   72602148,        0,  -15397852,          0
 27918,     7,   88000000,   72613720,        0,  -15386280,          0
 27918,     8,   88000000,   72896884,        0,  -15103116,          0
 27918,     9,   88000000,   72883291,        0,  -15116709,          0
 27918,    10,   88000000,   73120490,        0,  -14879510,          0
 27918,    11,   88000000,   72837347,        0,  -15162653,          0
 27918,    12,   88000000,   72941169,        0,  -15058831,          0
 27918,    13,   88000000,   72710078,        0,  -15289922,          0
 27918,    14,   88000000,   72925758,        0,  -15074242,          0
 27918,    15,   88000000,   72910939,        0,  -15089061,          0
 27918,    16,   88000000,   72538646,        0,  -15461354,          0
 27918,    17,   88000000,   72619744,        0,  -15380256,          0
 27918,    18,   88000000,   72859988,        0,  -15140012,          0
 27918,    19,   88000000,   72900667,        0,  -15099333,          0
 27918,    20,   88000000,   72606850,        0,  -15393150,          0
 27918,    21,   88000000,   73374758,        0,  -14625242,          0
 27918,    22,   88000000,   73218988,        0,  -14781012,          0
 27918,    23,   88000000,   72882717,        0,  -15117283,          0
 27918,    24,   88000000,   72586941,        0,  -15413059,          0
 27918,    25,   88000000,   72975757,        0,  -15024243,          0
 27918,    26,   88000000,   72865441,        0,  -15134559,          0
 27918,    27,   88000000,   72590976,        0,  -15409024,          0
 27918,    28,   88000000,   73194813,        0,  -14805187,          0
 27918,    29,   88000000,   73845069,        0,  -14154931,          0
 27918,    30,   88000000,   74774254,        0,  -13225746,          0
 27918,    31,   88000000,   73931212,        0,  -14068788,          0
 27918,    32,   88000000,   72857361,        0,  -15142639,          0
 27918,    33,   88000000,   72658088,        0,  -15341912,          0
 27918,    34,   88000000,   73018419,        0,  -14981581,          0
 27918,    35,   88000000,   72897725,        0,  -15102275,          0
 27918,    36,   88000000,   72957921,        0,  -15042079,          0
 27918,    37,   88000000,   72615906,        0,  -15384094,          0
 27918,    38,   88000000,   72894836,        0,  -15105164,          0
 27918,    39,   88000000,   72901568,        0,  -15098432,          0
 27918,    40,   88000000,   72623466,        0,  -15376534,          0
 27918,    41,   88000000,   72862357,        0,  -15137643,          0
 27918,    42,   88000000,   73209996,        0,  -14790004,          0
 27918,    43,   88000000,   72895314,        0,  -15104686,          0
 27918,    44,   88000000,   72918094,        0,  -15081906,          0
 27918,    45,   88000000,   73983916,        0,  -14016084,          0
 27918,    46,   88000000,   72929772,        0,  -15070228,          0
 27918,    47,   88000000,   73689941,        0,  -14310059,          0
 27918,    48,   88000000,   72902144,        0,  -15097856,          0
 27918,    49,   88000000,   74888342,        0,  -13111658,          0
 27918,    50,   88000000,   72600585,        0,  -15399415,          0
 27918,    51,   88000000,   72602620,        0,  -15397380,          0
 27918,    52,   88000000,   72946269,        0,  -15053731,          0
 27918,    53,   88000000,   72905761,        0,  -15094239,          0
 27918,    54,   88000000,   72616120,        0,  -15383880,          0
 27918,    55,   88000000,   72894541,        0,  -15105459,          0
 27918,    56,   88000000,   72849847,        0,  -15150153,          0
 27918,    57,   88000000,   72584966,        0,  -15415034,          0
 27918,    58,   88000000,   72884459,        0,  -15115541,          0
 27918,    59,   88000000,   72968203,        0,  -15031797,          0
 27918,    60,   88000000,   72888640,        0,  -15111360,          0
 27918,    61,   88000000,   72579461,        0,  -15420539,          0
 27918,    62,   88000000,   72927611,        0,  -15072389,          0
 27918,    63,   88000000,   73148661,        0,  -14851339,          0
 27918,    64,   88000000,   72617227,        0,  -15382773,          0
 27918,    65,   88000000,   73219041,        0,  -14780959,          0
 27918,    66,   88000000,   72869975,        0,  -15130025,          0
 27918,    67,   88000000,   73171498,        0,  -14828502,          0
 27918,    68,   88000000,   73125415,        0,  -14874585,          0
 27918,    69,   88000000,   72911441,        0,  -15088559,          0
 27918,    70,   88000000,   73327485,        0,  -14672515,          0
 27918,    71,   88000000,   72627372,        0,  -15372628,          0
 27918,    72,   88000000,   73206897,        0,  -14793103,          0
 27918,    73,   88000000,   73481330,        0,  -14518670,          0
 27918,    74,   88000000,   73696944,        0,  -14303056,          0
 27918,    75,   88000000,   73117580,        0,  -14882420,          0
 27918,    76,   88000000,   72923770,        0,  -15076230,          0
 27918,    77,   88000000,   72624149,        0,  -15375851,          0
 27918,    78,   88000000,   72621824,        0,  -15378176,          0
 27918,    79,   88000000,   72906169,        0,  -15093831,          0
 27918,    80,   88000000,   72898843,        0,  -15101157,          0
 27918,    81,   88000000,   72623601,        0,  -15376399,          0
 27918,    82,   88000000,   72891487,        0,  -15108513,          0
 27918,    83,   88000000,   72856510,        0,  -15143490,          0
 27918,    84,   88000000,   72563677,        0,  -15436323,          0
 27918,    85,   88000000,   73330132,        0,  -14669868,          0
 27918,    86,   88000000,   72878763,        0,  -15121237,          0
 27918,    87,   88000000,   72601379,        0,  -15398621,          0
 27918,    88,   88000000,   72608532,        0,  -15391468,          0
 27918,    89,   88000000,   73976949,        0,  -14023051,          0
 27918,    90,   88000000,   72885037,        0,  -15114963,          0
 27918,    91,   88000000,   72632387,        0,  -15367613,          0
 27918,    92,   88000000,   73153313,        0,  -14846687,          0
 27918,    93,   88000000,   73101836,        0,  -14898164,          0
 27918,    94,   88000000,   72750798,        0,  -15249202,          0
 27918,    95,   88000000,   72897486,        0,  -15102514,          0
 27918,    96,   88000000,   72883719,        0,  -15116281,          0
 27918,    97,   88000000,   72588461,        0,  -15411539,          0
 27918,    98,   88000000,   72653285,        0,  -15346715,          0
 27918,    99,   88000000,   72856846,        0,  -15143154,          0
 27918,   100,   88000000,   73164931,        0,  -14835069,          0
 27918,   101,   88000000,   73575619,        0,  -14424381,          0
 27918,   102,   88000000,   73220433,        0,  -14779567,          0
 27918,   103,   88000000,   72944294,        0,  -15055706,          0
 27918,   104,   88000000,   72774734,        0,  -15225266,          0
 27918,   105,   88000000,   72641224,        0,  -15358776,          0
 27918,   106,   88000000,   72868132,        0,  -15131868,          0
 27918,   107,   88000000,   72917172,        0,  -15082828,          0
 27918,   108,   88000000,   72876654,        0,  -15123346,          0
 27918,   109,   88000000,   72910292,        0,  -15089708,          0
 27918,   110,   88000000,   73115032,        0,  -14884968,          0
 27918,   111,   88000000,   73701223,        0,  -14298777,          0
 27918,   112,   88000000,   72901857,        0,  -15098143,          0
 27918,   113,   88000000,   72869039,        0,  -15130961,          0
 27918,   114,   88000000,   72628615,        0,  -15371385,          0
 27918,   115,   88000000,   72639988,        0,  -15360012,          0
 27918,   116,   88000000,   72897862,        0,  -15102138,          0
 27918,   117,   88000000,   72876337,        0,  -15123663,          0
# task NAME=myapp PID=27921 COST=18229000 PERIOD=22000000 CPU=0
 27921,     2,   22000000,       8593,        0,  -21991407,          0
 27921,     3,   22000000,      38251,        0,  -21961749,          0
 27921,     4,   22000000,   18947916,        0,   -3052084,          0
 27921,     5,   22000000,   17924335,        0,   -4075665,          0
 27921,     6,   22000000,   17892239,        0,   -4107761,          0
 27921,     7,   22000000,   20210568,        0,   -1789432,          0
 27921,     8,   22000000,   18564208,        0,   -3435792,          0
 27921,     9,   22000000,   17883396,        0,   -4116604,          0
 27921,    10,   22000000,   17858113,        0,   -4141887,          0
 27921,    11,   22000000,   17894636,        0,   -4105364,          0
 27921,    12,   22000000,   19871064,        0,   -2128936,          0
 27921,    13,   22000000,   18153777,        0,   -3846223,          0
 27921,    14,   22000000,   17864193,        0,   -4135807,          0
 27921,    15,   22000000,   17869992,        0,   -4130008,          0
 27921,    16,   22000000,   17946621,        0,   -4053379,          0
 27921,    17,   22000000,   18734788,        0,   -3265212,          0
 27921,    18,   22000000,   18143426,        0,   -3856574,          0
 27921,    19,   22000000,   17965116,        0,   -4034884,          0
 27921,    20,   22000000,   17867704,        0,   -4132296,          0
 27921,    21,   22000000,   18024876,        0,   -3975124,          0
 27921,    22,   22000000,   17880688,        0,   -4119312,          0
 27921,    23,   22000000,   17889553,        0,   -4110447,          0
 27921,    24,   22000000,   18142205,        0,   -3857795,          0
 27921,    25,   22000000,   17862843,        0,   -4137157,          0
 27921,    26,   22000000,   20013330,        0,   -1986670,          0
 27921,    27,   22000000,   17986940,        0,   -4013060,          0
 27921,    28,   22000000,   17949179,        0,   -4050821,          0
 27921,    29,   22000000,   17862446,        0,   -4137554,          0
 27921,    30,   22000000,   18866848,        0,   -3133152,          0
 27921,    31,   22000000,   17916635,        0,   -4083365,          0
 27921,    32,   22000000,   17871100,        0,   -4128900,          0
 27921,    33,   22000000,   17889569,        0,   -4110431,          0
 27921,    34,   22000000,   17971703,        0,   -4028297,          0
 27921,    35,   22000000,   18165718,        0,   -3834282,          0
 27921,    36,   22000000,   17861153,        0,   -4138847,          0
 27921,    37,   22000000,   17882368,        0,   -4117632,          0
 27921,    38,   22000000,   17864412,        0,   -4135588,          0
 27921,    39,   22000000,   17869315,        0,   -4130685,          0
 27921,    40,   22000000,   17864527,        0,   -4135473,          0
 27921,    41,   22000000,   18150937,        0,   -3849063,          0
 27921,    42,   22000000,   17880882,        0,   -4119118,          0
 27921,    43,   22000000,   17934123,        0,   -4065877,          0
 27921,    44,   22000000,   17979738,        0,   -4020262,          0
 27921,    45,   22000000,   17952953,        0,   -4047047,          0
 27921,    46,   22000000,   18024764,        0,   -3975236,          0
 27921,    47,   22000000,   18183343,        0,   -3816657,          0
 27921,    48,   22000000,   17878734,        0,   -4121266,          0
 27921,    49,   22000000,   17906685,        0,   -4093315,          0
 27921,    50,   22000000,   17878042,        0,   -4121958,          0
 27921,    51,   22000000,   17857817,        0,   -4142183,          0
 27921,    52,   22000000,   17859522,        0,   -4140478,          0
 27921,    53,   22000000,   17882393,        0,   -4117607,          0
 27921,    54,   22000000,   17861357,        0,   -4138643,          0
 27921,    55,   22000000,   17867378,        0,   -4132622,          0
 27921,    56,   22000000,   17931948,        0,   -4068052,          0
 27921,    57,   22000000,   18227723,        0,   -3772277,          0
 27921,    58,   22000000,   18237742,        0,   -3762258,          0
 27921,    59,   22000000,   17932320,        0,   -4067680,          0
 27921,    60,   22000000,   17951368,        0,   -4048632,          0
 27921,    61,   22000000,   17877245,        0,   -4122755,          0
 27921,    62,   22000000,   18670137,        0,   -3329863,          0
 27921,    63,   22000000,   17871684,        0,   -4128316,          0
 27921,    64,   22000000,   18161260,        0,   -3838740,          0
 27921,    65,   22000000,   17876584,        0,   -4123416,          0
 27921,    66,   22000000,   17866535,        0,   -4133465,          0
 27921,    67,   22000000,   17862158,        0,   -4137842,          0
 27921,    68,   22000000,   17882142,        0,   -4117858,          0
 27921,    69,   22000000,   17961624,        0,   -4038376,          0
 27921,    70,   22000000,   17860605,        0,   -4139395,          0
 27921,    71,   22000000,   17887749,        0,   -4112251,          0
 27921,    72,   22000000,   17968599,        0,   -4031401,          0
 27921,    73,   22000000,   17903225,        0,   -4096775,          0
 27921,    74,   22000000,   17841919,        0,   -4158081,          0
 27921,    75,   22000000,   18184549,        0,   -3815451,          0
 27921,    76,   22000000,   17873450,        0,   -4126550,          0
 27921,    77,   22000000,   17977237,        0,   -4022763,          0
 27921,    78,   22000000,   17853703,        0,   -4146297,          0
 27921,    79,   22000000,   17861138,        0,   -4138862,          0
 27921,    80,   22000000,   18018536,        0,   -3981464,          0
 27921,    81,   22000000,   18131303,        0,   -3868697,          0
 27921,    82,   22000000,   17849245,        0,   -4150755,          0
 27921,    83,   22000000,   17885283,        0,   -4114717,          0
 27921,    84,   22000000,   17873354,        0,   -4126646,          0
 27921,    85,   22000000,   17867349,        0,   -4132651,          0
 27921,    86,   22000000,   17873715,        0,   -4126285,          0
 27921,    87,   22000000,   17889323,        0,   -4110677,          0
 27921,    88,   22000000,   17897187,        0,   -4102813,          0
 27921,    89,   22000000,   17866451,        0,   -4133549,          0
 27921,    90,   22000000,   17948481,        0,   -4051519,          0
 27921,    91,   22000000,   17946644,        0,   -4053356,          0
 27921,    92,   22000000,   18243744,        0,   -3756256,          0
 27921,    93,   22000000,   18776432,        0,   -3223568,          0
 27921,    94,   22000000,   17868834,        0,   -4131166,          0
 27921,    95,   22000000,   17908319,        0,   -4091681,          0
 27921,    96,   22000000,   17875617,        0,   -4124383,          0
 27921,    97,   22000000,   17873396,        0,   -4126604,          0
 27921,    98,   22000000,   18304598,        0,   -3695402,          0
 27921,    99,   22000000,   17998563,        0,   -4001437,          0
 27921,   100,   22000000,   17858929,        0,   -4141071,          0
 27921,   101,   22000000,   17848712,        0,   -4151288,          0
 27921,   102,   22000000,   18052693,        0,   -3947307,          0
 27921,   103,   22000000,   17959134,        0,   -4040866,          0
 27921,   104,   22000000,   18011152,        0,   -3988848,          0
 27921,   105,   22000000,   17845164,        0,   -4154836,          0
 27921,   106,   22000000,   17857781,        0,   -4142219,          0
 27921,   107,   22000000,   17903590,        0,   -4096410,          0
 27921,   108,   22000000,   17863985,        0,   -4136015,          0
 27921,   109,   22000000,   18235456,        0,   -3764544,          0
 27921,   110,   22000000,   18411871,        0,   -3588129,          0
 27921,   111,   22000000,   18415002,        0,   -3584998,          0
 27921,   112,   22000000,   17943576,        0,   -4056424,          0
 27921,   113,   22000000,   17924061,        0,   -4075939,          0
 27921,   114,   22000000,   17873153,        0,   -4126847,          0
 27921,   115,   22000000,   18189505,        0,   -3810495,          0
 27921,   116,   22000000,   17882159,        0,   -4117841,          0
 27921,   117,   22000000,   17881059,        0,   -4118941,          0
 27921,   118,   22000000,   17857402,        0,   -4142598,          0
 27921,   119,   22000000,   17881474,        0,   -4118526,          0
 27921,   120,   22000000,   18060470,        0,   -3939530,          0
 27921,   121,   22000000,   18153461,        0,   -3846539,          0
 27921,   122,   22000000,   17867043,        0,   -4132957,          0
 27921,   123,   22000000,   17918632,        0,   -4081368,          0
 27921,   124,   22000000,   17888779,        0,   -4111221,          0
 27921,   125,   22000000,   17875053,        0,   -4124947,          0
 27921,   126,   22000000,   18152284,        0,   -3847716,          0
 27921,   127,   22000000,   17865635,        0,   -4134365,          0
 27921,   128,   22000000,   17861149,        0,   -4138851,          0
 27921,   129,   22000000,   19058595,        0,   -2941405,          0
 27921,   130,   22000000,   17867669,        0,   -4132331,          0
 27921,   131,   22000000,   17865619,        0,   -4134381,          0
 27921,   132,   22000000,   18163647,        0,   -3836353,          0
 27921,   133,   22000000,   17903006,        0,   -4096994,          0
 27921,   134,   22000000,   17872863,        0,   -4127137,          0
 27921,   135,   22000000,   17871856,        0,   -4128144,          0
 27921,   136,   22000000,   17948962,        0,   -4051038,          0
 27921,   137,   22000000,   17933342,        0,   -4066658,          0
 27921,   138,   22000000,   20112813,        0,   -1887187,          0
 27921,   139,   22000000,   17880055,        0,   -4119945,          0
 27921,   140,   22000000,   18014231,        0,   -3985769,          0
 27921,   141,   22000000,   17874913,        0,   -4125087,          0
 27921,   142,   22000000,   17869676,        0,   -4130324,          0
 27921,   143,   22000000,   18140040,        0,   -3859960,          0
 27921,   144,   22000000,   17854159,        0,   -4145841,          0
 27921,   145,   22000000,   17920814,        0,   -4079186,          0
 27921,   146,   22000000,   17853726,        0,   -4146274,          0
 27921,   147,   22000000,   17895428,        0,   -4104572,          0
 27921,   148,   22000000,   17897486,        0,   -4102514,          0
 27921,   149,   22000000,   18171689,        0,   -3828311,          0
 27921,   150,   22000000,   17886965,        0,   -4113035,          0
 27921,   151,   22000000,   17930255,        0,   -4069745,          0
 27921,   152,   22000000,   18140823,        0,   -3859177,          0
 27921,   153,   22000000,   17877997,        0,   -4122003,          0
 27921,   154,   22000000,   17857547,        0,   -4142453,          0
 27921,   155,   22000000,   18177884,        0,   -3822116,          0
 27921,   156,   22000000,   17879794,        0,   -4120206,          0
 27921,   157,   22000000,   17874515,        0,   -4125485,          0
 27921,   158,   22000000,   17890698,        0,   -4109302,          0
 27921,   159,   22000000,   17881834,        0,   -4118166,          0
 27921,   160,   22000000,   18155661,        0,   -3844339,          0
 27921,   161,   22000000,   18332694,        0,   -3667306,          0
 27921,   162,   22000000,   17872339,        0,   -4127661,          0
 27921,   163,   22000000,   17961162,        0,   -4038838,          0
 27921,   164,   22000000,   18001860,        0,   -3998140,          0
 27921,   165,   22000000,   17858858,        0,   -4141142,          0
 27921,   166,   22000000,   18942423,        0,   -3057577,          0
 27921,   167,   22000000,   17862795,        0,   -4137205,          0
 27921,   168,   22000000,   17933538,        0,   -4066462,          0
 27921,   169,   22000000,   17937845,        0,   -4062155,          0
 27921,   170,   22000000,   17896230,        0,   -4103770,          0
 27921,   171,   22000000,   17931310,        0,   -4068690,          0
 27921,   172,   22000000,   18229855,        0,   -3770145,          0
 27921,   173,   22000000,   17979422,        0,   -4020578,          0
 27921,   174,   22000000,   18098728,        0,   -3901272,          0
 27921,   175,   22000000,   17932619,        0,   -4067381,          0
 27921,   176,   22000000,   17864645,        0,   -4135355,          0
 27921,   177,   22000000,   17859540,        0,   -4140460,          0
 27921,   178,   22000000,   17966921,        0,   -4033079,          0
 27921,   179,   22000000,   19545977,        0,   -2454023,          0
 27921,   180,   22000000,   17916261,        0,   -4083739,          0
 27921,   181,   22000000,   17946131,        0,   -4053869,          0
 27921,   182,   22000000,   17858211,        0,   -4141789,          0
 27921,   183,   22000000,   18205694,        0,   -3794306,          0
 27921,   184,   22000000,   17863736,        0,   -4136264,          0
 27921,   185,   22000000,   17889811,        0,   -4110189,          0
 27921,   186,   22000000,   17955522,        0,   -4044478,          0
 27921,   187,   22000000,   17954138,        0,   -4045862,          0
 27921,   188,   22000000,   18832905,        0,   -3167095,          0
 27921,   189,   22000000,   18136013,        0,   -3863987,          0
 27921,   190,   22000000,   17856996,        0,   -4143004,          0
 27921,   191,   22000000,   17882855,        0,   -4117145,          0
 27921,   192,   22000000,   17951643,        0,   -4048357,          0
 27921,   193,   22000000,   17859940,        0,   -4140060,          0
 27921,   194,   22000000,   17928624,        0,   -4071376,          0
 27921,   195,   22000000,   17874581,        0,   -4125419,          0
 27921,   196,   22000000,   17862345,        0,   -4137655,          0
 27921,   197,   22000000,   17869964,        0,   -4130036,          0
 27921,   198,   22000000,   17892910,        0,   -4107090,          0
 27921,   199,   22000000,   17928351,        0,   -4071649,          0
 27921,   200,   22000000,   18268786,        0,   -3731214,          0
 27921,   201,   22000000,   17871157,        0,   -4128843,          0
 27921,   202,   22000000,   17883265,        0,   -4116735,          0
 27921,   203,   22000000,   17883192,        0,   -4116808,          0
 27921,   204,   22000000,   17847422,        0,   -4152578,          0
 27921,   205,   22000000,   17871434,        0,   -4128566,          0
 27921,   206,   22000000,   18250741,        0,   -3749259,          0
 27921,   207,   22000000,   17929197,        0,   -4070803,          0
 27921,   208,   22000000,   17929535,        0,   -4070465,          0
 27921,   209,   22000000,   17950399,        0,   -4049601,          0
 27921,   210,   22000000,   18861913,        0,   -3138087,          0
 27921,   211,   22000000,   17880389,        0,   -4119611,          0
 27921,   212,   22000000,   17871539,        0,   -4128461,          0
 27921,   213,   22000000,   17993791,        0,   -4006209,          0
 27921,   214,   22000000,   17971352,        0,   -4028648,          0
 27921,   215,   22000000,   17950031,        0,   -4049969,          0
 27921,   216,   22000000,   17880266,        0,   -4119734,          0
 27921,   217,   22000000,   18237308,        0,   -3762692,          0
 27921,   218,   22000000,   17915941,        0,   -4084059,          0
 27921,   219,   22000000,   17881959,        0,   -4118041,          0
 27921,   220,   22000000,   17874984,        0,   -4125016,          0
 27921,   221,   22000000,   17958914,        0,   -4041086,          0
 27921,   222,   22000000,   17955058,        0,   -4044942,          0
 27921,   223,   22000000,   18176430,        0,   -3823570,          0
 27921,   224,   22000000,   17869888,        0,   -4130112,          0
 27921,   225,   22000000,   17865276,        0,   -4134724,          0
 27921,   226,   22000000,   17926310,        0,   -4073690,          0
 27921,   227,   22000000,   17962233,        0,   -4037767,          0
 27921,   228,   22000000,   18483266,        0,   -3516734,          0
 27921,   229,   22000000,   17954912,        0,   -4045088,          0
 27921,   230,   22000000,   17956234,        0,   -4043766,          0
 27921,   231,   22000000,   17872643,        0,   -4127357,          0
 27921,   232,   22000000,   17861998,        0,   -4138002,          0
 27921,   233,   22000000,   19080364,        0,   -2919636,          0
 27921,   234,   22000000,   18138955,        0,   -3861045,          0
 27921,   235,   22000000,   17871107,        0,   -4128893,          0
 27921,   236,   22000000,   17974798,        0,   -4025202,          0
 27921,   237,   22000000,   18168793,        0,   -3831207,          0
 27921,   238,   22000000,   17847075,        0,   -4152925,          0
 27921,   239,   22000000,   17855346,        0,   -4144654,          0
 27921,   240,   22000000,   18149888,        0,   -3850112,          0
 27921,   241,   22000000,   17879754,        0,   -4120246,          0
 27921,   242,   22000000,   17934499,        0,   -4065501,          0
 27921,   243,   22000000,   17881700,        0,   -4118300,          0
 27921,   244,   22000000,   17932135,        0,   -4067865,          0
 27921,   245,   22000000,   17882968,        0,   -4117032,          0
 27921,   246,   22000000,   18163622,        0,   -3836378,          0
 27921,   247,   22000000,   17871757,        0,   -4128243,          0
 27921,   248,   22000000,   17977196,        0,   -4022804,          0
 27921,   249,   22000000,   17974461,        0,   -4025539,          0
 27921,   250,   22000000,   17925592,        0,   -4074408,          0
 27921,   251,   22000000,   18773699,        0,   -3226301,          0
 27921,   252,   22000000,   17874908,        0,   -4125092,          0
 27921,   253,   22000000,   17851433,        0,   -4148567,          0
 27921,   254,   22000000,   18109316,        0,   -3890684,          0
 27921,   255,   22000000,   19783849,        0,   -2216151,          0
 27921,   256,   22000000,   17880361,        0,   -4119639,          0
 27921,   257,   22000000,   18177039,        0,   -3822961,          0
 27921,   258,   22000000,   17867466,        0,   -4132534,          0
 27921,   259,   22000000,   17867297,        0,   -4132703,          0
 27921,   260,   22000000,   17872171,        0,   -4127829,          0
 27921,   261,   22000000,   17849605,        0,   -4150395,          0
 27921,   262,   22000000,   17841733,        0,   -4158267,          0
 27921,   263,   22000000,   18154789,        0,   -3845211,          0
 27921,   264,   22000000,   18427467,        0,   -3572533,          0
 27921,   265,   22000000,   17844262,        0,   -4155738,          0
 27921,   266,   22000000,   17884505,        0,   -4115495,          0
 27921,   267,   22000000,   17888848,        0,   -4111152,          0
 27921,   268,   22000000,   18196284,        0,   -3803716,          0
 27921,   269,   22000000,   17878075,        0,   -4121925,          0
 27921,   270,   22000000,   17869437,        0,   -4130563,          0
 27921,   271,   22000000,   17936507,        0,   -4063493,          0
 27921,   272,   22000000,   17972919,        0,   -4027081,          0
 27921,   273,   22000000,   17892197,        0,   -4107803,          0
 27921,   274,   22000000,   18222868,        0,   -3777132,          0
 27921,   275,   22000000,   17949820,        0,   -4050180,          0
 27921,   276,   22000000,   17869007,        0,   -4130993,          0
 27921,   277,   22000000,   17859921,        0,   -4140079,          0
 27921,   278,   22000000,   17919479,        0,   -4080521,          0
 27921,   279,   22000000,   17924221,        0,   -4075779,          0
 27921,   280,   22000000,   18157963,        0,   -3842037,          0
 27921,   281,   22000000,   17902901,        0,   -4097099,          0
 27921,   282,   22000000,   19800004,        0,   -2199996,          0
 27921,   283,   22000000,   17878222,        0,   -4121778,          0
 27921,   284,   22000000,   17868935,        0,   -4131065,          0
 27921,   285,   22000000,   18166260,        0,   -3833740,          0
 27921,   286,   22000000,   17885492,        0,   -4114508,          0
 27921,   287,   22000000,   18722694,        0,   -3277306,          0
 27921,   288,   22000000,   17921875,        0,   -4078125,          0
 27921,   289,   22000000,   17885672,        0,   -4114328,          0
 27921,   290,   22000000,   17856460,        0,   -4143540,          0
 27921,   291,   22000000,   18983059,        0,   -3016941,          0
 27921,   292,   22000000,   17863150,        0,   -4136850,          0
 27921,   293,   22000000,   17882763,        0,   -4117237,          0
 27921,   294,   22000000,   17907142,        0,   -4092858,          0
 27921,   295,   22000000,   17921251,        0,   -4078749,          0
 27921,   296,   22000000,   17857639,        0,   -4142361,          0
 27921,   297,   22000000,   18139805,        0,   -3860195,          0
 27921,   298,   22000000,   17860291,        0,   -4139709,          0
 27921,   299,   22000000,   17917420,        0,   -4082580,          0
 27921,   300,   22000000,   17875631,        0,   -4124369,          0
 27921,   301,   22000000,   18066463,        0,   -3933537,          0
 27921,   302,   22000000,   18046501,        0,   -3953499,          0
 27921,   303,   22000000,   17941020,        0,   -4058980,          0
 27921,   304,   22000000,   17881471,        0,   -4118529,          0
 27921,   305,   22000000,   17981883,        0,   -4018117,          0
 27921,   306,   22000000,   17869670,        0,   -4130330,          0
 27921,   307,   22000000,   17878530,        0,   -4121470,          0
 27921,   308,   22000000,   18213433,        0,   -3786567,          0
 27921,   309,   22000000,   18731764,        0,   -3268236,          0
 27921,   310,   22000000,   18817113,        0,   -3182887,          0
 27921,   311,   22000000,   17857782,        0,   -4142218,          0
 27921,   312,   22000000,   17878009,        0,   -4121991,          0
 27921,   313,   22000000,   17986033,        0,   -4013967,          0
 27921,   314,   22000000,   19172412,        0,   -2827588,          0
 27921,   315,   22000000,   17869829,        0,   -4130171,          0
 27921,   316,   22000000,   17879194,        0,   -4120806,          0
 27921,   317,   22000000,   17883484,        0,   -4116516,          0
 27921,   318,   22000000,   17999721,        0,   -4000279,          0
 27921,   319,   22000000,   17929664,        0,   -4070336,          0
 27921,   320,   22000000,   17897799,        0,   -4102201,          0
 27921,   321,   22000000,   17951660,        0,   -4048340,          0
 27921,   322,   22000000,   17862419,        0,   -4137581,          0
 27921,   323,   22000000,   17878499,        0,   -4121501,          0
 27921,   324,   22000000,   17868670,        0,   -4131330,          0
 27921,   325,   22000000,   18234122,        0,   -3765878,          0
 27921,   326,   22000000,   17842266,        0,   -4157734,          0
 27921,   327,   22000000,   17877751,        0,   -4122249,          0
 27921,   328,   22000000,   17920493,        0,   -4079507,          0
 27921,   329,   22000000,   17878791,        0,   -4121209,          0
 27921,   330,   22000000,   17873185,        0,   -4126815,          0
 27921,   331,   22000000,   18217034,        0,   -3782966,          0
 27921,   332,   22000000,   18014464,        0,   -3985536,          0
 27921,   333,   22000000,   17903819,        0,   -4096181,          0
 27921,   334,   22000000,   17848415,        0,   -4151585,          0
 27921,   335,   22000000,   17878627,        0,   -4121373,          0
 27921,   336,   22000000,   17934982,        0,   -4065018,          0
 27921,   337,   22000000,   18456079,        0,   -3543921,          0
 27921,   338,   22000000,   17866995,        0,   -4133005,          0
 27921,   339,   22000000,   17958709,        0,   -4041291,          0
 27921,   340,   22000000,   17962269,        0,   -4037731,          0
 27921,   341,   22000000,   17862621,        0,   -4137379,          0
 27921,   342,   22000000,   18130087,        0,   -3869913,          0
 27921,   343,   22000000,   17861629,        0,   -4138371,          0
 27921,   344,   22000000,   17852324,        0,   -4147676,          0
 27921,   345,   22000000,   17894008,        0,   -4105992,          0
 27921,   346,   22000000,   17875417,        0,   -4124583,          0
 27921,   347,   22000000,   18993308,        0,   -3006692,          0
 27921,   348,   22000000,   18329723,        0,   -3670277,          0
 27921,   349,   22000000,   17981173,        0,   -4018827,          0
 27921,   350,   22000000,   17867751,        0,   -4132249,          0
 27921,   351,   22000000,   17926966,        0,   -4073034,          0
 27921,   352,   22000000,   17927846,        0,   -4072154,          0
 27921,   353,   22000000,   17871946,        0,   -4128054,          0
 27921,   354,   22000000,   17970974,        0,   -4029026,          0
 27921,   355,   22000000,   17898790,        0,   -4101210,          0
 27921,   356,   22000000,   17873779,        0,   -4126221,          0
 27921,   357,   22000000,   17865513,        0,   -4134487,          0
 27921,   358,   22000000,   17884625,        0,   -4115375,          0
 27921,   359,   22000000,   18198423,        0,   -3801577,          0
 27921,   360,   22000000,   18022492,        0,   -3977508,          0
 27921,   361,   22000000,   17938292,        0,   -4061708,          0
 27921,   362,   22000000,   17873739,        0,   -4126261,          0
 27921,   363,   22000000,   19973477,        0,   -2026523,          0
 27921,   364,   22000000,   17847813,        0,   -4152187,          0
 27921,   365,   22000000,   18141459,        0,   -3858541,          0
 27921,   366,   22000000,   18031529,        0,   -3968471,          0
 27921,   367,   22000000,   17959427,        0,   -4040573,          0
 27921,   368,   22000000,   17888085,        0,   -4111915,          0
 27921,   369,   22000000,   17998089,        0,   -4001911,          0
 27921,   370,   22000000,   17935034,        0,   -4064966,          0
 27921,   371,   22000000,   18201095,        0,   -3798905,          0
 27921,   372,   22000000,   17922232,        0,   -4077768,          0
 27921,   373,   22000000,   17880929,        0,   -4119071,          0
 27921,   374,   22000000,   18676331,        0,   -3323669,          0
 27921,   375,   22000000,   17870817,        0,   -4129183,          0
 27921,   376,   22000000,   18145540,        0,   -3854460,          0
 27921,   377,   22000000,   17859023,        0,   -4140977,          0
 27921,   378,   22000000,   17853064,        0,   -4146936,          0
 27921,   379,   22000000,   17866573,        0,   -4133427,          0
 27921,   380,   22000000,   17868932,        0,   -4131068,          0
 27921,   381,   22000000,   19480358,        0,   -2519642,          0
 27921,   382,   22000000,   18148563,        0,   -3851437,          0
 27921,   383,   22000000,   17923609,        0,   -4076391,          0
 27921,   384,   22000000,   17864395,        0,   -4135605,          0
 27921,   385,   22000000,   17943083,        0,   -4056917,          0
 27921,   386,   22000000,   17909402,        0,   -4090598,          0
 27921,   387,   22000000,   17892016,        0,   -4107984,          0
 27921,   388,   22000000,   19149288,        0,   -2850712,          0
 27921,   389,   22000000,   17932468,        0,   -4067532,          0
 27921,   390,   22000000,   17889403,        0,   -4110597,          0
 27921,   391,   22000000,   17854483,        0,   -4145517,          0
 27921,   392,   22000000,   17857038,        0,   -4142962,          0
 27921,   393,   22000000,   18170170,        0,   -3829830,          0
 27921,   394,   22000000,   17873990,        0,   -4126010,          0
 27921,   395,   22000000,   17873546,        0,   -4126454,          0
 27921,   396,   22000000,   17953812,        0,   -4046188,          0
 27921,   397,   22000000,   17966782,        0,   -4033218,          0
 27921,   398,   22000000,   17955498,        0,   -4044502,          0
 27921,   399,   22000000,   18198261,        0,   -3801739,          0
 27921,   400,   22000000,   17886755,        0,   -4113245,          0
 27921,   401,   22000000,   17882161,        0,   -4117839,          0
 27921,   402,   22000000,   17865599,        0,   -4134401,          0
 27921,   403,   22000000,   17895605,        0,   -4104395,          0
 27921,   404,   22000000,   19075956,        0,   -2924044,          0
 27921,   405,   22000000,   18165918,        0,   -3834082,          0
 27921,   406,   22000000,   17838885,        0,   -4161115,          0
 27921,   407,   22000000,   17984366,        0,   -4015634,          0
 27921,   408,   22000000,   18125407,        0,   -3874593,          0
 27921,   409,   22000000,   17868613,        0,   -4131387,          0
 27921,   410,   22000000,   18140720,        0,   -3859280,          0
 27921,   411,   22000000,   17861739,        0,   -4138261,          0
 27921,   412,   22000000,   17903571,        0,   -4096429,          0
 27921,   413,   22000000,   17879656,        0,   -4120344,          0
 27921,   414,   22000000,   17888905,        0,   -4111095,          0
 27921,   415,   22000000,   17868900,        0,   -4131100,          0
 27921,   416,   22000000,   18189771,        0,   -3810229,          0
 27921,   417,   22000000,   17960155,        0,   -4039845,          0
 27921,   418,   22000000,   17877750,        0,   -4122250,          0
 27921,   419,   22000000,   17934955,        0,   -4065045,          0
 27921,   420,   22000000,   17855848,        0,   -4144152,          0
 27921,   421,   22000000,   17965291,        0,   -4034709,          0
 27921,   422,   22000000,   18158358,        0,   -3841642,          0
 27921,   423,   22000000,   17870717,        0,   -4129283,          0
 27921,   424,   22000000,   17907118,        0,   -4092882,          0
 27921,   425,   22000000,   17860242,        0,   -4139758,          0
 27921,   426,   22000000,   17893227,        0,   -4106773,          0
 27921,   427,   22000000,   17890676,        0,   -4109324,          0
 27921,   428,   22000000,   17907906,        0,   -4092094,          0
 27921,   429,   22000000,   17884658,        0,   -4115342,          0
 27921,   430,   22000000,   17900681,        0,   -4099319,          0
 27921,   431,   22000000,   17887092,        0,   -4112908,          0
 27921,   432,   22000000,   17876129,        0,   -4123871,          0
 27921,   433,   22000000,   18202891,        0,   -3797109,          0
 27921,   434,   22000000,   17864289,        0,   -4135711,          0
 27921,   435,   22000000,   17970187,        0,   -4029813,          0
 27921,   436,   22000000,   17898386,        0,   -4101614,          0
 27921,   437,   22000000,   17936547,        0,   -4063453,          0
 27921,   438,   22000000,   17895782,        0,   -4104218,          0
 27921,   439,   22000000,   18168486,        0,   -3831514,          0
 27921,   440,   22000000,   20052083,        0,   -1947917,          0
 27921,   441,   22000000,   18608524,        0,   -3391476,          0
 27921,   442,   22000000,   17861865,        0,   -4138135,          0
 27921,   443,   22000000,   17892605,        0,   -4107395,          0
 27921,   444,   22000000,   17958821,        0,   -4041179,          0
 27921,   445,   22000000,   17869539,        0,   -4130461,          0
 27921,   446,   22000000,   17936837,        0,   -4063163,          0
 27921,   447,   22000000,   17968395,        0,   -4031605,          0
 27921,   448,   22000000,   17936567,        0,   -4063433,          0
 27921,   449,   22000000,   18036226,        0,   -3963774,          0
 27921,   450,   22000000,   18222407,        0,   -3777593,          0
 27921,   451,   22000000,   17932845,        0,   -4067155,          0
 27921,   452,   22000000,   17879409,        0,   -4120591,          0
 27921,   453,   22000000,   17908359,        0,   -4091641,          0
 27921,   454,   22000000,   19610334,        0,   -2389666,          0
 27921,   455,   22000000,   17863753,        0,   -4136247,          0
 27921,   456,   22000000,   18214370,        0,   -3785630,          0
 27921,   457,   22000000,   17881467,        0,   -4118533,          0
 27921,   458,   22000000,   17999841,        0,   -4000159,          0
# task NAME=myapp PID=27925 COST=44794000 PERIOD=84000000 CPU=0
 27925,     2,   84000000,      10037,        0,  -83989963,          0
 27925,     3,   84000000,      32503,        0,  -83967497,          0
 27925,     4,   84000000,   45419406,        0,  -38580594,          0
 27925,     5,   84000000,   43962172,        0,  -40037828,          0
 27925,     6,   84000000,   43904063,        0,  -40095937,          0
 27925,     7,   84000000,   44174899,        0,  -39825101,          0
 27925,     8,   84000000,   43861602,        0,  -40138398,          0
 27925,     9,   84000000,   44039325,        0,  -39960675,          0
 27925,    10,   84000000,   44334614,        0,  -39665386,          0
 27925,    11,   84000000,   43892917,        0,  -40107083,          0
 27925,    12,   84000000,   43877383,        0,  -40122617,          0
 27925,    13,   84000000,   44226235,        0,  -39773765,          0
 27925,    14,   84000000,   44141689,        0,  -39858311,          0
 27925,    15,   84000000,   43863696,        0,  -40136304,          0
 27925,    16,   84000000,   46238080,        0,  -37761920,          0
 27925,    17,   84000000,   45879406,        0,  -38120594,          0
 27925,    18,   84000000,   43902312,        0,  -40097688,          0
 27925,    19,   84000000,   44170445,        0,  -39829555,          0
 27925,    20,   84000000,   44144378,        0,  -39855622,          0
 27925,    21,   84000000,   43862316,        0,  -40137684,          0
 27925,    22,   84000000,   44179565,        0,  -39820435,          0
 27925,    23,   84000000,   44153141,        0,  -39846859,          0
 27925,    24,   84000000,   44050679,        0,  -39949321,          0
 27925,    25,   84000000,   43915120,        0,  -40084880,          0
 27925,    26,   84000000,   44194403,        0,  -39805597,          0
 27925,    27,   84000000,   44103995,        0,  -39896005,          0
 27925,    28,   84000000,   43897169,        0,  -40102831,          0
 27925,    29,   84000000,   46243304,        0,  -37756696,          0
 27925,    30,   84000000,   43914390,        0,  -40085610,          0
 27925,    31,   84000000,   44034387,        0,  -39965613,          0
 27925,    32,   84000000,   44210103,        0,  -39789897,          0
 27925,    33,   84000000,   43845118,        0,  -40154882,          0
 27925,    34,   84000000,   43888039,        0,  -40111961,          0
 27925,    35,   84000000,   44263703,        0,  -39736297,          0
 27925,    36,   84000000,   43932101,        0,  -40067899,          0
 27925,    37,   84000000,   43875157,        0,  -40124843,          0
 27925,    38,   84000000,   44168702,        0,  -39831298,          0
 27925,    39,   84000000,   43874198,        0,  -40125802,          0
 27925,    40,   84000000,   44059178,        0,  -39940822,          0
 27925,    41,   84000000,   44147588,        0,  -39852412,          0
 27925,    42,   84000000,   44075971,        0,  -39924029,          0
 27925,    43,   84000000,   43867648,        0,  -40132352,          0
 27925,    44,   84000000,   44163829,        0,  -39836171,          0
 27925,    45,   84000000,   43887019,        0,  -40112981,          0
 27925,    46,   84000000,   43894500,        0,  -40105500,          0
 27925,    47,   84000000,   45053001,        0,  -38946999,          0
 27925,    48,   84000000,   43867818,        0,  -40132182,          0
 27925,    49,   84000000,   43861705,        0,  -40138295,          0
 27925,    50,   84000000,   44144796,        0,  -39855204,          0
 27925,    51,   84000000,   43855892,        0,  -40144108,          0
 27925,    52,   84000000,   43888845,        0,  -40111155,          0
 27925,    53,   84000000,   44137437,        0,  -39862563,          0
 27925,    54,   84000000,   43872121,        0,  -40127879,          0
 27925,    55,   84000000,   44941609,        0,  -39058391,          0
 27925,    56,   84000000,   44197681,        0,  -39802319,          0
 27925,    57,   84000000,   43844849,        0,  -40155151,          0
 27925,    58,   84000000,   43940404,        0,  -40059596,          0
 27925,    59,   84000000,   44186098,        0,  -39813902,          0
 27925,    60,   84000000,   43880225,        0,  -40119775,          0
 27925,    61,   84000000,   44063585,        0,  -39936415,          0
 27925,    62,   84000000,   46226420,        0,  -37773580,          0
 27925,    63,   84000000,   43909332,        0,  -40090668,          0
 27925,    64,   84000000,   43875767,        0,  -40124233,          0
 27925,    65,   84000000,   44149385,        0,  -39850615,          0
 27925,    66,   84000000,   43833578,        0,  -40166422,          0
 27925,    67,   84000000,   43881649,        0,  -40118351,          0
 27925,    68,   84000000,   44142216,        0,  -39857784,          0
 27925,    69,   84000000,   43896418,        0,  -40103582,          0
 27925,    70,   84000000,   43876075,        0,  -40123925,          0
 27925,    71,   84000000,   45151497,        0,  -38848503,          0
 27925,    72,   84000000,   44021116,        0,  -39978884,          0
 27925,    73,   84000000,   43995587,        0,  -40004413,          0
 27925,    74,   84000000,   44167057,        0,  -39832943,          0
 27925,    75,   84000000,   45676401,        0,  -38323599,          0
 27925,    76,   84000000,   43883899,        0,  -40116101,          0
 27925,    77,   84000000,   44347321,        0,  -39652679,          0
 27925,    78,   84000000,   43848829,        0,  -40151171,          0
 27925,    79,   84000000,   44052028,        0,  -39947972,          0
 27925,    80,   84000000,   44329973,        0,  -39670027,          0
 27925,    81,   84000000,   43843088,        0,  -40156912,          0
 27925,    82,   84000000,   44095428,        0,  -39904572,          0
 27925,    83,   84000000,   44156985,        0,  -39843015,          0
 27925,    84,   84000000,   44370057,        0,  -39629943,          0
 27925,    85,   84000000,   43944838,        0,  -40055162,          0
 27925,    86,   84000000,   43930422,        0,  -40069578,          0
 27925,    87,   84000000,   44173526,        0,  -39826474,          0
 27925,    88,   84000000,   44402925,        0,  -39597075,          0
 27925,    89,   84000000,   44957239,        0,  -39042761,          0
 27925,    90,   84000000,   44147567,        0,  -39852433,          0
 27925,    91,   84000000,   44468072,        0,  -39531928,          0
 27925,    92,   84000000,   44047547,        0,  -39952453,          0
 27925,    93,   84000000,   44206619,        0,  -39793381,          0
 27925,    94,   84000000,   43859653,        0,  -40140347,          0
 27925,    95,   84000000,   46047805,        0,  -37952195,          0
 27925,    96,   84000000,   44169991,        0,  -39830009,          0
 27925,    97,   84000000,   44173562,        0,  -39826438,          0
 27925,    98,   84000000,   43855530,        0,  -40144470,          0
 27925,    99,   84000000,   44158792,        0,  -39841208,          0
 27925,   100,   84000000,   43892650,        0,  -40107350,          0
 27925,   101,   84000000,   43960151,        0,  -40039849,          0
 27925,   102,   84000000,   44434673,        0,  -39565327,          0
 27925,   103,   84000000,   43874539,        0,  -40125461,          0
 27925,   104,   84000000,   43879121,        0,  -40120879,          0
 27925,   105,   84000000,   44127086,        0,  -39872914,          0
 27925,   106,   84000000,   43909461,        0,  -40090539,          0
 27925,   107,   84000000,   43951082,        0,  -40048918,          0
 27925,   108,   84000000,   44149301,        0,  -39850699,          0
 27925,   109,   84000000,   43965366,        0,  -40034634,          0
 27925,   110,   84000000,   44065563,        0,  -39934437,          0
 27925,   111,   84000000,   44191063,        0,  -39808937,          0
 27925,   112,   84000000,   43848055,        0,  -40151945,          0
 27925,   113,   84000000,   43904247,        0,  -40095753,          0
 27925,   114,   84000000,   44348562,        0,  -39651438,          0
 27925,   115,   84000000,   43871248,        0,  -40128752,          0
 27925,   116,   84000000,   43878875,        0,  -40121125,          0
 27925,   117,   84000000,   44168072,        0,  -39831928,          0
 27925,   118,   84000000,   43867722,        0,  -40132278,          0
 27925,   119,   84000000,   43910001,        0,  -40089999,          0
 27925,   120,   84000000,   44217161,        0,  -39782839,          0
 27925,   121,   84000000,   45207898,        0,  -38792102,          0
 27925,   122,   84000000,   44061948,        0,  -39938052,          0
 27925,   123,   84000000,   44233809,        0,  -39766191,          0
# task NAME=myapp PID=27929 COST=19373000 PERIOD=99000000 CPU=0
 27929,     2,   99000000,      11460,        0,  -98988540,          0
 27929,     3,   99000000,      73150,        0,  -98926850,          0
 27929,     4,   99000000,   21035898,        0,  -77964102,          0
 27929,     5,   99000000,   19113425,        0,  -79886575,          0
 27929,     6,   99000000,   18992399,        0,  -80007601,          0
 27929,     7,   99000000,   19567551,        0,  -79432449,          0
 27929,     8,   99000000,   19139991,        0,  -79860009,          0
 27929,     9,   99000000,   19680525,        0,  -79319475,          0
 27929,    10,   99000000,   18973184,        0,  -80026816,          0
 27929,    11,   99000000,   20122588,        0,  -78877412,          0
 27929,    12,   99000000,   19069470,        0,  -79930530,          0
 27929,    13,   99000000,   19045642,        0,  -79954358,          0
 27929,    14,   99000000,   19326841,        0,  -79673159,          0
 27929,    15,   99000000,   20498951,        0,  -78501049,          0
 27929,    16,   99000000,   19019699,        0,  -79980301,          0
 27929,    17,   99000000,   18999228,        0,  -80000772,          0
 27929,    18,   99000000,   19022214,        0,  -79977786,          0
 27929,    19,   99000000,   19313746,        0,  -79686254,          0
 27929,    20,   99000000,   19967719,        0,  -79032281,          0
 27929,    21,   99000000,   18988576,        0,  -80011424,          0
 27929,    22,   99000000,   19176088,        0,  -79823912,          0
 27929,    23,   99000000,   19076174,        0,  -79923826,          0
 27929,    24,   99000000,   19308841,        0,  -79691159,          0
 27929,    25,   99000000,   19122403,        0,  -79877597,          0
 27929,    26,   99000000,   19079212,        0,  -79920788,          0
 27929,    27,   99000000,   20624355,        0,  -78375645,          0
 27929,    28,   99000000,   20203813,        0,  -78796187,          0
 27929,    29,   99000000,   18974733,        0,  -80025267,          0
 27929,    30,   99000000,   18984119,        0,  -80015881,          0
 27929,    31,   99000000,   19689157,        0,  -79310843,          0
 27929,    32,   99000000,   19031270,        0,  -79968730,          0
 27929,    33,   99000000,   19687023,        0,  -79312977,          0
 27929,    34,   99000000,   19089150,        0,  -79910850,          0
 27929,    35,   99000000,   19370846,        0,  -79629154,          0
 27929,    36,   99000000,   19043593,        0,  -79956407,          0
 27929,    37,   99000000,   19003947,        0,  -79996053,          0
 27929,    38,   99000000,   19316616,        0,  -79683384,          0
 27929,    39,   99000000,   20941160,        0,  -78058840,          0
 27929,    40,   99000000,   18973844,        0,  -80026156,          0
 27929,    41,   99000000,   19097983,        0,  -79902017,          0
 27929,    42,   99000000,   19022142,        0,  -79977858,          0
 27929,    43,   99000000,   19829072,        0,  -79170928,          0
 27929,    44,   99000000,   20070636,        0,  -78929364,          0
 27929,    45,   99000000,   20051721,        0,  -78948279,          0
 27929,    46,   99000000,   19094283,        0,  -79905717,          0
 27929,    47,   99000000,   19844938,        0,  -79155062,          0
 27929,    48,   99000000,   19284007,        0,  -79715993,          0
 27929,    49,   99000000,   19988644,        0,  -79011356,          0
 27929,    50,   99000000,   19018318,        0,  -79981682,          0
 27929,    51,   99000000,   19001489,        0,  -79998511,          0
 27929,    52,   99000000,   19098535,        0,  -79901465,          0
 27929,    53,   99000000,   19023670,        0,  -79976330,          0
 27929,    54,   99000000,   18972955,        0,  -80027045,          0
 27929,    55,   99000000,   20454760,        0,  -78545240,          0
 27929,    56,   99000000,   19087312,        0,  -79912688,          0
 27929,    57,   99000000,   19279566,        0,  -79720434,          0
 27929,    58,   99000000,   19013007,        0,  -79986993,          0
 27929,    59,   99000000,   19095518,        0,  -79904482,          0
 27929,    60,   99000000,   19081535,        0,  -79918465,          0
 27929,    61,   99000000,   19085626,        0,  -79914374,          0
 27929,    62,   99000000,   19381490,        0,  -79618510,          0
 27929,    63,   99000000,   19798515,        0,  -79201485,          0
 27929,    64,   99000000,   19107063,        0,  -79892937,          0
 27929,    65,   99000000,   19167929,        0,  -79832071,          0
 27929,    66,   99000000,   19182216,        0,  -79817784,          0
 27929,    67,   99000000,   19473208,        0,  -79526792,          0
 27929,    68,   99000000,   19105762,        0,  -79894238,          0
 27929,    69,   99000000,   19018797,        0,  -79981203,          0
 27929,    70,   99000000,   19293272,        0,  -79706728,          0
 27929,    71,   99000000,   20986332,        0,  -78013668,          0
 27929,    72,   99000000,   19715309,        0,  -79284691,          0
 27929,    73,   99000000,   19208406,        0,  -79791594,          0
 27929,    74,   99000000,   18990291,        0,  -80009709,          0
 27929,    75,   99000000,   19015438,        0,  -79984562,          0
 27929,    76,   99000000,   18976399,        0,  -80023601,          0
 27929,    77,   99000000,   18984540,        0,  -80015460,          0
 27929,    78,   99000000,   20128431,        0,  -78871569,          0
 27929,    79,   99000000,   19940040,        0,  -79059960,          0
 27929,    80,   99000000,   19012150,        0,  -79987850,          0
 27929,    81,   99000000,   19105147,        0,  -79894853,          0
 27929,    82,   99000000,   18986565,        0,  -80013435,          0
 27929,    83,   99000000,   19468323,        0,  -79531677,          0
 27929,    84,   99000000,   19017926,        0,  -79982074,          0
 27929,    85,   99000000,   18980593,        0,  -80019407,          0
 27929,    86,   99000000,   19280863,        0,  -79719137,          0
 27929,    87,   99000000,   19335272,        0,  -79664728,          0
 27929,    88,   99000000,   19033425,        0,  -79966575,          0
 27929,    89,   99000000,   19246757,        0,  -79753243,          0
 27929,    90,   99000000,   19016392,        0,  -79983608,          0
 27929,    91,   99000000,   19292034,        0,  -79707966,          0
 27929,    92,   99000000,   19093632,        0,  -79906368,          0
 27929,    93,   99000000,   18988463,        0,  -80011537,          0
 27929,    94,   99000000,   20093376,        0,  -78906624,          0
 27929,    95,   99000000,   19873007,        0,  -79126993,          0
 27929,    96,   99000000,   19266207,        0,  -79733793,          0
 27929,    97,   99000000,   19757093,        0,  -79242907,          0
 27929,    98,   99000000,   19068980,        0,  -79931020,          0
 27929,    99,   99000000,   21589020,        0,  -77410980,          0
 27929,   100,   99000000,   19964145,        0,  -79035855,          0
 27929,   101,   99000000,   18982899,        0,  -80017101,          0
 27929,   102,   99000000,   19018004,        0,  -79981996,          0
 27929,   103,   99000000,   19020137,        0,  -79979863,          0
 27929,   104,   99000000,   21074037,        0,  -77925963,          0
 27929,   105,   99000000,   19048697,        0,  -79951303,          0
