# Task,   Job,     Period,   Response, DL Miss?,   Lateness,  Tardiness
# task NAME=myapp PID=22525 COST=25079000 PERIOD=49000000 CPU=0
 22525,     2,   49000000,       8336,        0,  -48991664,          0
 22525,     3,   49000000,      55500,        0,  -48944500,          0
 22525,     4,   49000000,   26610348,        0,  -22389652,          0
 22525,     5,   49000000,   24836903,        0,  -24163097,          0
 22525,     6,   49000000,   25087813,        0,  -23912187,          0
 22525,     7,   49000000,   24582659,        0,  -24417341,          0
 22525,     8,   49000000,   24585956,        0,  -24414044,          0
 22525,     9,   49000000,   24570158,        0,  -24429842,          0
 22525,    10,   49000000,   24897156,        0,  -24102844,          0
 22525,    11,   49000000,   24576980,        0,  -24423020,          0
 22525,    12,   49000000,   24591871,        0,  -24408129,          0
 22525,    13,   49000000,   24567106,        0,  -24432894,          0
 22525,    14,   49000000,   24603067,        0,  -24396933,          0
 22525,    15,   49000000,   24830917,        0,  -24169083,          0
 22525,    16,   49000000,   24593547,        0,  -24406453,          0
 22525,    17,   49000000,   24561892,        0,  -24438108,          0
 22525,    18,   49000000,   24610565,        0,  -24389435,          0
 22525,    19,   49000000,   24641035,        0,  -24358965,          0
 22525,    20,   49000000,   24886559,        0,  -24113441,          0
 22525,    21,   49000000,   24590308,        0,  -24409692,          0
 22525,    22,   49000000,   24604790,        0,  -24395210,          0
 22525,    23,   49000000,   24673122,        0,  -24326878,          0
 22525,    24,   49000000,   24556874,        0,  -24443126,          0
 22525,    25,   49000000,   25088166,        0,  -23911834,          0
 22525,    26,   49000000,   24595475,        0,  -24404525,          0
 22525,    27,   49000000,   24590316,        0,  -24409684,          0
 22525,    28,   49000000,   24883882,        0,  -24116118,          0
 22525,    29,   49000000,   24597711,        0,  -24402289,          0
 22525,    30,   49000000,   24615010,        0,  -24384990,          0
 22525,    31,   49000000,   24638618,        0,  -24361382,          0
 22525,    32,   49000000,   24637956,        0,  -24362044,          0
 22525,    33,   49000000,   24950128,        0,  -24049872,          0
 22525,    34,   49000000,   24578833,        0,  -24421167,          0
 22525,    35,   49000000,   24582315,        0,  -24417685,          0
 22525,    36,   49000000,   24592897,        0,  -24407103,          0
 22525,    37,   49000000,   24663877,        0,  -24336123,          0
 22525,    38,   49000000,   24881207,        0,  -24118793,          0
 22525,    39,   49000000,   24671545,        0,  -24328455,          0
 22525,    40,   49000000,   24563350,        0,  -24436650,          0
 22525,    41,   49000000,   24586140,        0,  -24413860,          0
 22525,    42,   49000000,   24584696,        0,  -24415304,          0
 22525,    43,   49000000,   24852258,        0,  -24147742,          0
 22525,    44,   49000000,   24670293,        0,  -24329707,          0
 22525,    45,   49000000,   24572327,        0,  -24427673,          0
 22525,    46,   49000000,   24640809,        0,  -24359191,          0
 22525,    47,   49000000,   24633714,        0,  -24366286,          0
 22525,    48,   49000000,   24875194,        0,  -24124806,          0
 22525,    49,   49000000,   24596865,        0,  -24403135,          0
 22525,    50,   49000000,   24568903,        0,  -24431097,          0
 22525,    51,   49000000,   24576118,        0,  -24423882,          0
 22525,    52,   49000000,   24563323,        0,  -24436677,          0
 22525,    53,   49000000,   24564800,        0,  -24435200,          0
 22525,    54,   49000000,   24575842,        0,  -24424158,          0
 22525,    55,   49000000,   24618358,        0,  -24381642,          0
 22525,    56,   49000000,   25043463,        0,  -23956537,          0
 22525,    57,   49000000,   24600437,        0,  -24399563,          0
 22525,    58,   49000000,   24758927,        0,  -24241073,          0
 22525,    59,   49000000,   24630560,        0,  -24369440,          0
 22525,    60,   49000000,   24667170,        0,  -24332830,          0
 22525,    61,   49000000,   24869157,        0,  -24130843,          0
 22525,    62,   49000000,   24571731,        0,  -24428269,          0
 22525,    63,   49000000,   24598988,        0,  -24401012,          0
 22525,    64,   49000000,   24651458,        0,  -24348542,          0
 22525,    65,   49000000,   24614301,        0,  -24385699,          0
 22525,    66,   49000000,   24871403,        0,  -24128597,          0
 22525,    67,   49000000,   24573005,        0,  -24426995,          0
 22525,    68,   49000000,   24578126,        0,  -24421874,          0
 22525,    69,   49000000,   24576422,        0,  -24423578,          0
 22525,    70,   49000000,   24623822,        0,  -24376178,          0
 22525,    71,   49000000,   25048746,        0,  -23951254,          0
 22525,    72,   49000000,   24586585,        0,  -24413415,          0
 22525,    73,   49000000,   24600119,        0,  -24399881,          0
 22525,    74,   49000000,   24583409,        0,  -24416591,          0
 22525,    75,   49000000,   24578579,        0,  -24421421,          0
 22525,    76,   49000000,   25895527,        0,  -23104473,          0
 22525,    77,   49000000,   24590938,        0,  -24409062,          0
 22525,    78,   49000000,   24691775,        0,  -24308225,          0
 22525,    79,   49000000,   24994757,        0,  -24005243,          0
 22525,    80,   49000000,   24565857,        0,  -24434143,          0
 22525,    81,   49000000,   24609901,        0,  -24390099,          0
 22525,    82,   49000000,   24561500,        0,  -24438500,          0
 22525,    83,   49000000,   24591270,        0,  -24408730,          0
 22525,    84,   49000000,   24985726,        0,  -24014274,          0
 22525,    85,   49000000,   24600280,        0,  -24399720,          0
 22525,    86,   49000000,   24591449,        0,  -24408551,          0
 22525,    87,   49000000,   24593095,        0,  -24406905,          0
 22525,    88,   49000000,   25028168,        0,  -23971832,          0
 22525,    89,   49000000,   24827107,        0,  -24172893,          0
 22525,    90,   49000000,   25384615,        0,  -23615385,          0
 22525,    91,   49000000,   24671373,        0,  -24328627,          0
 22525,    92,   49000000,   24680849,        0,  -24319151,          0
 22525,    93,   49000000,   24638717,        0,  -24361283,          0
 22525,    94,   49000000,   24981097,        0,  -24018903,          0
 22525,    95,   49000000,   24565039,        0,  -24434961,          0
 22525,    96,   49000000,   24633164,        0,  -24366836,          0
 22525,    97,   49000000,   24631987,        0,  -24368013,          0
 22525,    98,   49000000,   24584484,        0,  -24415516,          0
 22525,    99,   49000000,   24855667,        0,  -24144333,          0
 22525,   100,   49000000,   24691447,        0,  -24308553,          0
 22525,   101,   49000000,   24571083,        0,  -24428917,          0
 22525,   102,   49000000,   24858920,        0,  -24141080,          0
 22525,   103,   49000000,   24573108,        0,  -24426892,          0
 22525,   104,   49000000,   24677491,        0,  -24322509,          0
 22525,   105,   49000000,   24663739,        0,  -24336261,          0
 22525,   106,   49000000,   24681438,        0,  -24318562,          0
 22525,   107,   49000000,   24857830,        0,  -24142170,          0
 22525,   108,   49000000,   24582926,        0,  -24417074,          0
 22525,   109,   49000000,   24648810,        0,  -24351190,          0
 22525,   110,   49000000,   24558140,        0,  -24441860,          0
 22525,   111,   49000000,   24567109,        0,  -24432891,          0
 22525,   112,   49000000,   24879825,        0,  -24120175,          0
 22525,   113,   49000000,   25169945,        0,  -23830055,          0
 22525,   114,   49000000,   24564252,        0,  -24435748,          0
 22525,   115,   49000000,   24584808,        0,  -24415192,          0
 22525,   116,   49000000,   24582430,        0,  -24417570,          0
 22525,   117,   49000000,   24841697,        0,  -24158303,          0
 22525,   118,   49000000,   24590934,        0,  -24409066,          0
 22525,   119,   49000000,   24611081,        0,  -24388919,          0
 22525,   120,   49000000,   24623464,        0,  -24376536,          0
 22525,   121,   49000000,   24567906,        0,  -24432094,          0
 22525,   122,   49000000,   24891816,        0,  -24108184,          0
 22525,   123,   49000000,   24604141,        0,  -24395859,          0
 22525,   124,   49000000,   24552887,        0,  -24447113,          0
 22525,   125,   49000000,   24634923,        0,  -24365077,          0
 22525,   126,   49000000,   24684491,        0,  -24315509,          0
 22525,   127,   49000000,   24573780,        0,  -24426220,          0
 22525,   128,   49000000,   25209985,        0,  -23790015,          0
 22525,   129,   49000000,   24595711,        0,  -24404289,          0
 22525,   130,   49000000,   24866629,        0,  -24133371,          0
 22525,   131,   49000000,   24559200,        0,  -24440800,          0
 22525,   132,   49000000,   24619809,        0,  -24380191,          0
 22525,   133,   49000000,   24583390,        0,  -24416610,          0
 22525,   134,   49000000,   24580184,        0,  -24419816,          0
 22525,   135,   49000000,   24828956,        0,  -24171044,          0
 22525,   136,   49000000,   24683475,        0,  -24316525,          0
 22525,   137,   49000000,   24679303,        0,  -24320697,          0
 22525,   138,   49000000,   24572377,        0,  -24427623,          0
 22525,   139,   49000000,   24643118,        0,  -24356882,          0
 22525,   140,   49000000,   24862482,        0,  -24137518,          0
 22525,   141,   49000000,   24661048,        0,  -24338952,          0
 22525,   142,   49000000,   24681085,        0,  -24318915,          0
 22525,   143,   49000000,   24584137,        0,  -24415863,          0
 22525,   144,   49000000,   24572751,        0,  -24427249,          0
 22525,   145,   49000000,   24839333,        0,  -24160667,          0
 22525,   146,   49000000,   24612725,        0,  -24387275,          0
 22525,   147,   49000000,   24583030,        0,  -24416970,          0
 22525,   148,   49000000,   24627281,        0,  -24372719,          0
 22525,   149,   49000000,   24613165,        0,  -24386835,          0
 22525,   150,   49000000,   24860792,        0,  -24139208,          0
 22525,   151,   49000000,   24585663,        0,  -24414337,          0
 22525,   152,   49000000,   24656158,        0,  -24343842,          0
 22525,   153,   49000000,   24879798,        0,  -24120202,          0
 22525,   154,   49000000,   24634705,        0,  -24365295,          0
 22525,   155,   49000000,   24554035,        0,  -24445965,          0
 22525,   156,   49000000,   24676708,        0,  -24323292,          0
 22525,   157,   49000000,   24566915,        0,  -24433085,          0
 22525,   158,   49000000,   24903884,        0,  -24096116,          0
 22525,   159,   49000000,   24570781,        0,  -24429219,          0
 22525,   160,   49000000,   24588290,        0,  -24411710,          0
 22525,   161,   49000000,   24565498,        0,  -24434502,          0
 22525,   162,   49000000,   24589416,        0,  -24410584,          0
 22525,   163,   49000000,   24861680,        0,  -24138320,          0
 22525,   164,   49000000,   24550736,        0,  -24449264,          0
 22525,   165,   49000000,   24552837,        0,  -24447163,          0
 22525,   166,   49000000,   24753736,        0,  -24246264,          0
 22525,   167,   49000000,   24578335,        0,  -24421665,          0
 22525,   168,   49000000,   24886388,        0,  -24113612,          0
 22525,   169,   49000000,   24594182,        0,  -24405818,          0
 22525,   170,   49000000,   24661864,        0,  -24338136,          0
 22525,   171,   49000000,   24580262,        0,  -24419738,          0
 22525,   172,   49000000,   24582405,        0,  -24417595,          0
 22525,   173,   49000000,   25011200,        0,  -23988800,          0
 22525,   174,   49000000,   24662739,        0,  -24337261,          0
 22525,   175,   49000000,   24699237,        0,  -24300763,          0
 22525,   176,   49000000,   24672189,        0,  -24327811,          0
 22525,   177,   49000000,   24679472,        0,  -24320528,          0
 22525,   178,   49000000,   24600195,        0,  -24399805,          0
 22525,   179,   49000000,   24588070,        0,  -24411930,          0
 22525,   180,   49000000,   24603763,        0,  -24396237,          0
 22525,   181,   49000000,   24861913,        0,  -24138087,          0
 22525,   182,   49000000,   24684470,        0,  -24315530,          0
 22525,   183,   49000000,   24597535,        0,  -24402465,          0
 22525,   184,   49000000,   24552035,        0,  -24447965,          0
 22525,   185,   49000000,   24591625,        0,  -24408375,          0
 22525,   186,   49000000,   24888779,        0,  -24111221,          0
 22525,   187,   49000000,   24551828,        0,  -24448172,          0
 22525,   188,   49000000,   24576707,        0,  -24423293,          0
 22525,   189,   49000000,   24626254,        0,  -24373746,          0
 22525,   190,   49000000,   24576654,        0,  -24423346,          0
 22525,   191,   49000000,   24865850,        0,  -24134150,          0
 22525,   192,   49000000,   24622101,        0,  -24377899,          0
 22525,   193,   49000000,   24573321,        0,  -24426679,          0
 22525,   194,   49000000,   24557676,        0,  -24442324,          0
 22525,   195,   49000000,   24565709,        0,  -24434291,          0
 22525,   196,   49000000,   24871584,        0,  -24128416,          0
 22525,   197,   49000000,   24558421,        0,  -24441579,          0
 22525,   198,   49000000,   24565437,        0,  -24434563,          0
 22525,   199,   49000000,   24590745,        0,  -24409255,          0
 22525,   200,   49000000,   24565206,        0,  -24434794,          0
 22525,   201,   49000000,   24863659,        0,  -24136341,          0
 22525,   202,   49000000,   24634171,        0,  -24365829,          0
 22525,   203,   49000000,   25328800,        0,  -23671200,          0
 22525,   204,   49000000,   24866828,        0,  -24133172,          0
 22525,   205,   49000000,   24629657,        0,  -24370343,          0
 22525,   206,   49000000,   24562850,        0,  -24437150,          0
 22525,   207,   49000000,   24644517,        0,  -24355483,          0
 22525,   208,   49000000,   24696548,        0,  -24303452,          0
# task NAME=myapp PID=22528 COST=30117000 PERIOD=35000000 CPU=0
 22528,     2,   35000000,      15154,        0,  -34984846,          0
 22528,     3,   35000000,      31086,        0,  -34968914,          0
 22528,     4,   35000000,   30591540,        0,   -4408460,          0
 22528,     5,   35000000,   29497518,        0,   -5502482,          0
 22528,     6,   35000000,   29484480,        0,   -5515520,          0
 22528,     7,   35000000,   29497943,        0,   -5502057,          0
 22528,     8,   35000000,   29498478,        0,   -5501522,          0
 22528,     9,   35000000,   29781170,        0,   -5218830,          0
 22528,    10,   35000000,   29490130,        0,   -5509870,          0
 22528,    11,   35000000,   29489544,        0,   -5510456,          0
 22528,    12,   35000000,   29482769,        0,   -5517231,          0
 22528,    13,   35000000,   30489643,        0,   -4510357,          0
 22528,    14,   35000000,   29499772,        0,   -5500228,          0
 22528,    15,   35000000,   29740877,        0,   -5259123,          0
 22528,    16,   35000000,   29776768,        0,   -5223232,          0
 22528,    17,   35000000,   29504110,        0,   -5495890,          0
 22528,    18,   35000000,   29487782,        0,   -5512218,          0
 22528,    19,   35000000,   30467756,        0,   -4532244,          0
 22528,    20,   35000000,   29968752,        0,   -5031248,          0
 22528,    21,   35000000,   29505480,        0,   -5494520,          0
 22528,    22,   35000000,   29497861,        0,   -5502139,          0
 22528,    23,   35000000,   29794033,        0,   -5205967,          0
 22528,    24,   35000000,   29493625,        0,   -5506375,          0
 22528,    25,   35000000,   29480221,        0,   -5519779,          0
 22528,    26,   35000000,   29627980,        0,   -5372020,          0
 22528,    27,   35000000,   29883265,        0,   -5116735,          0
 22528,    28,   35000000,   29596388,        0,   -5403612,          0
 22528,    29,   35000000,   29586385,        0,   -5413615,          0
 22528,    30,   35000000,   29505382,        0,   -5494618,          0
 22528,    31,   35000000,   29585903,        0,   -5414097,          0
 22528,    32,   35000000,   29492105,        0,   -5507895,          0
 22528,    33,   35000000,   29486139,        0,   -5513861,          0
 22528,    34,   35000000,   29905224,        0,   -5094776,          0
 22528,    35,   35000000,   29612090,        0,   -5387910,          0
 22528,    36,   35000000,   29592340,        0,   -5407660,          0
 22528,    37,   35000000,   29494351,        0,   -5505649,          0
 22528,    38,   35000000,   29871791,        0,   -5128209,          0
 22528,    39,   35000000,   29590646,        0,   -5409354,          0
 22528,    40,   35000000,   29475050,        0,   -5524950,          0
 22528,    41,   35000000,   29876753,        0,   -5123247,          0
 22528,    42,   35000000,   29625460,        0,   -5374540,          0
 22528,    43,   35000000,   29493420,        0,   -5506580,          0
 22528,    44,   35000000,   29571612,        0,   -5428388,          0
 22528,    45,   35000000,   29849108,        0,   -5150892,          0
 22528,    46,   35000000,   29516031,        0,   -5483969,          0
 22528,    47,   35000000,   29660918,        0,   -5339082,          0
 22528,    48,   35000000,   29780857,        0,   -5219143,          0
 22528,    49,   35000000,   29508160,        0,   -5491840,          0
 22528,    50,   35000000,   29485437,        0,   -5514563,          0
 22528,    51,   35000000,   29490598,        0,   -5509402,          0
 22528,    52,   35000000,   29794368,        0,   -5205632,          0
 22528,    53,   35000000,   29535355,        0,   -5464645,          0
 22528,    54,   35000000,   29477966,        0,   -5522034,          0
 22528,    55,   35000000,   29646830,        0,   -5353170,          0
 22528,    56,   35000000,   29613636,        0,   -5386364,          0
 22528,    57,   35000000,   29595893,        0,   -5404107,          0
 22528,    58,   35000000,   29478698,        0,   -5521302,          0
 22528,    59,   35000000,   29798508,        0,   -5201492,          0
 22528,    60,   35000000,   29566258,        0,   -5433742,          0
 22528,    61,   35000000,   29474317,        0,   -5525683,          0
 22528,    62,   35000000,   29488854,        0,   -5511146,          0
 22528,    63,   35000000,   29792781,        0,   -5207219,          0
 22528,    64,   35000000,   29554805,        0,   -5445195,          0
 22528,    65,   35000000,   29498052,        0,   -5501948,          0
 22528,    66,   35000000,   29796557,        0,   -5203443,          0
 22528,    67,   35000000,   29478329,        0,   -5521671,          0
 22528,    68,   35000000,   29486055,        0,   -5513945,          0
 22528,    69,   35000000,   29495972,        0,   -5504028,          0
 22528,    70,   35000000,   29755021,        0,   -5244979,          0
 22528,    71,   35000000,   29585069,        0,   -5414931,          0
 22528,    72,   35000000,   29483119,        0,   -5516881,          0
 22528,    73,   35000000,   29794049,        0,   -5205951,          0
 22528,    74,   35000000,   29509572,        0,   -5490428,          0
 22528,    75,   35000000,   29662756,        0,   -5337244,          0
 22528,    76,   35000000,   29628925,        0,   -5371075,          0
 22528,    77,   35000000,   29964679,        0,   -5035321,          0
 22528,    78,   35000000,   29595374,        0,   -5404626,          0
 22528,    79,   35000000,   29509862,        0,   -5490138,          0
 22528,    80,   35000000,   29568469,        0,   -5431531,          0
 22528,    81,   35000000,   29488779,        0,   -5511221,          0
 22528,    82,   35000000,   29470499,        0,   -5529501,          0
 22528,    83,   35000000,   29487109,        0,   -5512891,          0
 22528,    84,   35000000,   29788942,        0,   -5211058,          0
 22528,    85,   35000000,   29518889,        0,   -5481111,          0
 22528,    86,   35000000,   29470670,        0,   -5529330,          0
 22528,    87,   35000000,   29620252,        0,   -5379748,          0
 22528,    88,   35000000,   29962118,        0,   -5037882,          0
 22528,    89,   35000000,   29604294,        0,   -5395706,          0
 22528,    90,   35000000,   29489639,        0,   -5510361,          0
 22528,    91,   35000000,   29775645,        0,   -5224355,          0
 22528,    92,   35000000,   29606607,        0,   -5393393,          0
 22528,    93,   35000000,   29484549,        0,   -5515451,          0
 22528,    94,   35000000,   29634909,        0,   -5365091,          0
 22528,    95,   35000000,   29784651,        0,   -5215349,          0
 22528,    96,   35000000,   29494233,        0,   -5505767,          0
 22528,    97,   35000000,   29571167,        0,   -5428833,          0
 22528,    98,   35000000,   29783837,        0,   -5216163,          0
 22528,    99,   35000000,   29486328,        0,   -5513672,          0
 22528,   100,   35000000,   29534796,        0,   -5465204,          0
 22528,   101,   35000000,   29519922,        0,   -5480078,          0
 22528,   102,   35000000,   29769193,        0,   -5230807,          0
 22528,   103,   35000000,   29508820,        0,   -5491180,          0
 22528,   104,   35000000,   29615266,        0,   -5384734,          0
 22528,   105,   35000000,   29512686,        0,   -5487314,          0
 22528,   106,   35000000,   29465084,        0,   -5534916,          0
 22528,   107,   35000000,   29605661,        0,   -5394339,          0
 22528,   108,   35000000,   29518102,        0,   -5481898,          0
 22528,   109,   35000000,   29816066,        0,   -5183934,          0
 22528,   110,   35000000,   29485265,        0,   -5514735,          0
 22528,   111,   35000000,   29507160,        0,   -5492840,          0
 22528,   112,   35000000,   29496369,        0,   -5503631,          0
 22528,   113,   35000000,   29809558,        0,   -5190442,          0
 22528,   114,   35000000,   29507586,        0,   -5492414,          0
 22528,   115,   35000000,   29620918,        0,   -5379082,          0
 22528,   116,   35000000,   29776082,        0,   -5223918,          0
 22528,   117,   35000000,   29578443,        0,   -5421557,          0
 22528,   118,   35000000,   29497791,        0,   -5502209,          0
 22528,   119,   35000000,   29480816,        0,   -5519184,          0
 22528,   120,   35000000,   29749500,        0,   -5250500,          0
 22528,   121,   35000000,   29475385,        0,   -5524615,          0
 22528,   122,   35000000,   29691774,        0,   -5308226,          0
 22528,   123,   35000000,   29927007,        0,   -5072993,          0
 22528,   124,   35000000,   29491700,        0,   -5508300,          0
 22528,   125,   35000000,   29496781,        0,   -5503219,          0
 22528,   126,   35000000,   29505952,        0,   -5494048,          0
 22528,   127,   35000000,   29789429,        0,   -5210571,          0
 22528,   128,   35000000,   29615446,        0,   -5384554,          0
 22528,   129,   35000000,   29497842,        0,   -5502158,          0
 22528,   130,   35000000,   29482038,        0,   -5517962,          0
 22528,   131,   35000000,   29500118,        0,   -5499882,          0
 22528,   132,   35000000,   29482525,        0,   -5517475,          0
 22528,   133,   35000000,   29479493,        0,   -5520507,          0
 22528,   134,   35000000,   29790308,        0,   -5209692,          0
 22528,   135,   35000000,   29485289,        0,   -5514711,          0
 22528,   136,   35000000,   29514259,        0,   -5485741,          0
 22528,   137,   35000000,   29498198,        0,   -5501802,          0
 22528,   138,   35000000,   29787424,        0,   -5212576,          0
 22528,   139,   35000000,   29498283,        0,   -5501717,          0
 22528,   140,   35000000,   29517337,        0,   -5482663,          0
 22528,   141,   35000000,   29806705,        0,   -5193295,          0
 22528,   142,   35000000,   29488724,        0,   -5511276,          0
 22528,   143,   35000000,   29604438,        0,   -5395562,          0
 22528,   144,   35000000,   29587232,        0,   -5412768,          0
 22528,   145,   35000000,   29876997,        0,   -5123003,          0
 22528,   146,   35000000,   29487899,        0,   -5512101,          0
 22528,   147,   35000000,   29479837,        0,   -5520163,          0
 22528,   148,   35000000,   29765779,        0,   -5234221,          0
 22528,   149,   35000000,   29597986,        0,   -5402014,          0
 22528,   150,   35000000,   29523132,        0,   -5476868,          0
 22528,   151,   35000000,   29534352,        0,   -5465648,          0
 22528,   152,   35000000,   29786048,        0,   -5213952,          0
 22528,   153,   35000000,   29513779,        0,   -5486221,          0
 22528,   154,   35000000,   29493103,        0,   -5506897,          0
 22528,   155,   35000000,   29489107,        0,   -5510893,          0
 22528,   156,   35000000,   29494790,        0,   -5505210,          0
 22528,   157,   35000000,   29481816,        0,   -5518184,          0
 22528,   158,   35000000,   29509767,        0,   -5490233,          0
 22528,   159,   35000000,   29776940,        0,   -5223060,          0
 22528,   160,   35000000,   29488800,        0,   -5511200,          0
 22528,   161,   35000000,   29495842,        0,   -5504158,          0
 22528,   162,   35000000,   29482401,        0,   -5517599,          0
 22528,   163,   35000000,   29776314,        0,   -5223686,          0
 22528,   164,   35000000,   29530981,        0,   -5469019,          0
 22528,   165,   35000000,   29511097,        0,   -5488903,          0
 22528,   166,   35000000,   29753990,        0,   -5246010,          0
 22528,   167,   35000000,   29494612,        0,   -5505388,          0
 22528,   168,   35000000,   29514346,        0,   -5485654,          0
 22528,   169,   35000000,   29485256,        0,   -5514744,          0
 22528,   170,   35000000,   29753089,        0,   -5246911,          0
 22528,   171,   35000000,   29540640,        0,   -5459360,          0
 22528,   172,   35000000,   29627407,        0,   -5372593,          0
 22528,   173,   35000000,   29797660,        0,   -5202340,          0
 22528,   174,   35000000,   29652415,        0,   -5347585,          0
 22528,   175,   35000000,   29475747,        0,   -5524253,          0
 22528,   176,   35000000,   29489248,        0,   -5510752,          0
 22528,   177,   35000000,   29892640,        0,   -5107360,          0
 22528,   178,   35000000,   29667441,        0,   -5332559,          0
 22528,   179,   35000000,   29608310,        0,   -5391690,          0
 22528,   180,   35000000,   29536944,        0,   -5463056,          0
 22528,   181,   35000000,   29491551,        0,   -5508449,          0
 22528,   182,   35000000,   29530846,        0,   -5469154,          0
 22528,   183,   35000000,   29462567,        0,   -5537433,          0
 22528,   184,   35000000,   29765922,        0,   -5234078,          0
 22528,   185,   35000000,   29493130,        0,   -5506870,          0
 22528,   186,   35000000,   29489839,        0,   -5510161,          0
 22528,   187,   35000000,   29506207,        0,   -5493793,          0
 22528,   188,   35000000,   29930715,        0,   -5069285,          0
 22528,   189,   35000000,   29496380,        0,   -5503620,          0
 22528,   190,   35000000,   29507285,        0,   -5492715,          0
 22528,   191,   35000000,   29784001,        0,   -5215999,          0
 22528,   192,   35000000,   29481513,        0,   -5518487,          0
 22528,   193,   35000000,   29483647,        0,   -5516353,          0
 22528,   194,   35000000,   29580516,        0,   -5419484,          0
 22528,   195,   35000000,   29792923,        0,   -5207077,          0
 22528,   196,   35000000,   29490805,        0,   -5509195,          0
 22528,   197,   35000000,   29592544,        0,   -5407456,          0
 22528,   198,   35000000,   29753836,        0,   -5246164,          0
 22528,   199,   35000000,   29534597,        0,   -5465403,          0
 22528,   200,   35000000,   29488104,        0,   -5511896,          0
 22528,   201,   35000000,   29518555,        0,   -5481445,          0
 22528,   202,   35000000,   29942598,        0,   -5057402,          0
 22528,   203,   35000000,   29640761,        0,   -5359239,          0
 22528,   204,   35000000,   29601451,        0,   -5398549,          0
 22528,   205,   35000000,   29615726,        0,   -5384274,          0
 22528,   206,   35000000,   29629901,        0,   -5370099,          0
 22528,   207,   35000000,   29584919,        0,   -5415081,          0
 22528,   208,   35000000,   29471606,        0,   -5528394,          0
 22528,   209,   35000000,   29774872,        0,   -5225128,          0
 22528,   210,   35000000,   29502964,        0,   -5497036,          0
 22528,   211,   35000000,   29582967,        0,   -5417033,          0
 22528,   212,   35000000,   29480217,        0,   -5519783,          0
 22528,   213,   35000000,   29924368,        0,   -5075632,          0
 22528,   214,   35000000,   29617597,        0,   -5382403,          0
 22528,   215,   35000000,   29619912,        0,   -5380088,          0
 22528,   216,   35000000,   29899015,        0,   -5100985,          0
 22528,   217,   35000000,   29516577,        0,   -5483423,          0
 22528,   218,   35000000,   29486579,        0,   -5513421,          0
 22528,   219,   35000000,   29503570,        0,   -5496430,          0
 22528,   220,   35000000,   29798351,        0,   -5201649,          0
 22528,   221,   35000000,   29493641,        0,   -5506359,          0
 22528,   222,   35000000,   29484014,        0,   -5515986,          0
 22528,   223,   35000000,   29883719,        0,   -5116281,          0
 22528,   224,   35000000,   29620530,        0,   -5379470,          0
 22528,   225,   35000000,   29595498,        0,   -5404502,          0
 22528,   226,   35000000,   29482152,        0,   -5517848,          0
 22528,   227,   35000000,   29794640,        0,   -5205360,          0
 22528,   228,   35000000,   29533081,        0,   -5466919,          0
 22528,   229,   35000000,   29488980,        0,   -5511020,          0
 22528,   230,   35000000,   29497154,        0,   -5502846,          0
 22528,   231,   35000000,   29580460,        0,   -5419540,          0
 22528,   232,   35000000,   29469510,        0,   -5530490,          0
 22528,   233,   35000000,   29481253,        0,   -5518747,          0
 22528,   234,   35000000,   29791171,        0,   -5208829,          0
 22528,   235,   35000000,   29470191,        0,   -5529809,          0
 22528,   236,   35000000,   29464765,        0,   -5535235,          0
 22528,   237,   35000000,   29474816,        0,   -5525184,          0
 22528,   238,   35000000,   29882419,        0,   -5117581,          0
 22528,   239,   35000000,   29599088,        0,   -5400912,          0
 22528,   240,   35000000,   29612557,        0,   -5387443,          0
 22528,   241,   35000000,   29801781,        0,   -5198219,          0
 22528,   242,   35000000,   29487565,        0,   -5512435,          0
 22528,   243,   35000000,   29499755,        0,   -5500245,          0
 22528,   244,   35000000,   29495634,        0,   -5504366,          0
 22528,   245,   35000000,   29765297,        0,   -5234703,          0
 22528,   246,   35000000,   29512041,        0,   -5487959,          0
 22528,   247,   35000000,   29499721,        0,   -5500279,          0
 22528,   248,   35000000,   29792343,        0,   -5207657,          0
 22528,   249,   35000000,   29495532,        0,   -5504468,          0
 22528,   250,   35000000,   29474449,        0,   -5525551,          0
 22528,   251,   35000000,   29497324,        0,   -5502676,          0
 22528,   252,   35000000,   30770815,        0,   -4229185,          0
 22528,   253,   35000000,   29497527,        0,   -5502473,          0
 22528,   254,   35000000,   29481599,        0,   -5518401,          0
 22528,   255,   35000000,   29528248,        0,   -5471752,          0
 22528,   256,   35000000,   29521728,        0,   -5478272,          0
 22528,   257,   35000000,   29493266,        0,   -5506734,          0
 22528,   258,   35000000,   29497082,        0,   -5502918,          0
 22528,   259,   35000000,   29773738,        0,   -5226262,          0
 22528,   260,   35000000,   29572356,        0,   -5427644,          0
 22528,   261,   35000000,   29631269,        0,   -5368731,          0
 22528,   262,   35000000,   29612991,        0,   -5387009,          0
 22528,   263,   35000000,   29861489,        0,   -5138511,          0
 22528,   264,   35000000,   29586482,        0,   -5413518,          0
 22528,   265,   35000000,   29481418,        0,   -5518582,          0
 22528,   266,   35000000,   29777281,        0,   -5222719,          0
 22528,   267,   35000000,   29477982,        0,   -5522018,          0
 22528,   268,   35000000,   29493701,        0,   -5506299,          0
 22528,   269,   35000000,   29524744,        0,   -5475256,          0
 22528,   270,   35000000,   29796668,        0,   -5203332,          0
 22528,   271,   35000000,   29478348,        0,   -5521652,          0
 22528,   272,   35000000,   29500293,        0,   -5499707,          0
 22528,   273,   35000000,   29772981,        0,   -5227019,          0
 22528,   274,   35000000,   29487746,        0,   -5512254,          0
 22528,   275,   35000000,   29484790,        0,   -5515210,          0
 22528,   276,   35000000,   29490573,        0,   -5509427,          0
 22528,   277,   35000000,   29764075,        0,   -5235925,          0
 22528,   278,   35000000,   29469499,        0,   -5530501,          0
 22528,   279,   35000000,   29475332,        0,   -5524668,          0
 22528,   280,   35000000,   29483882,        0,   -5516118,          0
 22528,   281,   35000000,   29493438,        0,   -5506562,          0
 22528,   282,   35000000,   29472088,        0,   -5527912,          0
 22528,   283,   35000000,   29537318,        0,   -5462682,          0
 22528,   284,   35000000,   29792926,        0,   -5207074,          0
 22528,   285,   35000000,   29482326,        0,   -5517674,          0
 22528,   286,   35000000,   29502122,        0,   -5497878,          0
 22528,   287,   35000000,   29530601,        0,   -5469399,          0
 22528,   288,   35000000,   29846202,        0,   -5153798,          0
 22528,   289,   35000000,   29609476,        0,   -5390524,          0
# task NAME=myapp PID=22532 COST=1578000 PERIOD=57000000 CPU=0
 22532,     2,   57000000,       8689,        0,  -56991311,          0
 22532,     3,   57000000,     120630,        0,  -56879370,          0
 22532,     4,   57000000,    1591446,        0,  -55408554,          0
 22532,     5,   57000000,    1613426,        0,  -55386574,          0
 22532,     6,   57000000,    1597493,        0,  -55402507,          0
 22532,     7,   57000000,    1574665,        0,  -55425335,          0
 22532,     8,   57000000,    1574502,        0,  -55425498,          0
 22532,     9,   57000000,    2492382,        0,  -54507618,          0
 22532,    10,   57000000,    1605727,        0,  -55394273,          0
 22532,    11,   57000000,    1622284,        0,  -55377716,          0
 22532,    12,   57000000,    1610663,        0,  -55389337,          0
 22532,    13,   57000000,    1587039,        0,  -55412961,          0
 22532,    14,   57000000,    1585121,        0,  -55414879,          0
 22532,    15,   57000000,    1565086,        0,  -55434914,          0
 22532,    16,   57000000,    1592070,        0,  -55407930,          0
 22532,    17,   57000000,    1591242,        0,  -55408758,          0
 22532,    18,   57000000,    1616993,        0,  -55383007,          0
 22532,    19,   57000000,    1600809,        0,  -55399191,          0
 22532,    20,   57000000,    1575672,        0,  -55424328,          0
 22532,    21,   57000000,    1576440,        0,  -55423560,          0
 22532,    22,   57000000,    1707387,        0,  -55292613,          0
 22532,    23,   57000000,    1573494,        0,  -55426506,          0
 22532,    24,   57000000,    1574881,        0,  -55425119,          0
 22532,    25,   57000000,    1585292,        0,  -55414708,          0
 22532,    26,   57000000,    1576702,        0,  -55423298,          0
 22532,    27,   57000000,    1592706,        0,  -55407294,          0
 22532,    28,   57000000,    1590659,        0,  -55409341,          0
 22532,    29,   57000000,    1598390,        0,  -55401610,          0
 22532,    30,   57000000,    1565069,        0,  -55434931,          0
 22532,    31,   57000000,    1628598,        0,  -55371402,          0
 22532,    32,   57000000,    1577587,        0,  -55422413,          0
 22532,    33,   57000000,    1611418,        0,  -55388582,          0
 22532,    34,   57000000,    1578792,        0,  -55421208,          0
 22532,    35,   57000000,    1600899,        0,  -55399101,          0
 22532,    36,   57000000,    1592375,        0,  -55407625,          0
 22532,    37,   57000000,    1569367,        0,  -55430633,          0
 22532,    38,   57000000,    1598813,        0,  -55401187,          0
 22532,    39,   57000000,    2057811,        0,  -54942189,          0
 22532,    40,   57000000,    1570391,        0,  -55429609,          0
 22532,    41,   57000000,    1564052,        0,  -55435948,          0
 22532,    42,   57000000,    1586530,        0,  -55413470,          0
 22532,    43,   57000000,    1583160,        0,  -55416840,          0
 22532,    44,   57000000,    1570981,        0,  -55429019,          0
 22532,    45,   57000000,    1585861,        0,  -55414139,          0
 22532,    46,   57000000,    1602741,        0,  -55397259,          0
 22532,    47,   57000000,    1593383,        0,  -55406617,          0
 22532,    48,   57000000,    1584408,        0,  -55415592,          0
 22532,    49,   57000000,    1570509,        0,  -55429491,          0
 22532,    50,   57000000,    1570151,        0,  -55429849,          0
 22532,    51,   57000000,    1587648,        0,  -55412352,          0
 22532,    52,   57000000,    1623439,        0,  -55376561,          0
 22532,    53,   57000000,    1850989,        0,  -55149011,          0
 22532,    54,   57000000,    1583882,        0,  -55416118,          0
 22532,    55,   57000000,    1591861,        0,  -55408139,          0
 22532,    56,   57000000,    1566585,        0,  -55433415,          0
 22532,    57,   57000000,    1563574,        0,  -55436426,          0
 22532,    58,   57000000,    2378881,        0,  -54621119,          0
 22532,    59,   57000000,    1624164,        0,  -55375836,          0
 22532,    60,   57000000,    1573785,        0,  -55426215,          0
 22532,    61,   57000000,    1606206,        0,  -55393794,          0
 22532,    62,   57000000,    1632838,        0,  -55367162,          0
 22532,    63,   57000000,    1574071,        0,  -55425929,          0
 22532,    64,   57000000,    1567245,        0,  -55432755,          0
 22532,    65,   57000000,    1576491,        0,  -55423509,          0
 22532,    66,   57000000,    1575861,        0,  -55424139,          0
 22532,    67,   57000000,    1564499,        0,  -55435501,          0
 22532,    68,   57000000,    1567277,        0,  -55432723,          0
 22532,    69,   57000000,    1564589,        0,  -55435411,          0
 22532,    70,   57000000,    1569820,        0,  -55430180,          0
 22532,    71,   57000000,    1571410,        0,  -55428590,          0
 22532,    72,   57000000,    1601678,        0,  -55398322,          0
 22532,    73,   57000000,    1590875,        0,  -55409125,          0
 22532,    74,   57000000,    1583907,        0,  -55416093,          0
 22532,    75,   57000000,    1624708,        0,  -55375292,          0
 22532,    76,   57000000,    1585323,        0,  -55414677,          0
 22532,    77,   57000000,    1644055,        0,  -55355945,          0
 22532,    78,   57000000,    1565007,        0,  -55434993,          0
 22532,    79,   57000000,    1590923,        0,  -55409077,          0
 22532,    80,   57000000,    1592671,        0,  -55407329,          0
 22532,    81,   57000000,    1577516,        0,  -55422484,          0
 22532,    82,   57000000,    1570463,        0,  -55429537,          0
 22532,    83,   57000000,    1563663,        0,  -55436337,          0
 22532,    84,   57000000,    1569203,        0,  -55430797,          0
 22532,    85,   57000000,    1571426,        0,  -55428574,          0
 22532,    86,   57000000,    1576420,        0,  -55423580,          0
 22532,    87,   57000000,    1596398,        0,  -55403602,          0
 22532,    88,   57000000,    1585711,        0,  -55414289,          0
 22532,    89,   57000000,    1594640,        0,  -55405360,          0
 22532,    90,   57000000,    1573723,        0,  -55426277,          0
 22532,    91,   57000000,    1568541,        0,  -55431459,          0
 22532,    92,   57000000,    1567736,        0,  -55432264,          0
 22532,    93,   57000000,    1592194,        0,  -55407806,          0
 22532,    94,   57000000,    1570354,        0,  -55429646,          0
 22532,    95,   57000000,    1642556,        0,  -55357444,          0
 22532,    96,   57000000,    1582040,        0,  -55417960,          0
 22532,    97,   57000000,    1669264,        0,  -55330736,          0
 22532,    98,   57000000,    1584150,        0,  -55415850,          0
 22532,    99,   57000000,    1567186,        0,  -55432814,          0
 22532,   100,   57000000,    1598031,        0,  -55401969,          0
 22532,   101,   57000000,    1584118,        0,  -55415882,          0
 22532,   102,   57000000,    1576982,        0,  -55423018,          0
 22532,   103,   57000000,    1571770,        0,  -55428230,          0
 22532,   104,   57000000,    1596516,        0,  -55403484,          0
 22532,   105,   57000000,    1581194,        0,  -55418806,          0
 22532,   106,   57000000,    1582800,        0,  -55417200,          0
 22532,   107,   57000000,    1571387,        0,  -55428613,          0
 22532,   108,   57000000,    2517891,        0,  -54482109,          0
 22532,   109,   57000000,    1573304,        0,  -55426696,          0
 22532,   110,   57000000,    1585511,        0,  -55414489,          0
 22532,   111,   57000000,    1573760,        0,  -55426240,          0
 22532,   112,   57000000,    1571056,        0,  -55428944,          0
 22532,   113,   57000000,    1584644,        0,  -55415356,          0
 22532,   114,   57000000,    1599079,        0,  -55400921,          0
 22532,   115,   57000000,    1567456,        0,  -55432544,          0
 22532,   116,   57000000,    1617623,        0,  -55382377,          0
 22532,   117,   57000000,    1574278,        0,  -55425722,          0
 22532,   118,   57000000,    1582263,        0,  -55417737,          0
 22532,   119,   57000000,    1568627,        0,  -55431373,          0
 22532,   120,   57000000,    1573672,        0,  -55426328,          0
 22532,   121,   57000000,    1847393,        0,  -55152607,          0
 22532,   122,   57000000,    1568209,        0,  -55431791,          0
 22532,   123,   57000000,    1570888,        0,  -55429112,          0
 22532,   124,   57000000,    1631321,        0,  -55368679,          0
 22532,   125,   57000000,    1602886,        0,  -55397114,          0
 22532,   126,   57000000,    1570906,        0,  -55429094,          0
 22532,   127,   57000000,    1609664,        0,  -55390336,          0
 22532,   128,   57000000,    1601751,        0,  -55398249,          0
 22532,   129,   57000000,    1580818,        0,  -55419182,          0
 22532,   130,   57000000,    1571775,        0,  -55428225,          0
 22532,   131,   57000000,    1572942,        0,  -55427058,          0
 22532,   132,   57000000,    1580005,        0,  -55419995,          0
 22532,   133,   57000000,    1596159,        0,  -55403841,          0
 22532,   134,   57000000,    1615560,        0,  -55384440,          0
 22532,   135,   57000000,    1568035,        0,  -55431965,          0
 22532,   136,   57000000,    1583556,        0,  -55416444,          0
 22532,   137,   57000000,    1632891,        0,  -55367109,          0
 22532,   138,   57000000,    1577697,        0,  -55422303,          0
 22532,   139,   57000000,    1617565,        0,  -55382435,          0
 22532,   140,   57000000,    1666415,        0,  -55333585,          0
 22532,   141,   57000000,    1591785,        0,  -55408215,          0
 22532,   142,   57000000,    1585831,        0,  -55414169,          0
 22532,   143,   57000000,    1595524,        0,  -55404476,          0
 22532,   144,   57000000,    1586684,        0,  -55413316,          0
 22532,   145,   57000000,    1590964,        0,  -55409036,          0
 22532,   146,   57000000,    1581556,        0,  -55418444,          0
 22532,   147,   57000000,    1569644,        0,  -55430356,          0
 22532,   148,   57000000,    1679419,        0,  -55320581,          0
 22532,   149,   57000000,    1626726,        0,  -55373274,          0
 22532,   150,   57000000,    1604074,        0,  -55395926,          0
 22532,   151,   57000000,    1563986,        0,  -55436014,          0
 22532,   152,   57000000,    1575405,        0,  -55424595,          0
 22532,   153,   57000000,    1620755,        0,  -55379245,          0
 22532,   154,   57000000,    1579385,        0,  -55420615,          0
 22532,   155,   57000000,    1574529,        0,  -55425471,          0
 22532,   156,   57000000,    1645755,        0,  -55354245,          0
 22532,   157,   57000000,    1564749,        0,  -55435251,          0
 22532,   158,   57000000,    1614282,        0,  -55385718,          0
 22532,   159,   57000000,    2201658,        0,  -54798342,          0
 22532,   160,   57000000,    1580232,        0,  -55419768,          0
 22532,   161,   57000000,    1569129,        0,  -55430871,          0
 22532,   162,   57000000,    1582816,        0,  -55417184,          0
 22532,   163,   57000000,    1582357,        0,  -55417643,          0
 22532,   164,   57000000,    1575595,        0,  -55424405,          0
 22532,   165,   57000000,    1584189,        0,  -55415811,          0
 22532,   166,   57000000,    1574064,        0,  -55425936,          0
 22532,   167,   57000000,    1584559,        0,  -55415441,          0
 22532,   168,   57000000,    1568415,        0,  -55431585,          0
 22532,   169,   57000000,    1653487,        0,  -55346513,          0
 22532,   170,   57000000,    1572653,        0,  -55427347,          0
 22532,   171,   57000000,    1590399,        0,  -55409601,          0
 22532,   172,   57000000,    1571254,        0,  -55428746,          0
 22532,   173,   57000000,    1560936,        0,  -55439064,          0
 22532,   174,   57000000,    1573259,        0,  -55426741,          0
 22532,   175,   57000000,    1656828,        0,  -55343172,          0
 22532,   176,   57000000,    1577927,        0,  -55422073,          0
 22532,   177,   57000000,    1581792,        0,  -55418208,          0
 22532,   178,   57000000,    1869746,        0,  -55130254,          0
 22532,   179,   57000000,    1591541,        0,  -55408459,          0
