181 181 0
259 259 0
116 116 0
114 114 0
125 125 0
113 113 0
1004 1004 0
158 158 0
288 288 0
105 105 0
259 259 0
126 126 0
126 126 0
628 628 0
373 373 0
125 125 0
504 504 0
151 151 0
253 253 0
530 530 0
120 120 0
225 225 0
103 103 0
1005 1005 0
109 109 0
153 153 0
629 629 0
129 129 0
230 230 0
126 126 0
338 338 0
122 122 0
131 131 0
337 337 0
387 387 0
184 184 0
141 141 0
104 104 0
211 211 0
236 236 0
134 134 0
559 559 0
171 171 0
246 246 0
360 360 0
422 422 0
151 151 0
159 159 0
772 772 0
144 144 0
164 164 0
592 592 0
529 529 0
140 140 0
529 529 0
669 669 0
110 110 0
113 113 0
231 231 0
129 129 0
407 407 0
138 138 0
156 156 0
670 670 0
189 189 0
148 148 0
126 126 0
124 124 0
124 124 0
139 139 0
151 151 0
207 207 0
267 267 0
1007 1007 0
227 227 0
118 118 0
115 115 0
197 197 0
107 107 0
364 364 0
