116 116 0
842 842 0
117 117 0
1008 1008 0
194 194 0
222 222 0
126 126 0
317 317 0
139 139 0
220 220 0
274 274 0
143 143 0
281 281 0
183 183 0
263 263 0
271 271 0
134 134 0
404 404 0
148 148 0
404 404 0
107 107 0
269 269 0
129 129 0
269 269 0
112 112 0
153 153 0
109 109 0
163 163 0
309 309 0
529 529 0
218 218 0
227 227 0
405 405 0
122 122 0
227 227 0
164 164 0
328 328 0
206 206 0
122 122 0
227 227 0
122 122 0
115 115 0
155 155 0
482 482 0
187 187 0
913 913 0
405 405 0
671 671 0
134 134 0
155 155 0
263 263 0
338 338 0
139 139 0
117 117 0
719 719 0
442 442 0
158 158 0
111 111 0
559 559 0
164 164 0
118 118 0
123 123 0
270 270 0
190 190 0
269 269 0
224 224 0
362 362 0
423 423 0
111 111 0
144 144 0
177 177 0
189 189 0
179 179 0
170 170 0
169 169 0
121 121 0
421 421 0
195 195 0
141 141 0
178 178 0
311 311 0
136 136 0
208 208 0
192 192 0
249 249 0
291 291 0
348 348 0
185 185 0
151 151 0
108 108 0
209 209 0
279 279 0
190 190 0
593 593 0
127 127 0
212 212 0
153 153 0
128 128 0
124 124 0
268 268 0
159 159 0
692 692 0
196 196 0
131 131 0
117 117 0
364 364 0
444 444 0
133 133 0
150 150 0
183 183 0
363 363 0
116 116 0
138 138 0
141 141 0
169 169 0
142 142 0
674 674 0
232 232 0
160 160 0
157 157 0
161 161 0
181 181 0
914 914 0
190 190 0
481 481 0
227 227 0
390 390 0
196 196 0
262 262 0
244 244 0
106 106 0
119 119 0
420 420 0
180 180 0
150 150 0
145 145 0
122 122 0
129 129 0
281 281 0
196 196 0
138 138 0
109 109 0
220 220 0
108 108 0
349 349 0
630 630 0
233 233 0
594 594 0
113 113 0
152 152 0
275 275 0
106 106 0
124 124 0
339 339 0
327 327 0
246 246 0
157 157 0
228 228 0
407 407 0
838 838 0
115 115 0
