# Task,   Job,     Period,   Response, DL Miss?,   Lateness,  Tardiness
# task NAME=myapp PID=25348 COST=67897000 PERIOD=93000000 CPU=0
 25348,     2,   93000000,       8448,        0,  -92991552,          0
 25348,     3,   93000000,      52002,        0,  -92947998,          0
 25348,     4,   93000000,   68616410,        0,  -24383590,          0
 25348,     5,   93000000,   66731189,        0,  -26268811,          0
 25348,     6,   93000000,   67009483,        0,  -25990517,          0
 25348,     7,   93000000,   66735014,        0,  -26264986,          0
 25348,     8,   93000000,   66764423,        0,  -26235577,          0
 25348,     9,   93000000,   66778224,        0,  -26221776,          0
 25348,    10,   93000000,   66756905,        0,  -26243095,          0
 25348,    11,   93000000,   66644262,        0,  -26355738,          0
 25348,    12,   93000000,   66482733,        0,  -26517267,          0
 25348,    13,   93000000,   66821994,        0,  -26178006,          0
 25348,    14,   93000000,   66858133,        0,  -26141867,          0
 25348,    15,   93000000,   66459174,        0,  -26540826,          0
 25348,    16,   93000000,   66476770,        0,  -26523230,          0
 25348,    17,   93000000,   66775215,        0,  -26224785,          0
 25348,    18,   93000000,   66790491,        0,  -26209509,          0
 25348,    19,   93000000,   66439615,        0,  -26560385,          0
 25348,    20,   93000000,   66456328,        0,  -26543672,          0
 25348,    21,   93000000,   66766610,        0,  -26233390,          0
 25348,    22,   93000000,   66748851,        0,  -26251149,          0
 25348,    23,   93000000,   66501289,        0,  -26498711,          0
 25348,    24,   93000000,   66483501,        0,  -26516499,          0
 25348,    25,   93000000,   66749680,        0,  -26250320,          0
 25348,    26,   93000000,   66773242,        0,  -26226758,          0
 25348,    27,   93000000,   66442184,        0,  -26557816,          0
 25348,    28,   93000000,   66460928,        0,  -26539072,          0
 25348,    29,   93000000,   66747227,        0,  -26252773,          0
 25348,    30,   93000000,   67002857,        0,  -25997143,          0
 25348,    31,   93000000,   66473230,        0,  -26526770,          0
 25348,    32,   93000000,   66523513,        0,  -26476487,          0
 25348,    33,   93000000,   66736594,        0,  -26263406,          0
 25348,    34,   93000000,   66751930,        0,  -26248070,          0
 25348,    35,   93000000,   66480979,        0,  -26519021,          0
 25348,    36,   93000000,   66760153,        0,  -26239847,          0
 25348,    37,   93000000,   66766622,        0,  -26233378,          0
 25348,    38,   93000000,   66744986,        0,  -26255014,          0
 25348,    39,   93000000,   66510552,        0,  -26489448,          0
 25348,    40,   93000000,   66459037,        0,  -26540963,          0
 25348,    41,   93000000,   66731880,        0,  -26268120,          0
 25348,    42,   93000000,   66800888,        0,  -26199112,          0
 25348,    43,   93000000,   66639989,        0,  -26360011,          0
 25348,    44,   93000000,   67076013,        0,  -25923987,          0
 25348,    45,   93000000,   66780742,        0,  -26219258,          0
 25348,    46,   93000000,   66744708,        0,  -26255292,          0
 25348,    47,   93000000,   66476766,        0,  -26523234,          0
 25348,    48,   93000000,   66737767,        0,  -26262233,          0
 25348,    49,   93000000,   67108214,        0,  -25891786,          0
 25348,    50,   93000000,   66475156,        0,  -26524844,          0
 25348,    51,   93000000,   66504303,        0,  -26495697,          0
 25348,    52,   93000000,   67203036,        0,  -25796964,          0
 25348,    53,   93000000,   67004679,        0,  -25995321,          0
 25348,    54,   93000000,   66563450,        0,  -26436550,          0
 25348,    55,   93000000,   66475860,        0,  -26524140,          0
 25348,    56,   93000000,   68859643,        0,  -24140357,          0
 25348,    57,   93000000,   66768093,        0,  -26231907,          0
 25348,    58,   93000000,   66450443,        0,  -26549557,          0
 25348,    59,   93000000,   66502091,        0,  -26497909,          0
 25348,    60,   93000000,   66863649,        0,  -26136351,          0
 25348,    61,   93000000,   67081369,        0,  -25918631,          0
 25348,    62,   93000000,   66498630,        0,  -26501370,          0
 25348,    63,   93000000,   66502776,        0,  -26497224,          0
 25348,    64,   93000000,   66760960,        0,  -26239040,          0
 25348,    65,   93000000,   67029879,        0,  -25970121,          0
 25348,    66,   93000000,   66790944,        0,  -26209056,          0
 25348,    67,   93000000,   66561024,        0,  -26438976,          0
 25348,    68,   93000000,   66805815,        0,  -26194185,          0
 25348,    69,   93000000,   66761078,        0,  -26238922,          0
 25348,    70,   93000000,   66479987,        0,  -26520013,          0
 25348,    71,   93000000,   67205234,        0,  -25794766,          0
 25348,    72,   93000000,   66750781,        0,  -26249219,          0
 25348,    73,   93000000,   67080252,        0,  -25919748,          0
 25348,    74,   93000000,   66759018,        0,  -26240982,          0
 25348,    75,   93000000,   66578657,        0,  -26421343,          0
 25348,    76,   93000000,   67022582,        0,  -25977418,          0
 25348,    77,   93000000,   66779549,        0,  -26220451,          0
 25348,    78,   93000000,   66495970,        0,  -26504030,          0
 25348,    79,   93000000,   66497535,        0,  -26502465,          0
 25348,    80,   93000000,   67029176,        0,  -25970824,          0
 25348,    81,   93000000,   66767830,        0,  -26232170,          0
 25348,    82,   93000000,   66755771,        0,  -26244229,          0
 25348,    83,   93000000,   66489016,        0,  -26510984,          0
 25348,    84,   93000000,   66807152,        0,  -26192848,          0
 25348,    85,   93000000,   67014759,        0,  -25985241,          0
 25348,    86,   93000000,   66572511,        0,  -26427489,          0
 25348,    87,   93000000,   67263639,        0,  -25736361,          0
 25348,    88,   93000000,   66749440,        0,  -26250560,          0
 25348,    89,   93000000,   66762227,        0,  -26237773,          0
 25348,    90,   93000000,   66621011,        0,  -26378989,          0
 25348,    91,   93000000,   66776762,        0,  -26223238,          0
 25348,    92,   93000000,   66872744,        0,  -26127256,          0
 25348,    93,   93000000,   66752564,        0,  -26247436,          0
 25348,    94,   93000000,   66798638,        0,  -26201362,          0
 25348,    95,   93000000,   66833139,        0,  -26166861,          0
 25348,    96,   93000000,   66755467,        0,  -26244533,          0
 25348,    97,   93000000,   66595414,        0,  -26404586,          0
 25348,    98,   93000000,   66519193,        0,  -26480807,          0
 25348,    99,   93000000,   67112738,        0,  -25887262,          0
 25348,   100,   93000000,   66823297,        0,  -26176703,          0
 25348,   101,   93000000,   66548948,        0,  -26451052,          0
 25348,   102,   93000000,   66477749,        0,  -26522251,          0
 25348,   103,   93000000,   66796423,        0,  -26203577,          0
 25348,   104,   93000000,   66761416,        0,  -26238584,          0
 25348,   105,   93000000,   66507505,        0,  -26492495,          0
 25348,   106,   93000000,   66468751,        0,  -26531249,          0
 25348,   107,   93000000,   66785809,        0,  -26214191,          0
 25348,   108,   93000000,   67030050,        0,  -25969950,          0
 25348,   109,   93000000,   66774668,        0,  -26225332,          0
 25348,   110,   93000000,   66729951,        0,  -26270049,          0
 25348,   111,   93000000,   67008167,        0,  -25991833,          0
# task NAME=myapp PID=25351 COST=39173000 PERIOD=59000000 CPU=0
 25351,     2,   59000000,       8925,        0,  -58991075,          0
 25351,     3,   59000000,      76207,        0,  -58923793,          0
 25351,     4,   59000000,   40729855,        0,  -18270145,          0
 25351,     5,   59000000,   38377995,        0,  -20622005,          0
 25351,     6,   59000000,   38647299,        0,  -20352701,          0
 25351,     7,   59000000,   38372648,        0,  -20627352,          0
 25351,     8,   59000000,   38661586,        0,  -20338414,          0
 25351,     9,   59000000,   38502656,        0,  -20497344,          0
 25351,    10,   59000000,   38795075,        0,  -20204925,          0
 25351,    11,   59000000,   38446090,        0,  -20553910,          0
 25351,    12,   59000000,   38641017,        0,  -20358983,          0
 25351,    13,   59000000,   38428093,        0,  -20571907,          0
 25351,    14,   59000000,   38363492,        0,  -20636508,          0
 25351,    15,   59000000,   38601843,        0,  -20398157,          0
 25351,    16,   59000000,   38428160,        0,  -20571840,          0
 25351,    17,   59000000,   38390995,        0,  -20609005,          0
 25351,    18,   59000000,   38377788,        0,  -20622212,          0
 25351,    19,   59000000,   38642106,        0,  -20357894,          0
 25351,    20,   59000000,   38527158,        0,  -20472842,          0
 25351,    21,   59000000,   38654219,        0,  -20345781,          0
 25351,    22,   59000000,   38384438,        0,  -20615562,          0
 25351,    23,   59000000,   38676666,        0,  -20323334,          0
 25351,    24,   59000000,   38405479,        0,  -20594521,          0
 25351,    25,   59000000,   38676032,        0,  -20323968,          0
 25351,    26,   59000000,   38368090,        0,  -20631910,          0
 25351,    27,   59000000,   38707558,        0,  -20292442,          0
 25351,    28,   59000000,   38382502,        0,  -20617498,          0
 25351,    29,   59000000,   38638262,        0,  -20361738,          0
 25351,    30,   59000000,   38387355,        0,  -20612645,          0
 25351,    31,   59000000,   38813720,        0,  -20186280,          0
 25351,    32,   59000000,   38486788,        0,  -20513212,          0
 25351,    33,   59000000,   38375800,        0,  -20624200,          0
 25351,    34,   59000000,   38388264,        0,  -20611736,          0
 25351,    35,   59000000,   38403529,        0,  -20596471,          0
 25351,    36,   59000000,   38396742,        0,  -20603258,          0
 25351,    37,   59000000,   38376539,        0,  -20623461,          0
 25351,    38,   59000000,   38422996,        0,  -20577004,          0
 25351,    39,   59000000,   38444249,        0,  -20555751,          0
 25351,    40,   59000000,   38652017,        0,  -20347983,          0
 25351,    41,   59000000,   38668908,        0,  -20331092,          0
 25351,    42,   59000000,   38678730,        0,  -20321270,          0
 25351,    43,   59000000,   38407261,        0,  -20592739,          0
 25351,    44,   59000000,   38676412,        0,  -20323588,          0
 25351,    45,   59000000,   38392233,        0,  -20607767,          0
 25351,    46,   59000000,   38652529,        0,  -20347471,          0
 25351,    47,   59000000,   38384109,        0,  -20615891,          0
 25351,    48,   59000000,   38818998,        0,  -20181002,          0
 25351,    49,   59000000,   38599241,        0,  -20400759,          0
 25351,    50,   59000000,   38360545,        0,  -20639455,          0
 25351,    51,   59000000,   38414614,        0,  -20585386,          0
 25351,    52,   59000000,   39250418,        0,  -19749582,          0
 25351,    53,   59000000,   38377879,        0,  -20622121,          0
 25351,    54,   59000000,   38519997,        0,  -20480003,          0
 25351,    55,   59000000,   38396790,        0,  -20603210,          0
 25351,    56,   59000000,   39453718,        0,  -19546282,          0
 25351,    57,   59000000,   38655192,        0,  -20344808,          0
 25351,    58,   59000000,   38394208,        0,  -20605792,          0
 25351,    59,   59000000,   38718723,        0,  -20281277,          0
 25351,    60,   59000000,   38369627,        0,  -20630373,          0
 25351,    61,   59000000,   38839892,        0,  -20160108,          0
 25351,    62,   59000000,   38379799,        0,  -20620201,          0
 25351,    63,   59000000,   38717383,        0,  -20282617,          0
 25351,    64,   59000000,   38363342,        0,  -20636658,          0
 25351,    65,   59000000,   38744840,        0,  -20255160,          0
 25351,    66,   59000000,   38448106,        0,  -20551894,          0
 25351,    67,   59000000,   38641766,        0,  -20358234,          0
 25351,    68,   59000000,   38411950,        0,  -20588050,          0
 25351,    69,   59000000,   38540090,        0,  -20459910,          0
 25351,    70,   59000000,   39213683,        0,  -19786317,          0
 25351,    71,   59000000,   38388057,        0,  -20611943,          0
 25351,    72,   59000000,   38375466,        0,  -20624534,          0
 25351,    73,   59000000,   38406892,        0,  -20593108,          0
 25351,    74,   59000000,   38414108,        0,  -20585892,          0
 25351,    75,   59000000,   38369611,        0,  -20630389,          0
 25351,    76,   59000000,   38697117,        0,  -20302883,          0
 25351,    77,   59000000,   38388139,        0,  -20611861,          0
 25351,    78,   59000000,   38689509,        0,  -20310491,          0
 25351,    79,   59000000,   38561899,        0,  -20438101,          0
 25351,    80,   59000000,   38836960,        0,  -20163040,          0
 25351,    81,   59000000,   38409144,        0,  -20590856,          0
 25351,    82,   59000000,   38654818,        0,  -20345182,          0
 25351,    83,   59000000,   38455484,        0,  -20544516,          0
 25351,    84,   59000000,   38820098,        0,  -20179902,          0
 25351,    85,   59000000,   38380728,        0,  -20619272,          0
 25351,    86,   59000000,   39156516,        0,  -19843484,          0
 25351,    87,   59000000,   38394553,        0,  -20605447,          0
 25351,    88,   59000000,   38355144,        0,  -20644856,          0
 25351,    89,   59000000,   38367937,        0,  -20632063,          0
 25351,    90,   59000000,   38394824,        0,  -20605176,          0
 25351,    91,   59000000,   38372548,        0,  -20627452,          0
 25351,    92,   59000000,   38527158,        0,  -20472842,          0
 25351,    93,   59000000,   38675136,        0,  -20324864,          0
 25351,    94,   59000000,   38380522,        0,  -20619478,          0
 25351,    95,   59000000,   39579824,        0,  -19420176,          0
 25351,    96,   59000000,   38365812,        0,  -20634188,          0
 25351,    97,   59000000,   38626287,        0,  -20373713,          0
 25351,    98,   59000000,   38377961,        0,  -20622039,          0
 25351,    99,   59000000,   38646326,        0,  -20353674,          0
 25351,   100,   59000000,   38677775,        0,  -20322225,          0
 25351,   101,   59000000,   38857130,        0,  -20142870,          0
 25351,   102,   59000000,   38495037,        0,  -20504963,          0
 25351,   103,   59000000,   38424467,        0,  -20575533,          0
 25351,   104,   59000000,   38395732,        0,  -20604268,          0
 25351,   105,   59000000,   38618960,        0,  -20381040,          0
 25351,   106,   59000000,   38360712,        0,  -20639288,          0
 25351,   107,   59000000,   38361020,        0,  -20638980,          0
 25351,   108,   59000000,   38379559,        0,  -20620441,          0
 25351,   109,   59000000,   38402809,        0,  -20597191,          0
 25351,   110,   59000000,   38616831,        0,  -20383169,          0
 25351,   111,   59000000,   38347850,        0,  -20652150,          0
 25351,   112,   59000000,   38662764,        0,  -20337236,          0
 25351,   113,   59000000,   38392880,        0,  -20607120,          0
 25351,   114,   59000000,   38635507,        0,  -20364493,          0
 25351,   115,   59000000,   38392982,        0,  -20607018,          0
 25351,   116,   59000000,   38725867,        0,  -20274133,          0
 25351,   117,   59000000,   38464709,        0,  -20535291,          0
 25351,   118,   59000000,   38664358,        0,  -20335642,          0
 25351,   119,   59000000,   38405569,        0,  -20594431,          0
 25351,   120,   59000000,   38716321,        0,  -20283679,          0
 25351,   121,   59000000,   38370804,        0,  -20629196,          0
 25351,   122,   59000000,   39894315,        0,  -19105685,          0
 25351,   123,   59000000,   38575383,        0,  -20424617,          0
 25351,   124,   59000000,   38789440,        0,  -20210560,          0
 25351,   125,   59000000,   38386759,        0,  -20613241,          0
 25351,   126,   59000000,   38387736,        0,  -20612264,          0
 25351,   127,   59000000,   38406574,        0,  -20593426,          0
 25351,   128,   59000000,   38359309,        0,  -20640691,          0
 25351,   129,   59000000,   38785100,        0,  -20214900,          0
 25351,   130,   59000000,   38492167,        0,  -20507833,          0
 25351,   131,   59000000,   38628592,        0,  -20371408,          0
 25351,   132,   59000000,   38363885,        0,  -20636115,          0
 25351,   133,   59000000,   38648154,        0,  -20351846,          0
 25351,   134,   59000000,   38479290,        0,  -20520710,          0
 25351,   135,   59000000,   38630911,        0,  -20369089,          0
 25351,   136,   59000000,   38419613,        0,  -20580387,          0
 25351,   137,   59000000,   38646706,        0,  -20353294,          0
 25351,   138,   59000000,   38353341,        0,  -20646659,          0
 25351,   139,   59000000,   39066097,        0,  -19933903,          0
 25351,   140,   59000000,   38410504,        0,  -20589496,          0
 25351,   141,   59000000,   38376519,        0,  -20623481,          0
 25351,   142,   59000000,   38365756,        0,  -20634244,          0
 25351,   143,   59000000,   38358279,        0,  -20641721,          0
 25351,   144,   59000000,   38439228,        0,  -20560772,          0
 25351,   145,   59000000,   39358598,        0,  -19641402,          0
 25351,   146,   59000000,   38648257,        0,  -20351743,          0
 25351,   147,   59000000,   38458107,        0,  -20541893,          0
 25351,   148,   59000000,   38766927,        0,  -20233073,          0
 25351,   149,   59000000,   38450904,        0,  -20549096,          0
 25351,   150,   59000000,   38626730,        0,  -20373270,          0
 25351,   151,   59000000,   38449283,        0,  -20550717,          0
 25351,   152,   59000000,   38664240,        0,  -20335760,          0
 25351,   153,   59000000,   38372128,        0,  -20627872,          0
 25351,   154,   59000000,   38641313,        0,  -20358687,          0
 25351,   155,   59000000,   38460840,        0,  -20539160,          0
 25351,   156,   59000000,   38642279,        0,  -20357721,          0
 25351,   157,   59000000,   38366127,        0,  -20633873,          0
 25351,   158,   59000000,   38395557,        0,  -20604443,          0
 25351,   159,   59000000,   38379117,        0,  -20620883,          0
 25351,   160,   59000000,   38377558,        0,  -20622442,          0
 25351,   161,   59000000,   38520689,        0,  -20479311,          0
 25351,   162,   59000000,   38389114,        0,  -20610886,          0
 25351,   163,   59000000,   38382360,        0,  -20617640,          0
 25351,   164,   59000000,   38398405,        0,  -20601595,          0
 25351,   165,   59000000,   38633825,        0,  -20366175,          0
 25351,   166,   59000000,   38381623,        0,  -20618377,          0
 25351,   167,   59000000,   38652761,        0,  -20347239,          0
 25351,   168,   59000000,   38434268,        0,  -20565732,          0
 25351,   169,   59000000,   38653254,        0,  -20346746,          0
 25351,   170,   59000000,   38363436,        0,  -20636564,          0
 25351,   171,   59000000,   38675565,        0,  -20324435,          0
 25351,   172,   59000000,   40374340,        0,  -18625660,          0
 25351,   173,   59000000,   38829925,        0,  -20170075,          0
# task NAME=myapp PID=25355 COST=32116000 PERIOD=53000000 CPU=0
 25355,     2,   53000000,      14370,        0,  -52985630,          0
 25355,     3,   53000000,      35695,        0,  -52964305,          0
 25355,     4,   53000000,   33838507,        0,  -19161493,          0
 25355,     5,   53000000,   31626246,        0,  -21373754,          0
 25355,     6,   53000000,   32621111,        0,  -20378889,          0
 25355,     7,   53000000,   31622018,        0,  -21377982,          0
 25355,     8,   53000000,   31463603,        0,  -21536397,          0
 25355,     9,   53000000,   31477268,        0,  -21522732,          0
 25355,    10,   53000000,   31485968,        0,  -21514032,          0
 25355,    11,   53000000,   31871245,        0,  -21128755,          0
 25355,    12,   53000000,   31487567,        0,  -21512433,          0
 25355,    13,   53000000,   31449927,        0,  -21550073,          0
 25355,    14,   53000000,   31490105,        0,  -21509895,          0
 25355,    15,   53000000,   31460999,        0,  -21539001,          0
 25355,    16,   53000000,   31452969,        0,  -21547031,          0
 25355,    17,   53000000,   31553704,        0,  -21446296,          0
 25355,    18,   53000000,   31990982,        0,  -21009018,          0
 25355,    19,   53000000,   31469636,        0,  -21530364,          0
 25355,    20,   53000000,   31624883,        0,  -21375117,          0
 25355,    21,   53000000,   31715866,        0,  -21284134,          0
 25355,    22,   53000000,   31451494,        0,  -21548506,          0
 25355,    23,   53000000,   31868745,        0,  -21131255,          0
 25355,    24,   53000000,   31456333,        0,  -21543667,          0
 25355,    25,   53000000,   31725707,        0,  -21274293,          0
 25355,    26,   53000000,   31584231,        0,  -21415769,          0
 25355,    27,   53000000,   31563043,        0,  -21436957,          0
 25355,    28,   53000000,   31465932,        0,  -21534068,          0
 25355,    29,   53000000,   31456011,        0,  -21543989,          0
 25355,    30,   53000000,   31732268,        0,  -21267732,          0
 25355,    31,   53000000,   31556067,        0,  -21443933,          0
 25355,    32,   53000000,   31733645,        0,  -21266355,          0
 25355,    33,   53000000,   31456801,        0,  -21543199,          0
 25355,    34,   53000000,   31454212,        0,  -21545788,          0
 25355,    35,   53000000,   31589933,        0,  -21410067,          0
 25355,    36,   53000000,   31451047,        0,  -21548953,          0
 25355,    37,   53000000,   31742157,        0,  -21257843,          0
 25355,    38,   53000000,   31566864,        0,  -21433136,          0
 25355,    39,   53000000,   32449872,        0,  -20550128,          0
 25355,    40,   53000000,   31567800,        0,  -21432200,          0
 25355,    41,   53000000,   31522028,        0,  -21477972,          0
 25355,    42,   53000000,   31544188,        0,  -21455812,          0
 25355,    43,   53000000,   31465420,        0,  -21534580,          0
 25355,    44,   53000000,   31754585,        0,  -21245415,          0
 25355,    45,   53000000,   31466797,        0,  -21533203,          0
 25355,    46,   53000000,   31440692,        0,  -21559308,          0
 25355,    47,   53000000,   31475323,        0,  -21524677,          0
 25355,    48,   53000000,   31479055,        0,  -21520945,          0
 25355,    49,   53000000,   31747391,        0,  -21252609,          0
 25355,    50,   53000000,   31441097,        0,  -21558903,          0
 25355,    51,   53000000,   31729183,        0,  -21270817,          0
 25355,    52,   53000000,   31610479,        0,  -21389521,          0
 25355,    53,   53000000,   31452689,        0,  -21547311,          0
 25355,    54,   53000000,   31462985,        0,  -21537015,          0
 25355,    55,   53000000,   31588260,        0,  -21411740,          0
 25355,    56,   53000000,   31917229,        0,  -21082771,          0
 25355,    57,   53000000,   31455535,        0,  -21544465,          0
 25355,    58,   53000000,   31777113,        0,  -21222887,          0
 25355,    59,   53000000,   31456623,        0,  -21543377,          0
 25355,    60,   53000000,   31485352,        0,  -21514648,          0
 25355,    61,   53000000,   31459724,        0,  -21540276,          0
 25355,    62,   53000000,   31488231,        0,  -21511769,          0
 25355,    63,   53000000,   31860956,        0,  -21139044,          0
 25355,    64,   53000000,   31443417,        0,  -21556583,          0
 25355,    65,   53000000,   31731936,        0,  -21268064,          0
 25355,    66,   53000000,   31469348,        0,  -21530652,          0
 25355,    67,   53000000,   31440344,        0,  -21559656,          0
 25355,    68,   53000000,   31457456,        0,  -21542544,          0
 25355,    69,   53000000,   31433937,        0,  -21566063,          0
 25355,    70,   53000000,   31745270,        0,  -21254730,          0
 25355,    71,   53000000,   31444391,        0,  -21555609,          0
 25355,    72,   53000000,   31802205,        0,  -21197795,          0
 25355,    73,   53000000,   31615962,        0,  -21384038,          0
 25355,    74,   53000000,   31602424,        0,  -21397576,          0
 25355,    75,   53000000,   31468032,        0,  -21531968,          0
 25355,    76,   53000000,   31465321,        0,  -21534679,          0
 25355,    77,   53000000,   31736726,        0,  -21263274,          0
 25355,    78,   53000000,   31474412,        0,  -21525588,          0
 25355,    79,   53000000,   31453261,        0,  -21546739,          0
 25355,    80,   53000000,   31462562,        0,  -21537438,          0
 25355,    81,   53000000,   31469335,        0,  -21530665,          0
 25355,    82,   53000000,   31743973,        0,  -21256027,          0
 25355,    83,   53000000,   31458020,        0,  -21541980,          0
 25355,    84,   53000000,   31748229,        0,  -21251771,          0
 25355,    85,   53000000,   31460025,        0,  -21539975,          0
 25355,    86,   53000000,   31642484,        0,  -21357516,          0
 25355,    87,   53000000,   31584686,        0,  -21415314,          0
 25355,    88,   53000000,   31458770,        0,  -21541230,          0
 25355,    89,   53000000,   31754343,        0,  -21245657,          0
 25355,    90,   53000000,   31639708,        0,  -21360292,          0
 25355,    91,   53000000,   31860274,        0,  -21139726,          0
 25355,    92,   53000000,   31654349,        0,  -21345651,          0
 25355,    93,   53000000,   31461306,        0,  -21538694,          0
 25355,    94,   53000000,   31470306,        0,  -21529694,          0
 25355,    95,   53000000,   31455542,        0,  -21544458,          0
 25355,    96,   53000000,   31751212,        0,  -21248788,          0
 25355,    97,   53000000,   31442032,        0,  -21557968,          0
 25355,    98,   53000000,   31738973,        0,  -21261027,          0
 25355,    99,   53000000,   31431813,        0,  -21568187,          0
 25355,   100,   53000000,   31545638,        0,  -21454362,          0
 25355,   101,   53000000,   31469952,        0,  -21530048,          0
 25355,   102,   53000000,   31470891,        0,  -21529109,          0
 25355,   103,   53000000,   31757301,        0,  -21242699,          0
 25355,   104,   53000000,   31588520,        0,  -21411480,          0
 25355,   105,   53000000,   32460934,        0,  -20539066,          0
 25355,   106,   53000000,   32289853,        0,  -20710147,          0
 25355,   107,   53000000,   31658214,        0,  -21341786,          0
 25355,   108,   53000000,   31441569,        0,  -21558431,          0
 25355,   109,   53000000,   31599484,        0,  -21400516,          0
 25355,   110,   53000000,   31843322,        0,  -21156678,          0
 25355,   111,   53000000,   31543932,        0,  -21456068,          0
 25355,   112,   53000000,   31470649,        0,  -21529351,          0
 25355,   113,   53000000,   31452497,        0,  -21547503,          0
 25355,   114,   53000000,   31473598,        0,  -21526402,          0
 25355,   115,   53000000,   31825305,        0,  -21174695,          0
 25355,   116,   53000000,   31455573,        0,  -21544427,          0
 25355,   117,   53000000,   31781932,        0,  -21218068,          0
 25355,   118,   53000000,   31581129,        0,  -21418871,          0
 25355,   119,   53000000,   31564642,        0,  -21435358,          0
 25355,   120,   53000000,   31458024,        0,  -21541976,          0
 25355,   121,   53000000,   31621399,        0,  -21378601,          0
 25355,   122,   53000000,   31718635,        0,  -21281365,          0
 25355,   123,   53000000,   31545607,        0,  -21454393,          0
 25355,   124,   53000000,   31737589,        0,  -21262411,          0
 25355,   125,   53000000,   31457053,        0,  -21542947,          0
 25355,   126,   53000000,   31452864,        0,  -21547136,          0
 25355,   127,   53000000,   31455467,        0,  -21544533,          0
 25355,   128,   53000000,   31512196,        0,  -21487804,          0
 25355,   129,   53000000,   31837698,        0,  -21162302,          0
 25355,   130,   53000000,   31559413,        0,  -21440587,          0
 25355,   131,   53000000,   31753593,        0,  -21246407,          0
 25355,   132,   53000000,   31467166,        0,  -21532834,          0
 25355,   133,   53000000,   31465245,        0,  -21534755,          0
 25355,   134,   53000000,   31436056,        0,  -21563944,          0
 25355,   135,   53000000,   31582072,        0,  -21417928,          0
 25355,   136,   53000000,   31824762,        0,  -21175238,          0
 25355,   137,   53000000,   31457414,        0,  -21542586,          0
 25355,   138,   53000000,   31791531,        0,  -21208469,          0
 25355,   139,   53000000,   31592234,        0,  -21407766,          0
 25355,   140,   53000000,   31776275,        0,  -21223725,          0
 25355,   141,   53000000,   31570360,        0,  -21429640,          0
 25355,   142,   53000000,   31463607,        0,  -21536393,          0
 25355,   143,   53000000,   31727189,        0,  -21272811,          0
 25355,   144,   53000000,   31464762,        0,  -21535238,          0
 25355,   145,   53000000,   31460134,        0,  -21539866,          0
 25355,   146,   53000000,   31425164,        0,  -21574836,          0
 25355,   147,   53000000,   31483271,        0,  -21516729,          0
 25355,   148,   53000000,   31736272,        0,  -21263728,          0
 25355,   149,   53000000,   31548471,        0,  -21451529,          0
 25355,   150,   53000000,   31749956,        0,  -21250044,          0
 25355,   151,   53000000,   31477920,        0,  -21522080,          0
 25355,   152,   53000000,   31504540,        0,  -21495460,          0
 25355,   153,   53000000,   31464905,        0,  -21535095,          0
 25355,   154,   53000000,   31475860,        0,  -21524140,          0
 25355,   155,   53000000,   31842522,        0,  -21157478,          0
 25355,   156,   53000000,   31483391,        0,  -21516609,          0
 25355,   157,   53000000,   31724927,        0,  -21275073,          0
 25355,   158,   53000000,   31465888,        0,  -21534112,          0
 25355,   159,   53000000,   31508634,        0,  -21491366,          0
 25355,   160,   53000000,   31458249,        0,  -21541751,          0
 25355,   161,   53000000,   31571289,        0,  -21428711,          0
 25355,   162,   53000000,   31741427,        0,  -21258573,          0
 25355,   163,   53000000,   31440835,        0,  -21559165,          0
 25355,   164,   53000000,   31735118,        0,  -21264882,          0
 25355,   165,   53000000,   31459910,        0,  -21540090,          0
 25355,   166,   53000000,   31470167,        0,  -21529833,          0
 25355,   167,   53000000,   31598669,        0,  -21401331,          0
 25355,   168,   53000000,   31559835,        0,  -21440165,          0
 25355,   169,   53000000,   31915626,        0,  -21084374,          0
 25355,   170,   53000000,   31570332,        0,  -21429668,          0
 25355,   171,   53000000,   31457888,        0,  -21542112,          0
 25355,   172,   53000000,   31458655,        0,  -21541345,          0
 25355,   173,   53000000,   31443983,        0,  -21556017,          0
 25355,   174,   53000000,   31773465,        0,  -21226535,          0
 25355,   175,   53000000,   31488346,        0,  -21511654,          0
 25355,   176,   53000000,   31737953,        0,  -21262047,          0
 25355,   177,   53000000,   31461274,        0,  -21538726,          0
 25355,   178,   53000000,   31483024,        0,  -21516976,          0
 25355,   179,   53000000,   31504374,        0,  -21495626,          0
 25355,   180,   53000000,   31624257,        0,  -21375743,          0
 25355,   181,   53000000,   31754714,        0,  -21245286,          0
 25355,   182,   53000000,   31562320,        0,  -21437680,          0
 25355,   183,   53000000,   31754874,        0,  -21245126,          0
 25355,   184,   53000000,   31467527,        0,  -21532473,          0
 25355,   185,   53000000,   31427491,        0,  -21572509,          0
 25355,   186,   53000000,   31562933,        0,  -21437067,          0
 25355,   187,   53000000,   31554145,        0,  -21445855,          0
 25355,   188,   53000000,   31788023,        0,  -21211977,          0
 25355,   189,   53000000,   31475435,        0,  -21524565,          0
 25355,   190,   53000000,   31729476,        0,  -21270524,          0
 25355,   191,   53000000,   31511662,        0,  -21488338,          0
 25355,   192,   53000000,   31457004,        0,  -21542996,          0
