137 137 0
404 404 0
247 247 0
134 134 0
360 360 0
203 203 0
128 128 0
336 336 0
290 290 0
109 109 0
215 215 0
266 266 0
670 670 0
201 201 0
115 115 0
360 360 0
107 107 0
912 912 0
297 297 0
207 207 0
373 373 0
154 154 0
136 136 0
141 141 0
124 124 0
136 136 0
253 253 0
154 154 0
194 194 0
912 912 0
260 260 0
139 139 0
137 137 0
297 297 0
134 134 0
360 360 0
480 480 0
143 143 0
143 143 0
126 126 0
172 172 0
135 135 0
628 628 0
189 189 0
129 129 0
243 243 0
143 143 0
125 125 0
437 437 0
146 146 0
113 113 0
360 360 0
179 179 0
164 164 0
115 115 0
718 718 0
175 175 0
774 774 0
531 531 0
232 232 0
125 125 0
325 325 0
230 230 0
415 415 0
