# Task,   Job,     Period,   Response, DL Miss?,   Lateness,  Tardiness
# task NAME=myapp PID=8744 COST=21305000 PERIOD=69000000 CPU=0
  8744,     2,   69000000,       8592,        0,  -68991408,          0
  8744,     3,   69000000,     116076,        0,  -68883924,          0
  8744,     4,   69000000,   20896454,        0,  -48103546,          0
  8744,     5,   69000000,   20936986,        0,  -48063014,          0
  8744,     6,   69000000,   20959718,        0,  -48040282,          0
  8744,     7,   69000000,   21200491,        0,  -47799509,          0
  8744,     8,   69000000,   20952237,        0,  -48047763,          0
  8744,     9,   69000000,   21169198,        0,  -47830802,          0
  8744,    10,   69000000,   20961961,        0,  -48038039,          0
  8744,    11,   69000000,   21409873,        0,  -47590127,          0
  8744,    12,   69000000,   20885130,        0,  -48114870,          0
  8744,    13,   69000000,   21014361,        0,  -47985639,          0
  8744,    14,   69000000,   20964146,        0,  -48035854,          0
  8744,    15,   69000000,   20870225,        0,  -48129775,          0
  8744,    16,   69000000,   21169152,        0,  -47830848,          0
  8744,    17,   69000000,   20900567,        0,  -48099433,          0
  8744,    18,   69000000,   21256921,        0,  -47743079,          0
  8744,    19,   69000000,   21003991,        0,  -47996009,          0
  8744,    20,   69000000,   20874512,        0,  -48125488,          0
  8744,    21,   69000000,   20879891,        0,  -48120109,          0
  8744,    22,   69000000,   21511028,        0,  -47488972,          0
  8744,    23,   69000000,   21774532,        0,  -47225468,          0
  8744,    24,   69000000,   20933677,        0,  -48066323,          0
  8744,    25,   69000000,   20949787,        0,  -48050213,          0
  8744,    26,   69000000,   20915749,        0,  -48084251,          0
  8744,    27,   69000000,   21167237,        0,  -47832763,          0
  8744,    28,   69000000,   20990546,        0,  -48009454,          0
  8744,    29,   69000000,   21188790,        0,  -47811210,          0
  8744,    30,   69000000,   20883019,        0,  -48116981,          0
  8744,    31,   69000000,   20880405,        0,  -48119595,          0
  8744,    32,   69000000,   20868521,        0,  -48131479,          0
  8744,    33,   69000000,   20868581,        0,  -48131419,          0
  8744,    34,   69000000,   20957751,        0,  -48042249,          0
  8744,    35,   69000000,   20905801,        0,  -48094199,          0
  8744,    36,   69000000,   21309874,        0,  -47690126,          0
  8744,    37,   69000000,   20934885,        0,  -48065115,          0
  8744,    38,   69000000,   21485945,        0,  -47514055,          0
  8744,    39,   69000000,   20895302,        0,  -48104698,          0
  8744,    40,   69000000,   20893929,        0,  -48106071,          0
  8744,    41,   69000000,   20888811,        0,  -48111189,          0
  8744,    42,   69000000,   20899925,        0,  -48100075,          0
  8744,    43,   69000000,   20972537,        0,  -48027463,          0
  8744,    44,   69000000,   20906743,        0,  -48093257,          0
  8744,    45,   69000000,   21263091,        0,  -47736909,          0
  8744,    46,   69000000,   20906563,        0,  -48093437,          0
  8744,    47,   69000000,   21426775,        0,  -47573225,          0
  8744,    48,   69000000,   21322273,        0,  -47677727,          0
  8744,    49,   69000000,   20890782,        0,  -48109218,          0
  8744,    50,   69000000,   20894789,        0,  -48105211,          0
  8744,    51,   69000000,   20883380,        0,  -48116620,          0
  8744,    52,   69000000,   20981846,        0,  -48018154,          0
  8744,    53,   69000000,   21989921,        0,  -47010079,          0
  8744,    54,   69000000,   21191521,        0,  -47808479,          0
  8744,    55,   69000000,   20987688,        0,  -48012312,          0
  8744,    56,   69000000,   21196697,        0,  -47803303,          0
  8744,    57,   69000000,   21029248,        0,  -47970752,          0
  8744,    58,   69000000,   20885834,        0,  -48114166,          0
  8744,    59,   69000000,   20976319,        0,  -48023681,          0
  8744,    60,   69000000,   20888647,        0,  -48111353,          0
  8744,    61,   69000000,   20990128,        0,  -48009872,          0
  8744,    62,   69000000,   20902219,        0,  -48097781,          0
  8744,    63,   69000000,   20908023,        0,  -48091977,          0
  8744,    64,   69000000,   20914625,        0,  -48085375,          0
  8744,    65,   69000000,   21196391,        0,  -47803609,          0
  8744,    66,   69000000,   21692647,        0,  -47307353,          0
  8744,    67,   69000000,   20896784,        0,  -48103216,          0
  8744,    68,   69000000,   20904230,        0,  -48095770,          0
  8744,    69,   69000000,   20921274,        0,  -48078726,          0
  8744,    70,   69000000,   20904719,        0,  -48095281,          0
  8744,    71,   69000000,   21018784,        0,  -47981216,          0
  8744,    72,   69000000,   20907113,        0,  -48092887,          0
  8744,    73,   69000000,   20891480,        0,  -48108520,          0
  8744,    74,   69000000,   21234191,        0,  -47765809,          0
  8744,    75,   69000000,   20908695,        0,  -48091305,          0
  8744,    76,   69000000,   21193506,        0,  -47806494,          0
  8744,    77,   69000000,   20980798,        0,  -48019202,          0
  8744,    78,   69000000,   20999137,        0,  -48000863,          0
  8744,    79,   69000000,   21505962,        0,  -47494038,          0
  8744,    80,   69000000,   20903743,        0,  -48096257,          0
  8744,    81,   69000000,   20884360,        0,  -48115640,          0
  8744,    82,   69000000,   20897965,        0,  -48102035,          0
  8744,    83,   69000000,   21259603,        0,  -47740397,          0
  8744,    84,   69000000,   20935987,        0,  -48064013,          0
  8744,    85,   69000000,   21171692,        0,  -47828308,          0
  8744,    86,   69000000,   21036285,        0,  -47963715,          0
  8744,    87,   69000000,   20907686,        0,  -48092314,          0
  8744,    88,   69000000,   20889733,        0,  -48110267,          0
  8744,    89,   69000000,   21071477,        0,  -47928523,          0
  8744,    90,   69000000,   20923339,        0,  -48076661,          0
  8744,    91,   69000000,   20915242,        0,  -48084758,          0
  8744,    92,   69000000,   21027091,        0,  -47972909,          0
  8744,    93,   69000000,   20900078,        0,  -48099922,          0
  8744,    94,   69000000,   21242675,        0,  -47757325,          0
  8744,    95,   69000000,   20865606,        0,  -48134394,          0
  8744,    96,   69000000,   21678774,        0,  -47321226,          0
  8744,    97,   69000000,   21037952,        0,  -47962048,          0
  8744,    98,   69000000,   22313328,        0,  -46686672,          0
  8744,    99,   69000000,   21952935,        0,  -47047065,          0
  8744,   100,   69000000,   20906456,        0,  -48093544,          0
  8744,   101,   69000000,   20910179,        0,  -48089821,          0
  8744,   102,   69000000,   20989604,        0,  -48010396,          0
  8744,   103,   69000000,   21275338,        0,  -47724662,          0
  8744,   104,   69000000,   20949384,        0,  -48050616,          0
  8744,   105,   69000000,   21155119,        0,  -47844881,          0
  8744,   106,   69000000,   20921298,        0,  -48078702,          0
  8744,   107,   69000000,   20889242,        0,  -48110758,          0
  8744,   108,   69000000,   20915001,        0,  -48084999,          0
  8744,   109,   69000000,   20893125,        0,  -48106875,          0
  8744,   110,   69000000,   20908030,        0,  -48091970,          0
  8744,   111,   69000000,   20886613,        0,  -48113387,          0
  8744,   112,   69000000,   21173167,        0,  -47826833,          0
  8744,   113,   69000000,   20880535,        0,  -48119465,          0
  8744,   114,   69000000,   21340955,        0,  -47659045,          0
  8744,   115,   69000000,   20903166,        0,  -48096834,          0
  8744,   116,   69000000,   22112548,        0,  -46887452,          0
  8744,   117,   69000000,   20900196,        0,  -48099804,          0
  8744,   118,   69000000,   21890958,        0,  -47109042,          0
  8744,   119,   69000000,   21245308,        0,  -47754692,          0
  8744,   120,   69000000,   20903546,        0,  -48096454,          0
  8744,   121,   69000000,   20905430,        0,  -48094570,          0
  8744,   122,   69000000,   20985827,        0,  -48014173,          0
  8744,   123,   69000000,   21270633,        0,  -47729367,          0
  8744,   124,   69000000,   22035936,        0,  -46964064,          0
  8744,   125,   69000000,   20905663,        0,  -48094337,          0
  8744,   126,   69000000,   20914330,        0,  -48085670,          0
  8744,   127,   69000000,   20902795,        0,  -48097205,          0
  8744,   128,   69000000,   20947781,        0,  -48052219,          0
  8744,   129,   69000000,   20988743,        0,  -48011257,          0
  8744,   130,   69000000,   20913813,        0,  -48086187,          0
  8744,   131,   69000000,   20920822,        0,  -48079178,          0
  8744,   132,   69000000,   21250877,        0,  -47749123,          0
  8744,   133,   69000000,   21266383,        0,  -47733617,          0
  8744,   134,   69000000,   21221836,        0,  -47778164,          0
  8744,   135,   69000000,   20908815,        0,  -48091185,          0
  8744,   136,   69000000,   20920517,        0,  -48079483,          0
  8744,   137,   69000000,   20899714,        0,  -48100286,          0
  8744,   138,   69000000,   20902655,        0,  -48097345,          0
  8744,   139,   69000000,   20874816,        0,  -48125184,          0
  8744,   140,   69000000,   21443720,        0,  -47556280,          0
  8744,   141,   69000000,   21180315,        0,  -47819685,          0
  8744,   142,   69000000,   20878363,        0,  -48121637,          0
  8744,   143,   69000000,   21191812,        0,  -47808188,          0
  8744,   144,   69000000,   20973679,        0,  -48026321,          0
  8744,   145,   69000000,   20873399,        0,  -48126601,          0
  8744,   146,   69000000,   21020761,        0,  -47979239,          0
  8744,   147,   69000000,   20961211,        0,  -48038789,          0
  8744,   148,   69000000,   20952006,        0,  -48047994,          0
# task NAME=myapp PID=8747 COST=16210999 PERIOD=23000000 CPU=0
  8747,     2,   23000000,       9982,        0,  -22990018,          0
  8747,     3,   23000000,      29595,        0,  -22970405,          0
  8747,     4,   23000000,   17244341,        0,   -5755659,          0
  8747,     5,   23000000,   15868978,        0,   -7131022,          0
  8747,     6,   23000000,   17948316,        0,   -5051684,          0
  8747,     7,   23000000,   15898533,        0,   -7101467,          0
  8747,     8,   23000000,   15885876,        0,   -7114124,          0
  8747,     9,   23000000,   15898808,        0,   -7101192,          0
  8747,    10,   23000000,   16183759,        0,   -6816241,          0
  8747,    11,   23000000,   15900972,        0,   -7099028,          0
  8747,    12,   23000000,   15925042,        0,   -7074958,          0
  8747,    13,   23000000,   15882084,        0,   -7117916,          0
  8747,    14,   23000000,   15890441,        0,   -7109559,          0
  8747,    15,   23000000,   16195103,        0,   -6804897,          0
  8747,    16,   23000000,   15884237,        0,   -7115763,          0
  8747,    17,   23000000,   15866526,        0,   -7133474,          0
  8747,    18,   23000000,   15935503,        0,   -7064497,          0
  8747,    19,   23000000,   15968045,        0,   -7031955,          0
  8747,    20,   23000000,   15904503,        0,   -7095497,          0
  8747,    21,   23000000,   16171254,        0,   -6828746,          0
  8747,    22,   23000000,   15885399,        0,   -7114601,          0
  8747,    23,   23000000,   15877227,        0,   -7122773,          0
  8747,    24,   23000000,   15902193,        0,   -7097807,          0
  8747,    25,   23000000,   15888945,        0,   -7111055,          0
  8747,    26,   23000000,   16182228,        0,   -6817772,          0
  8747,    27,   23000000,   15990076,        0,   -7009924,          0
  8747,    28,   23000000,   15870538,        0,   -7129462,          0
  8747,    29,   23000000,   15996139,        0,   -7003861,          0
  8747,    30,   23000000,   17198142,        0,   -5801858,          0
  8747,    31,   23000000,   15892225,        0,   -7107775,          0
  8747,    32,   23000000,   15885599,        0,   -7114401,          0
  8747,    33,   23000000,   16023617,        0,   -6976383,          0
  8747,    34,   23000000,   15869096,        0,   -7130904,          0
  8747,    35,   23000000,   15895855,        0,   -7104145,          0
  8747,    36,   23000000,   15898306,        0,   -7101694,          0
  8747,    37,   23000000,   16168863,        0,   -6831137,          0
  8747,    38,   23000000,   15884384,        0,   -7115616,          0
  8747,    39,   23000000,   15893425,        0,   -7106575,          0
  8747,    40,   23000000,   15951374,        0,   -7048626,          0
  8747,    41,   23000000,   15885827,        0,   -7114173,          0
  8747,    42,   23000000,   15889612,        0,   -7110388,          0
  8747,    43,   23000000,   15943808,        0,   -7056192,          0
  8747,    44,   23000000,   15886976,        0,   -7113024,          0
  8747,    45,   23000000,   15919140,        0,   -7080860,          0
  8747,    46,   23000000,   15976433,        0,   -7023567,          0
  8747,    47,   23000000,   15948490,        0,   -7051510,          0
  8747,    48,   23000000,   16200993,        0,   -6799007,          0
  8747,    49,   23000000,   15881538,        0,   -7118462,          0
  8747,    50,   23000000,   15972389,        0,   -7027611,          0
  8747,    51,   23000000,   15896043,        0,   -7103957,          0
  8747,    52,   23000000,   15928600,        0,   -7071400,          0
  8747,    53,   23000000,   16171842,        0,   -6828158,          0
  8747,    54,   23000000,   15900873,        0,   -7099127,          0
  8747,    55,   23000000,   15887849,        0,   -7112151,          0
  8747,    56,   23000000,   15896148,        0,   -7103852,          0
  8747,    57,   23000000,   15883335,        0,   -7116665,          0
  8747,    58,   23000000,   15947884,        0,   -7052116,          0
  8747,    59,   23000000,   16163939,        0,   -6836061,          0
  8747,    60,   23000000,   15987494,        0,   -7012506,          0
  8747,    61,   23000000,   15884744,        0,   -7115256,          0
  8747,    62,   23000000,   15879304,        0,   -7120696,          0
  8747,    63,   23000000,   16083475,        0,   -6916525,          0
  8747,    64,   23000000,   16176134,        0,   -6823866,          0
  8747,    65,   23000000,   15884183,        0,   -7115817,          0
  8747,    66,   23000000,   16027131,        0,   -6972869,          0
  8747,    67,   23000000,   15912031,        0,   -7087969,          0
  8747,    68,   23000000,   15900115,        0,   -7099885,          0
  8747,    69,   23000000,   15928225,        0,   -7071775,          0
  8747,    70,   23000000,   15897942,        0,   -7102058,          0
  8747,    71,   23000000,   15892759,        0,   -7107241,          0
  8747,    72,   23000000,   15923459,        0,   -7076541,          0
  8747,    73,   23000000,   15900879,        0,   -7099121,          0
  8747,    74,   23000000,   15970582,        0,   -7029418,          0
  8747,    75,   23000000,   16183787,        0,   -6816213,          0
  8747,    76,   23000000,   15894267,        0,   -7105733,          0
  8747,    77,   23000000,   15885729,        0,   -7114271,          0
  8747,    78,   23000000,   15910787,        0,   -7089213,          0
  8747,    79,   23000000,   15886122,        0,   -7113878,          0
  8747,    80,   23000000,   15884345,        0,   -7115655,          0
  8747,    81,   23000000,   15888426,        0,   -7111574,          0
  8747,    82,   23000000,   15887215,        0,   -7112785,          0
  8747,    83,   23000000,   15889790,        0,   -7110210,          0
  8747,    84,   23000000,   15915170,        0,   -7084830,          0
  8747,    85,   23000000,   15897138,        0,   -7102862,          0
  8747,    86,   23000000,   16169159,        0,   -6830841,          0
  8747,    87,   23000000,   15886572,        0,   -7113428,          0
  8747,    88,   23000000,   15919441,        0,   -7080559,          0
  8747,    89,   23000000,   15887649,        0,   -7112351,          0
  8747,    90,   23000000,   15899116,        0,   -7100884,          0
  8747,    91,   23000000,   16176579,        0,   -6823421,          0
  8747,    92,   23000000,   15886258,        0,   -7113742,          0
  8747,    93,   23000000,   16682979,        0,   -6317021,          0
  8747,    94,   23000000,   15920877,        0,   -7079123,          0
  8747,    95,   23000000,   15966807,        0,   -7033193,          0
  8747,    96,   23000000,   16031061,        0,   -6968939,          0
  8747,    97,   23000000,   16146789,        0,   -6853211,          0
  8747,    98,   23000000,   15876653,        0,   -7123347,          0
  8747,    99,   23000000,   15913055,        0,   -7086945,          0
  8747,   100,   23000000,   15878665,        0,   -7121335,          0
  8747,   101,   23000000,   15960153,        0,   -7039847,          0
  8747,   102,   23000000,   16256127,        0,   -6743873,          0
  8747,   103,   23000000,   15905687,        0,   -7094313,          0
  8747,   104,   23000000,   15876539,        0,   -7123461,          0
  8747,   105,   23000000,   15888683,        0,   -7111317,          0
  8747,   106,   23000000,   15987625,        0,   -7012375,          0
  8747,   107,   23000000,   15907195,        0,   -7092805,          0
  8747,   108,   23000000,   15882492,        0,   -7117508,          0
  8747,   109,   23000000,   15867468,        0,   -7132532,          0
  8747,   110,   23000000,   15883387,        0,   -7116613,          0
  8747,   111,   23000000,   15908157,        0,   -7091843,          0
  8747,   112,   23000000,   15880878,        0,   -7119122,          0
  8747,   113,   23000000,   16182948,        0,   -6817052,          0
  8747,   114,   23000000,   15893069,        0,   -7106931,          0
  8747,   115,   23000000,   15894987,        0,   -7105013,          0
  8747,   116,   23000000,   15871872,        0,   -7128128,          0
  8747,   117,   23000000,   15898646,        0,   -7101354,          0
  8747,   118,   23000000,   15884468,        0,   -7115532,          0
  8747,   119,   23000000,   15895389,        0,   -7104611,          0
  8747,   120,   23000000,   15903310,        0,   -7096690,          0
  8747,   121,   23000000,   15891140,        0,   -7108860,          0
  8747,   122,   23000000,   15987288,        0,   -7012712,          0
  8747,   123,   23000000,   15887508,        0,   -7112492,          0
  8747,   124,   23000000,   16229318,        0,   -6770682,          0
  8747,   125,   23000000,   15893128,        0,   -7106872,          0
  8747,   126,   23000000,   15996342,        0,   -7003658,          0
  8747,   127,   23000000,   15951185,        0,   -7048815,          0
  8747,   128,   23000000,   15952796,        0,   -7047204,          0
  8747,   129,   23000000,   16023475,        0,   -6976525,          0
  8747,   130,   23000000,   15893281,        0,   -7106719,          0
  8747,   131,   23000000,   15900855,        0,   -7099145,          0
  8747,   132,   23000000,   15896006,        0,   -7103994,          0
  8747,   133,   23000000,   15963372,        0,   -7036628,          0
  8747,   134,   23000000,   15936517,        0,   -7063483,          0
  8747,   135,   23000000,   16270631,        0,   -6729369,          0
  8747,   136,   23000000,   15909991,        0,   -7090009,          0
  8747,   137,   23000000,   15881477,        0,   -7118523,          0
  8747,   138,   23000000,   16004362,        0,   -6995638,          0
  8747,   139,   23000000,   15887584,        0,   -7112416,          0
  8747,   140,   23000000,   16175857,        0,   -6824143,          0
  8747,   141,   23000000,   15891965,        0,   -7108035,          0
  8747,   142,   23000000,   15888183,        0,   -7111817,          0
  8747,   143,   23000000,   15881180,        0,   -7118820,          0
  8747,   144,   23000000,   15956155,        0,   -7043845,          0
  8747,   145,   23000000,   15967103,        0,   -7032897,          0
  8747,   146,   23000000,   16215555,        0,   -6784445,          0
  8747,   147,   23000000,   15910952,        0,   -7089048,          0
  8747,   148,   23000000,   15890329,        0,   -7109671,          0
  8747,   149,   23000000,   15941152,        0,   -7058848,          0
  8747,   150,   23000000,   15901151,        0,   -7098849,          0
  8747,   151,   23000000,   16162043,        0,   -6837957,          0
  8747,   152,   23000000,   15872245,        0,   -7127755,          0
  8747,   153,   23000000,   15900427,        0,   -7099573,          0
  8747,   154,   23000000,   15941207,        0,   -7058793,          0
  8747,   155,   23000000,   15929300,        0,   -7070700,          0
  8747,   156,   23000000,   15893468,        0,   -7106532,          0
  8747,   157,   23000000,   15869106,        0,   -7130894,          0
  8747,   158,   23000000,   15942896,        0,   -7057104,          0
  8747,   159,   23000000,   15950774,        0,   -7049226,          0
  8747,   160,   23000000,   15896625,        0,   -7103375,          0
  8747,   161,   23000000,   15898387,        0,   -7101613,          0
  8747,   162,   23000000,   16208959,        0,   -6791041,          0
  8747,   163,   23000000,   15887945,        0,   -7112055,          0
  8747,   164,   23000000,   15912536,        0,   -7087464,          0
  8747,   165,   23000000,   15887532,        0,   -7112468,          0
  8747,   166,   23000000,   15883468,        0,   -7116532,          0
  8747,   167,   23000000,   15932450,        0,   -7067550,          0
  8747,   168,   23000000,   15956863,        0,   -7043137,          0
  8747,   169,   23000000,   15961902,        0,   -7038098,          0
  8747,   170,   23000000,   15889305,        0,   -7110695,          0
  8747,   171,   23000000,   15907710,        0,   -7092290,          0
  8747,   172,   23000000,   15967622,        0,   -7032378,          0
  8747,   173,   23000000,   16176513,        0,   -6823487,          0
  8747,   174,   23000000,   15892613,        0,   -7107387,          0
  8747,   175,   23000000,   15873046,        0,   -7126954,          0
  8747,   176,   23000000,   15868733,        0,   -7131267,          0
  8747,   177,   23000000,   15974998,        0,   -7025002,          0
  8747,   178,   23000000,   16154527,        0,   -6845473,          0
  8747,   179,   23000000,   15881262,        0,   -7118738,          0
  8747,   180,   23000000,   15894634,        0,   -7105366,          0
  8747,   181,   23000000,   15892622,        0,   -7107378,          0
  8747,   182,   23000000,   15885781,        0,   -7114219,          0
  8747,   183,   23000000,   15900700,        0,   -7099300,          0
  8747,   184,   23000000,   16218010,        0,   -6781990,          0
  8747,   185,   23000000,   15917617,        0,   -7082383,          0
  8747,   186,   23000000,   15891568,        0,   -7108432,          0
  8747,   187,   23000000,   15924386,        0,   -7075614,          0
  8747,   188,   23000000,   15895793,        0,   -7104207,          0
  8747,   189,   23000000,   16203865,        0,   -6796135,          0
  8747,   190,   23000000,   15899851,        0,   -7100149,          0
  8747,   191,   23000000,   15901906,        0,   -7098094,          0
  8747,   192,   23000000,   15895153,        0,   -7104847,          0
  8747,   193,   23000000,   15951983,        0,   -7048017,          0
  8747,   194,   23000000,   15866531,        0,   -7133469,          0
  8747,   195,   23000000,   15957440,        0,   -7042560,          0
  8747,   196,   23000000,   15891860,        0,   -7108140,          0
  8747,   197,   23000000,   15889736,        0,   -7110264,          0
  8747,   198,   23000000,   15913125,        0,   -7086875,          0
  8747,   199,   23000000,   15880393,        0,   -7119607,          0
  8747,   200,   23000000,   16173337,        0,   -6826663,          0
  8747,   201,   23000000,   15894030,        0,   -7105970,          0
  8747,   202,   23000000,   15930658,        0,   -7069342,          0
  8747,   203,   23000000,   15950330,        0,   -7049670,          0
  8747,   204,   23000000,   15897472,        0,   -7102528,          0
  8747,   205,   23000000,   15861310,        0,   -7138690,          0
  8747,   206,   23000000,   15894778,        0,   -7105222,          0
  8747,   207,   23000000,   15981534,        0,   -7018466,          0
  8747,   208,   23000000,   15887442,        0,   -7112558,          0
  8747,   209,   23000000,   15898239,        0,   -7101761,          0
  8747,   210,   23000000,   15915716,        0,   -7084284,          0
  8747,   211,   23000000,   16165714,        0,   -6834286,          0
  8747,   212,   23000000,   15877167,        0,   -7122833,          0
  8747,   213,   23000000,   15902177,        0,   -7097823,          0
  8747,   214,   23000000,   15947386,        0,   -7052614,          0
  8747,   215,   23000000,   15938196,        0,   -7061804,          0
  8747,   216,   23000000,   16225537,        0,   -6774463,          0
  8747,   217,   23000000,   15885928,        0,   -7114072,          0
  8747,   218,   23000000,   15911931,        0,   -7088069,          0
  8747,   219,   23000000,   15908573,        0,   -7091427,          0
  8747,   220,   23000000,   15894974,        0,   -7105026,          0
  8747,   221,   23000000,   15887467,        0,   -7112533,          0
  8747,   222,   23000000,   16185768,        0,   -6814232,          0
  8747,   223,   23000000,   15951769,        0,   -7048231,          0
  8747,   224,   23000000,   15953360,        0,   -7046640,          0
  8747,   225,   23000000,   15929915,        0,   -7070085,          0
  8747,   226,   23000000,   15876272,        0,   -7123728,          0
  8747,   227,   23000000,   16156239,        0,   -6843761,          0
  8747,   228,   23000000,   15894177,        0,   -7105823,          0
  8747,   229,   23000000,   15900146,        0,   -7099854,          0
  8747,   230,   23000000,   15876560,        0,   -7123440,          0
  8747,   231,   23000000,   15955316,        0,   -7044684,          0
  8747,   232,   23000000,   15905409,        0,   -7094591,          0
  8747,   233,   23000000,   15995478,        0,   -7004522,          0
  8747,   234,   23000000,   15899080,        0,   -7100920,          0
  8747,   235,   23000000,   15878756,        0,   -7121244,          0
  8747,   236,   23000000,   15940245,        0,   -7059755,          0
  8747,   237,   23000000,   15972542,        0,   -7027458,          0
  8747,   238,   23000000,   16243538,        0,   -6756462,          0
  8747,   239,   23000000,   15904337,        0,   -7095663,          0
  8747,   240,   23000000,   15883296,        0,   -7116704,          0
  8747,   241,   23000000,   15886164,        0,   -7113836,          0
  8747,   242,   23000000,   15953838,        0,   -7046162,          0
  8747,   243,   23000000,   15906569,        0,   -7093431,          0
  8747,   244,   23000000,   15947301,        0,   -7052699,          0
  8747,   245,   23000000,   15893880,        0,   -7106120,          0
  8747,   246,   23000000,   15891089,        0,   -7108911,          0
  8747,   247,   23000000,   15898347,        0,   -7101653,          0
  8747,   248,   23000000,   15867275,        0,   -7132725,          0
  8747,   249,   23000000,   16205334,        0,   -6794666,          0
  8747,   250,   23000000,   15896633,        0,   -7103367,          0
  8747,   251,   23000000,   15909551,        0,   -7090449,          0
  8747,   252,   23000000,   15920499,        0,   -7079501,          0
  8747,   253,   23000000,   15885818,        0,   -7114182,          0
  8747,   254,   23000000,   15894516,        0,   -7105484,          0
  8747,   255,   23000000,   15977380,        0,   -7022620,          0
  8747,   256,   23000000,   15886139,        0,   -7113861,          0
  8747,   257,   23000000,   15883586,        0,   -7116414,          0
  8747,   258,   23000000,   15893200,        0,   -7106800,          0
  8747,   259,   23000000,   15874485,        0,   -7125515,          0
  8747,   260,   23000000,   16191342,        0,   -6808658,          0
  8747,   261,   23000000,   15878948,        0,   -7121052,          0
  8747,   262,   23000000,   15996430,        0,   -7003570,          0
  8747,   263,   23000000,   15897804,        0,   -7102196,          0
  8747,   264,   23000000,   15926014,        0,   -7073986,          0
  8747,   265,   23000000,   16165339,        0,   -6834661,          0
  8747,   266,   23000000,   15903158,        0,   -7096842,          0
  8747,   267,   23000000,   15930246,        0,   -7069754,          0
  8747,   268,   23000000,   15873425,        0,   -7126575,          0
  8747,   269,   23000000,   15889013,        0,   -7110987,          0
  8747,   270,   23000000,   16959237,        0,   -6040763,          0
  8747,   271,   23000000,   16188891,        0,   -6811109,          0
  8747,   272,   23000000,   15901302,        0,   -7098698,          0
  8747,   273,   23000000,   15939697,        0,   -7060303,          0
  8747,   274,   23000000,   15930065,        0,   -7069935,          0
  8747,   275,   23000000,   15884498,        0,   -7115502,          0
  8747,   276,   23000000,   16233431,        0,   -6766569,          0
  8747,   277,   23000000,   15880066,        0,   -7119934,          0
  8747,   278,   23000000,   15883524,        0,   -7116476,          0
  8747,   279,   23000000,   15900576,        0,   -7099424,          0
  8747,   280,   23000000,   15967240,        0,   -7032760,          0
  8747,   281,   23000000,   15906207,        0,   -7093793,          0
  8747,   282,   23000000,   16015215,        0,   -6984785,          0
  8747,   283,   23000000,   15888393,        0,   -7111607,          0
  8747,   284,   23000000,   15902322,        0,   -7097678,          0
  8747,   285,   23000000,   15933872,        0,   -7066128,          0
  8747,   286,   23000000,   15892212,        0,   -7107788,          0
  8747,   287,   23000000,   16179579,        0,   -6820421,          0
  8747,   288,   23000000,   15918411,        0,   -7081589,          0
  8747,   289,   23000000,   15891196,        0,   -7108804,          0
  8747,   290,   23000000,   15924075,        0,   -7075925,          0
  8747,   291,   23000000,   16606421,        0,   -6393579,          0
  8747,   292,   23000000,   15992177,        0,   -7007823,          0
  8747,   293,   23000000,   15935318,        0,   -7064682,          0
  8747,   294,   23000000,   15952592,        0,   -7047408,          0
  8747,   295,   23000000,   15962712,        0,   -7037288,          0
  8747,   296,   23000000,   15878385,        0,   -7121615,          0
  8747,   297,   23000000,   15922208,        0,   -7077792,          0
  8747,   298,   23000000,   16167417,        0,   -6832583,          0
  8747,   299,   23000000,   15904314,        0,   -7095686,          0
  8747,   300,   23000000,   15904494,        0,   -7095506,          0
  8747,   301,   23000000,   15870998,        0,   -7129002,          0
  8747,   302,   23000000,   15886997,        0,   -7113003,          0
  8747,   303,   23000000,   16212551,        0,   -6787449,          0
  8747,   304,   23000000,   15960603,        0,   -7039397,          0
  8747,   305,   23000000,   15932704,        0,   -7067296,          0
  8747,   306,   23000000,   15930075,        0,   -7069925,          0
  8747,   307,   23000000,   15895581,        0,   -7104419,          0
  8747,   308,   23000000,   15880899,        0,   -7119101,          0
  8747,   309,   23000000,   16251075,        0,   -6748925,          0
  8747,   310,   23000000,   15890525,        0,   -7109475,          0
  8747,   311,   23000000,   15934847,        0,   -7065153,          0
  8747,   312,   23000000,   15932910,        0,   -7067090,          0
  8747,   313,   23000000,   15888021,        0,   -7111979,          0
  8747,   314,   23000000,   16183870,        0,   -6816130,          0
  8747,   315,   23000000,   15906824,        0,   -7093176,          0
  8747,   316,   23000000,   15880248,        0,   -7119752,          0
  8747,   317,   23000000,   15895091,        0,   -7104909,          0
  8747,   318,   23000000,   15887552,        0,   -7112448,          0
  8747,   319,   23000000,   15861638,        0,   -7138362,          0
  8747,   320,   23000000,   15866824,        0,   -7133176,          0
  8747,   321,   23000000,   15927399,        0,   -7072601,          0
  8747,   322,   23000000,   15880892,        0,   -7119108,          0
  8747,   323,   23000000,   15887365,        0,   -7112635,          0
  8747,   324,   23000000,   15905404,        0,   -7094596,          0
  8747,   325,   23000000,   16179257,        0,   -6820743,          0
  8747,   326,   23000000,   15891502,        0,   -7108498,          0
  8747,   327,   23000000,   15925558,        0,   -7074442,          0
  8747,   328,   23000000,   15885642,        0,   -7114358,          0
  8747,   329,   23000000,   15969769,        0,   -7030231,          0
  8747,   330,   23000000,   15888384,        0,   -7111616,          0
  8747,   331,   23000000,   15873241,        0,   -7126759,          0
  8747,   332,   23000000,   15899743,        0,   -7100257,          0
  8747,   333,   23000000,   15948103,        0,   -7051897,          0
  8747,   334,   23000000,   15936343,        0,   -7063657,          0
  8747,   335,   23000000,   15885852,        0,   -7114148,          0
  8747,   336,   23000000,   16261735,        0,   -6738265,          0
  8747,   337,   23000000,   15892385,        0,   -7107615,          0
  8747,   338,   23000000,   15885674,        0,   -7114326,          0
  8747,   339,   23000000,   15927064,        0,   -7072936,          0
  8747,   340,   23000000,   15892070,        0,   -7107930,          0
  8747,   341,   23000000,   15903605,        0,   -7096395,          0
  8747,   342,   23000000,   16500199,        0,   -6499801,          0
  8747,   343,   23000000,   15950769,        0,   -7049231,          0
  8747,   344,   23000000,   15912732,        0,   -7087268,          0
  8747,   345,   23000000,   15894530,        0,   -7105470,          0
  8747,   346,   23000000,   15952355,        0,   -7047645,          0
  8747,   347,   23000000,   17096058,        0,   -5903942,          0
  8747,   348,   23000000,   15928106,        0,   -7071894,          0
  8747,   349,   23000000,   15885940,        0,   -7114060,          0
  8747,   350,   23000000,   15868732,        0,   -7131268,          0
  8747,   351,   23000000,   15907650,        0,   -7092350,          0
  8747,   352,   23000000,   16162187,        0,   -6837813,          0
  8747,   353,   23000000,   15890871,        0,   -7109129,          0
  8747,   354,   23000000,   15898394,        0,   -7101606,          0
  8747,   355,   23000000,   15888181,        0,   -7111819,          0
  8747,   356,   23000000,   15868445,        0,   -7131555,          0
  8747,   357,   23000000,   15929401,        0,   -7070599,          0
  8747,   358,   23000000,   16182367,        0,   -6817633,          0
  8747,   359,   23000000,   15886410,        0,   -7113590,          0
  8747,   360,   23000000,   15886762,        0,   -7113238,          0
  8747,   361,   23000000,   15943027,        0,   -7056973,          0
  8747,   362,   23000000,   15981085,        0,   -7018915,          0
  8747,   363,   23000000,   16202654,        0,   -6797346,          0
  8747,   364,   23000000,   15878719,        0,   -7121281,          0
  8747,   365,   23000000,   15936814,        0,   -7063186,          0
  8747,   366,   23000000,   16570749,        0,   -6429251,          0
  8747,   367,   23000000,   16033937,        0,   -6966063,          0
  8747,   368,   23000000,   15948586,        0,   -7051414,          0
  8747,   369,   23000000,   15900271,        0,   -7099729,          0
  8747,   370,   23000000,   15895972,        0,   -7104028,          0
  8747,   371,   23000000,   15871610,        0,   -7128390,          0
  8747,   372,   23000000,   15918981,        0,   -7081019,          0
  8747,   373,   23000000,   15906579,        0,   -7093421,          0
  8747,   374,   23000000,   16179173,        0,   -6820827,          0
  8747,   375,   23000000,   15893008,        0,   -7106992,          0
  8747,   376,   23000000,   15898312,        0,   -7101688,          0
  8747,   377,   23000000,   15890356,        0,   -7109644,          0
  8747,   378,   23000000,   15950292,        0,   -7049708,          0
  8747,   379,   23000000,   15863355,        0,   -7136645,          0
  8747,   380,   23000000,   15879992,        0,   -7120008,          0
  8747,   381,   23000000,   16038920,        0,   -6961080,          0
  8747,   382,   23000000,   15873156,        0,   -7126844,          0
  8747,   383,   23000000,   15891505,        0,   -7108495,          0
  8747,   384,   23000000,   15922127,        0,   -7077873,          0
  8747,   385,   23000000,   16168068,        0,   -6831932,          0
  8747,   386,   23000000,   15894322,        0,   -7105678,          0
  8747,   387,   23000000,   15905399,        0,   -7094601,          0
  8747,   388,   23000000,   15887087,        0,   -7112913,          0
  8747,   389,   23000000,   15905751,        0,   -7094249,          0
  8747,   390,   23000000,   16218607,        0,   -6781393,          0
  8747,   391,   23000000,   15967514,        0,   -7032486,          0
  8747,   392,   23000000,   15908147,        0,   -7091853,          0
  8747,   393,   23000000,   15945060,        0,   -7054940,          0
  8747,   394,   23000000,   15895971,        0,   -7104029,          0
  8747,   395,   23000000,   15891010,        0,   -7108990,          0
  8747,   396,   23000000,   16290267,        0,   -6709733,          0
  8747,   397,   23000000,   15869730,        0,   -7130270,          0
  8747,   398,   23000000,   15862948,        0,   -7137052,          0
  8747,   399,   23000000,   15981917,        0,   -7018083,          0
  8747,   400,   23000000,   15887394,        0,   -7112606,          0
  8747,   401,   23000000,   16225863,        0,   -6774137,          0
  8747,   402,   23000000,   15924726,        0,   -7075274,          0
  8747,   403,   23000000,   15891957,        0,   -7108043,          0
  8747,   404,   23000000,   15873819,        0,   -7126181,          0
  8747,   405,   23000000,   15891737,        0,   -7108263,          0
  8747,   406,   23000000,   15883832,        0,   -7116168,          0
  8747,   407,   23000000,   15897600,        0,   -7102400,          0
  8747,   408,   23000000,   15893494,        0,   -7106506,          0
  8747,   409,   23000000,   15885620,        0,   -7114380,          0
  8747,   410,   23000000,   15886744,        0,   -7113256,          0
  8747,   411,   23000000,   15906576,        0,   -7093424,          0
  8747,   412,   23000000,   16173713,        0,   -6826287,          0
  8747,   413,   23000000,   15887367,        0,   -7112633,          0
  8747,   414,   23000000,   15912117,        0,   -7087883,          0
  8747,   415,   23000000,   15874307,        0,   -7125693,          0
  8747,   416,   23000000,   15891797,        0,   -7108203,          0
  8747,   417,   23000000,   15899593,        0,   -7100407,          0
  8747,   418,   23000000,   15997004,        0,   -7002996,          0
  8747,   419,   23000000,   15909654,        0,   -7090346,          0
  8747,   420,   23000000,   15890660,        0,   -7109340,          0
  8747,   421,   23000000,   15891896,        0,   -7108104,          0
  8747,   422,   23000000,   15943987,        0,   -7056013,          0
  8747,   423,   23000000,   16191664,        0,   -6808336,          0
  8747,   424,   23000000,   15900729,        0,   -7099271,          0
  8747,   425,   23000000,   16023672,        0,   -6976328,          0
  8747,   426,   23000000,   15884492,        0,   -7115508,          0
  8747,   427,   23000000,   15886051,        0,   -7113949,          0
  8747,   428,   23000000,   16248955,        0,   -6751045,          0
  8747,   429,   23000000,   15950488,        0,   -7049512,          0
  8747,   430,   23000000,   15867392,        0,   -7132608,          0
  8747,   431,   23000000,   15888101,        0,   -7111899,          0
  8747,   432,   23000000,   15941713,        0,   -7058287,          0
  8747,   433,   23000000,   15942286,        0,   -7057714,          0
  8747,   434,   23000000,   16221021,        0,   -6778979,          0
  8747,   435,   23000000,   15976558,        0,   -7023442,          0
  8747,   436,   23000000,   16291751,        0,   -6708249,          0
  8747,   437,   23000000,   15886722,        0,   -7113278,          0
  8747,   438,   23000000,   15905343,        0,   -7094657,          0
# task NAME=myapp PID=8751 COST=32844000 PERIOD=85000000 CPU=0
  8751,     2,   85000000,      11006,        0,  -84988994,          0
  8751,     3,   85000000,      55549,        0,  -84944451,          0
  8751,     4,   85000000,   34236143,        0,  -50763857,          0
  8751,     5,   85000000,   32178665,        0,  -52821335,          0
  8751,     6,   85000000,   32191493,        0,  -52808507,          0
  8751,     7,   85000000,   32169404,        0,  -52830596,          0
  8751,     8,   85000000,   32403120,        0,  -52596880,          0
  8751,     9,   85000000,   32566028,        0,  -52433972,          0
  8751,    10,   85000000,   32204449,        0,  -52795551,          0
  8751,    11,   85000000,   32166767,        0,  -52833233,          0
  8751,    12,   85000000,   32439072,        0,  -52560928,          0
  8751,    13,   85000000,   32151822,        0,  -52848178,          0
  8751,    14,   85000000,   32182259,        0,  -52817741,          0
  8751,    15,   85000000,   32485869,        0,  -52514131,          0
  8751,    16,   85000000,   32160803,        0,  -52839197,          0
  8751,    17,   85000000,   32340548,        0,  -52659452,          0
  8751,    18,   85000000,   32572163,        0,  -52427837,          0
  8751,    19,   85000000,   32260540,        0,  -52739460,          0
  8751,    20,   85000000,   32150263,        0,  -52849737,          0
  8751,    21,   85000000,   32446268,        0,  -52553732,          0
  8751,    22,   85000000,   32154447,        0,  -52845553,          0
  8751,    23,   85000000,   32167993,        0,  -52832007,          0
  8751,    24,   85000000,   32440572,        0,  -52559428,          0
  8751,    25,   85000000,   32153717,        0,  -52846283,          0
  8751,    26,   85000000,   32200020,        0,  -52799980,          0
  8751,    27,   85000000,   32178803,        0,  -52821197,          0
  8751,    28,   85000000,   32185245,        0,  -52814755,          0
  8751,    29,   85000000,   32302392,        0,  -52697608,          0
  8751,    30,   85000000,   32138657,        0,  -52861343,          0
  8751,    31,   85000000,   32373004,        0,  -52626996,          0
  8751,    32,   85000000,   32323379,        0,  -52676621,          0
  8751,    33,   85000000,   32193035,        0,  -52806965,          0
  8751,    34,   85000000,   32475923,        0,  -52524077,          0
  8751,    35,   85000000,   32206451,        0,  -52793549,          0
  8751,    36,   85000000,   32178412,        0,  -52821588,          0
  8751,    37,   85000000,   32476550,        0,  -52523450,          0
  8751,    38,   85000000,   32170447,        0,  -52829553,          0
  8751,    39,   85000000,   32166806,        0,  -52833194,          0
  8751,    40,   85000000,   32423239,        0,  -52576761,          0
  8751,    41,   85000000,   32215802,        0,  -52784198,          0
  8751,    42,   85000000,   32279970,        0,  -52720030,          0
  8751,    43,   85000000,   32465567,        0,  -52534433,          0
  8751,    44,   85000000,   32154901,        0,  -52845099,          0
  8751,    45,   85000000,   32178504,        0,  -52821496,          0
  8751,    46,   85000000,   32592716,        0,  -52407284,          0
  8751,    47,   85000000,   32175379,        0,  -52824621,          0
  8751,    48,   85000000,   32170849,        0,  -52829151,          0
  8751,    49,   85000000,   32590033,        0,  -52409967,          0
  8751,    50,   85000000,   32171026,        0,  -52828974,          0
  8751,    51,   85000000,   32169279,        0,  -52830721,          0
  8751,    52,   85000000,   32170966,        0,  -52829034,          0
  8751,    53,   85000000,   32178710,        0,  -52821290,          0
  8751,    54,   85000000,   32184000,        0,  -52816000,          0
  8751,    55,   85000000,   32176979,        0,  -52823021,          0
  8751,    56,   85000000,   32182963,        0,  -52817037,          0
  8751,    57,   85000000,   32274796,        0,  -52725204,          0
  8751,    58,   85000000,   32169619,        0,  -52830381,          0
  8751,    59,   85000000,   32463734,        0,  -52536266,          0
  8751,    60,   85000000,   32277877,        0,  -52722123,          0
  8751,    61,   85000000,   32187688,        0,  -52812312,          0
  8751,    62,   85000000,   32439915,        0,  -52560085,          0
  8751,    63,   85000000,   32182638,        0,  -52817362,          0
  8751,    64,   85000000,   32332745,        0,  -52667255,          0
  8751,    65,   85000000,   32491684,        0,  -52508316,          0
  8751,    66,   85000000,   32257428,        0,  -52742572,          0
  8751,    67,   85000000,   32298288,        0,  -52701712,          0
  8751,    68,   85000000,   32496865,        0,  -52503135,          0
  8751,    69,   85000000,   32174012,        0,  -52825988,          0
  8751,    70,   85000000,   32199231,        0,  -52800769,          0
  8751,    71,   85000000,   32567586,        0,  -52432414,          0
  8751,    72,   85000000,   32233262,        0,  -52766738,          0
  8751,    73,   85000000,   32154079,        0,  -52845921,          0
  8751,    74,   85000000,   32448322,        0,  -52551678,          0
  8751,    75,   85000000,   32194323,        0,  -52805677,          0
  8751,    76,   85000000,   32187249,        0,  -52812751,          0
  8751,    77,   85000000,   32324865,        0,  -52675135,          0
  8751,    78,   85000000,   32250248,        0,  -52749752,          0
  8751,    79,   85000000,   32165666,        0,  -52834334,          0
  8751,    80,   85000000,   32351581,        0,  -52648419,          0
  8751,    81,   85000000,   33873995,        0,  -51126005,          0
  8751,    82,   85000000,   32187965,        0,  -52812035,          0
  8751,    83,   85000000,   32148318,        0,  -52851682,          0
  8751,    84,   85000000,   32441645,        0,  -52558355,          0
  8751,    85,   85000000,   32393939,        0,  -52606061,          0
  8751,    86,   85000000,   32165608,        0,  -52834392,          0
  8751,    87,   85000000,   32448148,        0,  -52551852,          0
  8751,    88,   85000000,   32294827,        0,  -52705173,          0
  8751,    89,   85000000,   32174944,        0,  -52825056,          0
  8751,    90,   85000000,   32582405,        0,  -52417595,          0
  8751,    91,   85000000,   32276791,        0,  -52723209,          0
  8751,    92,   85000000,   32175841,        0,  -52824159,          0
  8751,    93,   85000000,   32451829,        0,  -52548171,          0
  8751,    94,   85000000,   32228241,        0,  -52771759,          0
  8751,    95,   85000000,   32180614,        0,  -52819386,          0
  8751,    96,   85000000,   32589493,        0,  -52410507,          0
  8751,    97,   85000000,   32191770,        0,  -52808230,          0
  8751,    98,   85000000,   32354437,        0,  -52645563,          0
  8751,    99,   85000000,   32547436,        0,  -52452564,          0
  8751,   100,   85000000,   32156153,        0,  -52843847,          0
  8751,   101,   85000000,   32283898,        0,  -52716102,          0
  8751,   102,   85000000,   32549860,        0,  -52450140,          0
  8751,   103,   85000000,   32220299,        0,  -52779701,          0
  8751,   104,   85000000,   32159456,        0,  -52840544,          0
  8751,   105,   85000000,   32167124,        0,  -52832876,          0
  8751,   106,   85000000,   32214734,        0,  -52785266,          0
  8751,   107,   85000000,   32204671,        0,  -52795329,          0
  8751,   108,   85000000,   32159659,        0,  -52840341,          0
  8751,   109,   85000000,   32421726,        0,  -52578274,          0
  8751,   110,   85000000,   32171660,        0,  -52828340,          0
  8751,   111,   85000000,   32168199,        0,  -52831801,          0
  8751,   112,   85000000,   32440546,        0,  -52559454,          0
  8751,   113,   85000000,   32245779,        0,  -52754221,          0
  8751,   114,   85000000,   32157859,        0,  -52842141,          0
  8751,   115,   85000000,   32465049,        0,  -52534951,          0
  8751,   116,   85000000,   32192145,        0,  -52807855,          0
  8751,   117,   85000000,   32154294,        0,  -52845706,          0
  8751,   118,   85000000,   32495433,        0,  -52504567,          0
  8751,   119,   85000000,   32172917,        0,  -52827083,          0
  8751,   120,   85000000,   32164251,        0,  -52835749,          0
  8751,   121,   85000000,   32451885,        0,  -52548115,          0
