255 255 0
420 420 0
288 288 0
316 316 0
838 838 0
631 631 0
217 217 0
150 150 0
139 139 0
200 200 0
138 138 0
217 217 0
145 145 0
388 388 0
185 185 0
138 138 0
155 155 0
248 248 0
167 167 0
270 270 0
171 171 0
176 176 0
124 124 0
720 720 0
139 139 0
187 187 0
151 151 0
275 275 0
107 107 0
109 109 0
327 327 0
140 140 0
134 134 0
215 215 0
777 777 0
138 138 0
721 721 0
214 214 0
376 376 0
127 127 0
222 222 0
133 133 0
177 177 0
113 113 0
506 506 0
721 721 0
127 127 0
337 337 0
113 113 0
374 374 0
128 128 0
276 276 0
266 266 0
227 227 0
111 111 0
141 141 0
154 154 0
154 154 0
914 914 0
164 164 0
155 155 0
226 226 0
118 118 0
171 171 0
437 437 0
121 121 0
212 212 0
115 115 0
151 151 0
120 120 0
150 150 0
114 114 0
441 441 0
204 204 0
350 350 0
719 719 0
122 122 0
348 348 0
172 172 0
591 591 0
720 720 0
183 183 0
133 133 0
249 249 0
307 307 0
838 838 0
111 111 0
168 168 0
718 718 0
209 209 0
114 114 0
390 390 0
914 914 0
1003 1003 0
