529 529 0
479 479 0
1089 1089 0
260 260 0
109 109 0
669 669 0
179 179 0
592 592 0
177 177 0
138 138 0
186 186 0
152 152 0
161 161 0
230 230 0
185 185 0
110 110 0
317 317 0
165 165 0
914 914 0
215 215 0
247 247 0
143 143 0
142 142 0
123 123 0
720 720 0
127 127 0
200 200 0
128 128 0
222 222 0
252 252 0
338 338 0
209 209 0
109 109 0
256 256 0
114 114 0
628 628 0
561 561 0
122 122 0
670 670 0
125 125 0
178 178 0
221 221 0
153 153 0
110 110 0
149 149 0
912 912 0
118 118 0
773 773 0
207 207 0
111 111 0
242 242 0
308 308 0
108 108 0
183 183 0
172 172 0
374 374 0
