# Task,   Job,     Period,   Response, DL Miss?,   Lateness,  Tardiness
# task NAME=myapp PID=6985 COST=58680000 PERIOD=77000000 CPU=0
  6985,     2,   77000000,      10994,        0,  -76989006,          0
  6985,     3,   77000000,      51214,        0,  -76948786,          0
  6985,     4,   77000000,   58535181,        0,  -18464819,          0
  6985,     5,   77000000,   57622903,        0,  -19377097,          0
  6985,     6,   77000000,   57802871,        0,  -19197129,          0
  6985,     7,   77000000,   57533362,        0,  -19466638,          0
  6985,     8,   77000000,   57840300,        0,  -19159700,          0
  6985,     9,   77000000,   57551685,        0,  -19448315,          0
  6985,    10,   77000000,   57542588,        0,  -19457412,          0
  6985,    11,   77000000,   57839698,        0,  -19160302,          0
  6985,    12,   77000000,   57542471,        0,  -19457529,          0
  6985,    13,   77000000,   57845859,        0,  -19154141,          0
  6985,    14,   77000000,   57825381,        0,  -19174619,          0
  6985,    15,   77000000,   57556000,        0,  -19444000,          0
  6985,    16,   77000000,   57825545,        0,  -19174455,          0
  6985,    17,   77000000,   57550494,        0,  -19449506,          0
  6985,    18,   77000000,   57619097,        0,  -19380903,          0
  6985,    19,   77000000,   57814347,        0,  -19185653,          0
  6985,    20,   77000000,   57564956,        0,  -19435044,          0
  6985,    21,   77000000,   57844011,        0,  -19155989,          0
  6985,    22,   77000000,   57627827,        0,  -19372173,          0
  6985,    23,   77000000,   57582019,        0,  -19417981,          0
  6985,    24,   77000000,   57874240,        0,  -19125760,          0
  6985,    25,   77000000,   57600569,        0,  -19399431,          0
  6985,    26,   77000000,   57857702,        0,  -19142298,          0
  6985,    27,   77000000,   57905549,        0,  -19094451,          0
  6985,    28,   77000000,   57597786,        0,  -19402214,          0
  6985,    29,   77000000,   57889506,        0,  -19110494,          0
  6985,    30,   77000000,   57631985,        0,  -19368015,          0
  6985,    31,   77000000,   57704177,        0,  -19295823,          0
  6985,    32,   77000000,   57901630,        0,  -19098370,          0
  6985,    33,   77000000,   57622706,        0,  -19377294,          0
  6985,    34,   77000000,   57898115,        0,  -19101885,          0
  6985,    35,   77000000,   57605439,        0,  -19394561,          0
  6985,    36,   77000000,   57619407,        0,  -19380593,          0
  6985,    37,   77000000,   57875267,        0,  -19124733,          0
  6985,    38,   77000000,   57608474,        0,  -19391526,          0
  6985,    39,   77000000,   57913301,        0,  -19086699,          0
  6985,    40,   77000000,   57901967,        0,  -19098033,          0
  6985,    41,   77000000,   57515607,        0,  -19484393,          0
  6985,    42,   77000000,   57769505,        0,  -19230495,          0
  6985,    43,   77000000,   57526066,        0,  -19473934,          0
  6985,    44,   77000000,   57587025,        0,  -19412975,          0
  6985,    45,   77000000,   57800585,        0,  -19199415,          0
  6985,    46,   77000000,   57552470,        0,  -19447530,          0
  6985,    47,   77000000,   57833565,        0,  -19166435,          0
  6985,    48,   77000000,   57547071,        0,  -19452929,          0
  6985,    49,   77000000,   57541176,        0,  -19458824,          0
  6985,    50,   77000000,   57807725,        0,  -19192275,          0
  6985,    51,   77000000,   57552408,        0,  -19447592,          0
  6985,    52,   77000000,   57812558,        0,  -19187442,          0
  6985,    53,   77000000,   57837579,        0,  -19162421,          0
  6985,    54,   77000000,   57517984,        0,  -19482016,          0
  6985,    55,   77000000,   57852726,        0,  -19147274,          0
  6985,    56,   77000000,   57553198,        0,  -19446802,          0
  6985,    57,   77000000,   57589476,        0,  -19410524,          0
  6985,    58,   77000000,   57816706,        0,  -19183294,          0
  6985,    59,   77000000,   57541670,        0,  -19458330,          0
  6985,    60,   77000000,   57832648,        0,  -19167352,          0
  6985,    61,   77000000,   57587591,        0,  -19412409,          0
  6985,    62,   77000000,   57596609,        0,  -19403391,          0
  6985,    63,   77000000,   57815864,        0,  -19184136,          0
  6985,    64,   77000000,   57592158,        0,  -19407842,          0
  6985,    65,   77000000,   57805038,        0,  -19194962,          0
  6985,    66,   77000000,   57913104,        0,  -19086896,          0
  6985,    67,   77000000,   57616982,        0,  -19383018,          0
  6985,    68,   77000000,   57807416,        0,  -19192584,          0
  6985,    69,   77000000,   57623663,        0,  -19376337,          0
  6985,    70,   77000000,   57691734,        0,  -19308266,          0
  6985,    71,   77000000,   57847430,        0,  -19152570,          0
  6985,    72,   77000000,   57625657,        0,  -19374343,          0
  6985,    73,   77000000,   57871814,        0,  -19128186,          0
  6985,    74,   77000000,   57616348,        0,  -19383652,          0
  6985,    75,   77000000,   57616413,        0,  -19383587,          0
  6985,    76,   77000000,   57869807,        0,  -19130193,          0
  6985,    77,   77000000,   57606773,        0,  -19393227,          0
  6985,    78,   77000000,   57889305,        0,  -19110695,          0
  6985,    79,   77000000,   57802291,        0,  -19197709,          0
  6985,    80,   77000000,   57507972,        0,  -19492028,          0
  6985,    81,   77000000,   57782299,        0,  -19217701,          0
  6985,    82,   77000000,   57502016,        0,  -19497984,          0
  6985,    83,   77000000,   57577733,        0,  -19422267,          0
  6985,    84,   77000000,   57806533,        0,  -19193467,          0
  6985,    85,   77000000,   57536432,        0,  -19463568,          0
  6985,    86,   77000000,   57823026,        0,  -19176974,          0
  6985,    87,   77000000,   57542226,        0,  -19457774,          0
  6985,    88,   77000000,   57508518,        0,  -19491482,          0
  6985,    89,   77000000,   57833804,        0,  -19166196,          0
  6985,    90,   77000000,   57533824,        0,  -19466176,          0
  6985,    91,   77000000,   57519631,        0,  -19480369,          0
  6985,    92,   77000000,   57799196,        0,  -19200804,          0
  6985,    93,   77000000,   57546519,        0,  -19453481,          0
  6985,    94,   77000000,   57843998,        0,  -19156002,          0
  6985,    95,   77000000,   57536047,        0,  -19463953,          0
  6985,    96,   77000000,   57619622,        0,  -19380378,          0
  6985,    97,   77000000,   57812446,        0,  -19187554,          0
  6985,    98,   77000000,   57624912,        0,  -19375088,          0
  6985,    99,   77000000,   57871033,        0,  -19128967,          0
  6985,   100,   77000000,   57904596,        0,  -19095404,          0
  6985,   101,   77000000,   57589341,        0,  -19410659,          0
  6985,   102,   77000000,   57869698,        0,  -19130302,          0
  6985,   103,   77000000,   57614320,        0,  -19385680,          0
  6985,   104,   77000000,   57604105,        0,  -19395895,          0
  6985,   105,   77000000,   57882086,        0,  -19117914,          0
  6985,   106,   77000000,   57613126,        0,  -19386874,          0
  6985,   107,   77000000,   57882480,        0,  -19117520,          0
  6985,   108,   77000000,   57595203,        0,  -19404797,          0
  6985,   109,   77000000,   57682707,        0,  -19317293,          0
  6985,   110,   77000000,   57880707,        0,  -19119293,          0
  6985,   111,   77000000,   57613217,        0,  -19386783,          0
  6985,   112,   77000000,   57888301,        0,  -19111699,          0
  6985,   113,   77000000,   57891164,        0,  -19108836,          0
  6985,   114,   77000000,   57616312,        0,  -19383688,          0
  6985,   115,   77000000,   57906106,        0,  -19093894,          0
  6985,   116,   77000000,   57614602,        0,  -19385398,          0
  6985,   117,   77000000,   57543606,        0,  -19456394,          0
  6985,   118,   77000000,   57784274,        0,  -19215726,          0
  6985,   119,   77000000,   57510540,        0,  -19489460,          0
  6985,   120,   77000000,   57805472,        0,  -19194528,          0
  6985,   121,   77000000,   57509642,        0,  -19490358,          0
  6985,   122,   77000000,   57601669,        0,  -19398331,          0
  6985,   123,   77000000,   57811006,        0,  -19188994,          0
  6985,   124,   77000000,   57522197,        0,  -19477803,          0
  6985,   125,   77000000,   57831949,        0,  -19168051,          0
  6985,   126,   77000000,   57822770,        0,  -19177230,          0
  6985,   127,   77000000,   57529087,        0,  -19470913,          0
  6985,   128,   77000000,   57829069,        0,  -19170931,          0
  6985,   129,   77000000,   57623949,        0,  -19376051,          0
  6985,   130,   77000000,   57548129,        0,  -19451871,          0
  6985,   131,   77000000,   57807752,        0,  -19192248,          0
  6985,   132,   77000000,   57558946,        0,  -19441054,          0
  6985,   133,   77000000,   57813578,        0,  -19186422,          0
# task NAME=myapp PID=6988 COST=4520000 PERIOD=19000000 CPU=0
  6988,     2,   19000000,      11355,        0,  -18988645,          0
  6988,     3,   19000000,      54928,        0,  -18945072,          0
  6988,     4,   19000000,    5511402,        0,  -13488598,          0
  6988,     5,   19000000,    4481469,        0,  -14518531,          0
  6988,     6,   19000000,    4482487,        0,  -14517513,          0
  6988,     7,   19000000,    4483219,        0,  -14516781,          0
  6988,     8,   19000000,    4454488,        0,  -14545512,          0
  6988,     9,   19000000,    4454285,        0,  -14545715,          0
  6988,    10,   19000000,    4455207,        0,  -14544793,          0
  6988,    11,   19000000,    4480819,        0,  -14519181,          0
  6988,    12,   19000000,    4455370,        0,  -14544630,          0
  6988,    13,   19000000,    4453718,        0,  -14546282,          0
  6988,    14,   19000000,    4456931,        0,  -14543069,          0
  6988,    15,   19000000,    4493648,        0,  -14506352,          0
  6988,    16,   19000000,    4455901,        0,  -14544099,          0
  6988,    17,   19000000,    4456655,        0,  -14543345,          0
  6988,    18,   19000000,    4456652,        0,  -14543348,          0
  6988,    19,   19000000,    4490815,        0,  -14509185,          0
  6988,    20,   19000000,    4457215,        0,  -14542785,          0
  6988,    21,   19000000,    4457168,        0,  -14542832,          0
  6988,    22,   19000000,    4456126,        0,  -14543874,          0
  6988,    23,   19000000,    4479090,        0,  -14520910,          0
  6988,    24,   19000000,    4735043,        0,  -14264957,          0
  6988,    25,   19000000,    4454539,        0,  -14545461,          0
  6988,    26,   19000000,    4456619,        0,  -14543381,          0
  6988,    27,   19000000,    4488202,        0,  -14511798,          0
  6988,    28,   19000000,    4453413,        0,  -14546587,          0
  6988,    29,   19000000,    4455792,        0,  -14544208,          0
  6988,    30,   19000000,    4453618,        0,  -14546382,          0
  6988,    31,   19000000,    4486242,        0,  -14513758,          0
  6988,    32,   19000000,    4457122,        0,  -14542878,          0
  6988,    33,   19000000,    4457982,        0,  -14542018,          0
  6988,    34,   19000000,    4456163,        0,  -14543837,          0
  6988,    35,   19000000,    4490647,        0,  -14509353,          0
  6988,    36,   19000000,    4455735,        0,  -14544265,          0
  6988,    37,   19000000,    4456581,        0,  -14543419,          0
  6988,    38,   19000000,    4457570,        0,  -14542430,          0
  6988,    39,   19000000,    4491156,        0,  -14508844,          0
  6988,    40,   19000000,    4457325,        0,  -14542675,          0
  6988,    41,   19000000,    4452299,        0,  -14547701,          0
  6988,    42,   19000000,    4454275,        0,  -14545725,          0
  6988,    43,   19000000,    4757625,        0,  -14242375,          0
  6988,    44,   19000000,    4454126,        0,  -14545874,          0
  6988,    45,   19000000,    4457606,        0,  -14542394,          0
  6988,    46,   19000000,    4456042,        0,  -14543958,          0
  6988,    47,   19000000,    4495678,        0,  -14504322,          0
  6988,    48,   19000000,    4455920,        0,  -14544080,          0
  6988,    49,   19000000,    4450996,        0,  -14549004,          0
  6988,    50,   19000000,    4456529,        0,  -14543471,          0
  6988,    51,   19000000,    4492166,        0,  -14507834,          0
  6988,    52,   19000000,    4453792,        0,  -14546208,          0
  6988,    53,   19000000,    4455552,        0,  -14544448,          0
  6988,    54,   19000000,    4457099,        0,  -14542901,          0
  6988,    55,   19000000,    4478924,        0,  -14521076,          0
  6988,    56,   19000000,    4451068,        0,  -14548932,          0
  6988,    57,   19000000,    4458088,        0,  -14541912,          0
  6988,    58,   19000000,    4454050,        0,  -14545950,          0
  6988,    59,   19000000,    4490839,        0,  -14509161,          0
  6988,    60,   19000000,    4456082,        0,  -14543918,          0
  6988,    61,   19000000,    4456292,        0,  -14543708,          0
  6988,    62,   19000000,    4456546,        0,  -14543454,          0
  6988,    63,   19000000,    4476684,        0,  -14523316,          0
  6988,    64,   19000000,    4455952,        0,  -14544048,          0
  6988,    65,   19000000,    4454869,        0,  -14545131,          0
  6988,    66,   19000000,    4458191,        0,  -14541809,          0
  6988,    67,   19000000,    4478044,        0,  -14521956,          0
  6988,    68,   19000000,    4454342,        0,  -14545658,          0
  6988,    69,   19000000,    4454892,        0,  -14545108,          0
  6988,    70,   19000000,    4733670,        0,  -14266330,          0
  6988,    71,   19000000,    4480410,        0,  -14519590,          0
  6988,    72,   19000000,    4455767,        0,  -14544233,          0
  6988,    73,   19000000,    4453716,        0,  -14546284,          0
  6988,    74,   19000000,    4453852,        0,  -14546148,          0
  6988,    75,   19000000,    4478376,        0,  -14521624,          0
  6988,    76,   19000000,    4456295,        0,  -14543705,          0
  6988,    77,   19000000,    4456451,        0,  -14543549,          0
  6988,    78,   19000000,    4457663,        0,  -14542337,          0
  6988,    79,   19000000,    4479756,        0,  -14520244,          0
  6988,    80,   19000000,    4492075,        0,  -14507925,          0
  6988,    81,   19000000,    4456477,        0,  -14543523,          0
  6988,    82,   19000000,    4459358,        0,  -14540642,          0
  6988,    83,   19000000,    4451154,        0,  -14548846,          0
  6988,    84,   19000000,    4482801,        0,  -14517199,          0
  6988,    85,   19000000,    4458815,        0,  -14541185,          0
  6988,    86,   19000000,    4461862,        0,  -14538138,          0
  6988,    87,   19000000,    4452361,        0,  -14547639,          0
  6988,    88,   19000000,    4483617,        0,  -14516383,          0
  6988,    89,   19000000,    4459876,        0,  -14540124,          0
  6988,    90,   19000000,    4456446,        0,  -14543554,          0
  6988,    91,   19000000,    4453835,        0,  -14546165,          0
  6988,    92,   19000000,    4478772,        0,  -14521228,          0
  6988,    93,   19000000,    4458628,        0,  -14541372,          0
  6988,    94,   19000000,    4461961,        0,  -14538039,          0
  6988,    95,   19000000,    4459220,        0,  -14540780,          0
  6988,    96,   19000000,    4481611,        0,  -14518389,          0
  6988,    97,   19000000,    4460709,        0,  -14539291,          0
  6988,    98,   19000000,    4458744,        0,  -14541256,          0
  6988,    99,   19000000,    4458164,        0,  -14541836,          0
  6988,   100,   19000000,    4479051,        0,  -14520949,          0
  6988,   101,   19000000,    4461156,        0,  -14538844,          0
  6988,   102,   19000000,    4460865,        0,  -14539135,          0
  6988,   103,   19000000,    4734338,        0,  -14265662,          0
  6988,   104,   19000000,    4484236,        0,  -14515764,          0
  6988,   105,   19000000,    4459507,        0,  -14540493,          0
  6988,   106,   19000000,    4458562,        0,  -14541438,          0
  6988,   107,   19000000,    4459436,        0,  -14540564,          0
  6988,   108,   19000000,    4481969,        0,  -14518031,          0
  6988,   109,   19000000,    4460702,        0,  -14539298,          0
  6988,   110,   19000000,    4462259,        0,  -14537741,          0
  6988,   111,   19000000,    4459448,        0,  -14540552,          0
  6988,   112,   19000000,    4486594,        0,  -14513406,          0
  6988,   113,   19000000,    4462443,        0,  -14537557,          0
  6988,   114,   19000000,    4457478,        0,  -14542522,          0
  6988,   115,   19000000,    4458334,        0,  -14541666,          0
  6988,   116,   19000000,    4756233,        0,  -14243767,          0
  6988,   117,   19000000,    4460258,        0,  -14539742,          0
  6988,   118,   19000000,    4458485,        0,  -14541515,          0
  6988,   119,   19000000,    4529347,        0,  -14470653,          0
  6988,   120,   19000000,    4481376,        0,  -14518624,          0
  6988,   121,   19000000,    4462204,        0,  -14537796,          0
  6988,   122,   19000000,    4462546,        0,  -14537454,          0
  6988,   123,   19000000,    4461706,        0,  -14538294,          0
  6988,   124,   19000000,    4481962,        0,  -14518038,          0
  6988,   125,   19000000,    4456701,        0,  -14543299,          0
  6988,   126,   19000000,    4456945,        0,  -14543055,          0
  6988,   127,   19000000,    4461879,        0,  -14538121,          0
  6988,   128,   19000000,    4490514,        0,  -14509486,          0
  6988,   129,   19000000,    4458652,        0,  -14541348,          0
  6988,   130,   19000000,    4460650,        0,  -14539350,          0
  6988,   131,   19000000,    4457400,        0,  -14542600,          0
  6988,   132,   19000000,    4488576,        0,  -14511424,          0
  6988,   133,   19000000,    4455950,        0,  -14544050,          0
  6988,   134,   19000000,    4459047,        0,  -14540953,          0
  6988,   135,   19000000,    4457962,        0,  -14542038,          0
  6988,   136,   19000000,    4472713,        0,  -14527287,          0
  6988,   137,   19000000,    4458160,        0,  -14541840,          0
  6988,   138,   19000000,    4457752,        0,  -14542248,          0
  6988,   139,   19000000,    4461094,        0,  -14538906,          0
  6988,   140,   19000000,    4484982,        0,  -14515018,          0
  6988,   141,   19000000,    4459906,        0,  -14540094,          0
  6988,   142,   19000000,    4456419,        0,  -14543581,          0
  6988,   143,   19000000,    4455988,        0,  -14544012,          0
  6988,   144,   19000000,    4482749,        0,  -14517251,          0
  6988,   145,   19000000,    4461005,        0,  -14538995,          0
  6988,   146,   19000000,    4459245,        0,  -14540755,          0
  6988,   147,   19000000,    4462364,        0,  -14537636,          0
  6988,   148,   19000000,    4479418,        0,  -14520582,          0
  6988,   149,   19000000,    4736460,        0,  -14263540,          0
  6988,   150,   19000000,    4460233,        0,  -14539767,          0
  6988,   151,   19000000,    4459375,        0,  -14540625,          0
  6988,   152,   19000000,    4479727,        0,  -14520273,          0
  6988,   153,   19000000,    4453289,        0,  -14546711,          0
  6988,   154,   19000000,    4458353,        0,  -14541647,          0
  6988,   155,   19000000,    4460424,        0,  -14539576,          0
  6988,   156,   19000000,    4478188,        0,  -14521812,          0
  6988,   157,   19000000,    4496793,        0,  -14503207,          0
  6988,   158,   19000000,    4463468,        0,  -14536532,          0
  6988,   159,   19000000,    4457144,        0,  -14542856,          0
  6988,   160,   19000000,    4463369,        0,  -14536631,          0
  6988,   161,   19000000,    4485100,        0,  -14514900,          0
  6988,   162,   19000000,    4464388,        0,  -14535612,          0
  6988,   163,   19000000,    4460527,        0,  -14539473,          0
  6988,   164,   19000000,    4459937,        0,  -14540063,          0
  6988,   165,   19000000,    4494757,        0,  -14505243,          0
  6988,   166,   19000000,    4461768,        0,  -14538232,          0
  6988,   167,   19000000,    4460673,        0,  -14539327,          0
  6988,   168,   19000000,    4459542,        0,  -14540458,          0
  6988,   169,   19000000,    4491450,        0,  -14508550,          0
  6988,   170,   19000000,    4462009,        0,  -14537991,          0
  6988,   171,   19000000,    4462957,        0,  -14537043,          0
  6988,   172,   19000000,    4462797,        0,  -14537203,          0
  6988,   173,   19000000,    4495563,        0,  -14504437,          0
  6988,   174,   19000000,    4464338,        0,  -14535662,          0
  6988,   175,   19000000,    4462977,        0,  -14537023,          0
  6988,   176,   19000000,    4462222,        0,  -14537778,          0
  6988,   177,   19000000,    4494637,        0,  -14505363,          0
  6988,   178,   19000000,    4459064,        0,  -14540936,          0
  6988,   179,   19000000,    4463558,        0,  -14536442,          0
  6988,   180,   19000000,    4463532,        0,  -14536468,          0
  6988,   181,   19000000,    4496777,        0,  -14503223,          0
  6988,   182,   19000000,    4457898,        0,  -14542102,          0
  6988,   183,   19000000,    4460379,        0,  -14539621,          0
  6988,   184,   19000000,    4461786,        0,  -14538214,          0
  6988,   185,   19000000,    4479640,        0,  -14520360,          0
  6988,   186,   19000000,    4462784,        0,  -14537216,          0
  6988,   187,   19000000,    4463828,        0,  -14536172,          0
  6988,   188,   19000000,    4464860,        0,  -14535140,          0
  6988,   189,   19000000,    4494466,        0,  -14505534,          0
  6988,   190,   19000000,    4455663,        0,  -14544337,          0
  6988,   191,   19000000,    4473255,        0,  -14526745,          0
  6988,   192,   19000000,    4463268,        0,  -14536732,          0
  6988,   193,   19000000,    4495000,        0,  -14505000,          0
  6988,   194,   19000000,    4462967,        0,  -14537033,          0
  6988,   195,   19000000,    4741229,        0,  -14258771,          0
  6988,   196,   19000000,    4463563,        0,  -14536437,          0
  6988,   197,   19000000,    4498793,        0,  -14501207,          0
  6988,   198,   19000000,    4462530,        0,  -14537470,          0
  6988,   199,   19000000,    4459897,        0,  -14540103,          0
  6988,   200,   19000000,    4462499,        0,  -14537501,          0
  6988,   201,   19000000,    4493400,        0,  -14506600,          0
  6988,   202,   19000000,    4462899,        0,  -14537101,          0
  6988,   203,   19000000,    4463252,        0,  -14536748,          0
  6988,   204,   19000000,    4457337,        0,  -14542663,          0
  6988,   205,   19000000,    4483351,        0,  -14516649,          0
  6988,   206,   19000000,    4461583,        0,  -14538417,          0
  6988,   207,   19000000,    4460786,        0,  -14539214,          0
  6988,   208,   19000000,    4465896,        0,  -14534104,          0
  6988,   209,   19000000,    4491286,        0,  -14508714,          0
  6988,   210,   19000000,    4459688,        0,  -14540312,          0
  6988,   211,   19000000,    4461400,        0,  -14538600,          0
  6988,   212,   19000000,    4460816,        0,  -14539184,          0
  6988,   213,   19000000,    4497028,        0,  -14502972,          0
  6988,   214,   19000000,    4459795,        0,  -14540205,          0
  6988,   215,   19000000,    4457184,        0,  -14542816,          0
  6988,   216,   19000000,    4461294,        0,  -14538706,          0
  6988,   217,   19000000,    4490912,        0,  -14509088,          0
  6988,   218,   19000000,    4459946,        0,  -14540054,          0
  6988,   219,   19000000,    4460836,        0,  -14539164,          0
  6988,   220,   19000000,    4460380,        0,  -14539620,          0
  6988,   221,   19000000,    4484900,        0,  -14515100,          0
  6988,   222,   19000000,    4461620,        0,  -14538380,          0
  6988,   223,   19000000,    4462428,        0,  -14537572,          0
  6988,   224,   19000000,    4463311,        0,  -14536689,          0
  6988,   225,   19000000,    4483513,        0,  -14516487,          0
  6988,   226,   19000000,    4462965,        0,  -14537035,          0
  6988,   227,   19000000,    4460561,        0,  -14539439,          0
  6988,   228,   19000000,    4728599,        0,  -14271401,          0
  6988,   229,   19000000,    4485205,        0,  -14514795,          0
  6988,   230,   19000000,    4465363,        0,  -14534637,          0
  6988,   231,   19000000,    4463310,        0,  -14536690,          0
  6988,   232,   19000000,    4462263,        0,  -14537737,          0
  6988,   233,   19000000,    4483602,        0,  -14516398,          0
  6988,   234,   19000000,    4488070,        0,  -14511930,          0
  6988,   235,   19000000,    4456590,        0,  -14543410,          0
  6988,   236,   19000000,    4448643,        0,  -14551357,          0
  6988,   237,   19000000,    4455906,        0,  -14544094,          0
  6988,   238,   19000000,    4481829,        0,  -14518171,          0
  6988,   239,   19000000,    4460023,        0,  -14539977,          0
  6988,   240,   19000000,    4454548,        0,  -14545452,          0
  6988,   241,   19000000,    4729889,        0,  -14270111,          0
  6988,   242,   19000000,    4494951,        0,  -14505049,          0
  6988,   243,   19000000,    4462211,        0,  -14537789,          0
  6988,   244,   19000000,    4459363,        0,  -14540637,          0
  6988,   245,   19000000,    4461797,        0,  -14538203,          0
  6988,   246,   19000000,    4479328,        0,  -14520672,          0
  6988,   247,   19000000,    4460054,        0,  -14539946,          0
  6988,   248,   19000000,    4457802,        0,  -14542198,          0
  6988,   249,   19000000,    4456599,        0,  -14543401,          0
  6988,   250,   19000000,    4486881,        0,  -14513119,          0
  6988,   251,   19000000,    4457464,        0,  -14542536,          0
  6988,   252,   19000000,    4459061,        0,  -14540939,          0
  6988,   253,   19000000,    4458600,        0,  -14541400,          0
  6988,   254,   19000000,    4479315,        0,  -14520685,          0
  6988,   255,   19000000,    4456883,        0,  -14543117,          0
  6988,   256,   19000000,    4458114,        0,  -14541886,          0
  6988,   257,   19000000,    4459140,        0,  -14540860,          0
  6988,   258,   19000000,    4485025,        0,  -14514975,          0
  6988,   259,   19000000,    4457671,        0,  -14542329,          0
  6988,   260,   19000000,    4458527,        0,  -14541473,          0
  6988,   261,   19000000,    4449369,        0,  -14550631,          0
  6988,   262,   19000000,    4476996,        0,  -14523004,          0
  6988,   263,   19000000,    4461234,        0,  -14538766,          0
  6988,   264,   19000000,    4462461,        0,  -14537539,          0
  6988,   265,   19000000,    4461662,        0,  -14538338,          0
  6988,   266,   19000000,    4493945,        0,  -14506055,          0
  6988,   267,   19000000,    4464073,        0,  -14535927,          0
  6988,   268,   19000000,    4459400,        0,  -14540600,          0
  6988,   269,   19000000,    4452318,        0,  -14547682,          0
  6988,   270,   19000000,    4487378,        0,  -14512622,          0
  6988,   271,   19000000,    4459408,        0,  -14540592,          0
  6988,   272,   19000000,    4457179,        0,  -14542821,          0
  6988,   273,   19000000,    4460755,        0,  -14539245,          0
  6988,   274,   19000000,    4773576,        0,  -14226424,          0
  6988,   275,   19000000,    4459275,        0,  -14540725,          0
  6988,   276,   19000000,    4460750,        0,  -14539250,          0
  6988,   277,   19000000,    4525085,        0,  -14474915,          0
  6988,   278,   19000000,    4486864,        0,  -14513136,          0
  6988,   279,   19000000,    4461282,        0,  -14538718,          0
  6988,   280,   19000000,    4459658,        0,  -14540342,          0
  6988,   281,   19000000,    4450506,        0,  -14549494,          0
  6988,   282,   19000000,    4486948,        0,  -14513052,          0
  6988,   283,   19000000,    4460876,        0,  -14539124,          0
  6988,   284,   19000000,    4459257,        0,  -14540743,          0
  6988,   285,   19000000,    4460420,        0,  -14539580,          0
  6988,   286,   19000000,    4491157,        0,  -14508843,          0
  6988,   287,   19000000,    4459565,        0,  -14540435,          0
  6988,   288,   19000000,    4458598,        0,  -14541402,          0
  6988,   289,   19000000,    4459955,        0,  -14540045,          0
  6988,   290,   19000000,    4486486,        0,  -14513514,          0
  6988,   291,   19000000,    4464076,        0,  -14535924,          0
  6988,   292,   19000000,    4460020,        0,  -14539980,          0
  6988,   293,   19000000,    4457826,        0,  -14542174,          0
  6988,   294,   19000000,    4490021,        0,  -14509979,          0
  6988,   295,   19000000,    4458194,        0,  -14541806,          0
  6988,   296,   19000000,    4459593,        0,  -14540407,          0
  6988,   297,   19000000,    4456503,        0,  -14543497,          0
  6988,   298,   19000000,    4474394,        0,  -14525606,          0
  6988,   299,   19000000,    4460899,        0,  -14539101,          0
  6988,   300,   19000000,    4459261,        0,  -14540739,          0
  6988,   301,   19000000,    4460313,        0,  -14539687,          0
  6988,   302,   19000000,    4476924,        0,  -14523076,          0
  6988,   303,   19000000,    4463612,        0,  -14536388,          0
  6988,   304,   19000000,    4458818,        0,  -14541182,          0
  6988,   305,   19000000,    4457811,        0,  -14542189,          0
  6988,   306,   19000000,    4482416,        0,  -14517584,          0
  6988,   307,   19000000,    4456750,        0,  -14543250,          0
  6988,   308,   19000000,    4458383,        0,  -14541617,          0
  6988,   309,   19000000,    4463874,        0,  -14536126,          0
  6988,   310,   19000000,    4483033,        0,  -14516967,          0
  6988,   311,   19000000,    4494350,        0,  -14505650,          0
  6988,   312,   19000000,    4464009,        0,  -14535991,          0
  6988,   313,   19000000,    4458818,        0,  -14541182,          0
  6988,   314,   19000000,    4461631,        0,  -14538369,          0
  6988,   315,   19000000,    4483420,        0,  -14516580,          0
  6988,   316,   19000000,    4458926,        0,  -14541074,          0
  6988,   317,   19000000,    4465637,        0,  -14534363,          0
  6988,   318,   19000000,    4495811,        0,  -14504189,          0
  6988,   319,   19000000,    4494188,        0,  -14505812,          0
  6988,   320,   19000000,    4736595,        0,  -14263405,          0
  6988,   321,   19000000,    4463344,        0,  -14536656,          0
  6988,   322,   19000000,    4461008,        0,  -14538992,          0
  6988,   323,   19000000,    4492874,        0,  -14507126,          0
  6988,   324,   19000000,    4465285,        0,  -14534715,          0
  6988,   325,   19000000,    4464359,        0,  -14535641,          0
  6988,   326,   19000000,    4459787,        0,  -14540213,          0
  6988,   327,   19000000,    4482024,        0,  -14517976,          0
  6988,   328,   19000000,    4462319,        0,  -14537681,          0
  6988,   329,   19000000,    4461949,        0,  -14538051,          0
  6988,   330,   19000000,    4462948,        0,  -14537052,          0
  6988,   331,   19000000,    4497434,        0,  -14502566,          0
  6988,   332,   19000000,    4461910,        0,  -14538090,          0
  6988,   333,   19000000,    4462173,        0,  -14537827,          0
  6988,   334,   19000000,    4461801,        0,  -14538199,          0
  6988,   335,   19000000,    4495457,        0,  -14504543,          0
  6988,   336,   19000000,    4461881,        0,  -14538119,          0
  6988,   337,   19000000,    4461708,        0,  -14538292,          0
  6988,   338,   19000000,    4463378,        0,  -14536622,          0
  6988,   339,   19000000,    4486109,        0,  -14513891,          0
  6988,   340,   19000000,    4460614,        0,  -14539386,          0
  6988,   341,   19000000,    4459531,        0,  -14540469,          0
  6988,   342,   19000000,    4462071,        0,  -14537929,          0
  6988,   343,   19000000,    4496627,        0,  -14503373,          0
  6988,   344,   19000000,    4461216,        0,  -14538784,          0
  6988,   345,   19000000,    4460867,        0,  -14539133,          0
  6988,   346,   19000000,    4457326,        0,  -14542674,          0
  6988,   347,   19000000,    4496561,        0,  -14503439,          0
  6988,   348,   19000000,    4463620,        0,  -14536380,          0
  6988,   349,   19000000,    4462786,        0,  -14537214,          0
  6988,   350,   19000000,    4463319,        0,  -14536681,          0
  6988,   351,   19000000,    4482460,        0,  -14517540,          0
  6988,   352,   19000000,    4462518,        0,  -14537482,          0
  6988,   353,   19000000,    4745945,        0,  -14254055,          0
  6988,   354,   19000000,    4464634,        0,  -14535366,          0
  6988,   355,   19000000,    4484397,        0,  -14515603,          0
  6988,   356,   19000000,    4464916,        0,  -14535084,          0
  6988,   357,   19000000,    4463943,        0,  -14536057,          0
  6988,   358,   19000000,    4463680,        0,  -14536320,          0
  6988,   359,   19000000,    4485253,        0,  -14514747,          0
  6988,   360,   19000000,    4462623,        0,  -14537377,          0
  6988,   361,   19000000,    4462743,        0,  -14537257,          0
  6988,   362,   19000000,    4461674,        0,  -14538326,          0
  6988,   363,   19000000,    4486352,        0,  -14513648,          0
  6988,   364,   19000000,    4460221,        0,  -14539779,          0
  6988,   365,   19000000,    4459062,        0,  -14540938,          0
  6988,   366,   19000000,    4740394,        0,  -14259606,          0
  6988,   367,   19000000,    4495711,        0,  -14504289,          0
  6988,   368,   19000000,    4462441,        0,  -14537559,          0
  6988,   369,   19000000,    4463315,        0,  -14536685,          0
  6988,   370,   19000000,    4462178,        0,  -14537822,          0
  6988,   371,   19000000,    4493768,        0,  -14506232,          0
  6988,   372,   19000000,    4461870,        0,  -14538130,          0
  6988,   373,   19000000,    4459739,        0,  -14540261,          0
  6988,   374,   19000000,    4463906,        0,  -14536094,          0
  6988,   375,   19000000,    4481961,        0,  -14518039,          0
  6988,   376,   19000000,    4458827,        0,  -14541173,          0
  6988,   377,   19000000,    4462704,        0,  -14537296,          0
  6988,   378,   19000000,    4462611,        0,  -14537389,          0
  6988,   379,   19000000,    4487103,        0,  -14512897,          0
  6988,   380,   19000000,    4465115,        0,  -14534885,          0
  6988,   381,   19000000,    4463538,        0,  -14536462,          0
  6988,   382,   19000000,    4461112,        0,  -14538888,          0
  6988,   383,   19000000,    4488736,        0,  -14511264,          0
  6988,   384,   19000000,    4461300,        0,  -14538700,          0
  6988,   385,   19000000,    4463425,        0,  -14536575,          0
  6988,   386,   19000000,    4462420,        0,  -14537580,          0
  6988,   387,   19000000,    4488831,        0,  -14511169,          0
  6988,   388,   19000000,    4497844,        0,  -14502156,          0
  6988,   389,   19000000,    4461842,        0,  -14538158,          0
  6988,   390,   19000000,    4458790,        0,  -14541210,          0
  6988,   391,   19000000,    4451290,        0,  -14548710,          0
  6988,   392,   19000000,    4494735,        0,  -14505265,          0
  6988,   393,   19000000,    4461900,        0,  -14538100,          0
  6988,   394,   19000000,    4461441,        0,  -14538559,          0
  6988,   395,   19000000,    4454440,        0,  -14545560,          0
  6988,   396,   19000000,    4493829,        0,  -14506171,          0
  6988,   397,   19000000,    4459262,        0,  -14540738,          0
  6988,   398,   19000000,    4456447,        0,  -14543553,          0
  6988,   399,   19000000,    4738938,        0,  -14261062,          0
  6988,   400,   19000000,    4485207,        0,  -14514793,          0
  6988,   401,   19000000,    4461091,        0,  -14538909,          0
  6988,   402,   19000000,    4460680,        0,  -14539320,          0
  6988,   403,   19000000,    4455723,        0,  -14544277,          0
  6988,   404,   19000000,    4493577,        0,  -14506423,          0
  6988,   405,   19000000,    4458583,        0,  -14541417,          0
  6988,   406,   19000000,    4459547,        0,  -14540453,          0
  6988,   407,   19000000,    4460236,        0,  -14539764,          0
  6988,   408,   19000000,    4482090,        0,  -14517910,          0
  6988,   409,   19000000,    4460933,        0,  -14539067,          0
  6988,   410,   19000000,    4463351,        0,  -14536649,          0
  6988,   411,   19000000,    4460690,        0,  -14539310,          0
  6988,   412,   19000000,    4488710,        0,  -14511290,          0
  6988,   413,   19000000,    4462281,        0,  -14537719,          0
  6988,   414,   19000000,    4461747,        0,  -14538253,          0
  6988,   415,   19000000,    4459914,        0,  -14540086,          0
  6988,   416,   19000000,    4473863,        0,  -14526137,          0
  6988,   417,   19000000,    4460351,        0,  -14539649,          0
  6988,   418,   19000000,    4460346,        0,  -14539654,          0
  6988,   419,   19000000,    4459570,        0,  -14540430,          0
  6988,   420,   19000000,    4485233,        0,  -14514767,          0
  6988,   421,   19000000,    4465664,        0,  -14534336,          0
  6988,   422,   19000000,    4462636,        0,  -14537364,          0
  6988,   423,   19000000,    4463594,        0,  -14536406,          0
  6988,   424,   19000000,    4474235,        0,  -14525765,          0
  6988,   425,   19000000,    4460696,        0,  -14539304,          0
  6988,   426,   19000000,    4457803,        0,  -14542197,          0
  6988,   427,   19000000,    4458953,        0,  -14541047,          0
  6988,   428,   19000000,    4486595,        0,  -14513405,          0
  6988,   429,   19000000,    4461072,        0,  -14538928,          0
  6988,   430,   19000000,    4460867,        0,  -14539133,          0
  6988,   431,   19000000,    4461841,        0,  -14538159,          0
  6988,   432,   19000000,    4536005,        0,  -14463995,          0
  6988,   433,   19000000,    4451952,        0,  -14548048,          0
  6988,   434,   19000000,    4458515,        0,  -14541485,          0
  6988,   435,   19000000,    4456589,        0,  -14543411,          0
  6988,   436,   19000000,    4490975,        0,  -14509025,          0
  6988,   437,   19000000,    4461017,        0,  -14538983,          0
  6988,   438,   19000000,    4459172,        0,  -14540828,          0
  6988,   439,   19000000,    4458560,        0,  -14541440,          0
  6988,   440,   19000000,    4474638,        0,  -14525362,          0
  6988,   441,   19000000,    4461733,        0,  -14538267,          0
  6988,   442,   19000000,    4463643,        0,  -14536357,          0
  6988,   443,   19000000,    4459727,        0,  -14540273,          0
  6988,   444,   19000000,    4489596,        0,  -14510404,          0
  6988,   445,   19000000,    4743777,        0,  -14256223,          0
  6988,   446,   19000000,    4454664,        0,  -14545336,          0
  6988,   447,   19000000,    4463144,        0,  -14536856,          0
  6988,   448,   19000000,    4491970,        0,  -14508030,          0
  6988,   449,   19000000,    4462069,        0,  -14537931,          0
  6988,   450,   19000000,    4463834,        0,  -14536166,          0
  6988,   451,   19000000,    4460388,        0,  -14539612,          0
  6988,   452,   19000000,    4477566,        0,  -14522434,          0
  6988,   453,   19000000,    4461478,        0,  -14538522,          0
  6988,   454,   19000000,    4460856,        0,  -14539144,          0
  6988,   455,   19000000,    4462543,        0,  -14537457,          0
  6988,   456,   19000000,    4483583,        0,  -14516417,          0
  6988,   457,   19000000,    4464036,        0,  -14535964,          0
  6988,   458,   19000000,    4465647,        0,  -14534353,          0
  6988,   459,   19000000,    4463183,        0,  -14536817,          0
  6988,   460,   19000000,    4475895,        0,  -14524105,          0
  6988,   461,   19000000,    4463014,        0,  -14536986,          0
  6988,   462,   19000000,    4457242,        0,  -14542758,          0
  6988,   463,   19000000,    4458296,        0,  -14541704,          0
  6988,   464,   19000000,    4474709,        0,  -14525291,          0
  6988,   465,   19000000,    4492928,        0,  -14507072,          0
  6988,   466,   19000000,    4463353,        0,  -14536647,          0
  6988,   467,   19000000,    4459136,        0,  -14540864,          0
  6988,   468,   19000000,    4462169,        0,  -14537831,          0
  6988,   469,   19000000,    4482668,        0,  -14517332,          0
  6988,   470,   19000000,    4460480,        0,  -14539520,          0
  6988,   471,   19000000,    4462124,        0,  -14537876,          0
  6988,   472,   19000000,    4458681,        0,  -14541319,          0
  6988,   473,   19000000,    4497335,        0,  -14502665,          0
  6988,   474,   19000000,    4459931,        0,  -14540069,          0
  6988,   475,   19000000,    4462882,        0,  -14537118,          0
  6988,   476,   19000000,    4462438,        0,  -14537562,          0
  6988,   477,   19000000,    4481253,        0,  -14518747,          0
  6988,   478,   19000000,    4739259,        0,  -14260741,          0
  6988,   479,   19000000,    4459594,        0,  -14540406,          0
  6988,   480,   19000000,    4460434,        0,  -14539566,          0
  6988,   481,   19000000,    4492993,        0,  -14507007,          0
  6988,   482,   19000000,    4463025,        0,  -14536975,          0
  6988,   483,   19000000,    4461191,        0,  -14538809,          0
  6988,   484,   19000000,    4460847,        0,  -14539153,          0
  6988,   485,   19000000,    4493749,        0,  -14506251,          0
  6988,   486,   19000000,    4463339,        0,  -14536661,          0
  6988,   487,   19000000,    4463476,        0,  -14536524,          0
  6988,   488,   19000000,    4459756,        0,  -14540244,          0
  6988,   489,   19000000,    4492548,        0,  -14507452,          0
  6988,   490,   19000000,    4460695,        0,  -14539305,          0
  6988,   491,   19000000,    4737978,        0,  -14262022,          0
  6988,   492,   19000000,    4455719,        0,  -14544281,          0
  6988,   493,   19000000,    4485399,        0,  -14514601,          0
  6988,   494,   19000000,    4461383,        0,  -14538617,          0
  6988,   495,   19000000,    4460842,        0,  -14539158,          0
  6988,   496,   19000000,    4465234,        0,  -14534766,          0
  6988,   497,   19000000,    4487713,        0,  -14512287,          0
  6988,   498,   19000000,    4462402,        0,  -14537598,          0
  6988,   499,   19000000,    4460491,        0,  -14539509,          0
  6988,   500,   19000000,    4459893,        0,  -14540107,          0
  6988,   501,   19000000,    4495011,        0,  -14504989,          0
  6988,   502,   19000000,    4463008,        0,  -14536992,          0
  6988,   503,   19000000,    4461656,        0,  -14538344,          0
  6988,   504,   19000000,    4461560,        0,  -14538440,          0
  6988,   505,   19000000,    4493800,        0,  -14506200,          0
  6988,   506,   19000000,    4459925,        0,  -14540075,          0
  6988,   507,   19000000,    4462593,        0,  -14537407,          0
  6988,   508,   19000000,    4464213,        0,  -14535787,          0
  6988,   509,   19000000,    4494270,        0,  -14505730,          0
  6988,   510,   19000000,    4462363,        0,  -14537637,          0
  6988,   511,   19000000,    4464622,        0,  -14535378,          0
  6988,   512,   19000000,    4461933,        0,  -14538067,          0
  6988,   513,   19000000,    4500778,        0,  -14499222,          0
  6988,   514,   19000000,    4461061,        0,  -14538939,          0
  6988,   515,   19000000,    4468293,        0,  -14531707,          0
  6988,   516,   19000000,    4459913,        0,  -14540087,          0
  6988,   517,   19000000,    4496995,        0,  -14503005,          0
  6988,   518,   19000000,    4462063,        0,  -14537937,          0
  6988,   519,   19000000,    4462931,        0,  -14537069,          0
  6988,   520,   19000000,    4464043,        0,  -14535957,          0
  6988,   521,   19000000,    4491139,        0,  -14508861,          0
  6988,   522,   19000000,    4459876,        0,  -14540124,          0
  6988,   523,   19000000,    4460754,        0,  -14539246,          0
  6988,   524,   19000000,    4741601,        0,  -14258399,          0
  6988,   525,   19000000,    4495041,        0,  -14504959,          0
  6988,   526,   19000000,    4465117,        0,  -14534883,          0
  6988,   527,   19000000,    4466015,        0,  -14533985,          0
  6988,   528,   19000000,    4461482,        0,  -14538518,          0
  6988,   529,   19000000,    4487540,        0,  -14512460,          0
  6988,   530,   19000000,    4464113,        0,  -14535887,          0
