# Task,   Job,     Period,   Response, DL Miss?,   Lateness,  Tardiness
# task NAME=myapp PID=17581 COST=40399000 PERIOD=52000000 CPU=0
 17581,     2,   52000000,       8747,        0,  -51991253,          0
 17581,     3,   52000000,      51427,        0,  -51948573,          0
 17581,     4,   52000000,   40634112,        0,  -11365888,          0
 17581,     5,   52000000,   40603542,        0,  -11396458,          0
 17581,     6,   52000000,   39910445,        0,  -12089555,          0
 17581,     7,   52000000,   39642371,        0,  -12357629,          0
 17581,     8,   52000000,   40104342,        0,  -11895658,          0
 17581,     9,   52000000,   40425889,        0,  -11574111,          0
 17581,    10,   52000000,   39682547,        0,  -12317453,          0
 17581,    11,   52000000,   39861367,        0,  -12138633,          0
 17581,    12,   52000000,   39601564,        0,  -12398436,          0
 17581,    13,   52000000,   39938456,        0,  -12061544,          0
 17581,    14,   52000000,   39704007,        0,  -12295993,          0
 17581,    15,   52000000,   39675612,        0,  -12324388,          0
 17581,    16,   52000000,   39745183,        0,  -12254817,          0
 17581,    17,   52000000,   39683917,        0,  -12316083,          0
 17581,    18,   52000000,   39888136,        0,  -12111864,          0
 17581,    19,   52000000,   39766039,        0,  -12233961,          0
 17581,    20,   52000000,   40107217,        0,  -11892783,          0
 17581,    21,   52000000,   39728319,        0,  -12271681,          0
 17581,    22,   52000000,   42979117,        0,   -9020883,          0
 17581,    23,   52000000,   42190589,        0,   -9809411,          0
 17581,    24,   52000000,   39730125,        0,  -12269875,          0
 17581,    25,   52000000,   39855350,        0,  -12144650,          0
 17581,    26,   52000000,   39766278,        0,  -12233722,          0
 17581,    27,   52000000,   39582398,        0,  -12417602,          0
 17581,    28,   52000000,   39561591,        0,  -12438409,          0
 17581,    29,   52000000,   40066678,        0,  -11933322,          0
 17581,    30,   52000000,   39852016,        0,  -12147984,          0
 17581,    31,   52000000,   39609112,        0,  -12390888,          0
 17581,    32,   52000000,   39906570,        0,  -12093430,          0
 17581,    33,   52000000,   40874997,        0,  -11125003,          0
 17581,    34,   52000000,   39611171,        0,  -12388829,          0
 17581,    35,   52000000,   40028151,        0,  -11971849,          0
 17581,    36,   52000000,   39566412,        0,  -12433588,          0
 17581,    37,   52000000,   39850914,        0,  -12149086,          0
 17581,    38,   52000000,   39552438,        0,  -12447562,          0
 17581,    39,   52000000,   42654849,        0,   -9345151,          0
 17581,    40,   52000000,   39792244,        0,  -12207756,          0
 17581,    41,   52000000,   39623843,        0,  -12376157,          0
 17581,    42,   52000000,   39874831,        0,  -12125169,          0
 17581,    43,   52000000,   39584207,        0,  -12415793,          0
 17581,    44,   52000000,   39948914,        0,  -12051086,          0
 17581,    45,   52000000,   39760229,        0,  -12239771,          0
 17581,    46,   52000000,   39764390,        0,  -12235610,          0
 17581,    47,   52000000,   39874602,        0,  -12125398,          0
 17581,    48,   52000000,   39620081,        0,  -12379919,          0
 17581,    49,   52000000,   39861296,        0,  -12138704,          0
 17581,    50,   52000000,   39938205,        0,  -12061795,          0
 17581,    51,   52000000,   39763886,        0,  -12236114,          0
 17581,    52,   52000000,   39662117,        0,  -12337883,          0
 17581,    53,   52000000,   39802661,        0,  -12197339,          0
 17581,    54,   52000000,   40014531,        0,  -11985469,          0
 17581,    55,   52000000,   39668282,        0,  -12331718,          0
 17581,    56,   52000000,   39999558,        0,  -12000442,          0
 17581,    57,   52000000,   39569266,        0,  -12430734,          0
 17581,    58,   52000000,   39573250,        0,  -12426750,          0
 17581,    59,   52000000,   39893577,        0,  -12106423,          0
 17581,    60,   52000000,   39633386,        0,  -12366614,          0
 17581,    61,   52000000,   39914387,        0,  -12085613,          0
 17581,    62,   52000000,   39563770,        0,  -12436230,          0
 17581,    63,   52000000,   41593536,        0,  -10406464,          0
 17581,    64,   52000000,   40714650,        0,  -11285350,          0
 17581,    65,   52000000,   39831319,        0,  -12168681,          0
 17581,    66,   52000000,   39981828,        0,  -12018172,          0
 17581,    67,   52000000,   39578596,        0,  -12421404,          0
 17581,    68,   52000000,   39846114,        0,  -12153886,          0
 17581,    69,   52000000,   39644215,        0,  -12355785,          0
 17581,    70,   52000000,   39594406,        0,  -12405594,          0
 17581,    71,   52000000,   39850125,        0,  -12149875,          0
 17581,    72,   52000000,   39567344,        0,  -12432656,          0
 17581,    73,   52000000,   39979644,        0,  -12020356,          0
 17581,    74,   52000000,   39576032,        0,  -12423968,          0
 17581,    75,   52000000,   39598951,        0,  -12401049,          0
 17581,    76,   52000000,   39699560,        0,  -12300440,          0
 17581,    77,   52000000,   40429855,        0,  -11570145,          0
 17581,    78,   52000000,   39892629,        0,  -12107371,          0
 17581,    79,   52000000,   39615079,        0,  -12384921,          0
 17581,    80,   52000000,   40805392,        0,  -11194608,          0
 17581,    81,   52000000,   39577664,        0,  -12422336,          0
 17581,    82,   52000000,   39769854,        0,  -12230146,          0
 17581,    83,   52000000,   39936248,        0,  -12063752,          0
 17581,    84,   52000000,   39560908,        0,  -12439092,          0
 17581,    85,   52000000,   39866642,        0,  -12133358,          0
 17581,    86,   52000000,   39676780,        0,  -12323220,          0
 17581,    87,   52000000,   39570051,        0,  -12429949,          0
 17581,    88,   52000000,   39629613,        0,  -12370387,          0
 17581,    89,   52000000,   39738250,        0,  -12261750,          0
 17581,    90,   52000000,   40606330,        0,  -11393670,          0
 17581,    91,   52000000,   39772444,        0,  -12227556,          0
 17581,    92,   52000000,   39613708,        0,  -12386292,          0
 17581,    93,   52000000,   39594681,        0,  -12405319,          0
 17581,    94,   52000000,   39575955,        0,  -12424045,          0
 17581,    95,   52000000,   39884406,        0,  -12115594,          0
 17581,    96,   52000000,   39575876,        0,  -12424124,          0
 17581,    97,   52000000,   40066146,        0,  -11933854,          0
 17581,    98,   52000000,   39752563,        0,  -12247437,          0
 17581,    99,   52000000,   40284313,        0,  -11715687,          0
 17581,   100,   52000000,   41927484,        0,  -10072516,          0
 17581,   101,   52000000,   39579811,        0,  -12420189,          0
 17581,   102,   52000000,   39864036,        0,  -12135964,          0
 17581,   103,   52000000,   39671249,        0,  -12328751,          0
 17581,   104,   52000000,   40997117,        0,  -11002883,          0
 17581,   105,   52000000,   39617521,        0,  -12382479,          0
 17581,   106,   52000000,   39756718,        0,  -12243282,          0
 17581,   107,   52000000,   41124295,        0,  -10875705,          0
 17581,   108,   52000000,   39657054,        0,  -12342946,          0
 17581,   109,   52000000,   39911232,        0,  -12088768,          0
 17581,   110,   52000000,   39838455,        0,  -12161545,          0
 17581,   111,   52000000,   39734242,        0,  -12265758,          0
 17581,   112,   52000000,   39972294,        0,  -12027706,          0
 17581,   113,   52000000,   40334107,        0,  -11665893,          0
 17581,   114,   52000000,   39882664,        0,  -12117336,          0
 17581,   115,   52000000,   39758976,        0,  -12241024,          0
 17581,   116,   52000000,   39603666,        0,  -12396334,          0
 17581,   117,   52000000,   41557107,        0,  -10442893,          0
 17581,   118,   52000000,   39640246,        0,  -12359754,          0
 17581,   119,   52000000,   39870048,        0,  -12129952,          0
 17581,   120,   52000000,   42814704,        0,   -9185296,          0
 17581,   121,   52000000,   40129757,        0,  -11870243,          0
 17581,   122,   52000000,   39551666,        0,  -12448334,          0
 17581,   123,   52000000,   40517963,        0,  -11482037,          0
 17581,   124,   52000000,   39886534,        0,  -12113466,          0
 17581,   125,   52000000,   39729083,        0,  -12270917,          0
 17581,   126,   52000000,   41020958,        0,  -10979042,          0
 17581,   127,   52000000,   39567048,        0,  -12432952,          0
 17581,   128,   52000000,   39560018,        0,  -12439982,          0
 17581,   129,   52000000,   39634089,        0,  -12365911,          0
 17581,   130,   52000000,   39599393,        0,  -12400607,          0
 17581,   131,   52000000,   39828970,        0,  -12171030,          0
 17581,   132,   52000000,   39593134,        0,  -12406866,          0
 17581,   133,   52000000,   40011126,        0,  -11988874,          0
 17581,   134,   52000000,   39567807,        0,  -12432193,          0
 17581,   135,   52000000,   39572515,        0,  -12427485,          0
 17581,   136,   52000000,   41089548,        0,  -10910452,          0
 17581,   137,   52000000,   39633683,        0,  -12366317,          0
 17581,   138,   52000000,   39893973,        0,  -12106027,          0
 17581,   139,   52000000,   39586821,        0,  -12413179,          0
 17581,   140,   52000000,   39623527,        0,  -12376473,          0
 17581,   141,   52000000,   39582632,        0,  -12417368,          0
 17581,   142,   52000000,   39589327,        0,  -12410673,          0
 17581,   143,   52000000,   40081611,        0,  -11918389,          0
 17581,   144,   52000000,   42220983,        0,   -9779017,          0
 17581,   145,   52000000,   39852096,        0,  -12147904,          0
 17581,   146,   52000000,   39592493,        0,  -12407507,          0
 17581,   147,   52000000,   39735563,        0,  -12264437,          0
 17581,   148,   52000000,   40034296,        0,  -11965704,          0
 17581,   149,   52000000,   39683506,        0,  -12316494,          0
 17581,   150,   52000000,   41223251,        0,  -10776749,          0
 17581,   151,   52000000,   39591615,        0,  -12408385,          0
 17581,   152,   52000000,   39554870,        0,  -12445130,          0
 17581,   153,   52000000,   39689989,        0,  -12310011,          0
 17581,   154,   52000000,   40412181,        0,  -11587819,          0
 17581,   155,   52000000,   40054995,        0,  -11945005,          0
 17581,   156,   52000000,   39797091,        0,  -12202909,          0
 17581,   157,   52000000,   40762278,        0,  -11237722,          0
 17581,   158,   52000000,   39721782,        0,  -12278218,          0
 17581,   159,   52000000,   39616202,        0,  -12383798,          0
 17581,   160,   52000000,   39885405,        0,  -12114595,          0
 17581,   161,   52000000,   39585492,        0,  -12414508,          0
 17581,   162,   52000000,   39894185,        0,  -12105815,          0
 17581,   163,   52000000,   39587442,        0,  -12412558,          0
 17581,   164,   52000000,   40648326,        0,  -11351674,          0
 17581,   165,   52000000,   39580042,        0,  -12419958,          0
 17581,   166,   52000000,   39765557,        0,  -12234443,          0
 17581,   167,   52000000,   40557773,        0,  -11442227,          0
 17581,   168,   52000000,   39668088,        0,  -12331912,          0
 17581,   169,   52000000,   39873430,        0,  -12126570,          0
 17581,   170,   52000000,   39592235,        0,  -12407765,          0
 17581,   171,   52000000,   39586468,        0,  -12413532,          0
 17581,   172,   52000000,   40024995,        0,  -11975005,          0
 17581,   173,   52000000,   39570323,        0,  -12429677,          0
 17581,   174,   52000000,   40836079,        0,  -11163921,          0
 17581,   175,   52000000,   39578161,        0,  -12421839,          0
 17581,   176,   52000000,   39713499,        0,  -12286501,          0
 17581,   177,   52000000,   39630472,        0,  -12369528,          0
 17581,   178,   52000000,   40631201,        0,  -11368799,          0
 17581,   179,   52000000,   39875970,        0,  -12124030,          0
 17581,   180,   52000000,   40974130,        0,  -11025870,          0
 17581,   181,   52000000,   40413272,        0,  -11586728,          0
 17581,   182,   52000000,   39595657,        0,  -12404343,          0
 17581,   183,   52000000,   39568549,        0,  -12431451,          0
 17581,   184,   52000000,   39844270,        0,  -12155730,          0
 17581,   185,   52000000,   39895280,        0,  -12104720,          0
 17581,   186,   52000000,   39858569,        0,  -12141431,          0
 17581,   187,   52000000,   40111311,        0,  -11888689,          0
 17581,   188,   52000000,   39879853,        0,  -12120147,          0
 17581,   189,   52000000,   39780077,        0,  -12219923,          0
 17581,   190,   52000000,   39586496,        0,  -12413504,          0
 17581,   191,   52000000,   39914270,        0,  -12085730,          0
 17581,   192,   52000000,   39974155,        0,  -12025845,          0
 17581,   193,   52000000,   40039872,        0,  -11960128,          0
 17581,   194,   52000000,   40654486,        0,  -11345514,          0
 17581,   195,   52000000,   39581231,        0,  -12418769,          0
 17581,   196,   52000000,   39874888,        0,  -12125112,          0
# task NAME=myapp PID=17585 COST=33098000 PERIOD=38000000 CPU=0
 17585,     2,   38000000,       8571,        0,  -37991429,          0
 17585,     3,   38000000,      32478,        0,  -37967522,          0
 17585,     4,   38000000,   33858925,        0,   -4141075,          0
 17585,     5,   38000000,   32813669,        0,   -5186331,          0
 17585,     6,   38000000,   32439205,        0,   -5560795,          0
 17585,     7,   38000000,   32726633,        0,   -5273367,          0
 17585,     8,   38000000,   32467380,        0,   -5532620,          0
 17585,     9,   38000000,   32431547,        0,   -5568453,          0
 17585,    10,   38000000,   32706478,        0,   -5293522,          0
 17585,    11,   38000000,   32534338,        0,   -5465662,          0
 17585,    12,   38000000,   32481322,        0,   -5518678,          0
 17585,    13,   38000000,   32955423,        0,   -5044577,          0
 17585,    14,   38000000,   32703760,        0,   -5296240,          0
 17585,    15,   38000000,   32480687,        0,   -5519313,          0
 17585,    16,   38000000,   32443172,        0,   -5556828,          0
 17585,    17,   38000000,   32788521,        0,   -5211479,          0
 17585,    18,   38000000,   32519975,        0,   -5480025,          0
 17585,    19,   38000000,   32627981,        0,   -5372019,          0
 17585,    20,   38000000,   32832667,        0,   -5167333,          0
 17585,    21,   38000000,   32552274,        0,   -5447726,          0
 17585,    22,   38000000,   32440164,        0,   -5559836,          0
 17585,    23,   38000000,   32552960,        0,   -5447040,          0
 17585,    24,   38000000,   32436951,        0,   -5563049,          0
 17585,    25,   38000000,   32411898,        0,   -5588102,          0
 17585,    26,   38000000,   32597085,        0,   -5402915,          0
 17585,    27,   38000000,   33121403,        0,   -4878597,          0
 17585,    28,   38000000,   32435450,        0,   -5564550,          0
 17585,    29,   38000000,   32444909,        0,   -5555091,          0
 17585,    30,   38000000,   32731300,        0,   -5268700,          0
 17585,    31,   38000000,   32916450,        0,   -5083550,          0
 17585,    32,   38000000,   32435783,        0,   -5564217,          0
 17585,    33,   38000000,   32780249,        0,   -5219751,          0
 17585,    34,   38000000,   32497308,        0,   -5502692,          0
 17585,    35,   38000000,   34378196,        0,   -3621804,          0
 17585,    36,   38000000,   32390605,        0,   -5609395,          0
 17585,    37,   38000000,   32789058,        0,   -5210942,          0
 17585,    38,   38000000,   32458630,        0,   -5541370,          0
 17585,    39,   38000000,   32499512,        0,   -5500488,          0
 17585,    40,   38000000,   32976553,        0,   -5023447,          0
 17585,    41,   38000000,   32621862,        0,   -5378138,          0
 17585,    42,   38000000,   33628641,        0,   -4371359,          0
 17585,    43,   38000000,   32703071,        0,   -5296929,          0
 17585,    44,   38000000,   32526601,        0,   -5473399,          0
 17585,    45,   38000000,   33046272,        0,   -4953728,          0
 17585,    46,   38000000,   35662250,        0,   -2337750,          0
 17585,    47,   38000000,   32473211,        0,   -5526789,          0
 17585,    48,   38000000,   32441297,        0,   -5558703,          0
 17585,    49,   38000000,   32425149,        0,   -5574851,          0
 17585,    50,   38000000,   32712387,        0,   -5287613,          0
 17585,    51,   38000000,   32426679,        0,   -5573321,          0
 17585,    52,   38000000,   32451053,        0,   -5548947,          0
 17585,    53,   38000000,   32706916,        0,   -5293084,          0
 17585,    54,   38000000,   32471389,        0,   -5528611,          0
 17585,    55,   38000000,   32440129,        0,   -5559871,          0
 17585,    56,   38000000,   32724458,        0,   -5275542,          0
 17585,    57,   38000000,   32563468,        0,   -5436532,          0
 17585,    58,   38000000,   32582341,        0,   -5417659,          0
 17585,    59,   38000000,   32477811,        0,   -5522189,          0
 17585,    60,   38000000,   32821393,        0,   -5178607,          0
 17585,    61,   38000000,   33304908,        0,   -4695092,          0
 17585,    62,   38000000,   33408712,        0,   -4591288,          0
 17585,    63,   38000000,   32721813,        0,   -5278187,          0
 17585,    64,   38000000,   34117923,        0,   -3882077,          0
 17585,    65,   38000000,   32434107,        0,   -5565893,          0
 17585,    66,   38000000,   32712309,        0,   -5287691,          0
 17585,    67,   38000000,   32411770,        0,   -5588230,          0
 17585,    68,   38000000,   32392246,        0,   -5607754,          0
 17585,    69,   38000000,   32415132,        0,   -5584868,          0
 17585,    70,   38000000,   33241094,        0,   -4758906,          0
 17585,    71,   38000000,   32500094,        0,   -5499906,          0
 17585,    72,   38000000,   32437939,        0,   -5562061,          0
 17585,    73,   38000000,   32712895,        0,   -5287105,          0
 17585,    74,   38000000,   32531226,        0,   -5468774,          0
 17585,    75,   38000000,   32401473,        0,   -5598527,          0
 17585,    76,   38000000,   32749368,        0,   -5250632,          0
 17585,    77,   38000000,   32442252,        0,   -5557748,          0
 17585,    78,   38000000,   32423506,        0,   -5576494,          0
 17585,    79,   38000000,   33036913,        0,   -4963087,          0
 17585,    80,   38000000,   32447102,        0,   -5552898,          0
 17585,    81,   38000000,   33849597,        0,   -4150403,          0
 17585,    82,   38000000,   32418985,        0,   -5581015,          0
 17585,    83,   38000000,   32729017,        0,   -5270983,          0
 17585,    84,   38000000,   32446523,        0,   -5553477,          0
 17585,    85,   38000000,   32462008,        0,   -5537992,          0
 17585,    86,   38000000,   32713072,        0,   -5286928,          0
 17585,    87,   38000000,   33476282,        0,   -4523718,          0
 17585,    88,   38000000,   32440166,        0,   -5559834,          0
 17585,    89,   38000000,   32902748,        0,   -5097252,          0
 17585,    90,   38000000,   32568223,        0,   -5431777,          0
 17585,    91,   38000000,   32932130,        0,   -5067870,          0
 17585,    92,   38000000,   32488548,        0,   -5511452,          0
 17585,    93,   38000000,   33610566,        0,   -4389434,          0
 17585,    94,   38000000,   32455845,        0,   -5544155,          0
 17585,    95,   38000000,   32583951,        0,   -5416049,          0
 17585,    96,   38000000,   32677553,        0,   -5322447,          0
 17585,    97,   38000000,   32548975,        0,   -5451025,          0
 17585,    98,   38000000,   32421194,        0,   -5578806,          0
 17585,    99,   38000000,   32775218,        0,   -5224782,          0
 17585,   100,   38000000,   33357367,        0,   -4642633,          0
 17585,   101,   38000000,   32641988,        0,   -5358012,          0
 17585,   102,   38000000,   32691385,        0,   -5308615,          0
 17585,   103,   38000000,   32422786,        0,   -5577214,          0
 17585,   104,   38000000,   32420471,        0,   -5579529,          0
 17585,   105,   38000000,   32790864,        0,   -5209136,          0
 17585,   106,   38000000,   32722809,        0,   -5277191,          0
 17585,   107,   38000000,   32490295,        0,   -5509705,          0
 17585,   108,   38000000,   33336946,        0,   -4663054,          0
 17585,   109,   38000000,   32894322,        0,   -5105678,          0
 17585,   110,   38000000,   32454902,        0,   -5545098,          0
 17585,   111,   38000000,   32492657,        0,   -5507343,          0
 17585,   112,   38000000,   32726376,        0,   -5273624,          0
 17585,   113,   38000000,   33602699,        0,   -4397301,          0
 17585,   114,   38000000,   32494514,        0,   -5505486,          0
 17585,   115,   38000000,   32418414,        0,   -5581586,          0
 17585,   116,   38000000,   32742663,        0,   -5257337,          0
 17585,   117,   38000000,   32446759,        0,   -5553241,          0
 17585,   118,   38000000,   32420032,        0,   -5579968,          0
 17585,   119,   38000000,   32857442,        0,   -5142558,          0
 17585,   120,   38000000,   32662401,        0,   -5337599,          0
 17585,   121,   38000000,   32409389,        0,   -5590611,          0
 17585,   122,   38000000,   33911419,        0,   -4088581,          0
 17585,   123,   38000000,   32534269,        0,   -5465731,          0
 17585,   124,   38000000,   32934986,        0,   -5065014,          0
 17585,   125,   38000000,   32434284,        0,   -5565716,          0
 17585,   126,   38000000,   32461393,        0,   -5538607,          0
 17585,   127,   38000000,   32493212,        0,   -5506788,          0
 17585,   128,   38000000,   32473937,        0,   -5526063,          0
 17585,   129,   38000000,   32751203,        0,   -5248797,          0
 17585,   130,   38000000,   32468502,        0,   -5531498,          0
 17585,   131,   38000000,   32624146,        0,   -5375854,          0
 17585,   132,   38000000,   33859422,        0,   -4140578,          0
 17585,   133,   38000000,   32422544,        0,   -5577456,          0
 17585,   134,   38000000,   32475002,        0,   -5524998,          0
 17585,   135,   38000000,   32683583,        0,   -5316417,          0
 17585,   136,   38000000,   32696073,        0,   -5303927,          0
 17585,   137,   38000000,   32415050,        0,   -5584950,          0
 17585,   138,   38000000,   32457666,        0,   -5542334,          0
 17585,   139,   38000000,   32718009,        0,   -5281991,          0
 17585,   140,   38000000,   32468059,        0,   -5531941,          0
 17585,   141,   38000000,   32414065,        0,   -5585935,          0
 17585,   142,   38000000,   33846274,        0,   -4153726,          0
 17585,   143,   38000000,   32443559,        0,   -5556441,          0
 17585,   144,   38000000,   32784289,        0,   -5215711,          0
 17585,   145,   38000000,   32863030,        0,   -5136970,          0
 17585,   146,   38000000,   32430949,        0,   -5569051,          0
 17585,   147,   38000000,   33898694,        0,   -4101306,          0
 17585,   148,   38000000,   32406023,        0,   -5593977,          0
 17585,   149,   38000000,   32520519,        0,   -5479481,          0
 17585,   150,   38000000,   32420534,        0,   -5579466,          0
 17585,   151,   38000000,   32730799,        0,   -5269201,          0
 17585,   152,   38000000,   32727218,        0,   -5272782,          0
 17585,   153,   38000000,   32598561,        0,   -5401439,          0
 17585,   154,   38000000,   32406620,        0,   -5593380,          0
 17585,   155,   38000000,   33412019,        0,   -4587981,          0
 17585,   156,   38000000,   32414012,        0,   -5585988,          0
 17585,   157,   38000000,   32587042,        0,   -5412958,          0
 17585,   158,   38000000,   32718350,        0,   -5281650,          0
 17585,   159,   38000000,   32612146,        0,   -5387854,          0
 17585,   160,   38000000,   32415775,        0,   -5584225,          0
 17585,   161,   38000000,   33121132,        0,   -4878868,          0
 17585,   162,   38000000,   32702020,        0,   -5297980,          0
 17585,   163,   38000000,   32479953,        0,   -5520047,          0
 17585,   164,   38000000,   32656444,        0,   -5343556,          0
 17585,   165,   38000000,   32680846,        0,   -5319154,          0
 17585,   166,   38000000,   32425667,        0,   -5574333,          0
 17585,   167,   38000000,   32412466,        0,   -5587534,          0
 17585,   168,   38000000,   32705000,        0,   -5295000,          0
 17585,   169,   38000000,   33156291,        0,   -4843709,          0
 17585,   170,   38000000,   32465658,        0,   -5534342,          0
 17585,   171,   38000000,   32421153,        0,   -5578847,          0
 17585,   172,   38000000,   32402667,        0,   -5597333,          0
 17585,   173,   38000000,   32416031,        0,   -5583969,          0
 17585,   174,   38000000,   32559459,        0,   -5440541,          0
 17585,   175,   38000000,   32699718,        0,   -5300282,          0
 17585,   176,   38000000,   32642061,        0,   -5357939,          0
 17585,   177,   38000000,   33012852,        0,   -4987148,          0
 17585,   178,   38000000,   32685648,        0,   -5314352,          0
 17585,   179,   38000000,   32392485,        0,   -5607515,          0
 17585,   180,   38000000,   32439446,        0,   -5560554,          0
 17585,   181,   38000000,   32860983,        0,   -5139017,          0
 17585,   182,   38000000,   32442530,        0,   -5557470,          0
 17585,   183,   38000000,   32812582,        0,   -5187418,          0
 17585,   184,   38000000,   32592061,        0,   -5407939,          0
 17585,   185,   38000000,   32719668,        0,   -5280332,          0
 17585,   186,   38000000,   32489873,        0,   -5510127,          0
 17585,   187,   38000000,   32535720,        0,   -5464280,          0
 17585,   188,   38000000,   34103381,        0,   -3896619,          0
 17585,   189,   38000000,   32457052,        0,   -5542948,          0
 17585,   190,   38000000,   32780260,        0,   -5219740,          0
 17585,   191,   38000000,   32716040,        0,   -5283960,          0
 17585,   192,   38000000,   32448624,        0,   -5551376,          0
 17585,   193,   38000000,   32452840,        0,   -5547160,          0
 17585,   194,   38000000,   32443270,        0,   -5556730,          0
 17585,   195,   38000000,   32432416,        0,   -5567584,          0
 17585,   196,   38000000,   32699470,        0,   -5300530,          0
 17585,   197,   38000000,   32418511,        0,   -5581489,          0
 17585,   198,   38000000,   32777301,        0,   -5222699,          0
 17585,   199,   38000000,   32550882,        0,   -5449118,          0
 17585,   200,   38000000,   32517934,        0,   -5482066,          0
 17585,   201,   38000000,   32692311,        0,   -5307689,          0
 17585,   202,   38000000,   33445367,        0,   -4554633,          0
 17585,   203,   38000000,   32581350,        0,   -5418650,          0
 17585,   204,   38000000,   32797727,        0,   -5202273,          0
 17585,   205,   38000000,   32407139,        0,   -5592861,          0
 17585,   206,   38000000,   32800428,        0,   -5199572,          0
 17585,   207,   38000000,   32443802,        0,   -5556198,          0
 17585,   208,   38000000,   32702983,        0,   -5297017,          0
 17585,   209,   38000000,   32432664,        0,   -5567336,          0
 17585,   210,   38000000,   32551069,        0,   -5448931,          0
 17585,   211,   38000000,   32719603,        0,   -5280397,          0
 17585,   212,   38000000,   32531342,        0,   -5468658,          0
 17585,   213,   38000000,   32432243,        0,   -5567757,          0
 17585,   214,   38000000,   33206823,        0,   -4793177,          0
 17585,   215,   38000000,   32412595,        0,   -5587405,          0
 17585,   216,   38000000,   32504800,        0,   -5495200,          0
 17585,   217,   38000000,   32448432,        0,   -5551568,          0
 17585,   218,   38000000,   33375861,        0,   -4624139,          0
 17585,   219,   38000000,   32552832,        0,   -5447168,          0
 17585,   220,   38000000,   32589156,        0,   -5410844,          0
 17585,   221,   38000000,   32708612,        0,   -5291388,          0
 17585,   222,   38000000,   33218291,        0,   -4781709,          0
 17585,   223,   38000000,   32407510,        0,   -5592490,          0
 17585,   224,   38000000,   32705299,        0,   -5294701,          0
 17585,   225,   38000000,   34466244,        0,   -3533756,          0
 17585,   226,   38000000,   32403721,        0,   -5596279,          0
 17585,   227,   38000000,   32832232,        0,   -5167768,          0
 17585,   228,   38000000,   32539044,        0,   -5460956,          0
 17585,   229,   38000000,   33489058,        0,   -4510942,          0
 17585,   230,   38000000,   32556454,        0,   -5443546,          0
 17585,   231,   38000000,   33913026,        0,   -4086974,          0
 17585,   232,   38000000,   32432714,        0,   -5567286,          0
 17585,   233,   38000000,   33481934,        0,   -4518066,          0
 17585,   234,   38000000,   32731620,        0,   -5268380,          0
 17585,   235,   38000000,   32419187,        0,   -5580813,          0
 17585,   236,   38000000,   32480192,        0,   -5519808,          0
 17585,   237,   38000000,   33695790,        0,   -4304210,          0
 17585,   238,   38000000,   32533571,        0,   -5466429,          0
 17585,   239,   38000000,   32508794,        0,   -5491206,          0
 17585,   240,   38000000,   32446182,        0,   -5553818,          0
 17585,   241,   38000000,   32732184,        0,   -5267816,          0
 17585,   242,   38000000,   32652114,        0,   -5347886,          0
 17585,   243,   38000000,   32481474,        0,   -5518526,          0
 17585,   244,   38000000,   32727339,        0,   -5272661,          0
 17585,   245,   38000000,   32480189,        0,   -5519811,          0
 17585,   246,   38000000,   32409580,        0,   -5590420,          0
 17585,   247,   38000000,   33381381,        0,   -4618619,          0
 17585,   248,   38000000,   32637084,        0,   -5362916,          0
 17585,   249,   38000000,   32514457,        0,   -5485543,          0
 17585,   250,   38000000,   32636517,        0,   -5363483,          0
 17585,   251,   38000000,   34982783,        0,   -3017217,          0
 17585,   252,   38000000,   32412886,        0,   -5587114,          0
 17585,   253,   38000000,   32643016,        0,   -5356984,          0
 17585,   254,   38000000,   32983817,        0,   -5016183,          0
 17585,   255,   38000000,   32541686,        0,   -5458314,          0
 17585,   256,   38000000,   32542414,        0,   -5457586,          0
 17585,   257,   38000000,   32690634,        0,   -5309366,          0
 17585,   258,   38000000,   32415165,        0,   -5584835,          0
 17585,   259,   38000000,   34922571,        0,   -3077429,          0
 17585,   260,   38000000,   32791903,        0,   -5208097,          0
 17585,   261,   38000000,   32511937,        0,   -5488063,          0
 17585,   262,   38000000,   32526558,        0,   -5473442,          0
 17585,   263,   38000000,   32451532,        0,   -5548468,          0
 17585,   264,   38000000,   33660161,        0,   -4339839,          0
 17585,   265,   38000000,   32462861,        0,   -5537139,          0
 17585,   266,   38000000,   33166570,        0,   -4833430,          0
 17585,   267,   38000000,   32879473,        0,   -5120527,          0
# task NAME=myapp PID=17589 COST=49979000 PERIOD=60000000 CPU=0
 17589,     2,   60000000,       8921,        0,  -59991079,          0
 17589,     3,   60000000,      47896,        0,  -59952104,          0
 17589,     4,   60000000,   50017209,        0,   -9982791,          0
 17589,     5,   60000000,   49413095,        0,  -10586905,          0
 17589,     6,   60000000,   50346668,        0,   -9653332,          0
 17589,     7,   60000000,   49195144,        0,  -10804856,          0
 17589,     8,   60000000,   48995383,        0,  -11004617,          0
 17589,     9,   60000000,   48963348,        0,  -11036652,          0
 17589,    10,   60000000,   48970188,        0,  -11029812,          0
 17589,    11,   60000000,   48944969,        0,  -11055031,          0
 17589,    12,   60000000,   49699467,        0,  -10300533,          0
 17589,    13,   60000000,   49861705,        0,  -10138295,          0
 17589,    14,   60000000,   49246861,        0,  -10753139,          0
 17589,    15,   60000000,   48943449,        0,  -11056551,          0
 17589,    16,   60000000,   49451208,        0,  -10548792,          0
 17589,    17,   60000000,   49599852,        0,  -10400148,          0
 17589,    18,   60000000,   49808759,        0,  -10191241,          0
 17589,    19,   60000000,   48942132,        0,  -11057868,          0
 17589,    20,   60000000,   49259945,        0,  -10740055,          0
 17589,    21,   60000000,   49354756,        0,  -10645244,          0
 17589,    22,   60000000,   49321129,        0,  -10678871,          0
 17589,    23,   60000000,   49271228,        0,  -10728772,          0
 17589,    24,   60000000,   49634346,        0,  -10365654,          0
 17589,    25,   60000000,   49108157,        0,  -10891843,          0
 17589,    26,   60000000,   49440439,        0,  -10559561,          0
 17589,    27,   60000000,   48957993,        0,  -11042007,          0
 17589,    28,   60000000,   49462912,        0,  -10537088,          0
 17589,    29,   60000000,   50138545,        0,   -9861455,          0
 17589,    30,   60000000,   48964846,        0,  -11035154,          0
 17589,    31,   60000000,   49153043,        0,  -10846957,          0
 17589,    32,   60000000,   49155201,        0,  -10844799,          0
 17589,    33,   60000000,   48985346,        0,  -11014654,          0
 17589,    34,   60000000,   48979493,        0,  -11020507,          0
 17589,    35,   60000000,   50020482,        0,   -9979518,          0
 17589,    36,   60000000,   49135145,        0,  -10864855,          0
 17589,    37,   60000000,   50219434,        0,   -9780566,          0
 17589,    38,   60000000,   50987098,        0,   -9012902,          0
 17589,    39,   60000000,   49249718,        0,  -10750282,          0
 17589,    40,   60000000,   48987016,        0,  -11012984,          0
 17589,    41,   60000000,   49495423,        0,  -10504577,          0
 17589,    42,   60000000,   49455832,        0,  -10544168,          0
 17589,    43,   60000000,   49577240,        0,  -10422760,          0
 17589,    44,   60000000,   49085207,        0,  -10914793,          0
 17589,    45,   60000000,   49250344,        0,  -10749656,          0
 17589,    46,   60000000,   49202304,        0,  -10797696,          0
 17589,    47,   60000000,   49265521,        0,  -10734479,          0
 17589,    48,   60000000,   49888825,        0,  -10111175,          0
 17589,    49,   60000000,   49270457,        0,  -10729543,          0
 17589,    50,   60000000,   49491659,        0,  -10508341,          0
 17589,    51,   60000000,   49235104,        0,  -10764896,          0
 17589,    52,   60000000,   49126495,        0,  -10873505,          0
 17589,    53,   60000000,   49236800,        0,  -10763200,          0
 17589,    54,   60000000,   49161126,        0,  -10838874,          0
 17589,    55,   60000000,   49744346,        0,  -10255654,          0
 17589,    56,   60000000,   49975031,        0,  -10024969,          0
 17589,    57,   60000000,   48910765,        0,  -11089235,          0
 17589,    58,   60000000,   49037447,        0,  -10962553,          0
 17589,    59,   60000000,   50462004,        0,   -9537996,          0
 17589,    60,   60000000,   48961998,        0,  -11038002,          0
 17589,    61,   60000000,   48986233,        0,  -11013767,          0
 17589,    62,   60000000,   49329120,        0,  -10670880,          0
 17589,    63,   60000000,   49165275,        0,  -10834725,          0
 17589,    64,   60000000,   49321583,        0,  -10678417,          0
 17589,    65,   60000000,   50890410,        0,   -9109590,          0
 17589,    66,   60000000,   49298887,        0,  -10701113,          0
 17589,    67,   60000000,   48944247,        0,  -11055753,          0
 17589,    68,   60000000,   50017555,        0,   -9982445,          0
 17589,    69,   60000000,   49106180,        0,  -10893820,          0
 17589,    70,   60000000,   49301516,        0,  -10698484,          0
 17589,    71,   60000000,   50729515,        0,   -9270485,          0
 17589,    72,   60000000,   49260804,        0,  -10739196,          0
 17589,    73,   60000000,   49138451,        0,  -10861549,          0
 17589,    74,   60000000,   49262723,        0,  -10737277,          0
 17589,    75,   60000000,   48963933,        0,  -11036067,          0
 17589,    76,   60000000,   49230014,        0,  -10769986,          0
 17589,    77,   60000000,   48955851,        0,  -11044149,          0
 17589,    78,   60000000,   49277453,        0,  -10722547,          0
 17589,    79,   60000000,   49064889,        0,  -10935111,          0
 17589,    80,   60000000,   50125412,        0,   -9874588,          0
 17589,    81,   60000000,   48954277,        0,  -11045723,          0
 17589,    82,   60000000,   48936909,        0,  -11063091,          0
 17589,    83,   60000000,   48943722,        0,  -11056278,          0
 17589,    84,   60000000,   49034182,        0,  -10965818,          0
 17589,    85,   60000000,   49077344,        0,  -10922656,          0
 17589,    86,   60000000,   48952328,        0,  -11047672,          0
 17589,    87,   60000000,   49259292,        0,  -10740708,          0
 17589,    88,   60000000,   48925515,        0,  -11074485,          0
 17589,    89,   60000000,   49403195,        0,  -10596805,          0
 17589,    90,   60000000,   48936099,        0,  -11063901,          0
 17589,    91,   60000000,   49321199,        0,  -10678801,          0
 17589,    92,   60000000,   48944405,        0,  -11055595,          0
 17589,    93,   60000000,   50152357,        0,   -9847643,          0
 17589,    94,   60000000,   49042810,        0,  -10957190,          0
 17589,    95,   60000000,   49207865,        0,  -10792135,          0
 17589,    96,   60000000,   49092636,        0,  -10907364,          0
 17589,    97,   60000000,   50530236,        0,   -9469764,          0
 17589,    98,   60000000,   48998702,        0,  -11001298,          0
 17589,    99,   60000000,   49228897,        0,  -10771103,          0
 17589,   100,   60000000,   48951777,        0,  -11048223,          0
 17589,   101,   60000000,   49557088,        0,  -10442912,          0
 17589,   102,   60000000,   49114351,        0,  -10885649,          0
 17589,   103,   60000000,   49205883,        0,  -10794117,          0
 17589,   104,   60000000,   49185492,        0,  -10814508,          0
 17589,   105,   60000000,   50184140,        0,   -9815860,          0
 17589,   106,   60000000,   48968924,        0,  -11031076,          0
 17589,   107,   60000000,   49693184,        0,  -10306816,          0
 17589,   108,   60000000,   49438242,        0,  -10561758,          0
 17589,   109,   60000000,   48990890,        0,  -11009110,          0
 17589,   110,   60000000,   49167584,        0,  -10832416,          0
 17589,   111,   60000000,   48950791,        0,  -11049209,          0
 17589,   112,   60000000,   49308839,        0,  -10691161,          0
 17589,   113,   60000000,   48918179,        0,  -11081821,          0
 17589,   114,   60000000,   50394501,        0,   -9605499,          0
 17589,   115,   60000000,   49024746,        0,  -10975254,          0
 17589,   116,   60000000,   49252047,        0,  -10747953,          0
 17589,   117,   60000000,   49659520,        0,  -10340480,          0
 17589,   118,   60000000,   49370925,        0,  -10629075,          0
 17589,   119,   60000000,   49046952,        0,  -10953048,          0
 17589,   120,   60000000,   49252298,        0,  -10747702,          0
 17589,   121,   60000000,   49166219,        0,  -10833781,          0
 17589,   122,   60000000,   49426688,        0,  -10573312,          0
 17589,   123,   60000000,   49532663,        0,  -10467337,          0
 17589,   124,   60000000,   51234497,        0,   -8765503,          0
 17589,   125,   60000000,   48999430,        0,  -11000570,          0
 17589,   126,   60000000,   49394370,        0,  -10605630,          0
 17589,   127,   60000000,   48936367,        0,  -11063633,          0
 17589,   128,   60000000,   50294191,        0,   -9705809,          0
 17589,   129,   60000000,   49016943,        0,  -10983057,          0
 17589,   130,   60000000,   48936295,        0,  -11063705,          0
 17589,   131,   60000000,   48946801,        0,  -11053199,          0
 17589,   132,   60000000,   48942823,        0,  -11057177,          0
 17589,   133,   60000000,   51092227,        0,   -8907773,          0
 17589,   134,   60000000,   50020793,        0,   -9979207,          0
 17589,   135,   60000000,   51097221,        0,   -8902779,          0
 17589,   136,   60000000,   48990705,        0,  -11009295,          0
 17589,   137,   60000000,   49213535,        0,  -10786465,          0
 17589,   138,   60000000,   48965762,        0,  -11034238,          0
 17589,   139,   60000000,   49223299,        0,  -10776701,          0
 17589,   140,   60000000,   48956262,        0,  -11043738,          0
 17589,   141,   60000000,   49234780,        0,  -10765220,          0
 17589,   142,   60000000,   48983840,        0,  -11016160,          0
 17589,   143,   60000000,   49212951,        0,  -10787049,          0
 17589,   144,   60000000,   48975978,        0,  -11024022,          0
 17589,   145,   60000000,   49308722,        0,  -10691278,          0
 17589,   146,   60000000,   49046290,        0,  -10953710,          0
 17589,   147,   60000000,   49354306,        0,  -10645694,          0
 17589,   148,   60000000,   48955876,        0,  -11044124,          0
 17589,   149,   60000000,   49695895,        0,  -10304105,          0
 17589,   150,   60000000,   50213231,        0,   -9786769,          0
 17589,   151,   60000000,   49268028,        0,  -10731972,          0
 17589,   152,   60000000,   48989591,        0,  -11010409,          0
 17589,   153,   60000000,   49274965,        0,  -10725035,          0
 17589,   154,   60000000,   49225232,        0,  -10774768,          0
 17589,   155,   60000000,   50648494,        0,   -9351506,          0
 17589,   156,   60000000,   49107056,        0,  -10892944,          0
 17589,   157,   60000000,   49019740,        0,  -10980260,          0
 17589,   158,   60000000,   48951349,        0,  -11048651,          0
 17589,   159,   60000000,   48958213,        0,  -11041787,          0
 17589,   160,   60000000,   48932022,        0,  -11067978,          0
 17589,   161,   60000000,   50420748,        0,   -9579252,          0
 17589,   162,   60000000,   49281285,        0,  -10718715,          0
 17589,   163,   60000000,   48937462,        0,  -11062538,          0
 17589,   164,   60000000,   49224027,        0,  -10775973,          0
 17589,   165,   60000000,   48964282,        0,  -11035718,          0
 17589,   166,   60000000,   50682082,        0,   -9317918,          0
 17589,   167,   60000000,   49206188,        0,  -10793812,          0
 17589,   168,   60000000,   49248899,        0,  -10751101,          0
 17589,   169,   60000000,   48977683,        0,  -11022317,          0
 17589,   170,   60000000,   49743607,        0,  -10256393,          0
# task NAME=myapp PID=17592 COST=38414000 PERIOD=74000000 CPU=0
 17592,     2,   74000000,      15048,        0,  -73984952,          0
 17592,     3,   74000000,      37357,        0,  -73962643,          0
 17592,     4,   74000000,   39859389,        0,  -34140611,          0
 17592,     5,   74000000,   37895314,        0,  -36104686,          0
 17592,     6,   74000000,   37774214,        0,  -36225786,          0
 17592,     7,   74000000,   37693556,        0,  -36306444,          0
 17592,     8,   74000000,   37625555,        0,  -36374445,          0
 17592,     9,   74000000,   37621471,        0,  -36378529,          0
 17592,    10,   74000000,   38177140,        0,  -35822860,          0
 17592,    11,   74000000,   37785953,        0,  -36214047,          0
 17592,    12,   74000000,   37980045,        0,  -36019955,          0
 17592,    13,   74000000,   37703444,        0,  -36296556,          0
 17592,    14,   74000000,   38808311,        0,  -35191689,          0
 17592,    15,   74000000,   37940827,        0,  -36059173,          0
 17592,    16,   74000000,   37628674,        0,  -36371326,          0
 17592,    17,   74000000,   37988240,        0,  -36011760,          0
 17592,    18,   74000000,   37707057,        0,  -36292943,          0
 17592,    19,   74000000,   37654662,        0,  -36345338,          0
 17592,    20,   74000000,   38444622,        0,  -35555378,          0
 17592,    21,   74000000,   37674886,        0,  -36325114,          0
 17592,    22,   74000000,   38189901,        0,  -35810099,          0
 17592,    23,   74000000,   37712336,        0,  -36287664,          0
 17592,    24,   74000000,   37718128,        0,  -36281872,          0
 17592,    25,   74000000,   37665240,        0,  -36334760,          0
 17592,    26,   74000000,   37624810,        0,  -36375190,          0
 17592,    27,   74000000,   38146238,        0,  -35853762,          0
 17592,    28,   74000000,   37627453,        0,  -36372547,          0
 17592,    29,   74000000,   38640999,        0,  -35359001,          0
 17592,    30,   74000000,   37643492,        0,  -36356508,          0
 17592,    31,   74000000,   37627193,        0,  -36372807,          0
 17592,    32,   74000000,   38015334,        0,  -35984666,          0
 17592,    33,   74000000,   38556972,        0,  -35443028,          0
 17592,    34,   74000000,   40482262,        0,  -33517738,          0
 17592,    35,   74000000,   37818255,        0,  -36181745,          0
 17592,    36,   74000000,   37636145,        0,  -36363855,          0
 17592,    37,   74000000,   38181725,        0,  -35818275,          0
 17592,    38,   74000000,   38170029,        0,  -35829971,          0
 17592,    39,   74000000,   41845977,        0,  -32154023,          0
 17592,    40,   74000000,   38610818,        0,  -35389182,          0
 17592,    41,   74000000,   37671267,        0,  -36328733,          0
 17592,    42,   74000000,   38318855,        0,  -35681145,          0
 17592,    43,   74000000,   37648135,        0,  -36351865,          0
 17592,    44,   74000000,   37941613,        0,  -36058387,          0
 17592,    45,   74000000,   37665369,        0,  -36334631,          0
 17592,    46,   74000000,   39015999,        0,  -34984001,          0
 17592,    47,   74000000,   39933515,        0,  -34066485,          0
 17592,    48,   74000000,   37673399,        0,  -36326601,          0
 17592,    49,   74000000,   37950290,        0,  -36049710,          0
 17592,    50,   74000000,   37666001,        0,  -36333999,          0
 17592,    51,   74000000,   38149475,        0,  -35850525,          0
 17592,    52,   74000000,   38012365,        0,  -35987635,          0
 17592,    53,   74000000,   37893078,        0,  -36106922,          0
 17592,    54,   74000000,   38101488,        0,  -35898512,          0
 17592,    55,   74000000,   38927054,        0,  -35072946,          0
 17592,    56,   74000000,   37790118,        0,  -36209882,          0
 17592,    57,   74000000,   37671312,        0,  -36328688,          0
 17592,    58,   74000000,   37820839,        0,  -36179161,          0
 17592,    59,   74000000,   38107606,        0,  -35892394,          0
 17592,    60,   74000000,   37810283,        0,  -36189717,          0
 17592,    61,   74000000,   39543159,        0,  -34456841,          0
 17592,    62,   74000000,   37639204,        0,  -36360796,          0
 17592,    63,   74000000,   37719781,        0,  -36280219,          0
 17592,    64,   74000000,   37914116,        0,  -36085884,          0
 17592,    65,   74000000,   37882694,        0,  -36117306,          0
 17592,    66,   74000000,   37902094,        0,  -36097906,          0
 17592,    67,   74000000,   38722769,        0,  -35277231,          0
 17592,    68,   74000000,   38252048,        0,  -35747952,          0
 17592,    69,   74000000,   37885754,        0,  -36114246,          0
 17592,    70,   74000000,   37629253,        0,  -36370747,          0
 17592,    71,   74000000,   37923347,        0,  -36076653,          0
 17592,    72,   74000000,   38977251,        0,  -35022749,          0
 17592,    73,   74000000,   38894781,        0,  -35105219,          0
 17592,    74,   74000000,   39739833,        0,  -34260167,          0
 17592,    75,   74000000,   37749609,        0,  -36250391,          0
 17592,    76,   74000000,   38627670,        0,  -35372330,          0
 17592,    77,   74000000,   39495013,        0,  -34504987,          0
 17592,    78,   74000000,   38289698,        0,  -35710302,          0
 17592,    79,   74000000,   38553035,        0,  -35446965,          0
 17592,    80,   74000000,   37667297,        0,  -36332703,          0
 17592,    81,   74000000,   37942069,        0,  -36057931,          0
 17592,    82,   74000000,   37676973,        0,  -36323027,          0
 17592,    83,   74000000,   37732022,        0,  -36267978,          0
 17592,    84,   74000000,   37779287,        0,  -36220713,          0
 17592,    85,   74000000,   37732849,        0,  -36267151,          0
 17592,    86,   74000000,   37966094,        0,  -36033906,          0
 17592,    87,   74000000,   37701500,        0,  -36298500,          0
 17592,    88,   74000000,   37929244,        0,  -36070756,          0
 17592,    89,   74000000,   37896835,        0,  -36103165,          0
 17592,    90,   74000000,   37697315,        0,  -36302685,          0
 17592,    91,   74000000,   39568235,        0,  -34431765,          0
 17592,    92,   74000000,   37755774,        0,  -36244226,          0
 17592,    93,   74000000,   38981589,        0,  -35018411,          0
 17592,    94,   74000000,   37793003,        0,  -36206997,          0
 17592,    95,   74000000,   37768898,        0,  -36231102,          0
 17592,    96,   74000000,   38156657,        0,  -35843343,          0
 17592,    97,   74000000,   37658798,        0,  -36341202,          0
 17592,    98,   74000000,   39020191,        0,  -34979809,          0
 17592,    99,   74000000,   37710366,        0,  -36289634,          0
 17592,   100,   74000000,   37679893,        0,  -36320107,          0
 17592,   101,   74000000,   37612749,        0,  -36387251,          0
 17592,   102,   74000000,   37637205,        0,  -36362795,          0
 17592,   103,   74000000,   37915747,        0,  -36084253,          0
 17592,   104,   74000000,   37705757,        0,  -36294243,          0
 17592,   105,   74000000,   37741150,        0,  -36258850,          0
 17592,   106,   74000000,   39014849,        0,  -34985151,          0
 17592,   107,   74000000,   38774031,        0,  -35225969,          0
 17592,   108,   74000000,   38270737,        0,  -35729263,          0
 17592,   109,   74000000,   37651586,        0,  -36348414,          0
 17592,   110,   74000000,   37948051,        0,  -36051949,          0
 17592,   111,   74000000,   37621658,        0,  -36378342,          0
 17592,   112,   74000000,   38870735,        0,  -35129265,          0
 17592,   113,   74000000,   38254096,        0,  -35745904,          0
 17592,   114,   74000000,   37633728,        0,  -36366272,          0
 17592,   115,   74000000,   38325536,        0,  -35674464,          0
 17592,   116,   74000000,   37722742,        0,  -36277258,          0
 17592,   117,   74000000,   37865428,        0,  -36134572,          0
 17592,   118,   74000000,   37882955,        0,  -36117045,          0
 17592,   119,   74000000,   37793586,        0,  -36206414,          0
 17592,   120,   74000000,   37948429,        0,  -36051571,          0
 17592,   121,   74000000,   37830439,        0,  -36169561,          0
 17592,   122,   74000000,   37713780,        0,  -36286220,          0
 17592,   123,   74000000,   38615078,        0,  -35384922,          0
 17592,   124,   74000000,   37660331,        0,  -36339669,          0
 17592,   125,   74000000,   39588470,        0,  -34411530,          0
 17592,   126,   74000000,   37893651,        0,  -36106349,          0
 17592,   127,   74000000,   37910299,        0,  -36089701,          0
 17592,   128,   74000000,   37659994,        0,  -36340006,          0
 17592,   129,   74000000,   38747107,        0,  -35252893,          0
 17592,   130,   74000000,   37924405,        0,  -36075595,          0
 17592,   131,   74000000,   37775215,        0,  -36224785,          0
 17592,   132,   74000000,   39124656,        0,  -34875344,          0
 17592,   133,   74000000,   38925425,        0,  -35074575,          0
 17592,   134,   74000000,   37635145,        0,  -36364855,          0
 17592,   135,   74000000,   37932877,        0,  -36067123,          0
 17592,   136,   74000000,   37893458,        0,  -36106542,          0
 17592,   137,   74000000,   37914415,        0,  -36085585,          0
 17592,   138,   74000000,   38024375,        0,  -35975625,          0
 17592,   139,   74000000,   38186389,        0,  -35813611,          0
