752 752 1
104 104 1
306 306 1
123 123 1
132 132 1
1110 1110 1
1137 1137 1
178 178 1
112 112 1
822 822 1
591 591 1
360 360 1
246 246 1
122 122 1
355 355 1
136 136 1
199 199 1
437 437 1
749 749 1
116 116 1
585 585 1
166 166 1
120 120 1
403 403 1
191 191 1
 
621 621 1
298 298 1
284 284 1
945 945 1
172 172 1
188 188 1
273 273 1
584 584 1
288 288 1
595 595 1
235 235 1
383 383 1
172 172 1
108 108 1
1134 1134 1
372 372 1
315 315 1
107 107 1
669 669 1
578 578 1
273 273 1
122 122 1
124 124 1
215 215 1
255 255 1
 
713 717 0
404 404 1
387 387 1
1293 1299 0
246 246 1
818 818 1
548 548 1
369 369 1
199 199 1
648 648 1
260 260 1
136 136 1
635 635 1
804 804 1
342 342 1
572 572 1
339 339 1
339 339 1
381 381 1
1047 1047 1
853 853 1
445 445 1
344 344 1
280 280 1
480 480 1
 
1546 1546 1
656 656 1
438 438 1
1840 1843 0
224 224 1
1298 1298 1
656 656 1
1351 1351 1
1556 1557 0
436 440 0
518 518 1
640 640 1
857 857 1
1956 1956 1
106 106 1
634 634 1
284 284 1
529 529 1
861 862 0
352 352 1
242 242 1
729 729 1
169 169 1
430 430 1
919 919 1
 
748 748 1
1613 1613 1
841 841 1
1698 1698 1
2556 2556 1
483 483 1
1387 1396 0
817 817 1
594 594 1
894 895 0
356 356 1
390 390 1
1285 1285 1
494 494 1
259 260 0
307 307 1
414 414 1
564 564 1
443 444 0
627 627 1
1013 1013 1
615 616 0
920 920 1
1408 1409 0
661 661 1
 
963 989 0
928 928 1
1412 1414 0
503 503 1
845 845 1
1914 1914 1
1019 1019 1
483 483 1
1019 1019 1
1286 1286 1
550 550 1
509 509 1
392 392 1
966 970 0
1393 1393 1
905 905 1
740 740 1
434 434 1
733 733 1
1514 1514 1
1317 1317 1
837 837 1
549 551 0
746 746 1
1145 1145 1
 
1690 1690 1
1190 1191 0
1767 1767 1
1365 1365 1
860 862 0
1165 1166 0
666 666 1
1488 1490 0
1090 1090 1
605 605 1
1377 1377 1
708 713 0
1020 1022 0
908 920 0
593 593 1
795 795 1
1665 1666 0
910 910 1
1723 1723 1
880 880 1
363 363 1
626 626 1
1923 1925 0
838 838 1
1488 1488 1
 
621 621 1
1553 1569 0
424 424 1
379 379 1
1913 1917 0
920 920 1
854 854 1
428 428 1
551 551 1
1364 1364 1
1206 1206 1
1645 1645 1
1280 1280 1
1134 1134 1
1923 1936 0
2246 2246 1
1562 1564 0
1820 1820 1
532 532 1
980 997 0
1454 1465 0
1596 1596 1
1800 1804 0
1166 1171 0
1133 1133 1
 
1526 1527 0
2660 2679 0
756 758 0
2360 2377 0
1439 1445 0
1330 1330 1
2143 2144 0
1259 1262 0
1246 1250 0
2514 2533 0
1720 1720 1
1345 1345 1
1414 1415 0
757 757 1
1192 1192 1
1454 1454 1
1233 1234 0
1589 1590 0
1349 1349 1
902 911 0
659 659 1
2124 2142 0
1419 1422 0
819 819 1
950 950 1
 
1679 1681 0
1825 1885 0
396 397 0
2218 2235 0
1925 1926 0
1331 1331 1
961 961 1
693 694 0
1203 1205 0
1784 1784 1
525 525 1
1714 1716 0
1267 1273 0
1279 1280 0
1473 1473 1
872 873 0
1695 1721 0
1634 1638 0
2171 2229 0
772 773 0
1133 1133 1
1395 1407 0
1718 1739 0
1241 1241 1
1494 1499 0
 
2461 2466 0
1167 1190 0
1213 1215 0
1771 1789 0
1562 1562 1
736 739 0
2303 2332 0
1488 1488 1
1055 1056 0
1564 1568 0
1770 1770 1
1578 1635 0
1103 1103 1
2802 2809 0
2516 2546 0
1199 1199 1
1595 1595 1
2028 2042 0
3164 3263 0
1473 1475 0
923 923 1
1009 1015 0
1273 1274 0
1390 1390 1
1714 1717 0
 
2201 2251 0
1507 1508 0
1158 1158 1
3237 3263 0
1299 1369 0
779 781 0
1745 1747 0
2378 2413 0
2082 2085 0
1302 1313 0
2508 2526 0
2067 2074 0
1773 1780 0
1119 1119 1
2046 2095 0
1150 1150 1
1281 1305 0
997 997 1
1526 1527 0
1465 1468 0
842 842 1
1100 1103 0
1962 1976 0
2095 2096 0
1207 1220 0
 
922 931 0
2429 2487 0
1266 1269 0
1766 2277 0
1445 1454 0
2092 2119 0
2785 2814 0
1621 1631 0
1025 1039 0
796 798 0
1240 1274 0
1672 1820 0
1722 1735 0
1944 1959 0
1130 1130 1
1399 1400 0
1935 1995 0
1121 1123 0
962 992 0
1011 1017 0
2406 2412 0
1857 1864 0
2257 2340 0
1482 1491 0
1758 1763 0
 
1729 1775 0
1784 1808 0
2357 2513 0
2877 2904 0
1954 2048 0
2165 2270 0
1238 1437 0
1400 1825 0
1611 1746 0
2042 2053 0
1947 2115 0
2033 2051 0
2156 2165 0
2525 2564 0
729 731 0
2128 2131 0
1237 1475 0
2086 2114 0
1013 1031 0
1851 1894 0
2118 2167 0
2908 2925 0
1622 1795 0
1573 1599 0
1557 1713 0
 
1619 1777 0
1230 1602 0
2219 2325 0
2188 2205 0
1176 1347 0
1920 2126 0
2099 2157 0
2867 2975 0
2493 2548 0
1074 1232 0
1253 1261 0
1588 1677 0
746 769 0
2093 2130 0
1890 1976 0
2260 2284 0
2357 2452 0
2268 2439 0
1589 1707 0
4630 4684 0
2741 2751 0
2624 2774 0
2177 2192 0
2123 2311 0
1003 1653 0
 
1240 1289 0
3291 3397 0
2895 3017 0
1188 1360 0
1349 1462 0
3022 3262 0
2110 2321 0
1808 2056 0
1794 2077 0
3358 3513 0
2564 2864 0
2209 2403 0
2302 2449 0
1843 1992 0
739 958 0
1463 1661 0
2102 2199 0
2235 2409 0
2793 3005 0
1057 1348 0
1908 2135 0
2541 2696 0
2133 2337 0
1914 2177 0
985 1172 0
 
1737 2360 0
2036 2163 0
2813 3241 0
2386 2624 0
1493 1796 0
1605 1844 0
1824 2139 0
2304 2627 0
2918 3200 0
1593 2022 0
1779 1966 0
1650 1906 0
1385 1568 0
1953 2338 0
2779 3001 0
963 1177 0
1832 1956 0
1937 2378 0
2274 2661 0
2885 3006 0
1696 2015 0
1336 1565 0
1529 1702 0
1658 1912 0
3102 3198 0
 
2256 2817 0
1972 2295 0
1690 1943 0
1937 2413 0
2462 2832 0
1424 1770 0
836 1126 0
1718 1940 0
2356 3021 0
2629 2917 0
2473 2635 0
1131 1581 0
1336 1597 0
1446 1536 0
2923 3158 0
1985 2552 0
1181 1432 0
2311 2708 0
2628 3003 0
2385 2581 0
1466 1614 0
2403 3202 0
1226 1574 0
1082 1295 0
1768 2073 0
 
1072 1457 0
1558 2047 0
1186 1617 0
2109 2430 0
1179 1521 0
3072 3466 0
1405 1841 0
1922 2296 0
3672 4098 0
1771 2518 0
1533 2305 0
1283 1446 0
1763 2063 0
2148 2565 0
1612 2031 0
2085 2416 0
2017 2319 0
1017 1452 0
2688 3228 0
1037 1392 0
1011 1359 0
2801 3053 0
1498 1790 0
3347 3757 0
2860 3554 0
 
1473 2584 0
3525 3925 0
836 2681 0
1250 1543 0
3565 4368 0
1709 1993 0
1813 2110 0
1446 1659 0
2727 3588 0
3362 4145 0
1376 2150 0
1199 1309 0
4543 5018 0
1375 1641 0
1773 2311 0
2299 3095 0
1812 2233 0
1562 3166 0
1781 2031 0
1869 2127 0
1832 2293 0
2684 3392 0
1972 2634 0
2083 2352 0
2237 3658 0
 
955 1673 0
1867 2115 0
1631 3156 0
1608 1986 0
1979 2340 0
632 1370 0
2101 2615 0
2063 2392 0
768 1692 0
1452 1689 0
1197 1651 0
254 2802 0
1946 3084 0
1447 1775 0
1102 1443 0
499 834 0
207 2890 0
2227 3127 0
2752 3131 0
2871 3551 0
1529 2122 0
257 2644 0
1393 4434 0
876 2165 0
815 1186 0
 
===
