868 868 1
934 934 1
1113 1113 1
812 812 1
1215 1215 1
648 648 1
1835 1836 0
772 772 1
1682 1682 1
958 958 1
980 980 1
980 980 1
1813 1813 1
1576 1576 1
674 674 1
848 848 1
981 981 1
648 648 1
1051 1051 1
844 844 1
1032 1033 0
1067 1067 1
1069 1069 1
826 826 1
561 561 1
 
2683 2683 1
1624 1624 1
1967 1967 1
1753 1753 1
2500 2500 1
2905 2905 1
2578 2578 1
3103 3109 0
2255 2255 1
1645 1645 1
2172 2173 0
1766 1766 1
1182 1182 1
1360 1360 1
1080 1080 1
1381 1381 1
1582 1582 1
1775 1775 1
2405 2405 1
1879 1879 1
2267 2267 1
2049 2049 1
3727 3727 1
1704 1704 1
1631 1631 1
 
4142 4142 1
4166 4166 1
3379 3379 1
4148 4156 0
4096 4099 0
2531 2531 1
3243 3243 1
3596 3596 1
5914 5918 0
2479 2479 1
2769 2769 1
3352 3352 1
2937 2937 1
4739 4739 1
2295 2295 1
2279 2279 1
3564 3564 1
3755 3755 1
4871 4871 1
3683 3683 1
2979 2979 1
3036 3036 1
2573 2573 1
2543 2543 1
5222 5226 0
 
2851 2851 1
3405 3405 1
5160 5162 0
3552 3552 1
4293 4293 1
3052 3052 1
4933 4935 0
3729 3729 1
4256 4258 0
3489 3489 1
4685 4685 1
4588 4588 1
3832 3832 1
6200 6203 0
4096 4097 0
3511 3511 1
3580 3582 0
4723 4723 1
6141 6141 1
5717 5717 1
4029 4029 1
7824 7824 1
3874 3874 1
3616 3616 1
3655 3655 1
 
4514 4514 1
5124 5139 0
4134 4134 1
7236 7236 1
4895 4895 1
4268 4268 1
5938 5938 1
5938 5939 0
4754 4754 1
4216 4216 1
3727 3727 1
4312 4313 0
6604 6604 1
5677 5679 0
5270 5272 0
5455 5455 1
4970 4970 1
5157 5158 0
6241 6241 1
5884 5884 1
4646 4646 1
6184 6184 1
5039 5039 1
4647 4647 1
5157 5157 1
 
6195 6195 1
4636 4639 0
5484 5484 1
6971 6972 0
6490 6491 0
5492 5492 1
8078 8079 0
4501 4501 1
5738 5738 1
6020 6020 1
4454 4454 1
3911 3911 1
6465 6465 1
6357 6357 1
7232 7234 0
6225 6225 1
5443 5445 0
6271 6272 0
5505 5507 0
5104 5104 1
5358 5358 1
6709 6709 1
6603 6611 0
5364 5364 1
4434 4434 1
 
6716 6717 0
6186 6186 1
7161 7164 0
6257 6257 1
7441 7441 1
8307 8309 0
6771 6771 1
10488 10489 0
9170 9189 0
9666 9671 0
6779 6785 0
6331 6333 0
6739 6739 1
7365 7366 0
4674 4674 1
7024 7042 0
9193 9193 1
6747 6747 1
7643 7649 0
8195 8197 0
8127 8132 0
8534 8537 0
9578 9581 0
5624 5626 0
7772 7776 0
 
5927 5927 1
10879 10909 0
8972 8977 0
7407 7415 0
7265 7265 1
7114 7116 0
9026 9045 0
8930 8947 0
8919 8930 0
9906 9915 0
6394 6394 1
9944 9952 0
8227 8239 0
8752 8769 0
7229 7229 1
8062 8081 0
8445 8445 1
9605 9619 0
10571 10600 0
8954 8959 0
6898 6898 1
8141 8142 0
8625 8647 0
8941 8950 0
6485 6485 1
 
10895 10929 0
12184 12188 0
8642 8642 1
10833 10835 0
9209 9209 1
8410 8439 0
8142 8150 0
10204 10210 0
8303 8304 0
11375 11397 0
11874 11878 0
11640 11643 0
9412 9437 0
11705 11789 0
10261 10262 0
9853 9854 0
9630 9651 0
10281 10285 0
10636 10674 0
10324 10342 0
8341 8397 0
8317 8319 0
8512 8528 0
8327 8352 0
8883 8890 0
 
12567 12640 0
11054 11092 0
9190 9191 0
12945 12958 0
9206 9209 0
13260 13269 0
9738 9773 0
10528 10536 0
11524 11525 0
9351 9364 0
12350 12359 0
12709 12717 0
9107 9125 0
12334 12357 0
8983 8987 0
12712 12756 0
9635 9649 0
10710 10711 0
10995 11024 0
10043 10044 0
9667 9676 0
11875 11888 0
10367 10374 0
12822 12869 0
9046 9046 1
 
12150 12161 0
15900 15941 0
12271 12300 0
12100 12153 0
10917 10935 0
13640 13649 0
10420 10425 0
14552 14589 0
10257 10257 1
10928 10928 1
21802 21951 0
15656 15838 0
10627 10671 0
13470 13502 0
11251 11289 0
12792 12821 0
11311 11346 0
11161 11175 0
12248 12262 0
9788 9803 0
13598 13628 0
10267 10276 0
12983 13058 0
10583 10583 1
11826 11865 0
 
11530 11551 0
13010 13016 0
14139 14200 0
12438 12447 0
15961 16034 0
13463 13478 0
13349 13391 0
11541 11542 0
11882 11885 0
14688 14715 0
12117 12138 0
11568 11600 0
12376 12406 0
12508 12523 0
10711 10776 0
13264 13266 0
14805 14826 0
13180 13273 0
17181 17319 0
10330 10342 0
11157 11166 0
13245 13359 0
13362 13374 0
11231 11237 0
11674 11757 0
 
13739 13752 0
13996 14049 0
14313 14376 0
14332 14346 0
13685 13708 0
12293 12306 0
13387 13443 0
13411 13457 0
11583 11615 0
19597 19621 0
18743 18835 0
10923 10930 0
15484 15584 0
18015 18124 0
15303 15407 0
16971 17037 0
13046 13091 0
14945 15060 0
11023 11033 0
15769 15834 0
13266 13285 0
15160 15199 0
11727 11757 0
14922 14989 0
11954 11960 0
 
14917 14961 0
13235 13267 0
15029 15037 0
15589 15630 0
17012 17092 0
15632 15665 0
14435 14490 0
13050 13056 0
13109 13155 0
18648 18744 0
14308 14368 0
14827 14859 0
15582 15614 0
13646 13706 0
14115 14174 0
16719 16791 0
15834 15872 0
15742 15785 0
13598 13648 0
15912 15975 0
17162 17212 0
16255 16335 0
17580 17697 0
14333 14393 0
13469 13537 0
 
15466 15498 0
30563 30799 0
18405 18538 0
15635 15687 0
16627 16706 0
16134 16537 0
14384 14475 0
17620 17801 0
16727 16900 0
15453 15507 0
18696 18740 0
17980 18069 0
17536 17617 0
14540 14574 0
12278 12316 0
13592 13653 0
15418 15492 0
15637 15757 0
15210 15285 0
12799 12848 0
17741 17819 0
13647 13686 0
18162 18271 0
14292 14423 0
12719 12734 0
 
15489 15566 0
16837 16897 0
14925 15007 0
15804 15900 0
20319 20471 0
16380 16446 0
21418 21544 0
18722 18861 0
18033 18173 0
14984 15108 0
16588 16749 0
15370 15472 0
16222 16391 0
14890 14932 0
15307 15354 0
18361 18430 0
22182 22360 0
16853 16988 0
17905 18006 0
17570 17735 0
19005 19161 0
17493 17647 0
16980 17087 0
20008 20148 0
19784 19897 0
 
26889 27142 0
18385 18566 0
17755 17918 0
14681 14766 0
17435 17670 0
15077 15233 0
19153 19459 0
15788 16196 0
15965 16127 0
21477 21612 0
16459 16589 0
20560 20731 0
17753 17866 0
19249 19692 0
16739 17257 0
22555 22931 0
17586 17752 0
16921 17142 0
18935 19100 0
21449 21651 0
17166 17236 0
17675 18490 0
18631 18768 0
18842 18957 0
18058 18202 0
 
15596 15696 0
27088 27507 0
16830 17029 0
21077 21253 0
17829 18032 0
17432 17858 0
24408 24811 0
21879 22283 0
20671 20828 0
18232 18487 0
19640 19937 0
17655 17814 0
18892 19043 0
16839 17087 0
21559 21923 0
18004 21101 0
16246 17138 0
20091 20372 0
21010 21326 0
21251 21516 0
19406 19658 0
23958 24164 0
19740 19903 0
18189 18374 0
18884 20173 0
 
13856 18876 0
4842 21377 0
11897 17526 0
19666 20440 0
15334 16850 0
19611 23678 0
18832 19324 0
9216 19889 0
19077 20852 0
11152 33902 0
11946 22773 0
10309 23748 0
26097 26861 0
2910 24480 0
4099 23632 0
20310 21468 0
18935 19100 0
18028 18257 0
15929 20850 0
22622 22995 0
18348 19050 0
12251 23162 0
3754 22541 0
16962 17261 0
2415 19843 0
 
1867 23064 0
1891 21175 0
2015 21134 0
2282 19447 0
1269 21318 0
1120 18529 0
1800 18836 0
674 17395 0
1454 19930 0
2137 21723 0
2088 13704 0
7588 21993 0
2093 18721 0
1434 20696 0
5520 33761 0
3780 25389 0
1944 22029 0
2840 18529 0
2306 22363 0
1618 19650 0
1945 18515 0
1436 16445 0
1227 15098 0
1151 18492 0
1436 19389 0
 
1214 15358 0
1650 17192 0
851 15684 0
926 16858 0
1152 17721 0
1199 14116 0
800 13872 0
1396 17683 0
447 14492 0
895 15943 0
1462 17318 0
1758 16797 0
1427 19276 0
1887 15608 0
1303 14529 0
1538 15919 0
1448 14353 0
1857 16820 0
1973 29400 0
1615 19843 0
1554 18296 0
1992 20591 0
1183 18176 0
854 15519 0
1022 17855 0
 
===
