# Task,   Job,     Period,   Response, DL Miss?,   Lateness,  Tardiness
# task NAME=myapp PID=6617 COST=32566000 PERIOD=39000000 CPU=0
  6617,     2,   39000000,      15449,        0,  -38984551,          0
  6617,     3,   39000000,      51500,        0,  -38948500,          0
  6617,     4,   39000000,   33342907,        0,   -5657093,          0
  6617,     5,   39000000,   32001920,        0,   -6998080,          0
  6617,     6,   39000000,   32004378,        0,   -6995622,          0
  6617,     7,   39000000,   32272803,        0,   -6727197,          0
  6617,     8,   39000000,   31990454,        0,   -7009546,          0
  6617,     9,   39000000,   31988617,        0,   -7011383,          0
  6617,    10,   39000000,   31994358,        0,   -7005642,          0
  6617,    11,   39000000,   31987293,        0,   -7012707,          0
  6617,    12,   39000000,   32015103,        0,   -6984897,          0
  6617,    13,   39000000,   31991969,        0,   -7008031,          0
  6617,    14,   39000000,   32287829,        0,   -6712171,          0
  6617,    15,   39000000,   31998049,        0,   -7001951,          0
  6617,    16,   39000000,   31999788,        0,   -7000212,          0
  6617,    17,   39000000,   32286886,        0,   -6713114,          0
  6617,    18,   39000000,   32076334,        0,   -6923666,          0
  6617,    19,   39000000,   31995082,        0,   -7004918,          0
  6617,    20,   39000000,   32281969,        0,   -6718031,          0
  6617,    21,   39000000,   32018257,        0,   -6981743,          0
  6617,    22,   39000000,   32014142,        0,   -6985858,          0
  6617,    23,   39000000,   32283658,        0,   -6716342,          0
  6617,    24,   39000000,   32001602,        0,   -6998398,          0
  6617,    25,   39000000,   32001461,        0,   -6998539,          0
  6617,    26,   39000000,   32013872,        0,   -6986128,          0
  6617,    27,   39000000,   32016963,        0,   -6983037,          0
  6617,    28,   39000000,   32013557,        0,   -6986443,          0
  6617,    29,   39000000,   32018291,        0,   -6981709,          0
  6617,    30,   39000000,   32290684,        0,   -6709316,          0
  6617,    31,   39000000,   31998327,        0,   -7001673,          0
  6617,    32,   39000000,   32015036,        0,   -6984964,          0
  6617,    33,   39000000,   32277114,        0,   -6722886,          0
  6617,    34,   39000000,   31988446,        0,   -7011554,          0
  6617,    35,   39000000,   31997562,        0,   -7002438,          0
  6617,    36,   39000000,   32289082,        0,   -6710918,          0
  6617,    37,   39000000,   31995728,        0,   -7004272,          0
  6617,    38,   39000000,   32018941,        0,   -6981059,          0
  6617,    39,   39000000,   32290315,        0,   -6709685,          0
  6617,    40,   39000000,   31996453,        0,   -7003547,          0
  6617,    41,   39000000,   32004401,        0,   -6995599,          0
  6617,    42,   39000000,   32013847,        0,   -6986153,          0
  6617,    43,   39000000,   32002255,        0,   -6997745,          0
  6617,    44,   39000000,   32071730,        0,   -6928270,          0
  6617,    45,   39000000,   32004417,        0,   -6995583,          0
  6617,    46,   39000000,   32290468,        0,   -6709532,          0
  6617,    47,   39000000,   31984527,        0,   -7015473,          0
  6617,    48,   39000000,   31992736,        0,   -7007264,          0
  6617,    49,   39000000,   32277556,        0,   -6722444,          0
  6617,    50,   39000000,   32020734,        0,   -6979266,          0
  6617,    51,   39000000,   31996159,        0,   -7003841,          0
  6617,    52,   39000000,   32274519,        0,   -6725481,          0
  6617,    53,   39000000,   31999801,        0,   -7000199,          0
  6617,    54,   39000000,   31999028,        0,   -7000972,          0
  6617,    55,   39000000,   32288540,        0,   -6711460,          0
  6617,    56,   39000000,   32016359,        0,   -6983641,          0
  6617,    57,   39000000,   32019231,        0,   -6980769,          0
  6617,    58,   39000000,   32013140,        0,   -6986860,          0
  6617,    59,   39000000,   32003357,        0,   -6996643,          0
  6617,    60,   39000000,   32000740,        0,   -6999260,          0
  6617,    61,   39000000,   31990176,        0,   -7009824,          0
  6617,    62,   39000000,   32282172,        0,   -6717828,          0
  6617,    63,   39000000,   32015913,        0,   -6984087,          0
  6617,    64,   39000000,   32004176,        0,   -6995824,          0
  6617,    65,   39000000,   32280147,        0,   -6719853,          0
  6617,    66,   39000000,   32002574,        0,   -6997426,          0
  6617,    67,   39000000,   31992808,        0,   -7007192,          0
  6617,    68,   39000000,   32291902,        0,   -6708098,          0
  6617,    69,   39000000,   31986039,        0,   -7013961,          0
  6617,    70,   39000000,   32012225,        0,   -6987775,          0
  6617,    71,   39000000,   32288796,        0,   -6711204,          0
  6617,    72,   39000000,   31998756,        0,   -7001244,          0
  6617,    73,   39000000,   31989532,        0,   -7010468,          0
  6617,    74,   39000000,   31994042,        0,   -7005958,          0
  6617,    75,   39000000,   32004799,        0,   -6995201,          0
  6617,    76,   39000000,   32015645,        0,   -6984355,          0
  6617,    77,   39000000,   31996797,        0,   -7003203,          0
  6617,    78,   39000000,   32284358,        0,   -6715642,          0
  6617,    79,   39000000,   32009537,        0,   -6990463,          0
  6617,    80,   39000000,   31997037,        0,   -7002963,          0
  6617,    81,   39000000,   32296203,        0,   -6703797,          0
  6617,    82,   39000000,   32010855,        0,   -6989145,          0
  6617,    83,   39000000,   32017859,        0,   -6982141,          0
  6617,    84,   39000000,   32288020,        0,   -6711980,          0
  6617,    85,   39000000,   31996876,        0,   -7003124,          0
  6617,    86,   39000000,   32013504,        0,   -6986496,          0
  6617,    87,   39000000,   32260698,        0,   -6739302,          0
  6617,    88,   39000000,   32012530,        0,   -6987470,          0
  6617,    89,   39000000,   31997332,        0,   -7002668,          0
  6617,    90,   39000000,   32011796,        0,   -6988204,          0
  6617,    91,   39000000,   32281510,        0,   -6718490,          0
  6617,    92,   39000000,   32002747,        0,   -6997253,          0
  6617,    93,   39000000,   32018230,        0,   -6981770,          0
  6617,    94,   39000000,   32281876,        0,   -6718124,          0
  6617,    95,   39000000,   32067241,        0,   -6932759,          0
  6617,    96,   39000000,   31999887,        0,   -7000113,          0
  6617,    97,   39000000,   32252295,        0,   -6747705,          0
  6617,    98,   39000000,   32011485,        0,   -6988515,          0
  6617,    99,   39000000,   32014913,        0,   -6985087,          0
  6617,   100,   39000000,   32289870,        0,   -6710130,          0
  6617,   101,   39000000,   32017081,        0,   -6982919,          0
  6617,   102,   39000000,   31993162,        0,   -7006838,          0
  6617,   103,   39000000,   32020122,        0,   -6979878,          0
  6617,   104,   39000000,   31994416,        0,   -7005584,          0
  6617,   105,   39000000,   32075140,        0,   -6924860,          0
  6617,   106,   39000000,   31999461,        0,   -7000539,          0
  6617,   107,   39000000,   32280591,        0,   -6719409,          0
  6617,   108,   39000000,   32025469,        0,   -6974531,          0
  6617,   109,   39000000,   31995479,        0,   -7004521,          0
  6617,   110,   39000000,   32261915,        0,   -6738085,          0
  6617,   111,   39000000,   31991041,        0,   -7008959,          0
  6617,   112,   39000000,   32003511,        0,   -6996489,          0
  6617,   113,   39000000,   32274153,        0,   -6725847,          0
  6617,   114,   39000000,   31998442,        0,   -7001558,          0
  6617,   115,   39000000,   31998387,        0,   -7001613,          0
  6617,   116,   39000000,   32271670,        0,   -6728330,          0
  6617,   117,   39000000,   31997636,        0,   -7002364,          0
  6617,   118,   39000000,   31997365,        0,   -7002635,          0
  6617,   119,   39000000,   32014299,        0,   -6985701,          0
  6617,   120,   39000000,   32010911,        0,   -6989089,          0
  6617,   121,   39000000,   32084065,        0,   -6915935,          0
  6617,   122,   39000000,   32022272,        0,   -6977728,          0
  6617,   123,   39000000,   32270014,        0,   -6729986,          0
  6617,   124,   39000000,   31997779,        0,   -7002221,          0
  6617,   125,   39000000,   31997022,        0,   -7002978,          0
  6617,   126,   39000000,   32286856,        0,   -6713144,          0
  6617,   127,   39000000,   32000480,        0,   -6999520,          0
  6617,   128,   39000000,   31996588,        0,   -7003412,          0
  6617,   129,   39000000,   32275426,        0,   -6724574,          0
  6617,   130,   39000000,   32012539,        0,   -6987461,          0
  6617,   131,   39000000,   32001581,        0,   -6998419,          0
  6617,   132,   39000000,   32263963,        0,   -6736037,          0
  6617,   133,   39000000,   32012867,        0,   -6987133,          0
  6617,   134,   39000000,   31994705,        0,   -7005295,          0
  6617,   135,   39000000,   31994448,        0,   -7005552,          0
  6617,   136,   39000000,   31986841,        0,   -7013159,          0
  6617,   137,   39000000,   32002466,        0,   -6997534,          0
  6617,   138,   39000000,   32002887,        0,   -6997113,          0
  6617,   139,   39000000,   32287480,        0,   -6712520,          0
  6617,   140,   39000000,   32013431,        0,   -6986569,          0
  6617,   141,   39000000,   32022318,        0,   -6977682,          0
  6617,   142,   39000000,   32273121,        0,   -6726879,          0
  6617,   143,   39000000,   31995814,        0,   -7004186,          0
  6617,   144,   39000000,   32019237,        0,   -6980763,          0
  6617,   145,   39000000,   32283839,        0,   -6716161,          0
  6617,   146,   39000000,   32060787,        0,   -6939213,          0
  6617,   147,   39000000,   31996375,        0,   -7003625,          0
  6617,   148,   39000000,   32285229,        0,   -6714771,          0
  6617,   149,   39000000,   31996117,        0,   -7003883,          0
  6617,   150,   39000000,   32000253,        0,   -6999747,          0
  6617,   151,   39000000,   31990674,        0,   -7009326,          0
  6617,   152,   39000000,   31998468,        0,   -7001532,          0
  6617,   153,   39000000,   31998221,        0,   -7001779,          0
  6617,   154,   39000000,   31998050,        0,   -7001950,          0
  6617,   155,   39000000,   32332073,        0,   -6667927,          0
  6617,   156,   39000000,   32020394,        0,   -6979606,          0
  6617,   157,   39000000,   31998173,        0,   -7001827,          0
  6617,   158,   39000000,   32283805,        0,   -6716195,          0
  6617,   159,   39000000,   31986735,        0,   -7013265,          0
  6617,   160,   39000000,   31997213,        0,   -7002787,          0
  6617,   161,   39000000,   32268906,        0,   -6731094,          0
  6617,   162,   39000000,   31996565,        0,   -7003435,          0
  6617,   163,   39000000,   32019447,        0,   -6980553,          0
  6617,   164,   39000000,   32284831,        0,   -6715169,          0
  6617,   165,   39000000,   32021762,        0,   -6978238,          0
  6617,   166,   39000000,   32004029,        0,   -6995971,          0
  6617,   167,   39000000,   32003610,        0,   -6996390,          0
  6617,   168,   39000000,   32004666,        0,   -6995334,          0
  6617,   169,   39000000,   31994846,        0,   -7005154,          0
  6617,   170,   39000000,   32014071,        0,   -6985929,          0
  6617,   171,   39000000,   32284243,        0,   -6715757,          0
  6617,   172,   39000000,   32076921,        0,   -6923079,          0
  6617,   173,   39000000,   32025361,        0,   -6974639,          0
  6617,   174,   39000000,   32298967,        0,   -6701033,          0
  6617,   175,   39000000,   32014497,        0,   -6985503,          0
  6617,   176,   39000000,   32014538,        0,   -6985462,          0
  6617,   177,   39000000,   32281275,        0,   -6718725,          0
  6617,   178,   39000000,   32002735,        0,   -6997265,          0
  6617,   179,   39000000,   32013573,        0,   -6986427,          0
  6617,   180,   39000000,   32287226,        0,   -6712774,          0
  6617,   181,   39000000,   32023901,        0,   -6976099,          0
  6617,   182,   39000000,   31995685,        0,   -7004315,          0
  6617,   183,   39000000,   31999125,        0,   -7000875,          0
  6617,   184,   39000000,   31985492,        0,   -7014508,          0
  6617,   185,   39000000,   32024657,        0,   -6975343,          0
  6617,   186,   39000000,   32274592,        0,   -6725408,          0
  6617,   187,   39000000,   32287065,        0,   -6712935,          0
  6617,   188,   39000000,   32014690,        0,   -6985310,          0
  6617,   189,   39000000,   32020202,        0,   -6979798,          0
  6617,   190,   39000000,   32290169,        0,   -6709831,          0
  6617,   191,   39000000,   31993546,        0,   -7006454,          0
  6617,   192,   39000000,   32003527,        0,   -6996473,          0
  6617,   193,   39000000,   32294218,        0,   -6705782,          0
  6617,   194,   39000000,   32014370,        0,   -6985630,          0
  6617,   195,   39000000,   32016740,        0,   -6983260,          0
  6617,   196,   39000000,   32288465,        0,   -6711535,          0
  6617,   197,   39000000,   31988590,        0,   -7011410,          0
  6617,   198,   39000000,   32088605,        0,   -6911395,          0
  6617,   199,   39000000,   31996457,        0,   -7003543,          0
  6617,   200,   39000000,   31994805,        0,   -7005195,          0
  6617,   201,   39000000,   32019128,        0,   -6980872,          0
  6617,   202,   39000000,   32011003,        0,   -6988997,          0
  6617,   203,   39000000,   32294798,        0,   -6705202,          0
  6617,   204,   39000000,   31986832,        0,   -7013168,          0
  6617,   205,   39000000,   32004169,        0,   -6995831,          0
  6617,   206,   39000000,   32271762,        0,   -6728238,          0
  6617,   207,   39000000,   31997799,        0,   -7002201,          0
  6617,   208,   39000000,   32016589,        0,   -6983411,          0
  6617,   209,   39000000,   32279235,        0,   -6720765,          0
  6617,   210,   39000000,   32070521,        0,   -6929479,          0
  6617,   211,   39000000,   31995199,        0,   -7004801,          0
  6617,   212,   39000000,   32286509,        0,   -6713491,          0
  6617,   213,   39000000,   31999745,        0,   -7000255,          0
  6617,   214,   39000000,   32002146,        0,   -6997854,          0
  6617,   215,   39000000,   31995121,        0,   -7004879,          0
  6617,   216,   39000000,   32291473,        0,   -6708527,          0
  6617,   217,   39000000,   32013426,        0,   -6986574,          0
  6617,   218,   39000000,   32021298,        0,   -6978702,          0
  6617,   219,   39000000,   32283338,        0,   -6716662,          0
  6617,   220,   39000000,   32000564,        0,   -6999436,          0
  6617,   221,   39000000,   31989155,        0,   -7010845,          0
  6617,   222,   39000000,   32289674,        0,   -6710326,          0
  6617,   223,   39000000,   32086457,        0,   -6913543,          0
  6617,   224,   39000000,   31998786,        0,   -7001214,          0
  6617,   225,   39000000,   32272612,        0,   -6727388,          0
  6617,   226,   39000000,   32018322,        0,   -6981678,          0
  6617,   227,   39000000,   31995381,        0,   -7004619,          0
  6617,   228,   39000000,   32000519,        0,   -6999481,          0
  6617,   229,   39000000,   31990665,        0,   -7009335,          0
  6617,   230,   39000000,   31991975,        0,   -7008025,          0
  6617,   231,   39000000,   32020651,        0,   -6979349,          0
  6617,   232,   39000000,   32292944,        0,   -6707056,          0
  6617,   233,   39000000,   32001962,        0,   -6998038,          0
  6617,   234,   39000000,   31981156,        0,   -7018844,          0
  6617,   235,   39000000,   32289705,        0,   -6710295,          0
  6617,   236,   39000000,   31996452,        0,   -7003548,          0
  6617,   237,   39000000,   31991578,        0,   -7008422,          0
  6617,   238,   39000000,   32277597,        0,   -6722403,          0
  6617,   239,   39000000,   32004359,        0,   -6995641,          0
  6617,   240,   39000000,   32003451,        0,   -6996549,          0
  6617,   241,   39000000,   32291458,        0,   -6708542,          0
  6617,   242,   39000000,   32002107,        0,   -6997893,          0
  6617,   243,   39000000,   31995897,        0,   -7004103,          0
  6617,   244,   39000000,   32019507,        0,   -6980493,          0
  6617,   245,   39000000,   32022596,        0,   -6977404,          0
  6617,   246,   39000000,   31992714,        0,   -7007286,          0
  6617,   247,   39000000,   31993336,        0,   -7006664,          0
  6617,   248,   39000000,   32292047,        0,   -6707953,          0
  6617,   249,   39000000,   32072088,        0,   -6927912,          0
  6617,   250,   39000000,   31996034,        0,   -7003966,          0
  6617,   251,   39000000,   32290545,        0,   -6709455,          0
  6617,   252,   39000000,   32018822,        0,   -6981178,          0
  6617,   253,   39000000,   32002326,        0,   -6997674,          0
  6617,   254,   39000000,   32281100,        0,   -6718900,          0
  6617,   255,   39000000,   31995962,        0,   -7004038,          0
  6617,   256,   39000000,   32014301,        0,   -6985699,          0
  6617,   257,   39000000,   32272766,        0,   -6727234,          0
  6617,   258,   39000000,   32043207,        0,   -6956793,          0
  6617,   259,   39000000,   32062689,        0,   -6937311,          0
  6617,   260,   39000000,   31997291,        0,   -7002709,          0
# task NAME=myapp PID=6620 COST=2474000 PERIOD=15000000 CPU=0
  6620,     2,   15000000,       6185,        0,  -14993815,          0
  6620,     3,   15000000,      55139,        0,  -14944861,          0
  6620,     4,   15000000,    3502139,        0,  -11497861,          0
  6620,     5,   15000000,    2469332,        0,  -12530668,          0
  6620,     6,   15000000,    2443343,        0,  -12556657,          0
  6620,     7,   15000000,    2445313,        0,  -12554687,          0
  6620,     8,   15000000,    2467933,        0,  -12532067,          0
  6620,     9,   15000000,    2446215,        0,  -12553785,          0
  6620,    10,   15000000,    2444339,        0,  -12555661,          0
  6620,    11,   15000000,    2447605,        0,  -12552395,          0
  6620,    12,   15000000,    2445526,        0,  -12554474,          0
  6620,    13,   15000000,    2469982,        0,  -12530018,          0
  6620,    14,   15000000,    2442408,        0,  -12557592,          0
  6620,    15,   15000000,    2719601,        0,  -12280399,          0
  6620,    16,   15000000,    2470720,        0,  -12529280,          0
  6620,    17,   15000000,    2444148,        0,  -12555852,          0
  6620,    18,   15000000,    2443788,        0,  -12556212,          0
  6620,    19,   15000000,    2444802,        0,  -12555198,          0
  6620,    20,   15000000,    2444796,        0,  -12555204,          0
  6620,    21,   15000000,    2475641,        0,  -12524359,          0
  6620,    22,   15000000,    2445073,        0,  -12554927,          0
  6620,    23,   15000000,    2446097,        0,  -12553903,          0
  6620,    24,   15000000,    2445018,        0,  -12554982,          0
  6620,    25,   15000000,    2444822,        0,  -12555178,          0
  6620,    26,   15000000,    2469787,        0,  -12530213,          0
  6620,    27,   15000000,    2445925,        0,  -12554075,          0
  6620,    28,   15000000,    2446580,        0,  -12553420,          0
  6620,    29,   15000000,    2470924,        0,  -12529076,          0
  6620,    30,   15000000,    2444315,        0,  -12555685,          0
  6620,    31,   15000000,    2441897,        0,  -12558103,          0
  6620,    32,   15000000,    2443270,        0,  -12556730,          0
  6620,    33,   15000000,    2444635,        0,  -12555365,          0
  6620,    34,   15000000,    2466375,        0,  -12533625,          0
  6620,    35,   15000000,    2446775,        0,  -12553225,          0
  6620,    36,   15000000,    2446117,        0,  -12553883,          0
  6620,    37,   15000000,    2445193,        0,  -12554807,          0
  6620,    38,   15000000,    2445135,        0,  -12554865,          0
  6620,    39,   15000000,    2473456,        0,  -12526544,          0
  6620,    40,   15000000,    2725290,        0,  -12274710,          0
  6620,    41,   15000000,    2445690,        0,  -12554310,          0
  6620,    42,   15000000,    2471379,        0,  -12528621,          0
  6620,    43,   15000000,    2445580,        0,  -12554420,          0
  6620,    44,   15000000,    2445404,        0,  -12554596,          0
  6620,    45,   15000000,    2444369,        0,  -12555631,          0
  6620,    46,   15000000,    2445790,        0,  -12554210,          0
  6620,    47,   15000000,    2468763,        0,  -12531237,          0
  6620,    48,   15000000,    2446843,        0,  -12553157,          0
  6620,    49,   15000000,    2444878,        0,  -12555122,          0
  6620,    50,   15000000,    2444092,        0,  -12555908,          0
  6620,    51,   15000000,    2448743,        0,  -12551257,          0
  6620,    52,   15000000,    2470365,        0,  -12529635,          0
  6620,    53,   15000000,    2445404,        0,  -12554596,          0
  6620,    54,   15000000,    2446478,        0,  -12553522,          0
  6620,    55,   15000000,    2474014,        0,  -12525986,          0
  6620,    56,   15000000,    2444978,        0,  -12555022,          0
  6620,    57,   15000000,    2445327,        0,  -12554673,          0
  6620,    58,   15000000,    2443519,        0,  -12556481,          0
  6620,    59,   15000000,    2445385,        0,  -12554615,          0
  6620,    60,   15000000,    2465722,        0,  -12534278,          0
  6620,    61,   15000000,    2444980,        0,  -12555020,          0
  6620,    62,   15000000,    2444798,        0,  -12555202,          0
  6620,    63,   15000000,    2444690,        0,  -12555310,          0
  6620,    64,   15000000,    2446344,        0,  -12553656,          0
  6620,    65,   15000000,    2755825,        0,  -12244175,          0
  6620,    66,   15000000,    2445730,        0,  -12554270,          0
  6620,    67,   15000000,    2446121,        0,  -12553879,          0
  6620,    68,   15000000,    2472298,        0,  -12527702,          0
  6620,    69,   15000000,    2445931,        0,  -12554069,          0
  6620,    70,   15000000,    2446153,        0,  -12553847,          0
  6620,    71,   15000000,    2442921,        0,  -12557079,          0
  6620,    72,   15000000,    2444517,        0,  -12555483,          0
  6620,    73,   15000000,    2470760,        0,  -12529240,          0
  6620,    74,   15000000,    2444599,        0,  -12555401,          0
  6620,    75,   15000000,    2444674,        0,  -12555326,          0
  6620,    76,   15000000,    2445071,        0,  -12554929,          0
  6620,    77,   15000000,    2445909,        0,  -12554091,          0
  6620,    78,   15000000,    2468709,        0,  -12531291,          0
  6620,    79,   15000000,    2443830,        0,  -12556170,          0
  6620,    80,   15000000,    2445686,        0,  -12554314,          0
  6620,    81,   15000000,    2471119,        0,  -12528881,          0
  6620,    82,   15000000,    2445656,        0,  -12554344,          0
  6620,    83,   15000000,    2444882,        0,  -12555118,          0
  6620,    84,   15000000,    2444521,        0,  -12555479,          0
  6620,    85,   15000000,    2444619,        0,  -12555381,          0
  6620,    86,   15000000,    2470100,        0,  -12529900,          0
  6620,    87,   15000000,    2441773,        0,  -12558227,          0
  6620,    88,   15000000,    2442959,        0,  -12557041,          0
  6620,    89,   15000000,    2447300,        0,  -12552700,          0
  6620,    90,   15000000,    2727082,        0,  -12272918,          0
  6620,    91,   15000000,    2467045,        0,  -12532955,          0
  6620,    92,   15000000,    2445794,        0,  -12554206,          0
  6620,    93,   15000000,    2446901,        0,  -12553099,          0
  6620,    94,   15000000,    2472484,        0,  -12527516,          0
  6620,    95,   15000000,    2445297,        0,  -12554703,          0
  6620,    96,   15000000,    2446303,        0,  -12553697,          0
  6620,    97,   15000000,    2444844,        0,  -12555156,          0
  6620,    98,   15000000,    2445882,        0,  -12554118,          0
  6620,    99,   15000000,    2470226,        0,  -12529774,          0
  6620,   100,   15000000,    2446722,        0,  -12553278,          0
  6620,   101,   15000000,    2445347,        0,  -12554653,          0
  6620,   102,   15000000,    2443801,        0,  -12556199,          0
  6620,   103,   15000000,    2446291,        0,  -12553709,          0
  6620,   104,   15000000,    2465050,        0,  -12534950,          0
  6620,   105,   15000000,    2445676,        0,  -12554324,          0
  6620,   106,   15000000,    2444303,        0,  -12555697,          0
  6620,   107,   15000000,    2469817,        0,  -12530183,          0
  6620,   108,   15000000,    2443715,        0,  -12556285,          0
  6620,   109,   15000000,    2444716,        0,  -12555284,          0
  6620,   110,   15000000,    2442392,        0,  -12557608,          0
  6620,   111,   15000000,    2444961,        0,  -12555039,          0
  6620,   112,   15000000,    2469758,        0,  -12530242,          0
  6620,   113,   15000000,    2444175,        0,  -12555825,          0
  6620,   114,   15000000,    2446353,        0,  -12553647,          0
  6620,   115,   15000000,    2727975,        0,  -12272025,          0
  6620,   116,   15000000,    2445633,        0,  -12554367,          0
  6620,   117,   15000000,    2468940,        0,  -12531060,          0
  6620,   118,   15000000,    2442187,        0,  -12557813,          0
  6620,   119,   15000000,    2444560,        0,  -12555440,          0
  6620,   120,   15000000,    2469239,        0,  -12530761,          0
  6620,   121,   15000000,    2445063,        0,  -12554937,          0
  6620,   122,   15000000,    2444725,        0,  -12555275,          0
  6620,   123,   15000000,    2442892,        0,  -12557108,          0
  6620,   124,   15000000,    2444791,        0,  -12555209,          0
  6620,   125,   15000000,    2463195,        0,  -12536805,          0
  6620,   126,   15000000,    2446681,        0,  -12553319,          0
  6620,   127,   15000000,    2446753,        0,  -12553247,          0
  6620,   128,   15000000,    2446212,        0,  -12553788,          0
  6620,   129,   15000000,    2445901,        0,  -12554099,          0
  6620,   130,   15000000,    2470454,        0,  -12529546,          0
  6620,   131,   15000000,    2444546,        0,  -12555454,          0
  6620,   132,   15000000,    2444273,        0,  -12555727,          0
  6620,   133,   15000000,    2471552,        0,  -12528448,          0
  6620,   134,   15000000,    2445506,        0,  -12554494,          0
  6620,   135,   15000000,    2442485,        0,  -12557515,          0
  6620,   136,   15000000,    2442676,        0,  -12557324,          0
  6620,   137,   15000000,    2445456,        0,  -12554544,          0
  6620,   138,   15000000,    2467671,        0,  -12532329,          0
  6620,   139,   15000000,    2447377,        0,  -12552623,          0
  6620,   140,   15000000,    2720435,        0,  -12279565,          0
  6620,   141,   15000000,    2444023,        0,  -12555977,          0
  6620,   142,   15000000,    2444943,        0,  -12555057,          0
  6620,   143,   15000000,    2471252,        0,  -12528748,          0
  6620,   144,   15000000,    2443229,        0,  -12556771,          0
  6620,   145,   15000000,    2442509,        0,  -12557491,          0
  6620,   146,   15000000,    2471781,        0,  -12528219,          0
  6620,   147,   15000000,    2444283,        0,  -12555717,          0
  6620,   148,   15000000,    2443923,        0,  -12556077,          0
  6620,   149,   15000000,    2445500,        0,  -12554500,          0
  6620,   150,   15000000,    2445159,        0,  -12554841,          0
  6620,   151,   15000000,    2465807,        0,  -12534193,          0
  6620,   152,   15000000,    2444159,        0,  -12555841,          0
  6620,   153,   15000000,    2445272,        0,  -12554728,          0
  6620,   154,   15000000,    2443526,        0,  -12556474,          0
  6620,   155,   15000000,    2446637,        0,  -12553363,          0
  6620,   156,   15000000,    2467202,        0,  -12532798,          0
  6620,   157,   15000000,    2444466,        0,  -12555534,          0
  6620,   158,   15000000,    2442475,        0,  -12557525,          0
  6620,   159,   15000000,    2471137,        0,  -12528863,          0
  6620,   160,   15000000,    2445570,        0,  -12554430,          0
  6620,   161,   15000000,    2445711,        0,  -12554289,          0
  6620,   162,   15000000,    2445264,        0,  -12554736,          0
  6620,   163,   15000000,    2446238,        0,  -12553762,          0
  6620,   164,   15000000,    2465706,        0,  -12534294,          0
  6620,   165,   15000000,    2708525,        0,  -12291475,          0
  6620,   166,   15000000,    2446100,        0,  -12553900,          0
  6620,   167,   15000000,    2443746,        0,  -12556254,          0
  6620,   168,   15000000,    2446302,        0,  -12553698,          0
  6620,   169,   15000000,    2470951,        0,  -12529049,          0
  6620,   170,   15000000,    2444231,        0,  -12555769,          0
  6620,   171,   15000000,    2444714,        0,  -12555286,          0
  6620,   172,   15000000,    2472511,        0,  -12527489,          0
  6620,   173,   15000000,    2445743,        0,  -12554257,          0
  6620,   174,   15000000,    2444173,        0,  -12555827,          0
  6620,   175,   15000000,    2443090,        0,  -12556910,          0
  6620,   176,   15000000,    2445193,        0,  -12554807,          0
  6620,   177,   15000000,    2469594,        0,  -12530406,          0
  6620,   178,   15000000,    2444598,        0,  -12555402,          0
  6620,   179,   15000000,    2446835,        0,  -12553165,          0
  6620,   180,   15000000,    2443904,        0,  -12556096,          0
  6620,   181,   15000000,    2443000,        0,  -12557000,          0
  6620,   182,   15000000,    2464389,        0,  -12535611,          0
  6620,   183,   15000000,    2443762,        0,  -12556238,          0
  6620,   184,   15000000,    2444037,        0,  -12555963,          0
  6620,   185,   15000000,    2474439,        0,  -12525561,          0
  6620,   186,   15000000,    2445687,        0,  -12554313,          0
  6620,   187,   15000000,    2443692,        0,  -12556308,          0
  6620,   188,   15000000,    2444297,        0,  -12555703,          0
  6620,   189,   15000000,    2446246,        0,  -12553754,          0
  6620,   190,   15000000,    2745266,        0,  -12254734,          0
  6620,   191,   15000000,    2445245,        0,  -12554755,          0
  6620,   192,   15000000,    2446813,        0,  -12553187,          0
  6620,   193,   15000000,    2443910,        0,  -12556090,          0
  6620,   194,   15000000,    2444353,        0,  -12555647,          0
  6620,   195,   15000000,    2469060,        0,  -12530940,          0
  6620,   196,   15000000,    2444618,        0,  -12555382,          0
  6620,   197,   15000000,    2443507,        0,  -12556493,          0
  6620,   198,   15000000,    2471364,        0,  -12528636,          0
  6620,   199,   15000000,    2443996,        0,  -12556004,          0
  6620,   200,   15000000,    2446126,        0,  -12553874,          0
  6620,   201,   15000000,    2442772,        0,  -12557228,          0
  6620,   202,   15000000,    2446230,        0,  -12553770,          0
  6620,   203,   15000000,    2469656,        0,  -12530344,          0
  6620,   204,   15000000,    2446661,        0,  -12553339,          0
  6620,   205,   15000000,    2444644,        0,  -12555356,          0
  6620,   206,   15000000,    2440302,        0,  -12559698,          0
  6620,   207,   15000000,    2445298,        0,  -12554702,          0
  6620,   208,   15000000,    2470044,        0,  -12529956,          0
  6620,   209,   15000000,    2445185,        0,  -12554815,          0
  6620,   210,   15000000,    2444502,        0,  -12555498,          0
  6620,   211,   15000000,    2469184,        0,  -12530816,          0
  6620,   212,   15000000,    2443501,        0,  -12556499,          0
  6620,   213,   15000000,    2443916,        0,  -12556084,          0
  6620,   214,   15000000,    2442689,        0,  -12557311,          0
  6620,   215,   15000000,    2714828,        0,  -12285172,          0
  6620,   216,   15000000,    2468539,        0,  -12531461,          0
  6620,   217,   15000000,    2441705,        0,  -12558295,          0
  6620,   218,   15000000,    2444907,        0,  -12555093,          0
  6620,   219,   15000000,    2446274,        0,  -12553726,          0
  6620,   220,   15000000,    2444558,        0,  -12555442,          0
  6620,   221,   15000000,    2468443,        0,  -12531557,          0
  6620,   222,   15000000,    2444357,        0,  -12555643,          0
  6620,   223,   15000000,    2444512,        0,  -12555488,          0
  6620,   224,   15000000,    2470764,        0,  -12529236,          0
  6620,   225,   15000000,    2444522,        0,  -12555478,          0
  6620,   226,   15000000,    2445524,        0,  -12554476,          0
  6620,   227,   15000000,    2444233,        0,  -12555767,          0
  6620,   228,   15000000,    2445598,        0,  -12554402,          0
  6620,   229,   15000000,    2472564,        0,  -12527436,          0
  6620,   230,   15000000,    2443886,        0,  -12556114,          0
  6620,   231,   15000000,    2445105,        0,  -12554895,          0
  6620,   232,   15000000,    2443329,        0,  -12556671,          0
  6620,   233,   15000000,    2444078,        0,  -12555922,          0
  6620,   234,   15000000,    2471015,        0,  -12528985,          0
  6620,   235,   15000000,    2443469,        0,  -12556531,          0
  6620,   236,   15000000,    2444217,        0,  -12555783,          0
  6620,   237,   15000000,    2469689,        0,  -12530311,          0
  6620,   238,   15000000,    2443541,        0,  -12556459,          0
  6620,   239,   15000000,    2444572,        0,  -12555428,          0
  6620,   240,   15000000,    2717776,        0,  -12282224,          0
  6620,   241,   15000000,    2441931,        0,  -12558069,          0
  6620,   242,   15000000,    2472155,        0,  -12527845,          0
  6620,   243,   15000000,    2444776,        0,  -12555224,          0
  6620,   244,   15000000,    2443084,        0,  -12556916,          0
  6620,   245,   15000000,    2443641,        0,  -12556359,          0
  6620,   246,   15000000,    2444439,        0,  -12555561,          0
  6620,   247,   15000000,    2464426,        0,  -12535574,          0
  6620,   248,   15000000,    2445944,        0,  -12554056,          0
  6620,   249,   15000000,    2443823,        0,  -12556177,          0
  6620,   250,   15000000,    2468943,        0,  -12531057,          0
  6620,   251,   15000000,    2445622,        0,  -12554378,          0
  6620,   252,   15000000,    2444609,        0,  -12555391,          0
  6620,   253,   15000000,    2444353,        0,  -12555647,          0
  6620,   254,   15000000,    2445515,        0,  -12554485,          0
  6620,   255,   15000000,    2469086,        0,  -12530914,          0
  6620,   256,   15000000,    2444427,        0,  -12555573,          0
  6620,   257,   15000000,    2444701,        0,  -12555299,          0
  6620,   258,   15000000,    2444850,        0,  -12555150,          0
  6620,   259,   15000000,    2444713,        0,  -12555287,          0
  6620,   260,   15000000,    2470461,        0,  -12529539,          0
  6620,   261,   15000000,    2444264,        0,  -12555736,          0
  6620,   262,   15000000,    2446343,        0,  -12553657,          0
  6620,   263,   15000000,    2469180,        0,  -12530820,          0
  6620,   264,   15000000,    2443845,        0,  -12556155,          0
  6620,   265,   15000000,    2722086,        0,  -12277914,          0
  6620,   266,   15000000,    2444625,        0,  -12555375,          0
  6620,   267,   15000000,    2443745,        0,  -12556255,          0
  6620,   268,   15000000,    2467734,        0,  -12532266,          0
  6620,   269,   15000000,    2445820,        0,  -12554180,          0
  6620,   270,   15000000,    2446343,        0,  -12553657,          0
  6620,   271,   15000000,    2443521,        0,  -12556479,          0
  6620,   272,   15000000,    2444062,        0,  -12555938,          0
  6620,   273,   15000000,    2470900,        0,  -12529100,          0
  6620,   274,   15000000,    2444312,        0,  -12555688,          0
  6620,   275,   15000000,    2443575,        0,  -12556425,          0
  6620,   276,   15000000,    2470956,        0,  -12529044,          0
  6620,   277,   15000000,    2444589,        0,  -12555411,          0
  6620,   278,   15000000,    2444302,        0,  -12555698,          0
  6620,   279,   15000000,    2441267,        0,  -12558733,          0
  6620,   280,   15000000,    2443703,        0,  -12556297,          0
  6620,   281,   15000000,    2469771,        0,  -12530229,          0
  6620,   282,   15000000,    2445134,        0,  -12554866,          0
  6620,   283,   15000000,    2445243,        0,  -12554757,          0
  6620,   284,   15000000,    2444697,        0,  -12555303,          0
  6620,   285,   15000000,    2446056,        0,  -12553944,          0
  6620,   286,   15000000,    2470457,        0,  -12529543,          0
  6620,   287,   15000000,    2442815,        0,  -12557185,          0
  6620,   288,   15000000,    2444549,        0,  -12555451,          0
  6620,   289,   15000000,    2474418,        0,  -12525582,          0
  6620,   290,   15000000,    2708536,        0,  -12291464,          0
  6620,   291,   15000000,    2444575,        0,  -12555425,          0
  6620,   292,   15000000,    2442795,        0,  -12557205,          0
  6620,   293,   15000000,    2447325,        0,  -12552675,          0
  6620,   294,   15000000,    2468863,        0,  -12531137,          0
  6620,   295,   15000000,    2443947,        0,  -12556053,          0
  6620,   296,   15000000,    2445698,        0,  -12554302,          0
  6620,   297,   15000000,    2443043,        0,  -12556957,          0
  6620,   298,   15000000,    2445782,        0,  -12554218,          0
  6620,   299,   15000000,    2467089,        0,  -12532911,          0
  6620,   300,   15000000,    2444382,        0,  -12555618,          0
  6620,   301,   15000000,    2444972,        0,  -12555028,          0
  6620,   302,   15000000,    2469298,        0,  -12530702,          0
  6620,   303,   15000000,    2443326,        0,  -12556674,          0
  6620,   304,   15000000,    2440421,        0,  -12559579,          0
  6620,   305,   15000000,    2439667,        0,  -12560333,          0
  6620,   306,   15000000,    2445008,        0,  -12554992,          0
  6620,   307,   15000000,    2466980,        0,  -12533020,          0
  6620,   308,   15000000,    2443675,        0,  -12556325,          0
  6620,   309,   15000000,    2443386,        0,  -12556614,          0
  6620,   310,   15000000,    2445040,        0,  -12554960,          0
  6620,   311,   15000000,    2443842,        0,  -12556158,          0
  6620,   312,   15000000,    2466756,        0,  -12533244,          0
  6620,   313,   15000000,    2444241,        0,  -12555759,          0
  6620,   314,   15000000,    2442801,        0,  -12557199,          0
  6620,   315,   15000000,    2738405,        0,  -12261595,          0
  6620,   316,   15000000,    2447665,        0,  -12552335,          0
  6620,   317,   15000000,    2444347,        0,  -12555653,          0
  6620,   318,   15000000,    2443391,        0,  -12556609,          0
  6620,   319,   15000000,    2443956,        0,  -12556044,          0
  6620,   320,   15000000,    2470373,        0,  -12529627,          0
  6620,   321,   15000000,    2445347,        0,  -12554653,          0
  6620,   322,   15000000,    2445776,        0,  -12554224,          0
  6620,   323,   15000000,    2443866,        0,  -12556134,          0
  6620,   324,   15000000,    2445872,        0,  -12554128,          0
  6620,   325,   15000000,    2465964,        0,  -12534036,          0
  6620,   326,   15000000,    2445818,        0,  -12554182,          0
  6620,   327,   15000000,    2441662,        0,  -12558338,          0
  6620,   328,   15000000,    2469926,        0,  -12530074,          0
  6620,   329,   15000000,    2445678,        0,  -12554322,          0
  6620,   330,   15000000,    2446392,        0,  -12553608,          0
  6620,   331,   15000000,    2443577,        0,  -12556423,          0
  6620,   332,   15000000,    2445167,        0,  -12554833,          0
  6620,   333,   15000000,    2467716,        0,  -12532284,          0
  6620,   334,   15000000,    2443501,        0,  -12556499,          0
  6620,   335,   15000000,    2444210,        0,  -12555790,          0
  6620,   336,   15000000,    2443773,        0,  -12556227,          0
  6620,   337,   15000000,    2443928,        0,  -12556072,          0
  6620,   338,   15000000,    2466995,        0,  -12533005,          0
  6620,   339,   15000000,    2444794,        0,  -12555206,          0
  6620,   340,   15000000,    2707351,        0,  -12292649,          0
  6620,   341,   15000000,    2471620,        0,  -12528380,          0
  6620,   342,   15000000,    2446931,        0,  -12553069,          0
  6620,   343,   15000000,    2444473,        0,  -12555527,          0
  6620,   344,   15000000,    2443132,        0,  -12556868,          0
  6620,   345,   15000000,    2443366,        0,  -12556634,          0
  6620,   346,   15000000,    2475218,        0,  -12524782,          0
  6620,   347,   15000000,    2446426,        0,  -12553574,          0
  6620,   348,   15000000,    2443809,        0,  -12556191,          0
  6620,   349,   15000000,    2445630,        0,  -12554370,          0
  6620,   350,   15000000,    2444794,        0,  -12555206,          0
  6620,   351,   15000000,    2468023,        0,  -12531977,          0
  6620,   352,   15000000,    2443493,        0,  -12556507,          0
  6620,   353,   15000000,    2445367,        0,  -12554633,          0
  6620,   354,   15000000,    2471513,        0,  -12528487,          0
  6620,   355,   15000000,    2445465,        0,  -12554535,          0
  6620,   356,   15000000,    2444146,        0,  -12555854,          0
  6620,   357,   15000000,    2443605,        0,  -12556395,          0
  6620,   358,   15000000,    2444419,        0,  -12555581,          0
  6620,   359,   15000000,    2466197,        0,  -12533803,          0
  6620,   360,   15000000,    2445068,        0,  -12554932,          0
  6620,   361,   15000000,    2445962,        0,  -12554038,          0
  6620,   362,   15000000,    2444391,        0,  -12555609,          0
  6620,   363,   15000000,    2445551,        0,  -12554449,          0
  6620,   364,   15000000,    2470675,        0,  -12529325,          0
  6620,   365,   15000000,    2704581,        0,  -12295419,          0
  6620,   366,   15000000,    2445702,        0,  -12554298,          0
  6620,   367,   15000000,    2470727,        0,  -12529273,          0
  6620,   368,   15000000,    2444872,        0,  -12555128,          0
  6620,   369,   15000000,    2441630,        0,  -12558370,          0
  6620,   370,   15000000,    2443482,        0,  -12556518,          0
  6620,   371,   15000000,    2444341,        0,  -12555659,          0
  6620,   372,   15000000,    2471064,        0,  -12528936,          0
  6620,   373,   15000000,    2443376,        0,  -12556624,          0
  6620,   374,   15000000,    2444910,        0,  -12555090,          0
  6620,   375,   15000000,    2441181,        0,  -12558819,          0
  6620,   376,   15000000,    2443234,        0,  -12556766,          0
  6620,   377,   15000000,    2446082,        0,  -12553918,          0
  6620,   378,   15000000,    2442587,        0,  -12557413,          0
  6620,   379,   15000000,    2447555,        0,  -12552445,          0
  6620,   380,   15000000,    2467084,        0,  -12532916,          0
  6620,   381,   15000000,    2444923,        0,  -12555077,          0
  6620,   382,   15000000,    2445841,        0,  -12554159,          0
  6620,   383,   15000000,    2444199,        0,  -12555801,          0
  6620,   384,   15000000,    2446725,        0,  -12553275,          0
  6620,   385,   15000000,    2462549,        0,  -12537451,          0
  6620,   386,   15000000,    2444482,        0,  -12555518,          0
  6620,   387,   15000000,    2443385,        0,  -12556615,          0
  6620,   388,   15000000,    2446052,        0,  -12553948,          0
  6620,   389,   15000000,    2444201,        0,  -12555799,          0
  6620,   390,   15000000,    2732165,        0,  -12267835,          0
  6620,   391,   15000000,    2444362,        0,  -12555638,          0
  6620,   392,   15000000,    2448211,        0,  -12551789,          0
  6620,   393,   15000000,    2472665,        0,  -12527335,          0
  6620,   394,   15000000,    2443676,        0,  -12556324,          0
  6620,   395,   15000000,    2443748,        0,  -12556252,          0
  6620,   396,   15000000,    2444297,        0,  -12555703,          0
  6620,   397,   15000000,    2443431,        0,  -12556569,          0
  6620,   398,   15000000,    2469856,        0,  -12530144,          0
  6620,   399,   15000000,    2446663,        0,  -12553337,          0
  6620,   400,   15000000,    2454011,        0,  -12545989,          0
  6620,   401,   15000000,    2443437,        0,  -12556563,          0
  6620,   402,   15000000,    2442824,        0,  -12557176,          0
  6620,   403,   15000000,    2467380,        0,  -12532620,          0
  6620,   404,   15000000,    2444588,        0,  -12555412,          0
  6620,   405,   15000000,    2442842,        0,  -12557158,          0
  6620,   406,   15000000,    2472314,        0,  -12527686,          0
  6620,   407,   15000000,    2444831,        0,  -12555169,          0
  6620,   408,   15000000,    2446054,        0,  -12553946,          0
  6620,   409,   15000000,    2443169,        0,  -12556831,          0
  6620,   410,   15000000,    2446110,        0,  -12553890,          0
  6620,   411,   15000000,    2473216,        0,  -12526784,          0
  6620,   412,   15000000,    2444273,        0,  -12555727,          0
  6620,   413,   15000000,    2444742,        0,  -12555258,          0
  6620,   414,   15000000,    2446210,        0,  -12553790,          0
  6620,   415,   15000000,    2710744,        0,  -12289256,          0
  6620,   416,   15000000,    2469511,        0,  -12530489,          0
  6620,   417,   15000000,    2445895,        0,  -12554105,          0
  6620,   418,   15000000,    2444398,        0,  -12555602,          0
  6620,   419,   15000000,    2469355,        0,  -12530645,          0
  6620,   420,   15000000,    2445937,        0,  -12554063,          0
  6620,   421,   15000000,    2443680,        0,  -12556320,          0
  6620,   422,   15000000,    2442535,        0,  -12557465,          0
  6620,   423,   15000000,    2446094,        0,  -12553906,          0
  6620,   424,   15000000,    2467729,        0,  -12532271,          0
  6620,   425,   15000000,    2445129,        0,  -12554871,          0
  6620,   426,   15000000,    2445011,        0,  -12554989,          0
  6620,   427,   15000000,    2445063,        0,  -12554937,          0
  6620,   428,   15000000,    2444494,        0,  -12555506,          0
  6620,   429,   15000000,    2465387,        0,  -12534613,          0
  6620,   430,   15000000,    2446292,        0,  -12553708,          0
  6620,   431,   15000000,    2445432,        0,  -12554568,          0
  6620,   432,   15000000,    2470760,        0,  -12529240,          0
  6620,   433,   15000000,    2444315,        0,  -12555685,          0
  6620,   434,   15000000,    2444151,        0,  -12555849,          0
  6620,   435,   15000000,    2444065,        0,  -12555935,          0
  6620,   436,   15000000,    2447020,        0,  -12552980,          0
  6620,   437,   15000000,    2476360,        0,  -12523640,          0
  6620,   438,   15000000,    2445727,        0,  -12554273,          0
  6620,   439,   15000000,    2443453,        0,  -12556547,          0
  6620,   440,   15000000,    2441198,        0,  -12558802,          0
  6620,   441,   15000000,    2445434,        0,  -12554566,          0
  6620,   442,   15000000,    2470971,        0,  -12529029,          0
  6620,   443,   15000000,    2444061,        0,  -12555939,          0
  6620,   444,   15000000,    2443977,        0,  -12556023,          0
  6620,   445,   15000000,    2470187,        0,  -12529813,          0
  6620,   446,   15000000,    2443983,        0,  -12556017,          0
  6620,   447,   15000000,    2445833,        0,  -12554167,          0
  6620,   448,   15000000,    2444233,        0,  -12555767,          0
  6620,   449,   15000000,    2445254,        0,  -12554746,          0
  6620,   450,   15000000,    2468495,        0,  -12531505,          0
  6620,   451,   15000000,    2446491,        0,  -12553509,          0
  6620,   452,   15000000,    2444905,        0,  -12555095,          0
  6620,   453,   15000000,    2444959,        0,  -12555041,          0
  6620,   454,   15000000,    2445137,        0,  -12554863,          0
  6620,   455,   15000000,    2469660,        0,  -12530340,          0
  6620,   456,   15000000,    2444474,        0,  -12555526,          0
  6620,   457,   15000000,    2446018,        0,  -12553982,          0
  6620,   458,   15000000,    2469971,        0,  -12530029,          0
  6620,   459,   15000000,    2444526,        0,  -12555474,          0
  6620,   460,   15000000,    2446202,        0,  -12553798,          0
  6620,   461,   15000000,    2443888,        0,  -12556112,          0
  6620,   462,   15000000,    2444732,        0,  -12555268,          0
  6620,   463,   15000000,    2472863,        0,  -12527137,          0
  6620,   464,   15000000,    2444630,        0,  -12555370,          0
  6620,   465,   15000000,    2444476,        0,  -12555524,          0
  6620,   466,   15000000,    2443447,        0,  -12556553,          0
  6620,   467,   15000000,    2445001,        0,  -12554999,          0
  6620,   468,   15000000,    2467436,        0,  -12532564,          0
  6620,   469,   15000000,    2443810,        0,  -12556190,          0
  6620,   470,   15000000,    2446707,        0,  -12553293,          0
  6620,   471,   15000000,    2470728,        0,  -12529272,          0
  6620,   472,   15000000,    2443995,        0,  -12556005,          0
  6620,   473,   15000000,    2445242,        0,  -12554758,          0
  6620,   474,   15000000,    2445799,        0,  -12554201,          0
  6620,   475,   15000000,    2444359,        0,  -12555641,          0
  6620,   476,   15000000,    2476476,        0,  -12523524,          0
  6620,   477,   15000000,    2446450,        0,  -12553550,          0
  6620,   478,   15000000,    2445739,        0,  -12554261,          0
  6620,   479,   15000000,    2445384,        0,  -12554616,          0
  6620,   480,   15000000,    2444768,        0,  -12555232,          0
  6620,   481,   15000000,    2470544,        0,  -12529456,          0
  6620,   482,   15000000,    2443694,        0,  -12556306,          0
  6620,   483,   15000000,    2445695,        0,  -12554305,          0
  6620,   484,   15000000,    2472081,        0,  -12527919,          0
  6620,   485,   15000000,    2445735,        0,  -12554265,          0
  6620,   486,   15000000,    2444855,        0,  -12555145,          0
  6620,   487,   15000000,    2443239,        0,  -12556761,          0
  6620,   488,   15000000,    2446539,        0,  -12553461,          0
  6620,   489,   15000000,    2471271,        0,  -12528729,          0
  6620,   490,   15000000,    2443612,        0,  -12556388,          0
  6620,   491,   15000000,    2445981,        0,  -12554019,          0
  6620,   492,   15000000,    2444847,        0,  -12555153,          0
  6620,   493,   15000000,    2444840,        0,  -12555160,          0
  6620,   494,   15000000,    2471462,        0,  -12528538,          0
  6620,   495,   15000000,    2445179,        0,  -12554821,          0
  6620,   496,   15000000,    2444796,        0,  -12555204,          0
  6620,   497,   15000000,    2471269,        0,  -12528731,          0
  6620,   498,   15000000,    2444654,        0,  -12555346,          0
  6620,   499,   15000000,    2445668,        0,  -12554332,          0
  6620,   500,   15000000,    2443830,        0,  -12556170,          0
  6620,   501,   15000000,    2442234,        0,  -12557766,          0
  6620,   502,   15000000,    2467909,        0,  -12532091,          0
  6620,   503,   15000000,    2446941,        0,  -12553059,          0
  6620,   504,   15000000,    2445745,        0,  -12554255,          0
  6620,   505,   15000000,    2443537,        0,  -12556463,          0
  6620,   506,   15000000,    2445424,        0,  -12554576,          0
  6620,   507,   15000000,    2469303,        0,  -12530697,          0
  6620,   508,   15000000,    2445344,        0,  -12554656,          0
  6620,   509,   15000000,    2444949,        0,  -12555051,          0
  6620,   510,   15000000,    2470720,        0,  -12529280,          0
  6620,   511,   15000000,    2444244,        0,  -12555756,          0
  6620,   512,   15000000,    2444196,        0,  -12555804,          0
  6620,   513,   15000000,    2443378,        0,  -12556622,          0
  6620,   514,   15000000,    2444894,        0,  -12555106,          0
  6620,   515,   15000000,    2470673,        0,  -12529327,          0
  6620,   516,   15000000,    2447650,        0,  -12552350,          0
  6620,   517,   15000000,    2444194,        0,  -12555806,          0
  6620,   518,   15000000,    2445054,        0,  -12554946,          0
  6620,   519,   15000000,    2445132,        0,  -12554868,          0
  6620,   520,   15000000,    2469857,        0,  -12530143,          0
  6620,   521,   15000000,    2444986,        0,  -12555014,          0
  6620,   522,   15000000,    2444621,        0,  -12555379,          0
  6620,   523,   15000000,    2474791,        0,  -12525209,          0
  6620,   524,   15000000,    2444699,        0,  -12555301,          0
  6620,   525,   15000000,    2445838,        0,  -12554162,          0
  6620,   526,   15000000,    2443545,        0,  -12556455,          0
  6620,   527,   15000000,    2443753,        0,  -12556247,          0
  6620,   528,   15000000,    2465340,        0,  -12534660,          0
  6620,   529,   15000000,    2446057,        0,  -12553943,          0
  6620,   530,   15000000,    2444796,        0,  -12555204,          0
  6620,   531,   15000000,    2446684,        0,  -12553316,          0
  6620,   532,   15000000,    2440840,        0,  -12559160,          0
  6620,   533,   15000000,    2471253,        0,  -12528747,          0
  6620,   534,   15000000,    2445225,        0,  -12554775,          0
  6620,   535,   15000000,    2444475,        0,  -12555525,          0
  6620,   536,   15000000,    2470184,        0,  -12529816,          0
  6620,   537,   15000000,    2441668,        0,  -12558332,          0
  6620,   538,   15000000,    2444224,        0,  -12555776,          0
  6620,   539,   15000000,    2442881,        0,  -12557119,          0
  6620,   540,   15000000,    2441977,        0,  -12558023,          0
  6620,   541,   15000000,    2464300,        0,  -12535700,          0
  6620,   542,   15000000,    2445471,        0,  -12554529,          0
  6620,   543,   15000000,    2457197,        0,  -12542803,          0
  6620,   544,   15000000,    2443951,        0,  -12556049,          0
  6620,   545,   15000000,    2445275,        0,  -12554725,          0
  6620,   546,   15000000,    2468773,        0,  -12531227,          0
  6620,   547,   15000000,    2443847,        0,  -12556153,          0
  6620,   548,   15000000,    2444567,        0,  -12555433,          0
  6620,   549,   15000000,    2470270,        0,  -12529730,          0
  6620,   550,   15000000,    2444679,        0,  -12555321,          0
  6620,   551,   15000000,    2445419,        0,  -12554581,          0
  6620,   552,   15000000,    2443063,        0,  -12556937,          0
  6620,   553,   15000000,    2446616,        0,  -12553384,          0
  6620,   554,   15000000,    2472195,        0,  -12527805,          0
  6620,   555,   15000000,    2444410,        0,  -12555590,          0
  6620,   556,   15000000,    2446347,        0,  -12553653,          0
  6620,   557,   15000000,    2444390,        0,  -12555610,          0
  6620,   558,   15000000,    2448282,        0,  -12551718,          0
  6620,   559,   15000000,    2467975,        0,  -12532025,          0
  6620,   560,   15000000,    2444282,        0,  -12555718,          0
  6620,   561,   15000000,    2446106,        0,  -12553894,          0
  6620,   562,   15000000,    2470839,        0,  -12529161,          0
  6620,   563,   15000000,    2445605,        0,  -12554395,          0
  6620,   564,   15000000,    2446467,        0,  -12553533,          0
  6620,   565,   15000000,    2442750,        0,  -12557250,          0
  6620,   566,   15000000,    2445120,        0,  -12554880,          0
  6620,   567,   15000000,    2465314,        0,  -12534686,          0
  6620,   568,   15000000,    2442746,        0,  -12557254,          0
  6620,   569,   15000000,    2443518,        0,  -12556482,          0
  6620,   570,   15000000,    2445044,        0,  -12554956,          0
  6620,   571,   15000000,    2443869,        0,  -12556131,          0
  6620,   572,   15000000,    2467672,        0,  -12532328,          0
  6620,   573,   15000000,    2442227,        0,  -12557773,          0
  6620,   574,   15000000,    2445557,        0,  -12554443,          0
  6620,   575,   15000000,    2471435,        0,  -12528565,          0
  6620,   576,   15000000,    2447225,        0,  -12552775,          0
  6620,   577,   15000000,    2446397,        0,  -12553603,          0
  6620,   578,   15000000,    2444755,        0,  -12555245,          0
  6620,   579,   15000000,    2444256,        0,  -12555744,          0
  6620,   580,   15000000,    2466254,        0,  -12533746,          0
  6620,   581,   15000000,    2446459,        0,  -12553541,          0
  6620,   582,   15000000,    2445922,        0,  -12554078,          0
  6620,   583,   15000000,    2443943,        0,  -12556057,          0
  6620,   584,   15000000,    2444994,        0,  -12555006,          0
  6620,   585,   15000000,    2468127,        0,  -12531873,          0
  6620,   586,   15000000,    2443863,        0,  -12556137,          0
  6620,   587,   15000000,    2444881,        0,  -12555119,          0
  6620,   588,   15000000,    2470875,        0,  -12529125,          0
  6620,   589,   15000000,    2445376,        0,  -12554624,          0
  6620,   590,   15000000,    2445262,        0,  -12554738,          0
  6620,   591,   15000000,    2446168,        0,  -12553832,          0
  6620,   592,   15000000,    2445471,        0,  -12554529,          0
  6620,   593,   15000000,    2473680,        0,  -12526320,          0
  6620,   594,   15000000,    2444532,        0,  -12555468,          0
  6620,   595,   15000000,    2443961,        0,  -12556039,          0
  6620,   596,   15000000,    2455456,        0,  -12544544,          0
  6620,   597,   15000000,    2441383,        0,  -12558617,          0
  6620,   598,   15000000,    2467283,        0,  -12532717,          0
  6620,   599,   15000000,    2442993,        0,  -12557007,          0
  6620,   600,   15000000,    2445954,        0,  -12554046,          0
  6620,   601,   15000000,    2469634,        0,  -12530366,          0
  6620,   602,   15000000,    2444923,        0,  -12555077,          0
  6620,   603,   15000000,    2443698,        0,  -12556302,          0
  6620,   604,   15000000,    2442287,        0,  -12557713,          0
  6620,   605,   15000000,    2442449,        0,  -12557551,          0
  6620,   606,   15000000,    2479690,        0,  -12520310,          0
  6620,   607,   15000000,    2445250,        0,  -12554750,          0
  6620,   608,   15000000,    2443799,        0,  -12556201,          0
  6620,   609,   15000000,    2443967,        0,  -12556033,          0
  6620,   610,   15000000,    2444635,        0,  -12555365,          0
  6620,   611,   15000000,    2469736,        0,  -12530264,          0
  6620,   612,   15000000,    2443514,        0,  -12556486,          0
  6620,   613,   15000000,    2444222,        0,  -12555778,          0
  6620,   614,   15000000,    2470815,        0,  -12529185,          0
  6620,   615,   15000000,    2445222,        0,  -12554778,          0
  6620,   616,   15000000,    2446816,        0,  -12553184,          0
  6620,   617,   15000000,    2443398,        0,  -12556602,          0
  6620,   618,   15000000,    2443676,        0,  -12556324,          0
  6620,   619,   15000000,    2466236,        0,  -12533764,          0
  6620,   620,   15000000,    2445156,        0,  -12554844,          0
  6620,   621,   15000000,    2445773,        0,  -12554227,          0
  6620,   622,   15000000,    2446593,        0,  -12553407,          0
  6620,   623,   15000000,    2445284,        0,  -12554716,          0
  6620,   624,   15000000,    2462685,        0,  -12537315,          0
  6620,   625,   15000000,    2445641,        0,  -12554359,          0
  6620,   626,   15000000,    2447197,        0,  -12552803,          0
  6620,   627,   15000000,    2471326,        0,  -12528674,          0
  6620,   628,   15000000,    2443818,        0,  -12556182,          0
  6620,   629,   15000000,    2443181,        0,  -12556819,          0
  6620,   630,   15000000,    2444933,        0,  -12555067,          0
  6620,   631,   15000000,    2444179,        0,  -12555821,          0
  6620,   632,   15000000,    2466847,        0,  -12533153,          0
  6620,   633,   15000000,    2444083,        0,  -12555917,          0
  6620,   634,   15000000,    2442940,        0,  -12557060,          0
  6620,   635,   15000000,    2443107,        0,  -12556893,          0
  6620,   636,   15000000,    2445956,        0,  -12554044,          0
  6620,   637,   15000000,    2467575,        0,  -12532425,          0
  6620,   638,   15000000,    2444837,        0,  -12555163,          0
  6620,   639,   15000000,    2444943,        0,  -12555057,          0
  6620,   640,   15000000,    2473188,        0,  -12526812,          0
  6620,   641,   15000000,    2446080,        0,  -12553920,          0
  6620,   642,   15000000,    2445095,        0,  -12554905,          0
  6620,   643,   15000000,    2440869,        0,  -12559131,          0
  6620,   644,   15000000,    2443707,        0,  -12556293,          0
  6620,   645,   15000000,    2467731,        0,  -12532269,          0
  6620,   646,   15000000,    2444718,        0,  -12555282,          0
  6620,   647,   15000000,    2444289,        0,  -12555711,          0
  6620,   648,   15000000,    2446719,        0,  -12553281,          0
  6620,   649,   15000000,    2443274,        0,  -12556726,          0
  6620,   650,   15000000,    2469068,        0,  -12530932,          0
  6620,   651,   15000000,    2444834,        0,  -12555166,          0
  6620,   652,   15000000,    2445365,        0,  -12554635,          0
  6620,   653,   15000000,    2469631,        0,  -12530369,          0
  6620,   654,   15000000,    2444956,        0,  -12555044,          0
  6620,   655,   15000000,    2445353,        0,  -12554647,          0
  6620,   656,   15000000,    2445612,        0,  -12554388,          0
  6620,   657,   15000000,    2444531,        0,  -12555469,          0
  6620,   658,   15000000,    2470084,        0,  -12529916,          0
  6620,   659,   15000000,    2444465,        0,  -12555535,          0
  6620,   660,   15000000,    2442901,        0,  -12557099,          0
  6620,   661,   15000000,    2444249,        0,  -12555751,          0
  6620,   662,   15000000,    2446975,        0,  -12553025,          0
  6620,   663,   15000000,    2464627,        0,  -12535373,          0
  6620,   664,   15000000,    2443330,        0,  -12556670,          0
  6620,   665,   15000000,    2445063,        0,  -12554937,          0
  6620,   666,   15000000,    2472935,        0,  -12527065,          0
  6620,   667,   15000000,    2447907,        0,  -12552093,          0
  6620,   668,   15000000,    2450403,        0,  -12549597,          0
  6620,   669,   15000000,    2442266,        0,  -12557734,          0
  6620,   670,   15000000,    2448158,        0,  -12551842,          0
