116 116 0
106 106 0
113 113 0
178 178 0
213 213 0
157 157 0
320 320 0
110 110 0
106 106 0
115 115 0
247 247 0
166 166 0
289 289 0
169 169 0
107 107 0
838 838 0
632 632 0
148 148 0
148 148 0
534 534 0
116 116 0
406 406 0
114 114 0
172 172 0
134 134 0
123 123 0
140 140 0
1003 1003 0
316 316 0
316 316 0
269 269 0
231 231 0
119 119 0
118 118 0
141 141 0
125 125 0
123 123 0
107 107 0
840 840 0
118 118 0
406 406 0
228 228 0
366 366 0
594 594 0
148 148 0
121 121 0
167 167 0
126 126 0
486 486 0
162 162 0
243 243 0
263 263 0
139 139 0
127 127 0
325 325 0
182 182 0
195 195 0
112 112 0
145 145 0
114 114 0
110 110 0
122 122 0
311 311 0
253 253 0
127 127 0
143 143 0
389 389 0
134 134 0
460 460 0
104 104 0
239 239 0
532 532 0
317 317 0
137 137 0
630 630 0
670 670 0
461 461 0
171 171 0
126 126 0
140 140 0
281 281 0
306 306 0
144 144 0
218 218 0
130 130 0
239 239 0
162 162 0
170 170 0
142 142 0
133 133 0
596 596 0
157 157 0
130 130 0
304 304 0
208 208 0
110 110 0
631 631 0
242 242 0
137 137 0
257 257 0
114 114 0
142 142 0
177 177 0
159 159 0
592 592 0
113 113 0
506 506 0
915 915 0
439 439 0
140 140 0
108 108 0
674 674 0
249 249 0
174 174 0
239 239 0
140 140 0
185 185 0
439 439 0
1005 1005 0
184 184 0
247 247 0
231 231 0
391 391 0
213 213 0
173 173 0
203 203 0
244 244 0
256 256 0
162 162 0
168 168 0
180 180 0
178 178 0
132 132 0
561 561 0
408 408 0
192 192 0
125 125 0
140 140 0
153 153 0
218 218 0
158 158 0
531 531 0
262 262 0
107 107 0
135 135 0
109 109 0
360 360 0
123 123 0
141 141 0
105 105 0
153 153 0
108 108 0
106 106 0
105 105 0
