# Task,   Job,     Period,   Response, DL Miss?,   Lateness,  Tardiness
# task NAME=myapp PID=747 COST=18370000 PERIOD=52000000 CPU=0
   747,     2,   52000000,       6165,        0,  -51993835,          0
   747,     3,   52000000,      42869,        0,  -51957131,          0
   747,     4,   52000000,   19244402,        0,  -32755598,          0
   747,     5,   52000000,   18206221,        0,  -33793779,          0
   747,     6,   52000000,   18196158,        0,  -33803842,          0
   747,     7,   52000000,   18195537,        0,  -33804463,          0
   747,     8,   52000000,   18242311,        0,  -33757689,          0
   747,     9,   52000000,   18177189,        0,  -33822811,          0
   747,    10,   52000000,   18494582,        0,  -33505418,          0
   747,    11,   52000000,   18189990,        0,  -33810010,          0
   747,    12,   52000000,   18323161,        0,  -33676839,          0
   747,    13,   52000000,   18253813,        0,  -33746187,          0
   747,    14,   52000000,   19671685,        0,  -32328315,          0
   747,    15,   52000000,   18458065,        0,  -33541935,          0
   747,    16,   52000000,   18276527,        0,  -33723473,          0
   747,    17,   52000000,   18190830,        0,  -33809170,          0
   747,    18,   52000000,   18221034,        0,  -33778966,          0
   747,    19,   52000000,   18272142,        0,  -33727858,          0
   747,    20,   52000000,   18199567,        0,  -33800433,          0
   747,    21,   52000000,   18273146,        0,  -33726854,          0
   747,    22,   52000000,   18486349,        0,  -33513651,          0
   747,    23,   52000000,   18209783,        0,  -33790217,          0
   747,    24,   52000000,   18307534,        0,  -33692466,          0
   747,    25,   52000000,   18322301,        0,  -33677699,          0
   747,    26,   52000000,   18191989,        0,  -33808011,          0
   747,    27,   52000000,   18455904,        0,  -33544096,          0
   747,    28,   52000000,   18200416,        0,  -33799584,          0
   747,    29,   52000000,   18257945,        0,  -33742055,          0
   747,    30,   52000000,   18259227,        0,  -33740773,          0
   747,    31,   52000000,   18176583,        0,  -33823417,          0
   747,    32,   52000000,   18194915,        0,  -33805085,          0
   747,    33,   52000000,   18194387,        0,  -33805613,          0
   747,    34,   52000000,   18448562,        0,  -33551438,          0
   747,    35,   52000000,   18202598,        0,  -33797402,          0
   747,    36,   52000000,   18458072,        0,  -33541928,          0
   747,    37,   52000000,   18201442,        0,  -33798558,          0
   747,    38,   52000000,   18183963,        0,  -33816037,          0
   747,    39,   52000000,   18494469,        0,  -33505531,          0
   747,    40,   52000000,   18192010,        0,  -33807990,          0
   747,    41,   52000000,   18175423,        0,  -33824577,          0
   747,    42,   52000000,   18204719,        0,  -33795281,          0
   747,    43,   52000000,   18202998,        0,  -33797002,          0
   747,    44,   52000000,   18194512,        0,  -33805488,          0
   747,    45,   52000000,   18178920,        0,  -33821080,          0
   747,    46,   52000000,   18489299,        0,  -33510701,          0
   747,    47,   52000000,   18199688,        0,  -33800312,          0
   747,    48,   52000000,   21026257,        0,  -30973743,          0
   747,    49,   52000000,   18174983,        0,  -33825017,          0
   747,    50,   52000000,   18181994,        0,  -33818006,          0
   747,    51,   52000000,   18454760,        0,  -33545240,          0
   747,    52,   52000000,   18173221,        0,  -33826779,          0
   747,    53,   52000000,   18182481,        0,  -33817519,          0
   747,    54,   52000000,   18192640,        0,  -33807360,          0
   747,    55,   52000000,   18224095,        0,  -33775905,          0
   747,    56,   52000000,   18178037,        0,  -33821963,          0
   747,    57,   52000000,   18195116,        0,  -33804884,          0
   747,    58,   52000000,   18475988,        0,  -33524012,          0
   747,    59,   52000000,   18234802,        0,  -33765198,          0
   747,    60,   52000000,   18174053,        0,  -33825947,          0
   747,    61,   52000000,   18247818,        0,  -33752182,          0
   747,    62,   52000000,   18216051,        0,  -33783949,          0
   747,    63,   52000000,   18527725,        0,  -33472275,          0
   747,    64,   52000000,   18211446,        0,  -33788554,          0
   747,    65,   52000000,   18218780,        0,  -33781220,          0
   747,    66,   52000000,   18221681,        0,  -33778319,          0
   747,    67,   52000000,   18210948,        0,  -33789052,          0
   747,    68,   52000000,   18190657,        0,  -33809343,          0
   747,    69,   52000000,   18208522,        0,  -33791478,          0
   747,    70,   52000000,   18454480,        0,  -33545520,          0
   747,    71,   52000000,   18265097,        0,  -33734903,          0
   747,    72,   52000000,   18282790,        0,  -33717210,          0
   747,    73,   52000000,   18206315,        0,  -33793685,          0
   747,    74,   52000000,   18191493,        0,  -33808507,          0
   747,    75,   52000000,   18472125,        0,  -33527875,          0
   747,    76,   52000000,   18255379,        0,  -33744621,          0
   747,    77,   52000000,   18262801,        0,  -33737199,          0
   747,    78,   52000000,   18217386,        0,  -33782614,          0
   747,    79,   52000000,   18271840,        0,  -33728160,          0
   747,    80,   52000000,   18298367,        0,  -33701633,          0
   747,    81,   52000000,   18186388,        0,  -33813612,          0
   747,    82,   52000000,   18466684,        0,  -33533316,          0
   747,    83,   52000000,   18265748,        0,  -33734252,          0
   747,    84,   52000000,   18206698,        0,  -33793302,          0
   747,    85,   52000000,   18267742,        0,  -33732258,          0
   747,    86,   52000000,   18174645,        0,  -33825355,          0
   747,    87,   52000000,   18535620,        0,  -33464380,          0
   747,    88,   52000000,   18190582,        0,  -33809418,          0
   747,    89,   52000000,   18220328,        0,  -33779672,          0
   747,    90,   52000000,   18223035,        0,  -33776965,          0
   747,    91,   52000000,   18220633,        0,  -33779367,          0
   747,    92,   52000000,   18172450,        0,  -33827550,          0
   747,    93,   52000000,   18251652,        0,  -33748348,          0
   747,    94,   52000000,   18564427,        0,  -33435573,          0
   747,    95,   52000000,   18259576,        0,  -33740424,          0
   747,    96,   52000000,   18199651,        0,  -33800349,          0
   747,    97,   52000000,   18190654,        0,  -33809346,          0
   747,    98,   52000000,   18242845,        0,  -33757155,          0
   747,    99,   52000000,   18470834,        0,  -33529166,          0
   747,   100,   52000000,   18208063,        0,  -33791937,          0
   747,   101,   52000000,   18260659,        0,  -33739341,          0
   747,   102,   52000000,   18206848,        0,  -33793152,          0
   747,   103,   52000000,   18186887,        0,  -33813113,          0
   747,   104,   52000000,   18191286,        0,  -33808714,          0
   747,   105,   52000000,   18223132,        0,  -33776868,          0
   747,   106,   52000000,   18179678,        0,  -33820322,          0
   747,   107,   52000000,   18338523,        0,  -33661477,          0
   747,   108,   52000000,   18255754,        0,  -33744246,          0
   747,   109,   52000000,   18184900,        0,  -33815100,          0
   747,   110,   52000000,   18170312,        0,  -33829688,          0
   747,   111,   52000000,   18455493,        0,  -33544507,          0
   747,   112,   52000000,   18205992,        0,  -33794008,          0
   747,   113,   52000000,   18217117,        0,  -33782883,          0
   747,   114,   52000000,   18194664,        0,  -33805336,          0
   747,   115,   52000000,   18226707,        0,  -33773293,          0
   747,   116,   52000000,   18227747,        0,  -33772253,          0
   747,   117,   52000000,   18468224,        0,  -33531776,          0
   747,   118,   52000000,   18199910,        0,  -33800090,          0
   747,   119,   52000000,   18189802,        0,  -33810198,          0
   747,   120,   52000000,   18194464,        0,  -33805536,          0
   747,   121,   52000000,   18189493,        0,  -33810507,          0
   747,   122,   52000000,   18191749,        0,  -33808251,          0
   747,   123,   52000000,   18561771,        0,  -33438229,          0
   747,   124,   52000000,   18278215,        0,  -33721785,          0
   747,   125,   52000000,   18275403,        0,  -33724597,          0
   747,   126,   52000000,   18423120,        0,  -33576880,          0
   747,   127,   52000000,   18179054,        0,  -33820946,          0
   747,   128,   52000000,   18202221,        0,  -33797779,          0
   747,   129,   52000000,   18273648,        0,  -33726352,          0
   747,   130,   52000000,   18189316,        0,  -33810684,          0
   747,   131,   52000000,   18179836,        0,  -33820164,          0
   747,   132,   52000000,   18192174,        0,  -33807826,          0
   747,   133,   52000000,   18267211,        0,  -33732789,          0
   747,   134,   52000000,   18197532,        0,  -33802468,          0
   747,   135,   52000000,   18566065,        0,  -33433935,          0
   747,   136,   52000000,   18200258,        0,  -33799742,          0
   747,   137,   52000000,   18235713,        0,  -33764287,          0
   747,   138,   52000000,   18192084,        0,  -33807916,          0
   747,   139,   52000000,   18206497,        0,  -33793503,          0
   747,   140,   52000000,   18506090,        0,  -33493910,          0
   747,   141,   52000000,   18239075,        0,  -33760925,          0
   747,   142,   52000000,   18214367,        0,  -33785633,          0
   747,   143,   52000000,   18210310,        0,  -33789690,          0
   747,   144,   52000000,   18250717,        0,  -33749283,          0
   747,   145,   52000000,   18275747,        0,  -33724253,          0
   747,   146,   52000000,   18272028,        0,  -33727972,          0
   747,   147,   52000000,   18469780,        0,  -33530220,          0
   747,   148,   52000000,   18240242,        0,  -33759758,          0
   747,   149,   52000000,   18179894,        0,  -33820106,          0
   747,   150,   52000000,   18238355,        0,  -33761645,          0
   747,   151,   52000000,   18184560,        0,  -33815440,          0
   747,   152,   52000000,   18496384,        0,  -33503616,          0
   747,   153,   52000000,   18172489,        0,  -33827511,          0
   747,   154,   52000000,   18337120,        0,  -33662880,          0
   747,   155,   52000000,   18205170,        0,  -33794830,          0
   747,   156,   52000000,   18209856,        0,  -33790144,          0
   747,   157,   52000000,   18316680,        0,  -33683320,          0
   747,   158,   52000000,   18170093,        0,  -33829907,          0
   747,   159,   52000000,   18466468,        0,  -33533532,          0
   747,   160,   52000000,   18174725,        0,  -33825275,          0
   747,   161,   52000000,   18186393,        0,  -33813607,          0
   747,   162,   52000000,   18199068,        0,  -33800932,          0
   747,   163,   52000000,   18183874,        0,  -33816126,          0
   747,   164,   52000000,   18477612,        0,  -33522388,          0
   747,   165,   52000000,   18257234,        0,  -33742766,          0
   747,   166,   52000000,   18212568,        0,  -33787432,          0
   747,   167,   52000000,   18173097,        0,  -33826903,          0
   747,   168,   52000000,   18225071,        0,  -33774929,          0
   747,   169,   52000000,   18220577,        0,  -33779423,          0
   747,   170,   52000000,   18203211,        0,  -33796789,          0
   747,   171,   52000000,   18484907,        0,  -33515093,          0
   747,   172,   52000000,   18281249,        0,  -33718751,          0
   747,   173,   52000000,   18217238,        0,  -33782762,          0
   747,   174,   52000000,   18198738,        0,  -33801262,          0
   747,   175,   52000000,   18270998,        0,  -33729002,          0
   747,   176,   52000000,   18468962,        0,  -33531038,          0
   747,   177,   52000000,   18201506,        0,  -33798494,          0
   747,   178,   52000000,   18192343,        0,  -33807657,          0
   747,   179,   52000000,   18202578,        0,  -33797422,          0
   747,   180,   52000000,   18178920,        0,  -33821080,          0
   747,   181,   52000000,   18201284,        0,  -33798716,          0
   747,   182,   52000000,   20321208,        0,  -31678792,          0
   747,   183,   52000000,   18536667,        0,  -33463333,          0
   747,   184,   52000000,   18199818,        0,  -33800182,          0
   747,   185,   52000000,   18214773,        0,  -33785227,          0
   747,   186,   52000000,   18195319,        0,  -33804681,          0
   747,   187,   52000000,   18206169,        0,  -33793831,          0
   747,   188,   52000000,   18471287,        0,  -33528713,          0
   747,   189,   52000000,   18224588,        0,  -33775412,          0
   747,   190,   52000000,   18274343,        0,  -33725657,          0
   747,   191,   52000000,   18294971,        0,  -33705029,          0
   747,   192,   52000000,   18185107,        0,  -33814893,          0
   747,   193,   52000000,   18265168,        0,  -33734832,          0
   747,   194,   52000000,   18231903,        0,  -33768097,          0
   747,   195,   52000000,   18464317,        0,  -33535683,          0
   747,   196,   52000000,   18188568,        0,  -33811432,          0
# task NAME=myapp PID=750 COST=3213000 PERIOD=22000000 CPU=0
   750,     2,   22000000,       8496,        0,  -21991504,          0
   750,     3,   22000000,      48883,        0,  -21951117,          0
   750,     4,   22000000,    4228734,        0,  -17771266,          0
   750,     5,   22000000,    3223663,        0,  -18776337,          0
   750,     6,   22000000,    3220512,        0,  -18779488,          0
   750,     7,   22000000,    3220120,        0,  -18779880,          0
   750,     8,   22000000,    3253709,        0,  -18746291,          0
   750,     9,   22000000,    3199239,        0,  -18800761,          0
   750,    10,   22000000,    3205346,        0,  -18794654,          0
   750,    11,   22000000,    3205069,        0,  -18794931,          0
   750,    12,   22000000,    3207562,        0,  -18792438,          0
   750,    13,   22000000,    3233496,        0,  -18766504,          0
   750,    14,   22000000,    3204859,        0,  -18795141,          0
   750,    15,   22000000,    3239073,        0,  -18760927,          0
   750,    16,   22000000,    3220703,        0,  -18779297,          0
   750,    17,   22000000,    3223330,        0,  -18776670,          0
   750,    18,   22000000,    3271367,        0,  -18728633,          0
   750,    19,   22000000,    3221099,        0,  -18778901,          0
   750,    20,   22000000,    3807826,        0,  -18192174,          0
   750,    21,   22000000,    3227216,        0,  -18772784,          0
   750,    22,   22000000,    3198859,        0,  -18801141,          0
   750,    23,   22000000,    3213158,        0,  -18786842,          0
   750,    24,   22000000,    3197177,        0,  -18802823,          0
   750,    25,   22000000,    3257473,        0,  -18742527,          0
   750,    26,   22000000,    3204419,        0,  -18795581,          0
   750,    27,   22000000,    3220239,        0,  -18779761,          0
   750,    28,   22000000,    3214208,        0,  -18785792,          0
   750,    29,   22000000,    3215380,        0,  -18784620,          0
   750,    30,   22000000,    3197035,        0,  -18802965,          0
   750,    31,   22000000,    3218182,        0,  -18781818,          0
   750,    32,   22000000,    3241894,        0,  -18758106,          0
   750,    33,   22000000,    3272309,        0,  -18727691,          0
   750,    34,   22000000,    3227217,        0,  -18772783,          0
   750,    35,   22000000,    3205781,        0,  -18794219,          0
   750,    36,   22000000,    3210786,        0,  -18789214,          0
   750,    37,   22000000,    3501192,        0,  -18498808,          0
   750,    38,   22000000,    3214262,        0,  -18785738,          0
   750,    39,   22000000,    3222980,        0,  -18777020,          0
   750,    40,   22000000,    3245019,        0,  -18754981,          0
   750,    41,   22000000,    3199081,        0,  -18800919,          0
   750,    42,   22000000,    3364381,        0,  -18635619,          0
   750,    43,   22000000,    3204471,        0,  -18795529,          0
   750,    44,   22000000,    3224451,        0,  -18775549,          0
   750,    45,   22000000,    3234177,        0,  -18765823,          0
   750,    46,   22000000,    3286258,        0,  -18713742,          0
   750,    47,   22000000,    3237054,        0,  -18762946,          0
   750,    48,   22000000,    3210087,        0,  -18789913,          0
   750,    49,   22000000,    3205746,        0,  -18794254,          0
   750,    50,   22000000,    3223746,        0,  -18776254,          0
   750,    51,   22000000,    3203505,        0,  -18796495,          0
   750,    52,   22000000,    3228976,        0,  -18771024,          0
   750,    53,   22000000,    3222590,        0,  -18777410,          0
   750,    54,   22000000,    3536871,        0,  -18463129,          0
   750,    55,   22000000,    3214641,        0,  -18785359,          0
   750,    56,   22000000,    3235859,        0,  -18764141,          0
   750,    57,   22000000,    3213470,        0,  -18786530,          0
   750,    58,   22000000,    3217543,        0,  -18782457,          0
   750,    59,   22000000,    3303262,        0,  -18696738,          0
   750,    60,   22000000,    3212956,        0,  -18787044,          0
   750,    61,   22000000,    3211334,        0,  -18788666,          0
   750,    62,   22000000,    3238018,        0,  -18761982,          0
   750,    63,   22000000,    3215239,        0,  -18784761,          0
   750,    64,   22000000,    3201255,        0,  -18798745,          0
   750,    65,   22000000,    3215381,        0,  -18784619,          0
   750,    66,   22000000,    3219540,        0,  -18780460,          0
   750,    67,   22000000,    3243430,        0,  -18756570,          0
   750,    68,   22000000,    3237058,        0,  -18762942,          0
   750,    69,   22000000,    3236876,        0,  -18763124,          0
   750,    70,   22000000,    3247601,        0,  -18752399,          0
   750,    71,   22000000,    3287907,        0,  -18712093,          0
   750,    72,   22000000,    5221073,        0,  -16778927,          0
   750,    73,   22000000,    3220474,        0,  -18779526,          0
   750,    74,   22000000,    3209771,        0,  -18790229,          0
   750,    75,   22000000,    3205526,        0,  -18794474,          0
   750,    76,   22000000,    3201024,        0,  -18798976,          0
   750,    77,   22000000,    3208932,        0,  -18791068,          0
   750,    78,   22000000,    3220637,        0,  -18779363,          0
   750,    79,   22000000,    3212371,        0,  -18787629,          0
   750,    80,   22000000,    3207983,        0,  -18792017,          0
   750,    81,   22000000,    3219995,        0,  -18780005,          0
   750,    82,   22000000,    3210130,        0,  -18789870,          0
   750,    83,   22000000,    3239882,        0,  -18760118,          0
   750,    84,   22000000,    3206460,        0,  -18793540,          0
   750,    85,   22000000,    3205388,        0,  -18794612,          0
   750,    86,   22000000,    3265031,        0,  -18734969,          0
   750,    87,   22000000,    3240012,        0,  -18759988,          0
   750,    88,   22000000,    3226369,        0,  -18773631,          0
   750,    89,   22000000,    3254974,        0,  -18745026,          0
   750,    90,   22000000,    3228460,        0,  -18771540,          0
   750,    91,   22000000,    3227854,        0,  -18772146,          0
   750,    92,   22000000,    3220889,        0,  -18779111,          0
   750,    93,   22000000,    3257821,        0,  -18742179,          0
   750,    94,   22000000,    3212064,        0,  -18787936,          0
   750,    95,   22000000,    3220643,        0,  -18779357,          0
   750,    96,   22000000,    3215696,        0,  -18784304,          0
   750,    97,   22000000,    3217670,        0,  -18782330,          0
   750,    98,   22000000,    3194927,        0,  -18805073,          0
   750,    99,   22000000,    3208224,        0,  -18791776,          0
   750,   100,   22000000,    3287898,        0,  -18712102,          0
   750,   101,   22000000,    3257491,        0,  -18742509,          0
   750,   102,   22000000,    3204672,        0,  -18795328,          0
   750,   103,   22000000,    3206997,        0,  -18793003,          0
   750,   104,   22000000,    3213110,        0,  -18786890,          0
   750,   105,   22000000,    3234665,        0,  -18765335,          0
   750,   106,   22000000,    3197353,        0,  -18802647,          0
   750,   107,   22000000,    3204567,        0,  -18795433,          0
   750,   108,   22000000,    3233665,        0,  -18766335,          0
   750,   109,   22000000,    3208260,        0,  -18791740,          0
   750,   110,   22000000,    3217034,        0,  -18782966,          0
   750,   111,   22000000,    3222516,        0,  -18777484,          0
   750,   112,   22000000,    3200407,        0,  -18799593,          0
   750,   113,   22000000,    3212420,        0,  -18787580,          0
   750,   114,   22000000,    3259417,        0,  -18740583,          0
   750,   115,   22000000,    3215796,        0,  -18784204,          0
   750,   116,   22000000,    3221787,        0,  -18778213,          0
   750,   117,   22000000,    3201426,        0,  -18798574,          0
   750,   118,   22000000,    3203157,        0,  -18796843,          0
   750,   119,   22000000,    3216827,        0,  -18783173,          0
   750,   120,   22000000,    3197107,        0,  -18802893,          0
   750,   121,   22000000,    3234625,        0,  -18765375,          0
   750,   122,   22000000,    3243074,        0,  -18756926,          0
   750,   123,   22000000,    3213066,        0,  -18786934,          0
   750,   124,   22000000,    3214845,        0,  -18785155,          0
   750,   125,   22000000,    3248338,        0,  -18751662,          0
   750,   126,   22000000,    3203783,        0,  -18796217,          0
   750,   127,   22000000,    3201238,        0,  -18798762,          0
   750,   128,   22000000,    3216134,        0,  -18783866,          0
   750,   129,   22000000,    3210484,        0,  -18789516,          0
   750,   130,   22000000,    3200395,        0,  -18799605,          0
   750,   131,   22000000,    3246566,        0,  -18753434,          0
   750,   132,   22000000,    3197366,        0,  -18802634,          0
   750,   133,   22000000,    3240622,        0,  -18759378,          0
   750,   134,   22000000,    3242283,        0,  -18757717,          0
   750,   135,   22000000,    3204609,        0,  -18795391,          0
   750,   136,   22000000,    3215061,        0,  -18784939,          0
   750,   137,   22000000,    3218789,        0,  -18781211,          0
   750,   138,   22000000,    3208744,        0,  -18791256,          0
   750,   139,   22000000,    3213685,        0,  -18786315,          0
   750,   140,   22000000,    3231374,        0,  -18768626,          0
   750,   141,   22000000,    3204014,        0,  -18795986,          0
   750,   142,   22000000,    3201150,        0,  -18798850,          0
   750,   143,   22000000,    5241624,        0,  -16758376,          0
   750,   144,   22000000,    3244549,        0,  -18755451,          0
   750,   145,   22000000,    3548866,        0,  -18451134,          0
   750,   146,   22000000,    3197381,        0,  -18802619,          0
   750,   147,   22000000,    3241094,        0,  -18758906,          0
   750,   148,   22000000,    3206862,        0,  -18793138,          0
   750,   149,   22000000,    3197805,        0,  -18802195,          0
   750,   150,   22000000,    3218373,        0,  -18781627,          0
   750,   151,   22000000,    3707404,        0,  -18292596,          0
   750,   152,   22000000,    3199934,        0,  -18800066,          0
   750,   153,   22000000,    3217131,        0,  -18782869,          0
   750,   154,   22000000,    3258633,        0,  -18741367,          0
   750,   155,   22000000,    3255318,        0,  -18744682,          0
   750,   156,   22000000,    3255373,        0,  -18744627,          0
   750,   157,   22000000,    3208808,        0,  -18791192,          0
   750,   158,   22000000,    3207319,        0,  -18792681,          0
   750,   159,   22000000,    3239450,        0,  -18760550,          0
   750,   160,   22000000,    3203232,        0,  -18796768,          0
   750,   161,   22000000,    3203976,        0,  -18796024,          0
   750,   162,   22000000,    3493464,        0,  -18506536,          0
   750,   163,   22000000,    3218703,        0,  -18781297,          0
   750,   164,   22000000,    3247376,        0,  -18752624,          0
   750,   165,   22000000,    3240006,        0,  -18759994,          0
   750,   166,   22000000,    3228438,        0,  -18771562,          0
   750,   167,   22000000,    3242893,        0,  -18757107,          0
   750,   168,   22000000,    3224304,        0,  -18775696,          0
   750,   169,   22000000,    3353285,        0,  -18646715,          0
   750,   170,   22000000,    3208534,        0,  -18791466,          0
   750,   171,   22000000,    3210163,        0,  -18789837,          0
   750,   172,   22000000,    3227439,        0,  -18772561,          0
   750,   173,   22000000,    3197866,        0,  -18802134,          0
   750,   174,   22000000,    3224210,        0,  -18775790,          0
   750,   175,   22000000,    3284079,        0,  -18715921,          0
   750,   176,   22000000,    3233588,        0,  -18766412,          0
   750,   177,   22000000,    3446911,        0,  -18553089,          0
   750,   178,   22000000,    3220986,        0,  -18779014,          0
   750,   179,   22000000,    3496805,        0,  -18503195,          0
   750,   180,   22000000,    3241679,        0,  -18758321,          0
   750,   181,   22000000,    3248155,        0,  -18751845,          0
   750,   182,   22000000,    3222634,        0,  -18777366,          0
   750,   183,   22000000,    3239128,        0,  -18760872,          0
   750,   184,   22000000,    3205120,        0,  -18794880,          0
   750,   185,   22000000,    4257762,        0,  -17742238,          0
   750,   186,   22000000,    3217876,        0,  -18782124,          0
   750,   187,   22000000,    3216173,        0,  -18783827,          0
   750,   188,   22000000,    3223135,        0,  -18776865,          0
   750,   189,   22000000,    3230614,        0,  -18769386,          0
   750,   190,   22000000,    3272701,        0,  -18727299,          0
   750,   191,   22000000,    3195025,        0,  -18804975,          0
   750,   192,   22000000,    3219278,        0,  -18780722,          0
   750,   193,   22000000,    3211472,        0,  -18788528,          0
   750,   194,   22000000,    3229629,        0,  -18770371,          0
   750,   195,   22000000,    3206423,        0,  -18793577,          0
   750,   196,   22000000,    3213989,        0,  -18786011,          0
   750,   197,   22000000,    3197133,        0,  -18802867,          0
   750,   198,   22000000,    3250532,        0,  -18749468,          0
   750,   199,   22000000,    3217950,        0,  -18782050,          0
   750,   200,   22000000,    3234101,        0,  -18765899,          0
   750,   201,   22000000,    3222487,        0,  -18777513,          0
   750,   202,   22000000,    3210088,        0,  -18789912,          0
   750,   203,   22000000,    3233178,        0,  -18766822,          0
   750,   204,   22000000,    3237576,        0,  -18762424,          0
   750,   205,   22000000,    3208670,        0,  -18791330,          0
   750,   206,   22000000,    3228745,        0,  -18771255,          0
   750,   207,   22000000,    3245882,        0,  -18754118,          0
   750,   208,   22000000,    3199726,        0,  -18800274,          0
   750,   209,   22000000,    3345090,        0,  -18654910,          0
   750,   210,   22000000,    3208737,        0,  -18791263,          0
   750,   211,   22000000,    3241713,        0,  -18758287,          0
   750,   212,   22000000,    3228500,        0,  -18771500,          0
   750,   213,   22000000,    3216327,        0,  -18783673,          0
   750,   214,   22000000,    3220263,        0,  -18779737,          0
   750,   215,   22000000,    3218494,        0,  -18781506,          0
   750,   216,   22000000,    3200879,        0,  -18799121,          0
   750,   217,   22000000,    3293901,        0,  -18706099,          0
   750,   218,   22000000,    3206647,        0,  -18793353,          0
   750,   219,   22000000,    3211888,        0,  -18788112,          0
   750,   220,   22000000,    3244679,        0,  -18755321,          0
   750,   221,   22000000,    3228417,        0,  -18771583,          0
   750,   222,   22000000,    3226869,        0,  -18773131,          0
   750,   223,   22000000,    5286775,        0,  -16713225,          0
   750,   224,   22000000,    3205089,        0,  -18794911,          0
   750,   225,   22000000,    3199790,        0,  -18800210,          0
   750,   226,   22000000,    3212553,        0,  -18787447,          0
   750,   227,   22000000,    3199435,        0,  -18800565,          0
   750,   228,   22000000,    3222661,        0,  -18777339,          0
   750,   229,   22000000,    3213029,        0,  -18786971,          0
   750,   230,   22000000,    3225306,        0,  -18774694,          0
   750,   231,   22000000,    3200115,        0,  -18799885,          0
   750,   232,   22000000,    3200282,        0,  -18799718,          0
   750,   233,   22000000,    3274908,        0,  -18725092,          0
   750,   234,   22000000,    3205940,        0,  -18794060,          0
   750,   235,   22000000,    3255109,        0,  -18744891,          0
   750,   236,   22000000,    3206068,        0,  -18793932,          0
   750,   237,   22000000,    3232955,        0,  -18767045,          0
   750,   238,   22000000,    3235101,        0,  -18764899,          0
   750,   239,   22000000,    3217540,        0,  -18782460,          0
   750,   240,   22000000,    3256309,        0,  -18743691,          0
   750,   241,   22000000,    3202946,        0,  -18797054,          0
   750,   242,   22000000,    3215475,        0,  -18784525,          0
   750,   243,   22000000,    3200667,        0,  -18799333,          0
   750,   244,   22000000,    3221890,        0,  -18778110,          0
   750,   245,   22000000,    3283367,        0,  -18716633,          0
   750,   246,   22000000,    3208027,        0,  -18791973,          0
   750,   247,   22000000,    3271651,        0,  -18728349,          0
   750,   248,   22000000,    3212572,        0,  -18787428,          0
   750,   249,   22000000,    3242783,        0,  -18757217,          0
   750,   250,   22000000,    3202254,        0,  -18797746,          0
   750,   251,   22000000,    3214065,        0,  -18785935,          0
   750,   252,   22000000,    3234468,        0,  -18765532,          0
   750,   253,   22000000,    3218255,        0,  -18781745,          0
   750,   254,   22000000,    3238887,        0,  -18761113,          0
   750,   255,   22000000,    3237817,        0,  -18762183,          0
   750,   256,   22000000,    3207652,        0,  -18792348,          0
   750,   257,   22000000,    3218144,        0,  -18781856,          0
   750,   258,   22000000,    3216900,        0,  -18783100,          0
   750,   259,   22000000,    3209207,        0,  -18790793,          0
   750,   260,   22000000,    3236796,        0,  -18763204,          0
   750,   261,   22000000,    3211260,        0,  -18788740,          0
   750,   262,   22000000,    3225024,        0,  -18774976,          0
   750,   263,   22000000,    3245824,        0,  -18754176,          0
   750,   264,   22000000,    3209333,        0,  -18790667,          0
   750,   265,   22000000,    3217176,        0,  -18782824,          0
   750,   266,   22000000,    3276799,        0,  -18723201,          0
   750,   267,   22000000,    3221850,        0,  -18778150,          0
   750,   268,   22000000,    3238560,        0,  -18761440,          0
   750,   269,   22000000,    3233036,        0,  -18766964,          0
   750,   270,   22000000,    3525289,        0,  -18474711,          0
   750,   271,   22000000,    3236627,        0,  -18763373,          0
   750,   272,   22000000,    3235674,        0,  -18764326,          0
   750,   273,   22000000,    3500481,        0,  -18499519,          0
   750,   274,   22000000,    3208630,        0,  -18791370,          0
   750,   275,   22000000,    3210445,        0,  -18789555,          0
   750,   276,   22000000,    3220037,        0,  -18779963,          0
   750,   277,   22000000,    3206931,        0,  -18793069,          0
   750,   278,   22000000,    3228176,        0,  -18771824,          0
   750,   279,   22000000,    3230024,        0,  -18769976,          0
   750,   280,   22000000,    3202540,        0,  -18797460,          0
   750,   281,   22000000,    3283366,        0,  -18716634,          0
   750,   282,   22000000,    3237864,        0,  -18762136,          0
   750,   283,   22000000,    3258103,        0,  -18741897,          0
   750,   284,   22000000,    3229305,        0,  -18770695,          0
   750,   285,   22000000,    3223346,        0,  -18776654,          0
   750,   286,   22000000,    3247086,        0,  -18752914,          0
   750,   287,   22000000,    3493227,        0,  -18506773,          0
   750,   288,   22000000,    3218299,        0,  -18781701,          0
   750,   289,   22000000,    3232410,        0,  -18767590,          0
   750,   290,   22000000,    3220613,        0,  -18779387,          0
   750,   291,   22000000,    3211751,        0,  -18788249,          0
   750,   292,   22000000,    3209563,        0,  -18790437,          0
   750,   293,   22000000,    3221003,        0,  -18778997,          0
   750,   294,   22000000,    3205698,        0,  -18794302,          0
   750,   295,   22000000,    3236269,        0,  -18763731,          0
   750,   296,   22000000,    3217834,        0,  -18782166,          0
   750,   297,   22000000,    3222661,        0,  -18777339,          0
   750,   298,   22000000,    3216832,        0,  -18783168,          0
   750,   299,   22000000,    3216508,        0,  -18783492,          0
   750,   300,   22000000,    3220719,        0,  -18779281,          0
   750,   301,   22000000,    3214247,        0,  -18785753,          0
   750,   302,   22000000,    3197360,        0,  -18802640,          0
   750,   303,   22000000,    3280412,        0,  -18719588,          0
   750,   304,   22000000,    3499016,        0,  -18500984,          0
   750,   305,   22000000,    3245096,        0,  -18754904,          0
   750,   306,   22000000,    3217867,        0,  -18782133,          0
   750,   307,   22000000,    3203121,        0,  -18796879,          0
   750,   308,   22000000,    3200430,        0,  -18799570,          0
   750,   309,   22000000,    3262089,        0,  -18737911,          0
   750,   310,   22000000,    3210203,        0,  -18789797,          0
   750,   311,   22000000,    3236612,        0,  -18763388,          0
   750,   312,   22000000,    3229386,        0,  -18770614,          0
   750,   313,   22000000,    3251019,        0,  -18748981,          0
   750,   314,   22000000,    3219018,        0,  -18780982,          0
   750,   315,   22000000,    3221613,        0,  -18778387,          0
   750,   316,   22000000,    3217204,        0,  -18782796,          0
   750,   317,   22000000,    3209404,        0,  -18790596,          0
   750,   318,   22000000,    3250711,        0,  -18749289,          0
   750,   319,   22000000,    3229450,        0,  -18770550,          0
   750,   320,   22000000,    3211635,        0,  -18788365,          0
   750,   321,   22000000,    3305665,        0,  -18694335,          0
   750,   322,   22000000,    3213086,        0,  -18786914,          0
   750,   323,   22000000,    3203529,        0,  -18796471,          0
   750,   324,   22000000,    3205967,        0,  -18794033,          0
   750,   325,   22000000,    3245713,        0,  -18754287,          0
   750,   326,   22000000,    3204560,        0,  -18795440,          0
   750,   327,   22000000,    3199563,        0,  -18800437,          0
   750,   328,   22000000,    3223998,        0,  -18776002,          0
   750,   329,   22000000,    3197615,        0,  -18802385,          0
   750,   330,   22000000,    3255910,        0,  -18744090,          0
   750,   331,   22000000,    3208290,        0,  -18791710,          0
   750,   332,   22000000,    3199651,        0,  -18800349,          0
   750,   333,   22000000,    3234490,        0,  -18765510,          0
   750,   334,   22000000,    3240760,        0,  -18759240,          0
   750,   335,   22000000,    3228250,        0,  -18771750,          0
   750,   336,   22000000,    3207874,        0,  -18792126,          0
   750,   337,   22000000,    3255645,        0,  -18744355,          0
   750,   338,   22000000,    3218151,        0,  -18781849,          0
   750,   339,   22000000,    3231050,        0,  -18768950,          0
   750,   340,   22000000,    3220394,        0,  -18779606,          0
   750,   341,   22000000,    3209467,        0,  -18790533,          0
   750,   342,   22000000,    3230226,        0,  -18769774,          0
   750,   343,   22000000,    3203878,        0,  -18796122,          0
   750,   344,   22000000,    3208755,        0,  -18791245,          0
   750,   345,   22000000,    3235040,        0,  -18764960,          0
   750,   346,   22000000,    3258166,        0,  -18741834,          0
   750,   347,   22000000,    3268886,        0,  -18731114,          0
   750,   348,   22000000,    3242210,        0,  -18757790,          0
   750,   349,   22000000,    3218174,        0,  -18781826,          0
   750,   350,   22000000,    3210954,        0,  -18789046,          0
   750,   351,   22000000,    3240030,        0,  -18759970,          0
   750,   352,   22000000,    3231100,        0,  -18768900,          0
   750,   353,   22000000,    3205829,        0,  -18794171,          0
   750,   354,   22000000,    3221014,        0,  -18778986,          0
   750,   355,   22000000,    3263762,        0,  -18736238,          0
   750,   356,   22000000,    3210160,        0,  -18789840,          0
   750,   357,   22000000,    3213383,        0,  -18786617,          0
   750,   358,   22000000,    3263142,        0,  -18736858,          0
   750,   359,   22000000,    3211003,        0,  -18788997,          0
   750,   360,   22000000,    3200445,        0,  -18799555,          0
   750,   361,   22000000,    3218089,        0,  -18781911,          0
   750,   362,   22000000,    3219551,        0,  -18780449,          0
   750,   363,   22000000,    3216678,        0,  -18783322,          0
   750,   364,   22000000,    3211516,        0,  -18788484,          0
   750,   365,   22000000,    3221421,        0,  -18778579,          0
   750,   366,   22000000,    3202194,        0,  -18797806,          0
   750,   367,   22000000,    3238726,        0,  -18761274,          0
   750,   368,   22000000,    3207455,        0,  -18792545,          0
   750,   369,   22000000,    3238913,        0,  -18761087,          0
   750,   370,   22000000,    3212788,        0,  -18787212,          0
   750,   371,   22000000,    3211734,        0,  -18788266,          0
   750,   372,   22000000,    3282367,        0,  -18717633,          0
   750,   373,   22000000,    3234029,        0,  -18765971,          0
   750,   374,   22000000,    3239503,        0,  -18760497,          0
   750,   375,   22000000,    3209379,        0,  -18790621,          0
   750,   376,   22000000,    3201250,        0,  -18798750,          0
   750,   377,   22000000,    3203455,        0,  -18796545,          0
   750,   378,   22000000,    3275102,        0,  -18724898,          0
   750,   379,   22000000,    3239625,        0,  -18760375,          0
   750,   380,   22000000,    3221296,        0,  -18778704,          0
   750,   381,   22000000,    3210514,        0,  -18789486,          0
   750,   382,   22000000,    3237192,        0,  -18762808,          0
   750,   383,   22000000,    3222632,        0,  -18777368,          0
   750,   384,   22000000,    3232567,        0,  -18767433,          0
   750,   385,   22000000,    3237061,        0,  -18762939,          0
   750,   386,   22000000,    3203015,        0,  -18796985,          0
   750,   387,   22000000,    3249212,        0,  -18750788,          0
   750,   388,   22000000,    3228959,        0,  -18771041,          0
   750,   389,   22000000,    4232542,        0,  -17767458,          0
   750,   390,   22000000,    3208719,        0,  -18791281,          0
   750,   391,   22000000,    3198134,        0,  -18801866,          0
   750,   392,   22000000,    3213267,        0,  -18786733,          0
   750,   393,   22000000,    3223876,        0,  -18776124,          0
   750,   394,   22000000,    3194906,        0,  -18805094,          0
   750,   395,   22000000,    3510612,        0,  -18489388,          0
   750,   396,   22000000,    3199156,        0,  -18800844,          0
   750,   397,   22000000,    3224397,        0,  -18775603,          0
   750,   398,   22000000,    3203869,        0,  -18796131,          0
   750,   399,   22000000,    3214337,        0,  -18785663,          0
   750,   400,   22000000,    3229396,        0,  -18770604,          0
   750,   401,   22000000,    3250262,        0,  -18749738,          0
   750,   402,   22000000,    3243636,        0,  -18756364,          0
   750,   403,   22000000,    3203494,        0,  -18796506,          0
   750,   404,   22000000,    3215381,        0,  -18784619,          0
   750,   405,   22000000,    3246375,        0,  -18753625,          0
   750,   406,   22000000,    3273382,        0,  -18726618,          0
   750,   407,   22000000,    3257768,        0,  -18742232,          0
   750,   408,   22000000,    3218766,        0,  -18781234,          0
   750,   409,   22000000,    3206284,        0,  -18793716,          0
   750,   410,   22000000,    3204671,        0,  -18795329,          0
   750,   411,   22000000,    3201665,        0,  -18798335,          0
   750,   412,   22000000,    3582998,        0,  -18417002,          0
   750,   413,   22000000,    3224425,        0,  -18775575,          0
   750,   414,   22000000,    3250039,        0,  -18749961,          0
   750,   415,   22000000,    3314268,        0,  -18685732,          0
   750,   416,   22000000,    3217147,        0,  -18782853,          0
   750,   417,   22000000,    3205352,        0,  -18794648,          0
   750,   418,   22000000,    3226495,        0,  -18773505,          0
   750,   419,   22000000,    3242291,        0,  -18757709,          0
   750,   420,   22000000,    3250867,        0,  -18749133,          0
   750,   421,   22000000,    3226071,        0,  -18773929,          0
   750,   422,   22000000,    3395157,        0,  -18604843,          0
   750,   423,   22000000,    3215963,        0,  -18784037,          0
   750,   424,   22000000,    3263517,        0,  -18736483,          0
   750,   425,   22000000,    3235688,        0,  -18764312,          0
   750,   426,   22000000,    3242423,        0,  -18757577,          0
   750,   427,   22000000,    3229900,        0,  -18770100,          0
   750,   428,   22000000,    3234103,        0,  -18765897,          0
   750,   429,   22000000,    3529381,        0,  -18470619,          0
   750,   430,   22000000,    3226102,        0,  -18773898,          0
   750,   431,   22000000,    3214788,        0,  -18785212,          0
   750,   432,   22000000,    3236980,        0,  -18763020,          0
   750,   433,   22000000,    3207269,        0,  -18792731,          0
   750,   434,   22000000,    3226626,        0,  -18773374,          0
   750,   435,   22000000,    3204346,        0,  -18795654,          0
   750,   436,   22000000,    3221672,        0,  -18778328,          0
   750,   437,   22000000,    3207722,        0,  -18792278,          0
   750,   438,   22000000,    3215030,        0,  -18784970,          0
   750,   439,   22000000,    3241247,        0,  -18758753,          0
   750,   440,   22000000,    3244214,        0,  -18755786,          0
   750,   441,   22000000,    3256171,        0,  -18743829,          0
   750,   442,   22000000,    3218418,        0,  -18781582,          0
   750,   443,   22000000,    4270774,        0,  -17729226,          0
   750,   444,   22000000,    3243656,        0,  -18756344,          0
   750,   445,   22000000,    3271578,        0,  -18728422,          0
   750,   446,   22000000,    3196324,        0,  -18803676,          0
   750,   447,   22000000,    3200992,        0,  -18799008,          0
   750,   448,   22000000,    3206196,        0,  -18793804,          0
   750,   449,   22000000,    3225268,        0,  -18774732,          0
   750,   450,   22000000,    3247764,        0,  -18752236,          0
   750,   451,   22000000,    3216058,        0,  -18783942,          0
   750,   452,   22000000,    3229887,        0,  -18770113,          0
   750,   453,   22000000,    3197988,        0,  -18802012,          0
   750,   454,   22000000,    3258450,        0,  -18741550,          0
   750,   455,   22000000,    3281133,        0,  -18718867,          0
   750,   456,   22000000,    3286419,        0,  -18713581,          0
   750,   457,   22000000,    3224892,        0,  -18775108,          0
   750,   458,   22000000,    3224157,        0,  -18775843,          0
# task NAME=myapp PID=754 COST=34665000 PERIOD=93000000 CPU=0
   754,     2,   93000000,       8819,        0,  -92991181,          0
   754,     3,   93000000,      65009,        0,  -92934991,          0
   754,     4,   93000000,   35629816,        0,  -57370184,          0
   754,     5,   93000000,   34421387,        0,  -58578613,          0
   754,     6,   93000000,   34316951,        0,  -58683049,          0
   754,     7,   93000000,   34571059,        0,  -58428941,          0
   754,     8,   93000000,   34295203,        0,  -58704797,          0
   754,     9,   93000000,   34296490,        0,  -58703510,          0
   754,    10,   93000000,   34322222,        0,  -58677778,          0
   754,    11,   93000000,   34578348,        0,  -58421652,          0
   754,    12,   93000000,   34374727,        0,  -58625273,          0
   754,    13,   93000000,   34292421,        0,  -58707579,          0
   754,    14,   93000000,   34303738,        0,  -58696262,          0
   754,    15,   93000000,   34702528,        0,  -58297472,          0
   754,    16,   93000000,   34280691,        0,  -58719309,          0
   754,    17,   93000000,   34300012,        0,  -58699988,          0
   754,    18,   93000000,   34285702,        0,  -58714298,          0
   754,    19,   93000000,   34565155,        0,  -58434845,          0
   754,    20,   93000000,   34297868,        0,  -58702132,          0
   754,    21,   93000000,   34268745,        0,  -58731255,          0
   754,    22,   93000000,   34295831,        0,  -58704169,          0
   754,    23,   93000000,   34563201,        0,  -58436799,          0
   754,    24,   93000000,   34280426,        0,  -58719574,          0
   754,    25,   93000000,   34336810,        0,  -58663190,          0
   754,    26,   93000000,   34498980,        0,  -58501020,          0
   754,    27,   93000000,   34592594,        0,  -58407406,          0
   754,    28,   93000000,   34334495,        0,  -58665505,          0
   754,    29,   93000000,   34337656,        0,  -58662344,          0
   754,    30,   93000000,   34299145,        0,  -58700855,          0
   754,    31,   93000000,   34577635,        0,  -58422365,          0
   754,    32,   93000000,   34349556,        0,  -58650444,          0
   754,    33,   93000000,   34292608,        0,  -58707392,          0
   754,    34,   93000000,   34354001,        0,  -58645999,          0
   754,    35,   93000000,   34574367,        0,  -58425633,          0
   754,    36,   93000000,   35020245,        0,  -57979755,          0
   754,    37,   93000000,   34313470,        0,  -58686530,          0
   754,    38,   93000000,   34299145,        0,  -58700855,          0
   754,    39,   93000000,   34560389,        0,  -58439611,          0
   754,    40,   93000000,   34445406,        0,  -58554594,          0
   754,    41,   93000000,   34307192,        0,  -58692808,          0
   754,    42,   93000000,   34342986,        0,  -58657014,          0
   754,    43,   93000000,   34576686,        0,  -58423314,          0
   754,    44,   93000000,   34342691,        0,  -58657309,          0
   754,    45,   93000000,   34293179,        0,  -58706821,          0
   754,    46,   93000000,   34583020,        0,  -58416980,          0
   754,    47,   93000000,   34789924,        0,  -58210076,          0
   754,    48,   93000000,   34444972,        0,  -58555028,          0
   754,    49,   93000000,   34323056,        0,  -58676944,          0
   754,    50,   93000000,   34624186,        0,  -58375814,          0
   754,    51,   93000000,   34350631,        0,  -58649369,          0
   754,    52,   93000000,   34296952,        0,  -58703048,          0
   754,    53,   93000000,   34298397,        0,  -58701603,          0
   754,    54,   93000000,   34584329,        0,  -58415671,          0
   754,    55,   93000000,   34370856,        0,  -58629144,          0
   754,    56,   93000000,   34419562,        0,  -58580438,          0
   754,    57,   93000000,   34306726,        0,  -58693274,          0
   754,    58,   93000000,   34548796,        0,  -58451204,          0
   754,    59,   93000000,   34284851,        0,  -58715149,          0
   754,    60,   93000000,   34428427,        0,  -58571573,          0
   754,    61,   93000000,   34293070,        0,  -58706930,          0
   754,    62,   93000000,   34552006,        0,  -58447994,          0
   754,    63,   93000000,   34304797,        0,  -58695203,          0
   754,    64,   93000000,   34307844,        0,  -58692156,          0
   754,    65,   93000000,   34298257,        0,  -58701743,          0
   754,    66,   93000000,   34796756,        0,  -58203244,          0
   754,    67,   93000000,   34306455,        0,  -58693545,          0
   754,    68,   93000000,   34378938,        0,  -58621062,          0
   754,    69,   93000000,   34457200,        0,  -58542800,          0
   754,    70,   93000000,   34592595,        0,  -58407405,          0
   754,    71,   93000000,   34299666,        0,  -58700334,          0
   754,    72,   93000000,   34329670,        0,  -58670330,          0
   754,    73,   93000000,   34291682,        0,  -58708318,          0
   754,    74,   93000000,   34551819,        0,  -58448181,          0
   754,    75,   93000000,   34462250,        0,  -58537750,          0
   754,    76,   93000000,   34431892,        0,  -58568108,          0
   754,    77,   93000000,   34288189,        0,  -58711811,          0
   754,    78,   93000000,   34582980,        0,  -58417020,          0
   754,    79,   93000000,   34287398,        0,  -58712602,          0
   754,    80,   93000000,   34306319,        0,  -58693681,          0
   754,    81,   93000000,   34288148,        0,  -58711852,          0
   754,    82,   93000000,   34576718,        0,  -58423282,          0
   754,    83,   93000000,   34285423,        0,  -58714577,          0
   754,    84,   93000000,   34353516,        0,  -58646484,          0
   754,    85,   93000000,   34341373,        0,  -58658627,          0
   754,    86,   93000000,   34592518,        0,  -58407482,          0
   754,    87,   93000000,   34505935,        0,  -58494065,          0
   754,    88,   93000000,   34317342,        0,  -58682658,          0
   754,    89,   93000000,   34587400,        0,  -58412600,          0
   754,    90,   93000000,   34593981,        0,  -58406019,          0
   754,    91,   93000000,   34433857,        0,  -58566143,          0
   754,    92,   93000000,   34280212,        0,  -58719788,          0
   754,    93,   93000000,   34554926,        0,  -58445074,          0
   754,    94,   93000000,   34387877,        0,  -58612123,          0
   754,    95,   93000000,   34300512,        0,  -58699488,          0
   754,    96,   93000000,   34285943,        0,  -58714057,          0
   754,    97,   93000000,   34606884,        0,  -58393116,          0
   754,    98,   93000000,   34375139,        0,  -58624861,          0
   754,    99,   93000000,   34300315,        0,  -58699685,          0
   754,   100,   93000000,   34528853,        0,  -58471147,          0
   754,   101,   93000000,   34589930,        0,  -58410070,          0
   754,   102,   93000000,   34433597,        0,  -58566403,          0
   754,   103,   93000000,   34301814,        0,  -58698186,          0
   754,   104,   93000000,   34298099,        0,  -58701901,          0
   754,   105,   93000000,   34562578,        0,  -58437422,          0
   754,   106,   93000000,   34302082,        0,  -58697918,          0
   754,   107,   93000000,   34413858,        0,  -58586142,          0
   754,   108,   93000000,   34324999,        0,  -58675001,          0
   754,   109,   93000000,   34656183,        0,  -58343817,          0
   754,   110,   93000000,   34512991,        0,  -58487009,          0
   754,   111,   93000000,   34505792,        0,  -58494208,          0
# task NAME=myapp PID=758 COST=5245000 PERIOD=41000000 CPU=0
   758,     2,   41000000,      14232,        0,  -40985768,          0
   758,     3,   41000000,      59612,        0,  -40940388,          0
   758,     4,   41000000,    6251585,        0,  -34748415,          0
   758,     5,   41000000,    5237037,        0,  -35762963,          0
   758,     6,   41000000,    5992136,        0,  -35007864,          0
   758,     7,   41000000,    5226911,        0,  -35773089,          0
   758,     8,   41000000,    5212604,        0,  -35787396,          0
   758,     9,   41000000,    5506932,        0,  -35493068,          0
   758,    10,   41000000,    5320707,        0,  -35679293,          0
   758,    11,   41000000,    5238325,        0,  -35761675,          0
   758,    12,   41000000,    5229808,        0,  -35770192,          0
   758,    13,   41000000,    5215788,        0,  -35784212,          0
   758,    14,   41000000,    5231582,        0,  -35768418,          0
   758,    15,   41000000,    5250887,        0,  -35749113,          0
   758,    16,   41000000,    5261499,        0,  -35738501,          0
   758,    17,   41000000,    6104713,        0,  -34895287,          0
   758,    18,   41000000,    5236025,        0,  -35763975,          0
   758,    19,   41000000,    5225509,        0,  -35774491,          0
   758,    20,   41000000,    5242198,        0,  -35757802,          0
   758,    21,   41000000,    5265430,        0,  -35734570,          0
   758,    22,   41000000,    5216565,        0,  -35783435,          0
   758,    23,   41000000,    5199702,        0,  -35800298,          0
   758,    24,   41000000,    5208136,        0,  -35791864,          0
   758,    25,   41000000,    5235428,        0,  -35764572,          0
   758,    26,   41000000,    5244567,        0,  -35755433,          0
   758,    27,   41000000,    5248571,        0,  -35751429,          0
   758,    28,   41000000,    5328329,        0,  -35671671,          0
   758,    29,   41000000,    5251953,        0,  -35748047,          0
   758,    30,   41000000,    5239453,        0,  -35760547,          0
   758,    31,   41000000,    5240685,        0,  -35759315,          0
   758,    32,   41000000,    5239317,        0,  -35760683,          0
   758,    33,   41000000,    5212149,        0,  -35787851,          0
   758,    34,   41000000,    5234764,        0,  -35765236,          0
   758,    35,   41000000,    5237261,        0,  -35762739,          0
   758,    36,   41000000,    5223818,        0,  -35776182,          0
   758,    37,   41000000,    5247145,        0,  -35752855,          0
   758,    38,   41000000,    5271828,        0,  -35728172,          0
   758,    39,   41000000,    5235778,        0,  -35764222,          0
   758,    40,   41000000,    5271538,        0,  -35728462,          0
   758,    41,   41000000,    5209839,        0,  -35790161,          0
   758,    42,   41000000,    5226836,        0,  -35773164,          0
   758,    43,   41000000,    5205972,        0,  -35794028,          0
   758,    44,   41000000,    5237784,        0,  -35762216,          0
   758,    45,   41000000,    5266305,        0,  -35733695,          0
   758,    46,   41000000,    5228340,        0,  -35771660,          0
   758,    47,   41000000,    5221407,        0,  -35778593,          0
   758,    48,   41000000,    5233194,        0,  -35766806,          0
   758,    49,   41000000,    5250869,        0,  -35749131,          0
   758,    50,   41000000,    5263689,        0,  -35736311,          0
   758,    51,   41000000,    5735844,        0,  -35264156,          0
   758,    52,   41000000,    5222293,        0,  -35777707,          0
   758,    53,   41000000,    5210269,        0,  -35789731,          0
   758,    54,   41000000,    5256482,        0,  -35743518,          0
   758,    55,   41000000,    5244643,        0,  -35755357,          0
   758,    56,   41000000,    5225455,        0,  -35774545,          0
   758,    57,   41000000,    5227509,        0,  -35772491,          0
   758,    58,   41000000,    5208058,        0,  -35791942,          0
   758,    59,   41000000,    5231362,        0,  -35768638,          0
   758,    60,   41000000,    5219276,        0,  -35780724,          0
   758,    61,   41000000,    5247839,        0,  -35752161,          0
   758,    62,   41000000,    5221380,        0,  -35778620,          0
   758,    63,   41000000,    5260229,        0,  -35739771,          0
   758,    64,   41000000,    5253388,        0,  -35746612,          0
   758,    65,   41000000,    5230066,        0,  -35769934,          0
   758,    66,   41000000,    5218094,        0,  -35781906,          0
   758,    67,   41000000,    5517445,        0,  -35482555,          0
   758,    68,   41000000,    5230877,        0,  -35769123,          0
   758,    69,   41000000,    7598292,        0,  -33401708,          0
   758,    70,   41000000,    5536893,        0,  -35463107,          0
   758,    71,   41000000,    5228913,        0,  -35771087,          0
   758,    72,   41000000,    5205703,        0,  -35794297,          0
   758,    73,   41000000,    5528940,        0,  -35471060,          0
   758,    74,   41000000,    5262874,        0,  -35737126,          0
   758,    75,   41000000,    5215371,        0,  -35784629,          0
   758,    76,   41000000,    5214293,        0,  -35785707,          0
   758,    77,   41000000,    5280628,        0,  -35719372,          0
   758,    78,   41000000,    5274991,        0,  -35725009,          0
   758,    79,   41000000,    5211039,        0,  -35788961,          0
   758,    80,   41000000,    5231667,        0,  -35768333,          0
   758,    81,   41000000,    5203615,        0,  -35796385,          0
   758,    82,   41000000,    5225288,        0,  -35774712,          0
   758,    83,   41000000,    5248741,        0,  -35751259,          0
   758,    84,   41000000,    5264419,        0,  -35735581,          0
   758,    85,   41000000,    5206434,        0,  -35793566,          0
   758,    86,   41000000,    5226748,        0,  -35773252,          0
   758,    87,   41000000,    5238256,        0,  -35761744,          0
   758,    88,   41000000,    5209756,        0,  -35790244,          0
   758,    89,   41000000,    5228423,        0,  -35771577,          0
   758,    90,   41000000,    5212350,        0,  -35787650,          0
   758,    91,   41000000,    5266923,        0,  -35733077,          0
   758,    92,   41000000,    5237965,        0,  -35762035,          0
   758,    93,   41000000,    5222313,        0,  -35777687,          0
   758,    94,   41000000,    5258837,        0,  -35741163,          0
   758,    95,   41000000,    5216010,        0,  -35783990,          0
   758,    96,   41000000,    5238320,        0,  -35761680,          0
   758,    97,   41000000,    5246910,        0,  -35753090,          0
   758,    98,   41000000,    5226610,        0,  -35773390,          0
   758,    99,   41000000,    5245510,        0,  -35754490,          0
   758,   100,   41000000,    5254651,        0,  -35745349,          0
   758,   101,   41000000,    6169223,        0,  -34830777,          0
   758,   102,   41000000,    5251114,        0,  -35748886,          0
   758,   103,   41000000,    5208781,        0,  -35791219,          0
   758,   104,   41000000,    5241576,        0,  -35758424,          0
   758,   105,   41000000,    5217025,        0,  -35782975,          0
   758,   106,   41000000,    6119098,        0,  -34880902,          0
   758,   107,   41000000,    5223547,        0,  -35776453,          0
   758,   108,   41000000,    5240564,        0,  -35759436,          0
   758,   109,   41000000,    5251774,        0,  -35748226,          0
   758,   110,   41000000,    5224326,        0,  -35775674,          0
   758,   111,   41000000,    5235660,        0,  -35764340,          0
   758,   112,   41000000,    5238664,        0,  -35761336,          0
   758,   113,   41000000,    5245164,        0,  -35754836,          0
   758,   114,   41000000,    5271729,        0,  -35728271,          0
   758,   115,   41000000,    5209809,        0,  -35790191,          0
   758,   116,   41000000,    5257710,        0,  -35742290,          0
   758,   117,   41000000,    5256634,        0,  -35743366,          0
   758,   118,   41000000,    5259728,        0,  -35740272,          0
   758,   119,   41000000,    5240486,        0,  -35759514,          0
   758,   120,   41000000,    5221440,        0,  -35778560,          0
   758,   121,   41000000,    5252398,        0,  -35747602,          0
   758,   122,   41000000,    5259426,        0,  -35740574,          0
   758,   123,   41000000,    5222841,        0,  -35777159,          0
   758,   124,   41000000,    5207495,        0,  -35792505,          0
   758,   125,   41000000,    5292344,        0,  -35707656,          0
   758,   126,   41000000,    5240217,        0,  -35759783,          0
   758,   127,   41000000,    5230130,        0,  -35769870,          0
   758,   128,   41000000,    5213871,        0,  -35786129,          0
   758,   129,   41000000,    5231009,        0,  -35768991,          0
   758,   130,   41000000,    5230328,        0,  -35769672,          0
   758,   131,   41000000,    5511404,        0,  -35488596,          0
   758,   132,   41000000,    5247654,        0,  -35752346,          0
   758,   133,   41000000,    5221418,        0,  -35778582,          0
   758,   134,   41000000,    5605076,        0,  -35394924,          0
   758,   135,   41000000,    7279561,        0,  -33720439,          0
   758,   136,   41000000,    5234517,        0,  -35765483,          0
   758,   137,   41000000,    5219135,        0,  -35780865,          0
   758,   138,   41000000,    5225909,        0,  -35774091,          0
   758,   139,   41000000,    5244979,        0,  -35755021,          0
   758,   140,   41000000,    5209951,        0,  -35790049,          0
   758,   141,   41000000,    5221024,        0,  -35778976,          0
   758,   142,   41000000,    5212485,        0,  -35787515,          0
   758,   143,   41000000,    5225333,        0,  -35774667,          0
   758,   144,   41000000,    5306635,        0,  -35693365,          0
   758,   145,   41000000,    5210925,        0,  -35789075,          0
   758,   146,   41000000,    5246798,        0,  -35753202,          0
   758,   147,   41000000,    5206092,        0,  -35793908,          0
   758,   148,   41000000,    5201977,        0,  -35798023,          0
   758,   149,   41000000,    5258238,        0,  -35741762,          0
   758,   150,   41000000,    5245954,        0,  -35754046,          0
   758,   151,   41000000,    5262554,        0,  -35737446,          0
   758,   152,   41000000,    5222727,        0,  -35777273,          0
   758,   153,   41000000,    5264626,        0,  -35735374,          0
   758,   154,   41000000,    5217820,        0,  -35782180,          0
   758,   155,   41000000,    5253159,        0,  -35746841,          0
   758,   156,   41000000,    5208359,        0,  -35791641,          0
   758,   157,   41000000,    5231808,        0,  -35768192,          0
   758,   158,   41000000,    5343889,        0,  -35656111,          0
   758,   159,   41000000,    5248610,        0,  -35751390,          0
   758,   160,   41000000,    5279158,        0,  -35720842,          0
   758,   161,   41000000,    5213830,        0,  -35786170,          0
   758,   162,   41000000,    5249826,        0,  -35750174,          0
   758,   163,   41000000,    5213349,        0,  -35786651,          0
   758,   164,   41000000,    5222632,        0,  -35777368,          0
   758,   165,   41000000,    5240485,        0,  -35759515,          0
   758,   166,   41000000,    5255476,        0,  -35744524,          0
   758,   167,   41000000,    5242009,        0,  -35757991,          0
   758,   168,   41000000,    5219188,        0,  -35780812,          0
   758,   169,   41000000,    5211954,        0,  -35788046,          0
   758,   170,   41000000,    5261050,        0,  -35738950,          0
   758,   171,   41000000,    5271710,        0,  -35728290,          0
   758,   172,   41000000,    5233351,        0,  -35766649,          0
   758,   173,   41000000,    5241551,        0,  -35758449,          0
   758,   174,   41000000,    5220691,        0,  -35779309,          0
   758,   175,   41000000,    5213262,        0,  -35786738,          0
   758,   176,   41000000,    5202957,        0,  -35797043,          0
   758,   177,   41000000,    5244326,        0,  -35755674,          0
   758,   178,   41000000,    5209290,        0,  -35790710,          0
   758,   179,   41000000,    5851597,        0,  -35148403,          0
   758,   180,   41000000,    5223440,        0,  -35776560,          0
   758,   181,   41000000,    5303653,        0,  -35696347,          0
   758,   182,   41000000,    5238965,        0,  -35761035,          0
   758,   183,   41000000,    5208534,        0,  -35791466,          0
   758,   184,   41000000,    5204507,        0,  -35795493,          0
   758,   185,   41000000,    5254270,        0,  -35745730,          0
   758,   186,   41000000,    6271268,        0,  -34728732,          0
   758,   187,   41000000,    5290579,        0,  -35709421,          0
   758,   188,   41000000,    5204879,        0,  -35795121,          0
   758,   189,   41000000,    5248772,        0,  -35751228,          0
   758,   190,   41000000,    5248192,        0,  -35751808,          0
   758,   191,   41000000,    5231585,        0,  -35768415,          0
   758,   192,   41000000,    5487536,        0,  -35512464,          0
   758,   193,   41000000,    5228991,        0,  -35771009,          0
   758,   194,   41000000,    5226825,        0,  -35773175,          0
   758,   195,   41000000,    5508207,        0,  -35491793,          0
   758,   196,   41000000,    5265438,        0,  -35734562,          0
   758,   197,   41000000,    5203891,        0,  -35796109,          0
   758,   198,   41000000,    5484714,        0,  -35515286,          0
   758,   199,   41000000,    5226340,        0,  -35773660,          0
   758,   200,   41000000,    5214004,        0,  -35785996,          0
   758,   201,   41000000,    6233991,        0,  -34766009,          0
   758,   202,   41000000,    5234918,        0,  -35765082,          0
   758,   203,   41000000,    5255225,        0,  -35744775,          0
   758,   204,   41000000,    5211408,        0,  -35788592,          0
   758,   205,   41000000,    5251691,        0,  -35748309,          0
   758,   206,   41000000,    5235752,        0,  -35764248,          0
   758,   207,   41000000,    5209816,        0,  -35790184,          0
   758,   208,   41000000,    5238896,        0,  -35761104,          0
   758,   209,   41000000,    5214575,        0,  -35785425,          0
   758,   210,   41000000,    5225264,        0,  -35774736,          0
   758,   211,   41000000,    5211562,        0,  -35788438,          0
   758,   212,   41000000,    5228802,        0,  -35771198,          0
   758,   213,   41000000,    5214784,        0,  -35785216,          0
   758,   214,   41000000,    5211704,        0,  -35788296,          0
   758,   215,   41000000,    5219844,        0,  -35780156,          0
   758,   216,   41000000,    5227674,        0,  -35772326,          0
   758,   217,   41000000,    5421393,        0,  -35578607,          0
   758,   218,   41000000,    5233983,        0,  -35766017,          0
   758,   219,   41000000,    5317644,        0,  -35682356,          0
   758,   220,   41000000,    5237802,        0,  -35762198,          0
   758,   221,   41000000,    5220584,        0,  -35779416,          0
   758,   222,   41000000,    5220673,        0,  -35779327,          0
   758,   223,   41000000,    6125932,        0,  -34874068,          0
   758,   224,   41000000,    5211123,        0,  -35788877,          0
   758,   225,   41000000,    5236165,        0,  -35763835,          0
   758,   226,   41000000,    5239785,        0,  -35760215,          0
   758,   227,   41000000,    5216575,        0,  -35783425,          0
   758,   228,   41000000,    5215987,        0,  -35784013,          0
   758,   229,   41000000,    5229953,        0,  -35770047,          0
   758,   230,   41000000,    5454892,        0,  -35545108,          0
   758,   231,   41000000,    5223356,        0,  -35776644,          0
   758,   232,   41000000,    5227465,        0,  -35772535,          0
   758,   233,   41000000,    5207725,        0,  -35792275,          0
   758,   234,   41000000,    5223948,        0,  -35776052,          0
   758,   235,   41000000,    5234346,        0,  -35765654,          0
   758,   236,   41000000,    5226799,        0,  -35773201,          0
   758,   237,   41000000,    5232855,        0,  -35767145,          0
   758,   238,   41000000,    5207847,        0,  -35792153,          0
   758,   239,   41000000,    5242921,        0,  -35757079,          0
   758,   240,   41000000,    5255368,        0,  -35744632,          0
   758,   241,   41000000,    5242905,        0,  -35757095,          0
   758,   242,   41000000,    5235001,        0,  -35764999,          0
   758,   243,   41000000,    5214973,        0,  -35785027,          0
   758,   244,   41000000,    5343377,        0,  -35656623,          0
   758,   245,   41000000,    6266857,        0,  -34733143,          0
   758,   246,   41000000,    5222264,        0,  -35777736,          0
   758,   247,   41000000,    5209327,        0,  -35790673,          0
