601 601 0
298 298 0
437 437 0
317 317 0
133 133 0
261 261 0
463 463 0
112 112 0
121 121 0
113 113 0
268 268 0
111 111 0
149 149 0
104 104 0
213 213 0
124 124 0
293 293 0
138 138 0
246 246 0
721 721 0
208 208 0
132 132 0
147 147 0
121 121 0
194 194 0
124 124 0
480 480 0
120 120 0
136 136 0
116 116 0
1007 1007 0
261 261 0
136 136 0
260 260 0
145 145 0
236 236 0
336 336 0
228 228 0
203 203 0
109 109 0
120 120 0
614 614 0
166 166 0
138 138 0
120 120 0
531 531 0
284 284 0
440 440 0
117 117 0
460 460 0
561 561 0
917 917 0
125 125 0
161 161 0
209 209 0
209 209 0
108 108 0
182 182 0
112 112 0
204 204 0
406 406 0
134 134 0
365 365 0
293 293 0
137 137 0
230 230 0
121 121 0
127 127 0
197 197 0
420 420 0
239 239 0
134 134 0
120 120 0
149 149 0
124 124 0
232 232 0
420 420 0
173 173 0
144 144 0
209 209 0
298 298 0
169 169 0
209 209 0
192 192 0
282 282 0
144 144 0
1003 1003 0
174 174 0
174 174 0
281 281 0
268 268 0
212 212 0
458 458 0
178 178 0
278 278 0
138 138 0
105 105 0
217 217 0
152 152 0
157 157 0
189 189 0
448 448 0
942 942 0
509 509 0
1005 1005 0
406 406 0
126 126 0
108 108 0
209 209 0
230 230 0
111 111 0
150 150 0
221 221 0
361 361 0
597 597 0
149 149 0
839 839 0
113 113 0
132 132 0
459 459 0
164 164 0
200 200 0
227 227 0
303 303 0
192 192 0
141 141 0
193 193 0
187 187 0
134 134 0
137 137 0
460 460 0
186 186 0
480 480 0
298 298 0
505 505 0
461 461 0
212 212 0
136 136 0
195 195 0
163 163 0
206 206 0
131 131 0
110 110 0
127 127 0
630 630 0
276 276 0
110 110 0
