255 255 0
481 481 0
155 155 0
137 137 0
115 115 0
361 361 0
140 140 0
281 281 0
120 120 0
152 152 0
504 504 0
170 170 0
156 156 0
327 327 0
719 719 0
363 363 0
836 836 0
162 162 0
162 162 0
113 113 0
114 114 0
137 137 0
196 196 0
144 144 0
154 154 0
720 720 0
227 227 0
282 282 0
142 142 0
109 109 0
505 505 0
103 103 0
349 349 0
267 267 0
226 226 0
132 132 0
232 232 0
122 122 0
299 299 0
670 670 0
184 184 0
129 129 0
421 421 0
210 210 0
184 184 0
319 319 0
179 179 0
122 122 0
337 337 0
914 914 0
233 233 0
155 155 0
592 592 0
181 181 0
593 593 0
257 257 0
129 129 0
121 121 0
188 188 0
114 114 0
836 836 0
299 299 0
118 118 0
172 172 0
281 281 0
105 105 0
135 135 0
299 299 0
198 198 0
255 255 0
160 160 0
164 164 0
350 350 0
111 111 0
148 148 0
127 127 0
327 327 0
149 149 0
529 529 0
138 138 0
273 273 0
126 126 0
772 772 0
139 139 0
630 630 0
190 190 0
124 124 0
404 404 0
108 108 0
421 421 0
105 105 0
115 115 0
114 114 0
222 222 0
158 158 0
438 438 0
138 138 0
361 361 0
188 188 0
165 165 0
483 483 0
208 208 0
137 137 0
184 184 0
139 139 0
134 134 0
363 363 0
192 192 0
215 215 0
276 276 0
235 235 0
839 839 0
110 110 0
140 140 0
280 280 0
140 140 0
593 593 0
154 154 0
363 363 0
592 592 0
127 127 0
140 140 0
116 116 0
176 176 0
717 717 0
118 118 0
148 148 0
189 189 0
196 196 0
233 233 0
167 167 0
165 165 0
389 389 0
914 914 0
124 124 0
145 145 0
422 422 0
631 631 0
219 219 0
912 912 0
