# Task,   Job,     Period,   Response, DL Miss?,   Lateness,  Tardiness
# task NAME=myapp PID=1239 COST=6231000 PERIOD=16000000 CPU=0
  1239,     2,   16000000,       7093,        0,  -15992907,          0
  1239,     3,   16000000,      38490,        0,  -15961510,          0
  1239,     4,   16000000,    8215392,        0,   -7784608,          0
  1239,     5,   16000000,    6201327,        0,   -9798673,          0
  1239,     6,   16000000,    6203409,        0,   -9796591,          0
  1239,     7,   16000000,    6215192,        0,   -9784808,          0
  1239,     8,   16000000,    6219912,        0,   -9780088,          0
  1239,     9,   16000000,    6210780,        0,   -9789220,          0
  1239,    10,   16000000,    6217990,        0,   -9782010,          0
  1239,    11,   16000000,    6204621,        0,   -9795379,          0
  1239,    12,   16000000,    6204817,        0,   -9795183,          0
  1239,    13,   16000000,    8210701,        0,   -7789299,          0
  1239,    14,   16000000,    6225833,        0,   -9774167,          0
  1239,    15,   16000000,    6205133,        0,   -9794867,          0
  1239,    16,   16000000,    6178501,        0,   -9821499,          0
  1239,    17,   16000000,    6186738,        0,   -9813262,          0
  1239,    18,   16000000,    6226062,        0,   -9773938,          0
  1239,    19,   16000000,    6214293,        0,   -9785707,          0
  1239,    20,   16000000,    6177333,        0,   -9822667,          0
  1239,    21,   16000000,    6194731,        0,   -9805269,          0
  1239,    22,   16000000,    6186059,        0,   -9813941,          0
  1239,    23,   16000000,    6192057,        0,   -9807943,          0
  1239,    24,   16000000,    6189724,        0,   -9810276,          0
  1239,    25,   16000000,    6208853,        0,   -9791147,          0
  1239,    26,   16000000,    6182596,        0,   -9817404,          0
  1239,    27,   16000000,    6203486,        0,   -9796514,          0
  1239,    28,   16000000,    6466489,        0,   -9533511,          0
  1239,    29,   16000000,    6215627,        0,   -9784373,          0
  1239,    30,   16000000,    6223966,        0,   -9776034,          0
  1239,    31,   16000000,    6210068,        0,   -9789932,          0
  1239,    32,   16000000,    6232882,        0,   -9767118,          0
  1239,    33,   16000000,    6191094,        0,   -9808906,          0
  1239,    34,   16000000,    6186253,        0,   -9813747,          0
  1239,    35,   16000000,    6185306,        0,   -9814694,          0
  1239,    36,   16000000,    6475053,        0,   -9524947,          0
  1239,    37,   16000000,    6183231,        0,   -9816769,          0
  1239,    38,   16000000,    6196340,        0,   -9803660,          0
  1239,    39,   16000000,    6242741,        0,   -9757259,          0
  1239,    40,   16000000,    6199870,        0,   -9800130,          0
  1239,    41,   16000000,    6202030,        0,   -9797970,          0
  1239,    42,   16000000,    6176786,        0,   -9823214,          0
  1239,    43,   16000000,    6264015,        0,   -9735985,          0
  1239,    44,   16000000,    6401069,        0,   -9598931,          0
  1239,    45,   16000000,    6198297,        0,   -9801703,          0
  1239,    46,   16000000,    6213310,        0,   -9786690,          0
  1239,    47,   16000000,    6210075,        0,   -9789925,          0
  1239,    48,   16000000,    6192669,        0,   -9807331,          0
  1239,    49,   16000000,    6207595,        0,   -9792405,          0
  1239,    50,   16000000,    6219605,        0,   -9780395,          0
  1239,    51,   16000000,    6205088,        0,   -9794912,          0
  1239,    52,   16000000,    6179069,        0,   -9820931,          0
  1239,    53,   16000000,    6204749,        0,   -9795251,          0
  1239,    54,   16000000,    6211867,        0,   -9788133,          0
  1239,    55,   16000000,    6181312,        0,   -9818688,          0
  1239,    56,   16000000,    6272956,        0,   -9727044,          0
  1239,    57,   16000000,    6221277,        0,   -9778723,          0
  1239,    58,   16000000,    6192983,        0,   -9807017,          0
  1239,    59,   16000000,    6208106,        0,   -9791894,          0
  1239,    60,   16000000,    6198396,        0,   -9801604,          0
  1239,    61,   16000000,    6200610,        0,   -9799390,          0
  1239,    62,   16000000,    6191448,        0,   -9808552,          0
  1239,    63,   16000000,    6216867,        0,   -9783133,          0
  1239,    64,   16000000,    6223947,        0,   -9776053,          0
  1239,    65,   16000000,    6207236,        0,   -9792764,          0
  1239,    66,   16000000,    6195273,        0,   -9804727,          0
  1239,    67,   16000000,    6256359,        0,   -9743641,          0
  1239,    68,   16000000,    6180671,        0,   -9819329,          0
  1239,    69,   16000000,    6193153,        0,   -9806847,          0
  1239,    70,   16000000,    6230477,        0,   -9769523,          0
  1239,    71,   16000000,    6193522,        0,   -9806478,          0
  1239,    72,   16000000,    6215149,        0,   -9784851,          0
  1239,    73,   16000000,    6230753,        0,   -9769247,          0
  1239,    74,   16000000,    6208249,        0,   -9791751,          0
  1239,    75,   16000000,    6474666,        0,   -9525334,          0
  1239,    76,   16000000,    6179986,        0,   -9820014,          0
  1239,    77,   16000000,    6209914,        0,   -9790086,          0
  1239,    78,   16000000,    6211154,        0,   -9788846,          0
  1239,    79,   16000000,    6197779,        0,   -9802221,          0
  1239,    80,   16000000,    6186349,        0,   -9813651,          0
  1239,    81,   16000000,    6185106,        0,   -9814894,          0
  1239,    82,   16000000,    6223279,        0,   -9776721,          0
  1239,    83,   16000000,    6474751,        0,   -9525249,          0
  1239,    84,   16000000,    6199208,        0,   -9800792,          0
  1239,    85,   16000000,    6211948,        0,   -9788052,          0
  1239,    86,   16000000,    6207530,        0,   -9792470,          0
  1239,    87,   16000000,    6348805,        0,   -9651195,          0
  1239,    88,   16000000,    6222348,        0,   -9777652,          0
  1239,    89,   16000000,    6241871,        0,   -9758129,          0
  1239,    90,   16000000,    6212753,        0,   -9787247,          0
  1239,    91,   16000000,    6209865,        0,   -9790135,          0
  1239,    92,   16000000,    6193456,        0,   -9806544,          0
  1239,    93,   16000000,    6190458,        0,   -9809542,          0
  1239,    94,   16000000,    6208959,        0,   -9791041,          0
  1239,    95,   16000000,    6213216,        0,   -9786784,          0
  1239,    96,   16000000,    6213955,        0,   -9786045,          0
  1239,    97,   16000000,    6208786,        0,   -9791214,          0
  1239,    98,   16000000,    6210918,        0,   -9789082,          0
  1239,    99,   16000000,    6227697,        0,   -9772303,          0
  1239,   100,   16000000,    6193609,        0,   -9806391,          0
  1239,   101,   16000000,    6259083,        0,   -9740917,          0
  1239,   102,   16000000,    6200756,        0,   -9799244,          0
  1239,   103,   16000000,    6195368,        0,   -9804632,          0
  1239,   104,   16000000,    6200257,        0,   -9799743,          0
  1239,   105,   16000000,    6208738,        0,   -9791262,          0
  1239,   106,   16000000,    6199226,        0,   -9800774,          0
  1239,   107,   16000000,    6256292,        0,   -9743708,          0
  1239,   108,   16000000,    6251119,        0,   -9748881,          0
  1239,   109,   16000000,    6191565,        0,   -9808435,          0
  1239,   110,   16000000,    6185531,        0,   -9814469,          0
  1239,   111,   16000000,    6205271,        0,   -9794729,          0
  1239,   112,   16000000,    6197063,        0,   -9802937,          0
  1239,   113,   16000000,    6205813,        0,   -9794187,          0
  1239,   114,   16000000,    6462724,        0,   -9537276,          0
  1239,   115,   16000000,    6197796,        0,   -9802204,          0
  1239,   116,   16000000,    6183169,        0,   -9816831,          0
  1239,   117,   16000000,    6220356,        0,   -9779644,          0
  1239,   118,   16000000,    6193401,        0,   -9806599,          0
  1239,   119,   16000000,    6200018,        0,   -9799982,          0
  1239,   120,   16000000,    6194338,        0,   -9805662,          0
  1239,   121,   16000000,    6175247,        0,   -9824753,          0
  1239,   122,   16000000,    6477455,        0,   -9522545,          0
  1239,   123,   16000000,    6231158,        0,   -9768842,          0
  1239,   124,   16000000,    6269394,        0,   -9730606,          0
  1239,   125,   16000000,    6204094,        0,   -9795906,          0
  1239,   126,   16000000,    6186235,        0,   -9813765,          0
  1239,   127,   16000000,    6247870,        0,   -9752130,          0
  1239,   128,   16000000,    6234071,        0,   -9765929,          0
  1239,   129,   16000000,    6178841,        0,   -9821159,          0
  1239,   130,   16000000,    6176833,        0,   -9823167,          0
  1239,   131,   16000000,    6193107,        0,   -9806893,          0
  1239,   132,   16000000,    6190562,        0,   -9809438,          0
  1239,   133,   16000000,    6257394,        0,   -9742606,          0
  1239,   134,   16000000,    6250935,        0,   -9749065,          0
  1239,   135,   16000000,    6192875,        0,   -9807125,          0
  1239,   136,   16000000,    6198489,        0,   -9801511,          0
  1239,   137,   16000000,    6183960,        0,   -9816040,          0
  1239,   138,   16000000,    6279644,        0,   -9720356,          0
  1239,   139,   16000000,    6197185,        0,   -9802815,          0
  1239,   140,   16000000,    6185176,        0,   -9814824,          0
  1239,   141,   16000000,    6182012,        0,   -9817988,          0
  1239,   142,   16000000,    6191694,        0,   -9808306,          0
  1239,   143,   16000000,    6214314,        0,   -9785686,          0
  1239,   144,   16000000,    6188951,        0,   -9811049,          0
  1239,   145,   16000000,    6175477,        0,   -9824523,          0
  1239,   146,   16000000,    6200547,        0,   -9799453,          0
  1239,   147,   16000000,    6200502,        0,   -9799498,          0
  1239,   148,   16000000,    6233616,        0,   -9766384,          0
  1239,   149,   16000000,    6189236,        0,   -9810764,          0
  1239,   150,   16000000,    6211915,        0,   -9788085,          0
  1239,   151,   16000000,    6188813,        0,   -9811187,          0
  1239,   152,   16000000,    6195740,        0,   -9804260,          0
  1239,   153,   16000000,    6508381,        0,   -9491619,          0
  1239,   154,   16000000,    6201232,        0,   -9798768,          0
  1239,   155,   16000000,    6223963,        0,   -9776037,          0
  1239,   156,   16000000,    6201326,        0,   -9798674,          0
  1239,   157,   16000000,    6192813,        0,   -9807187,          0
  1239,   158,   16000000,    6214089,        0,   -9785911,          0
  1239,   159,   16000000,    6194169,        0,   -9805831,          0
  1239,   160,   16000000,    6191760,        0,   -9808240,          0
  1239,   161,   16000000,    6484644,        0,   -9515356,          0
  1239,   162,   16000000,    6257835,        0,   -9742165,          0
  1239,   163,   16000000,    6177796,        0,   -9822204,          0
  1239,   164,   16000000,    6187446,        0,   -9812554,          0
  1239,   165,   16000000,    6183676,        0,   -9816324,          0
  1239,   166,   16000000,    6226441,        0,   -9773559,          0
  1239,   167,   16000000,    6187556,        0,   -9812444,          0
  1239,   168,   16000000,    6270200,        0,   -9729800,          0
  1239,   169,   16000000,    6456828,        0,   -9543172,          0
  1239,   170,   16000000,    6227399,        0,   -9772601,          0
  1239,   171,   16000000,    6214923,        0,   -9785077,          0
  1239,   172,   16000000,    6184405,        0,   -9815595,          0
  1239,   173,   16000000,    6201210,        0,   -9798790,          0
  1239,   174,   16000000,    6203607,        0,   -9796393,          0
  1239,   175,   16000000,    6217385,        0,   -9782615,          0
  1239,   176,   16000000,    6191605,        0,   -9808395,          0
  1239,   177,   16000000,    6228800,        0,   -9771200,          0
  1239,   178,   16000000,    6175739,        0,   -9824261,          0
  1239,   179,   16000000,    6266185,        0,   -9733815,          0
  1239,   180,   16000000,    6181594,        0,   -9818406,          0
  1239,   181,   16000000,    6237561,        0,   -9762439,          0
  1239,   182,   16000000,    7243611,        0,   -8756389,          0
  1239,   183,   16000000,    6209074,        0,   -9790926,          0
  1239,   184,   16000000,    6179172,        0,   -9820828,          0
  1239,   185,   16000000,    6189416,        0,   -9810584,          0
  1239,   186,   16000000,    6201991,        0,   -9798009,          0
  1239,   187,   16000000,    6181293,        0,   -9818707,          0
  1239,   188,   16000000,    6225132,        0,   -9774868,          0
  1239,   189,   16000000,    6197411,        0,   -9802589,          0
  1239,   190,   16000000,    6185913,        0,   -9814087,          0
  1239,   191,   16000000,    6220765,        0,   -9779235,          0
  1239,   192,   16000000,    6184500,        0,   -9815500,          0
  1239,   193,   16000000,    6209580,        0,   -9790420,          0
  1239,   194,   16000000,    6188666,        0,   -9811334,          0
  1239,   195,   16000000,    6256027,        0,   -9743973,          0
  1239,   196,   16000000,    6297524,        0,   -9702476,          0
  1239,   197,   16000000,    6197707,        0,   -9802293,          0
  1239,   198,   16000000,    6198564,        0,   -9801436,          0
  1239,   199,   16000000,    6259610,        0,   -9740390,          0
  1239,   200,   16000000,    6566427,        0,   -9433573,          0
  1239,   201,   16000000,    6211360,        0,   -9788640,          0
  1239,   202,   16000000,    6183715,        0,   -9816285,          0
  1239,   203,   16000000,    6223436,        0,   -9776564,          0
  1239,   204,   16000000,    6220745,        0,   -9779255,          0
  1239,   205,   16000000,    6187359,        0,   -9812641,          0
  1239,   206,   16000000,    6190949,        0,   -9809051,          0
  1239,   207,   16000000,    6235935,        0,   -9764065,          0
  1239,   208,   16000000,    6472832,        0,   -9527168,          0
  1239,   209,   16000000,    6228665,        0,   -9771335,          0
  1239,   210,   16000000,    6190747,        0,   -9809253,          0
  1239,   211,   16000000,    6241302,        0,   -9758698,          0
  1239,   212,   16000000,    6239916,        0,   -9760084,          0
  1239,   213,   16000000,    6189677,        0,   -9810323,          0
  1239,   214,   16000000,    6190206,        0,   -9809794,          0
  1239,   215,   16000000,    6196766,        0,   -9803234,          0
  1239,   216,   16000000,    6202994,        0,   -9797006,          0
  1239,   217,   16000000,    6221950,        0,   -9778050,          0
  1239,   218,   16000000,    6190000,        0,   -9810000,          0
  1239,   219,   16000000,    6187018,        0,   -9812982,          0
  1239,   220,   16000000,    6204208,        0,   -9795792,          0
  1239,   221,   16000000,    6181130,        0,   -9818870,          0
  1239,   222,   16000000,    6201812,        0,   -9798188,          0
  1239,   223,   16000000,    6177219,        0,   -9822781,          0
  1239,   224,   16000000,    6243163,        0,   -9756837,          0
  1239,   225,   16000000,    6289407,        0,   -9710593,          0
  1239,   226,   16000000,    6218871,        0,   -9781129,          0
  1239,   227,   16000000,    6210142,        0,   -9789858,          0
  1239,   228,   16000000,    6213030,        0,   -9786970,          0
  1239,   229,   16000000,    6217610,        0,   -9782390,          0
  1239,   230,   16000000,    6188850,        0,   -9811150,          0
  1239,   231,   16000000,    6190304,        0,   -9809696,          0
  1239,   232,   16000000,    6235793,        0,   -9764207,          0
  1239,   233,   16000000,    6178759,        0,   -9821241,          0
  1239,   234,   16000000,    6178566,        0,   -9821434,          0
  1239,   235,   16000000,    6228491,        0,   -9771509,          0
  1239,   236,   16000000,    6199025,        0,   -9800975,          0
  1239,   237,   16000000,    6183341,        0,   -9816659,          0
  1239,   238,   16000000,    6189949,        0,   -9810051,          0
  1239,   239,   16000000,    6467599,        0,   -9532401,          0
  1239,   240,   16000000,    6229782,        0,   -9770218,          0
  1239,   241,   16000000,    6204415,        0,   -9795585,          0
  1239,   242,   16000000,    6181460,        0,   -9818540,          0
  1239,   243,   16000000,    6176248,        0,   -9823752,          0
  1239,   244,   16000000,    6196207,        0,   -9803793,          0
  1239,   245,   16000000,    6189717,        0,   -9810283,          0
  1239,   246,   16000000,    6204850,        0,   -9795150,          0
  1239,   247,   16000000,    6457350,        0,   -9542650,          0
  1239,   248,   16000000,    6188341,        0,   -9811659,          0
  1239,   249,   16000000,    6194959,        0,   -9805041,          0
  1239,   250,   16000000,    6193130,        0,   -9806870,          0
  1239,   251,   16000000,    6189266,        0,   -9810734,          0
  1239,   252,   16000000,    6190671,        0,   -9809329,          0
  1239,   253,   16000000,    6209701,        0,   -9790299,          0
  1239,   254,   16000000,    6213589,        0,   -9786411,          0
  1239,   255,   16000000,    6187460,        0,   -9812540,          0
  1239,   256,   16000000,    6304990,        0,   -9695010,          0
  1239,   257,   16000000,    6211848,        0,   -9788152,          0
  1239,   258,   16000000,    6181000,        0,   -9819000,          0
  1239,   259,   16000000,    6191011,        0,   -9808989,          0
  1239,   260,   16000000,    6220141,        0,   -9779859,          0
  1239,   261,   16000000,    6185178,        0,   -9814822,          0
  1239,   262,   16000000,    6199771,        0,   -9800229,          0
  1239,   263,   16000000,    6186056,        0,   -9813944,          0
  1239,   264,   16000000,    6177106,        0,   -9822894,          0
  1239,   265,   16000000,    6196258,        0,   -9803742,          0
  1239,   266,   16000000,    6220683,        0,   -9779317,          0
  1239,   267,   16000000,    6202231,        0,   -9797769,          0
  1239,   268,   16000000,    6199770,        0,   -9800230,          0
  1239,   269,   16000000,    6248334,        0,   -9751666,          0
  1239,   270,   16000000,    6186659,        0,   -9813341,          0
  1239,   271,   16000000,    6193763,        0,   -9806237,          0
  1239,   272,   16000000,    6216434,        0,   -9783566,          0
  1239,   273,   16000000,    6287428,        0,   -9712572,          0
  1239,   274,   16000000,    6186704,        0,   -9813296,          0
  1239,   275,   16000000,    6185219,        0,   -9814781,          0
  1239,   276,   16000000,    6243685,        0,   -9756315,          0
  1239,   277,   16000000,    6195398,        0,   -9804602,          0
  1239,   278,   16000000,    6465443,        0,   -9534557,          0
  1239,   279,   16000000,    6234882,        0,   -9765118,          0
  1239,   280,   16000000,    6191023,        0,   -9808977,          0
  1239,   281,   16000000,    6197960,        0,   -9802040,          0
  1239,   282,   16000000,    6180767,        0,   -9819233,          0
  1239,   283,   16000000,    6205989,        0,   -9794011,          0
  1239,   284,   16000000,    6206059,        0,   -9793941,          0
  1239,   285,   16000000,    6200920,        0,   -9799080,          0
  1239,   286,   16000000,    6483263,        0,   -9516737,          0
  1239,   287,   16000000,    6189643,        0,   -9810357,          0
  1239,   288,   16000000,    6411731,        0,   -9588269,          0
  1239,   289,   16000000,    6221262,        0,   -9778738,          0
  1239,   290,   16000000,    6186018,        0,   -9813982,          0
  1239,   291,   16000000,    6274298,        0,   -9725702,          0
  1239,   292,   16000000,    6202880,        0,   -9797120,          0
  1239,   293,   16000000,    6287460,        0,   -9712540,          0
  1239,   294,   16000000,    6487886,        0,   -9512114,          0
  1239,   295,   16000000,    6204204,        0,   -9795796,          0
  1239,   296,   16000000,    6247827,        0,   -9752173,          0
  1239,   297,   16000000,    6198854,        0,   -9801146,          0
  1239,   298,   16000000,    6185004,        0,   -9814996,          0
  1239,   299,   16000000,    6280135,        0,   -9719865,          0
  1239,   300,   16000000,    6195425,        0,   -9804575,          0
  1239,   301,   16000000,    6186469,        0,   -9813531,          0
  1239,   302,   16000000,    6179933,        0,   -9820067,          0
  1239,   303,   16000000,    6207493,        0,   -9792507,          0
  1239,   304,   16000000,    6235382,        0,   -9764618,          0
  1239,   305,   16000000,    6184739,        0,   -9815261,          0
  1239,   306,   16000000,    6207986,        0,   -9792014,          0
  1239,   307,   16000000,    6205553,        0,   -9794447,          0
  1239,   308,   16000000,    6195510,        0,   -9804490,          0
  1239,   309,   16000000,    6183062,        0,   -9816938,          0
  1239,   310,   16000000,    6273480,        0,   -9726520,          0
  1239,   311,   16000000,    6197547,        0,   -9802453,          0
  1239,   312,   16000000,    6197770,        0,   -9802230,          0
  1239,   313,   16000000,    6232834,        0,   -9767166,          0
  1239,   314,   16000000,    6178986,        0,   -9821014,          0
  1239,   315,   16000000,    6220215,        0,   -9779785,          0
  1239,   316,   16000000,    6187753,        0,   -9812247,          0
  1239,   317,   16000000,    6258388,        0,   -9741612,          0
  1239,   318,   16000000,    6205978,        0,   -9794022,          0
  1239,   319,   16000000,    6262002,        0,   -9737998,          0
  1239,   320,   16000000,    6192214,        0,   -9807786,          0
  1239,   321,   16000000,    6214191,        0,   -9785809,          0
  1239,   322,   16000000,    6188559,        0,   -9811441,          0
  1239,   323,   16000000,    6176448,        0,   -9823552,          0
  1239,   324,   16000000,    6213328,        0,   -9786672,          0
  1239,   325,   16000000,    6484433,        0,   -9515567,          0
  1239,   326,   16000000,    6186427,        0,   -9813573,          0
  1239,   327,   16000000,    6210928,        0,   -9789072,          0
  1239,   328,   16000000,    6200168,        0,   -9799832,          0
  1239,   329,   16000000,    6276333,        0,   -9723667,          0
  1239,   330,   16000000,    6211597,        0,   -9788403,          0
  1239,   331,   16000000,    6775604,        0,   -9224396,          0
  1239,   332,   16000000,    6185884,        0,   -9814116,          0
  1239,   333,   16000000,    6479664,        0,   -9520336,          0
  1239,   334,   16000000,    6200914,        0,   -9799086,          0
  1239,   335,   16000000,    6192271,        0,   -9807729,          0
  1239,   336,   16000000,    6244371,        0,   -9755629,          0
  1239,   337,   16000000,    6191202,        0,   -9808798,          0
  1239,   338,   16000000,    6200239,        0,   -9799761,          0
  1239,   339,   16000000,    6194855,        0,   -9805145,          0
  1239,   340,   16000000,    6260211,        0,   -9739789,          0
  1239,   341,   16000000,    6202010,        0,   -9797990,          0
  1239,   342,   16000000,    6207214,        0,   -9792786,          0
  1239,   343,   16000000,    6208468,        0,   -9791532,          0
  1239,   344,   16000000,    6353672,        0,   -9646328,          0
  1239,   345,   16000000,    6215513,        0,   -9784487,          0
  1239,   346,   16000000,    6213644,        0,   -9786356,          0
  1239,   347,   16000000,    6221413,        0,   -9778587,          0
  1239,   348,   16000000,    6204929,        0,   -9795071,          0
  1239,   349,   16000000,    6189855,        0,   -9810145,          0
  1239,   350,   16000000,    6274390,        0,   -9725610,          0
  1239,   351,   16000000,    6241944,        0,   -9758056,          0
  1239,   352,   16000000,    6194782,        0,   -9805218,          0
  1239,   353,   16000000,    6215249,        0,   -9784751,          0
  1239,   354,   16000000,    6241499,        0,   -9758501,          0
  1239,   355,   16000000,    6220023,        0,   -9779977,          0
  1239,   356,   16000000,    6195211,        0,   -9804789,          0
  1239,   357,   16000000,    6187727,        0,   -9812273,          0
  1239,   358,   16000000,    6220377,        0,   -9779623,          0
  1239,   359,   16000000,    6226210,        0,   -9773790,          0
  1239,   360,   16000000,    6206344,        0,   -9793656,          0
  1239,   361,   16000000,    6205056,        0,   -9794944,          0
  1239,   362,   16000000,    6195958,        0,   -9804042,          0
  1239,   363,   16000000,    6198333,        0,   -9801667,          0
  1239,   364,   16000000,    7514649,        0,   -8485351,          0
  1239,   365,   16000000,    6196906,        0,   -9803094,          0
  1239,   366,   16000000,    6201768,        0,   -9798232,          0
  1239,   367,   16000000,    6190318,        0,   -9809682,          0
  1239,   368,   16000000,    6187581,        0,   -9812419,          0
  1239,   369,   16000000,    6187722,        0,   -9812278,          0
  1239,   370,   16000000,    6186663,        0,   -9813337,          0
  1239,   371,   16000000,    6198528,        0,   -9801472,          0
  1239,   372,   16000000,    6485155,        0,   -9514845,          0
  1239,   373,   16000000,    6204472,        0,   -9795528,          0
  1239,   374,   16000000,    6271567,        0,   -9728433,          0
  1239,   375,   16000000,    6226575,        0,   -9773425,          0
  1239,   376,   16000000,    6193426,        0,   -9806574,          0
  1239,   377,   16000000,    6184219,        0,   -9815781,          0
  1239,   378,   16000000,    6206976,        0,   -9793024,          0
  1239,   379,   16000000,    6227967,        0,   -9772033,          0
  1239,   380,   16000000,    6206768,        0,   -9793232,          0
  1239,   381,   16000000,    6194919,        0,   -9805081,          0
  1239,   382,   16000000,    6205365,        0,   -9794635,          0
  1239,   383,   16000000,    6212122,        0,   -9787878,          0
  1239,   384,   16000000,    6207468,        0,   -9792532,          0
  1239,   385,   16000000,    6234886,        0,   -9765114,          0
  1239,   386,   16000000,    6195399,        0,   -9804601,          0
  1239,   387,   16000000,    6207862,        0,   -9792138,          0
  1239,   388,   16000000,    6227925,        0,   -9772075,          0
  1239,   389,   16000000,    6181301,        0,   -9818699,          0
  1239,   390,   16000000,    6217779,        0,   -9782221,          0
  1239,   391,   16000000,    6250339,        0,   -9749661,          0
  1239,   392,   16000000,    6196084,        0,   -9803916,          0
  1239,   393,   16000000,    6214819,        0,   -9785181,          0
  1239,   394,   16000000,    6203924,        0,   -9796076,          0
  1239,   395,   16000000,    6178303,        0,   -9821697,          0
  1239,   396,   16000000,    6202956,        0,   -9797044,          0
  1239,   397,   16000000,    6204844,        0,   -9795156,          0
  1239,   398,   16000000,    6182893,        0,   -9817107,          0
  1239,   399,   16000000,    6201701,        0,   -9798299,          0
  1239,   400,   16000000,    6184228,        0,   -9815772,          0
  1239,   401,   16000000,    6284738,        0,   -9715262,          0
  1239,   402,   16000000,    6228417,        0,   -9771583,          0
  1239,   403,   16000000,    6489562,        0,   -9510438,          0
  1239,   404,   16000000,    6622914,        0,   -9377086,          0
  1239,   405,   16000000,    6203079,        0,   -9796921,          0
  1239,   406,   16000000,    6184303,        0,   -9815697,          0
  1239,   407,   16000000,    6255309,        0,   -9744691,          0
  1239,   408,   16000000,    6215704,        0,   -9784296,          0
  1239,   409,   16000000,    6201463,        0,   -9798537,          0
  1239,   410,   16000000,    6183273,        0,   -9816727,          0
  1239,   411,   16000000,    6471809,        0,   -9528191,          0
  1239,   412,   16000000,    6179252,        0,   -9820748,          0
  1239,   413,   16000000,    6197925,        0,   -9802075,          0
  1239,   414,   16000000,    6181083,        0,   -9818917,          0
  1239,   415,   16000000,    6202434,        0,   -9797566,          0
  1239,   416,   16000000,    6188101,        0,   -9811899,          0
  1239,   417,   16000000,    6179103,        0,   -9820897,          0
  1239,   418,   16000000,    6272655,        0,   -9727345,          0
  1239,   419,   16000000,    6481022,        0,   -9518978,          0
  1239,   420,   16000000,    6188507,        0,   -9811493,          0
  1239,   421,   16000000,    6213211,        0,   -9786789,          0
  1239,   422,   16000000,    6186930,        0,   -9813070,          0
  1239,   423,   16000000,    6246797,        0,   -9753203,          0
  1239,   424,   16000000,    6208201,        0,   -9791799,          0
  1239,   425,   16000000,    6182659,        0,   -9817341,          0
  1239,   426,   16000000,    6224012,        0,   -9775988,          0
  1239,   427,   16000000,    6192012,        0,   -9807988,          0
  1239,   428,   16000000,    6192945,        0,   -9807055,          0
  1239,   429,   16000000,    6196875,        0,   -9803125,          0
  1239,   430,   16000000,    6195158,        0,   -9804842,          0
  1239,   431,   16000000,    6195811,        0,   -9804189,          0
  1239,   432,   16000000,    6183102,        0,   -9816898,          0
  1239,   433,   16000000,    6194540,        0,   -9805460,          0
  1239,   434,   16000000,    6195530,        0,   -9804470,          0
  1239,   435,   16000000,    6259356,        0,   -9740644,          0
  1239,   436,   16000000,    6209976,        0,   -9790024,          0
  1239,   437,   16000000,    6219462,        0,   -9780538,          0
  1239,   438,   16000000,    6180813,        0,   -9819187,          0
  1239,   439,   16000000,    6190070,        0,   -9809930,          0
  1239,   440,   16000000,    6269055,        0,   -9730945,          0
  1239,   441,   16000000,    6187246,        0,   -9812754,          0
  1239,   442,   16000000,    6192163,        0,   -9807837,          0
  1239,   443,   16000000,    6191025,        0,   -9808975,          0
  1239,   444,   16000000,    6177538,        0,   -9822462,          0
  1239,   445,   16000000,    6202647,        0,   -9797353,          0
  1239,   446,   16000000,    6233513,        0,   -9766487,          0
  1239,   447,   16000000,    6206955,        0,   -9793045,          0
  1239,   448,   16000000,    6203228,        0,   -9796772,          0
  1239,   449,   16000000,    6190150,        0,   -9809850,          0
  1239,   450,   16000000,    6534311,        0,   -9465689,          0
  1239,   451,   16000000,    6227611,        0,   -9772389,          0
  1239,   452,   16000000,    6190913,        0,   -9809087,          0
  1239,   453,   16000000,    6234076,        0,   -9765924,          0
  1239,   454,   16000000,    6207769,        0,   -9792231,          0
  1239,   455,   16000000,    6196104,        0,   -9803896,          0
  1239,   456,   16000000,    6191118,        0,   -9808882,          0
  1239,   457,   16000000,    6239121,        0,   -9760879,          0
  1239,   458,   16000000,    6563572,        0,   -9436428,          0
  1239,   459,   16000000,    6236262,        0,   -9763738,          0
  1239,   460,   16000000,    6208341,        0,   -9791659,          0
  1239,   461,   16000000,    6195285,        0,   -9804715,          0
  1239,   462,   16000000,    6198478,        0,   -9801522,          0
  1239,   463,   16000000,    6184147,        0,   -9815853,          0
  1239,   464,   16000000,    6295298,        0,   -9704702,          0
  1239,   465,   16000000,    6194947,        0,   -9805053,          0
  1239,   466,   16000000,    6182843,        0,   -9817157,          0
  1239,   467,   16000000,    6222773,        0,   -9777227,          0
  1239,   468,   16000000,    6191494,        0,   -9808506,          0
  1239,   469,   16000000,    6250226,        0,   -9749774,          0
  1239,   470,   16000000,    6190117,        0,   -9809883,          0
  1239,   471,   16000000,    6189665,        0,   -9810335,          0
  1239,   472,   16000000,    6200624,        0,   -9799376,          0
  1239,   473,   16000000,    6236791,        0,   -9763209,          0
  1239,   474,   16000000,    6202485,        0,   -9797515,          0
  1239,   475,   16000000,    6186408,        0,   -9813592,          0
  1239,   476,   16000000,    6199360,        0,   -9800640,          0
  1239,   477,   16000000,    6189333,        0,   -9810667,          0
  1239,   478,   16000000,    6367685,        0,   -9632315,          0
  1239,   479,   16000000,    6203222,        0,   -9796778,          0
  1239,   480,   16000000,    6288995,        0,   -9711005,          0
  1239,   481,   16000000,    6187383,        0,   -9812617,          0
  1239,   482,   16000000,    6253924,        0,   -9746076,          0
  1239,   483,   16000000,    6202539,        0,   -9797461,          0
  1239,   484,   16000000,    6201151,        0,   -9798849,          0
  1239,   485,   16000000,    6195442,        0,   -9804558,          0
  1239,   486,   16000000,    6198475,        0,   -9801525,          0
  1239,   487,   16000000,    6220741,        0,   -9779259,          0
  1239,   488,   16000000,    6205049,        0,   -9794951,          0
  1239,   489,   16000000,    6482720,        0,   -9517280,          0
  1239,   490,   16000000,    6198281,        0,   -9801719,          0
  1239,   491,   16000000,    6187556,        0,   -9812444,          0
  1239,   492,   16000000,    6225277,        0,   -9774723,          0
  1239,   493,   16000000,    6232902,        0,   -9767098,          0
  1239,   494,   16000000,    6179543,        0,   -9820457,          0
  1239,   495,   16000000,    6185416,        0,   -9814584,          0
  1239,   496,   16000000,    6194809,        0,   -9805191,          0
  1239,   497,   16000000,    6478760,        0,   -9521240,          0
  1239,   498,   16000000,    6244888,        0,   -9755112,          0
  1239,   499,   16000000,    6220117,        0,   -9779883,          0
  1239,   500,   16000000,    6182701,        0,   -9817299,          0
  1239,   501,   16000000,    6226640,        0,   -9773360,          0
  1239,   502,   16000000,    6205132,        0,   -9794868,          0
  1239,   503,   16000000,    6253534,        0,   -9746466,          0
  1239,   504,   16000000,    6173598,        0,   -9826402,          0
  1239,   505,   16000000,    6192293,        0,   -9807707,          0
  1239,   506,   16000000,    6177718,        0,   -9822282,          0
  1239,   507,   16000000,    6238916,        0,   -9761084,          0
  1239,   508,   16000000,    6205047,        0,   -9794953,          0
  1239,   509,   16000000,    6199302,        0,   -9800698,          0
  1239,   510,   16000000,    6195998,        0,   -9804002,          0
  1239,   511,   16000000,    6210998,        0,   -9789002,          0
  1239,   512,   16000000,    6182642,        0,   -9817358,          0
  1239,   513,   16000000,    6216383,        0,   -9783617,          0
  1239,   514,   16000000,    6200765,        0,   -9799235,          0
  1239,   515,   16000000,    6185679,        0,   -9814321,          0
  1239,   516,   16000000,    6192324,        0,   -9807676,          0
  1239,   517,   16000000,    6196366,        0,   -9803634,          0
  1239,   518,   16000000,    6208753,        0,   -9791247,          0
  1239,   519,   16000000,    6189522,        0,   -9810478,          0
  1239,   520,   16000000,    6213807,        0,   -9786193,          0
  1239,   521,   16000000,    6208796,        0,   -9791204,          0
  1239,   522,   16000000,    6255787,        0,   -9744213,          0
  1239,   523,   16000000,    6190908,        0,   -9809092,          0
  1239,   524,   16000000,    6182637,        0,   -9817363,          0
  1239,   525,   16000000,    6190423,        0,   -9809577,          0
  1239,   526,   16000000,    6216243,        0,   -9783757,          0
  1239,   527,   16000000,    6243682,        0,   -9756318,          0
  1239,   528,   16000000,    6236209,        0,   -9763791,          0
  1239,   529,   16000000,    6216455,        0,   -9783545,          0
  1239,   530,   16000000,    6192484,        0,   -9807516,          0
  1239,   531,   16000000,    6192180,        0,   -9807820,          0
  1239,   532,   16000000,    6249006,        0,   -9750994,          0
  1239,   533,   16000000,    6187663,        0,   -9812337,          0
  1239,   534,   16000000,    6201972,        0,   -9798028,          0
  1239,   535,   16000000,    6206953,        0,   -9793047,          0
  1239,   536,   16000000,    6475838,        0,   -9524162,          0
  1239,   537,   16000000,    6216486,        0,   -9783514,          0
  1239,   538,   16000000,    6234402,        0,   -9765598,          0
  1239,   539,   16000000,    6188326,        0,   -9811674,          0
  1239,   540,   16000000,    6218442,        0,   -9781558,          0
  1239,   541,   16000000,    6245876,        0,   -9754124,          0
  1239,   542,   16000000,    6200584,        0,   -9799416,          0
  1239,   543,   16000000,    6265916,        0,   -9734084,          0
  1239,   544,   16000000,    6487832,        0,   -9512168,          0
  1239,   545,   16000000,    6234345,        0,   -9765655,          0
  1239,   546,   16000000,    6207414,        0,   -9792586,          0
  1239,   547,   16000000,    6220366,        0,   -9779634,          0
  1239,   548,   16000000,    6201170,        0,   -9798830,          0
  1239,   549,   16000000,    6189149,        0,   -9810851,          0
  1239,   550,   16000000,    6190481,        0,   -9809519,          0
  1239,   551,   16000000,    6206899,        0,   -9793101,          0
  1239,   552,   16000000,    6233495,        0,   -9766505,          0
  1239,   553,   16000000,    6188922,        0,   -9811078,          0
  1239,   554,   16000000,    6205188,        0,   -9794812,          0
  1239,   555,   16000000,    6184707,        0,   -9815293,          0
  1239,   556,   16000000,    6189519,        0,   -9810481,          0
  1239,   557,   16000000,    6198179,        0,   -9801821,          0
  1239,   558,   16000000,    6179832,        0,   -9820168,          0
  1239,   559,   16000000,    6213084,        0,   -9786916,          0
  1239,   560,   16000000,    6198042,        0,   -9801958,          0
  1239,   561,   16000000,    6194673,        0,   -9805327,          0
  1239,   562,   16000000,    6181505,        0,   -9818495,          0
  1239,   563,   16000000,    6177176,        0,   -9822824,          0
  1239,   564,   16000000,    6187628,        0,   -9812372,          0
  1239,   565,   16000000,    6177789,        0,   -9822211,          0
  1239,   566,   16000000,    6222763,        0,   -9777237,          0
  1239,   567,   16000000,    6179879,        0,   -9820121,          0
  1239,   568,   16000000,    6255487,        0,   -9744513,          0
  1239,   569,   16000000,    6191809,        0,   -9808191,          0
  1239,   570,   16000000,    6193610,        0,   -9806390,          0
  1239,   571,   16000000,    6223268,        0,   -9776732,          0
  1239,   572,   16000000,    6199960,        0,   -9800040,          0
  1239,   573,   16000000,    6201525,        0,   -9798475,          0
  1239,   574,   16000000,    6205327,        0,   -9794673,          0
  1239,   575,   16000000,    6494015,        0,   -9505985,          0
  1239,   576,   16000000,    6204948,        0,   -9795052,          0
  1239,   577,   16000000,    6191036,        0,   -9808964,          0
  1239,   578,   16000000,    6197585,        0,   -9802415,          0
  1239,   579,   16000000,    6204458,        0,   -9795542,          0
  1239,   580,   16000000,    6182267,        0,   -9817733,          0
  1239,   581,   16000000,    6215567,        0,   -9784433,          0
  1239,   582,   16000000,    6197984,        0,   -9802016,          0
  1239,   583,   16000000,    6486726,        0,   -9513274,          0
  1239,   584,   16000000,    6188390,        0,   -9811610,          0
  1239,   585,   16000000,    6232882,        0,   -9767118,          0
  1239,   586,   16000000,    6266399,        0,   -9733601,          0
  1239,   587,   16000000,    6183636,        0,   -9816364,          0
  1239,   588,   16000000,    6234914,        0,   -9765086,          0
  1239,   589,   16000000,    6202587,        0,   -9797413,          0
  1239,   590,   16000000,    6220525,        0,   -9779475,          0
  1239,   591,   16000000,    6193880,        0,   -9806120,          0
  1239,   592,   16000000,    6204228,        0,   -9795772,          0
  1239,   593,   16000000,    6252636,        0,   -9747364,          0
  1239,   594,   16000000,    6185859,        0,   -9814141,          0
  1239,   595,   16000000,    6175453,        0,   -9824547,          0
  1239,   596,   16000000,    6209684,        0,   -9790316,          0
  1239,   597,   16000000,    6202016,        0,   -9797984,          0
  1239,   598,   16000000,    6178774,        0,   -9821226,          0
  1239,   599,   16000000,    6189415,        0,   -9810585,          0
  1239,   600,   16000000,    6202353,        0,   -9797647,          0
  1239,   601,   16000000,    6181610,        0,   -9818390,          0
  1239,   602,   16000000,    6207399,        0,   -9792601,          0
  1239,   603,   16000000,    6198110,        0,   -9801890,          0
  1239,   604,   16000000,    6214690,        0,   -9785310,          0
  1239,   605,   16000000,    6213679,        0,   -9786321,          0
  1239,   606,   16000000,    6198478,        0,   -9801522,          0
  1239,   607,   16000000,    6187162,        0,   -9812838,          0
  1239,   608,   16000000,    6184090,        0,   -9815910,          0
  1239,   609,   16000000,    6181932,        0,   -9818068,          0
  1239,   610,   16000000,    6235921,        0,   -9764079,          0
  1239,   611,   16000000,    6243592,        0,   -9756408,          0
  1239,   612,   16000000,    6315554,        0,   -9684446,          0
  1239,   613,   16000000,    6209484,        0,   -9790516,          0
  1239,   614,   16000000,    6493571,        0,   -9506429,          0
  1239,   615,   16000000,    6229616,        0,   -9770384,          0
  1239,   616,   16000000,    8237572,        0,   -7762428,          0
  1239,   617,   16000000,    6179611,        0,   -9820389,          0
  1239,   618,   16000000,    6173670,        0,   -9826330,          0
  1239,   619,   16000000,    6180461,        0,   -9819539,          0
  1239,   620,   16000000,    6203842,        0,   -9796158,          0
  1239,   621,   16000000,    6215238,        0,   -9784762,          0
  1239,   622,   16000000,    6469049,        0,   -9530951,          0
  1239,   623,   16000000,    6179321,        0,   -9820679,          0
  1239,   624,   16000000,    6197072,        0,   -9802928,          0
  1239,   625,   16000000,    6195656,        0,   -9804344,          0
  1239,   626,   16000000,    6278796,        0,   -9721204,          0
  1239,   627,   16000000,    6264205,        0,   -9735795,          0
  1239,   628,   16000000,    6246841,        0,   -9753159,          0
  1239,   629,   16000000,    6183572,        0,   -9816428,          0
# task NAME=myapp PID=1242 COST=12048000 PERIOD=76000000 CPU=0
  1242,     2,   76000000,       8406,        0,  -75991594,          0
  1242,     3,   76000000,      54452,        0,  -75945548,          0
  1242,     4,   76000000,   13968677,        0,  -62031323,          0
  1242,     5,   76000000,   12272764,        0,  -63727236,          0
  1242,     6,   76000000,   11939757,        0,  -64060243,          0
  1242,     7,   76000000,   11972711,        0,  -64027289,          0
  1242,     8,   76000000,   12011103,        0,  -63988897,          0
  1242,     9,   76000000,   11938044,        0,  -64061956,          0
  1242,    10,   76000000,   12012206,        0,  -63987794,          0
  1242,    11,   76000000,   11959479,        0,  -64040521,          0
  1242,    12,   76000000,   11949101,        0,  -64050899,          0
  1242,    13,   76000000,   11972535,        0,  -64027465,          0
  1242,    14,   76000000,   12042632,        0,  -63957368,          0
  1242,    15,   76000000,   11978947,        0,  -64021053,          0
  1242,    16,   76000000,   11965985,        0,  -64034015,          0
  1242,    17,   76000000,   11946034,        0,  -64053966,          0
  1242,    18,   76000000,   11945104,        0,  -64054896,          0
  1242,    19,   76000000,   11968046,        0,  -64031954,          0
  1242,    20,   76000000,   11940010,        0,  -64059990,          0
  1242,    21,   76000000,   11962863,        0,  -64037137,          0
  1242,    22,   76000000,   12043663,        0,  -63956337,          0
  1242,    23,   76000000,   12300923,        0,  -63699077,          0
  1242,    24,   76000000,   11944584,        0,  -64055416,          0
  1242,    25,   76000000,   11946901,        0,  -64053099,          0
  1242,    26,   76000000,   11973522,        0,  -64026478,          0
  1242,    27,   76000000,   11987672,        0,  -64012328,          0
  1242,    28,   76000000,   12233738,        0,  -63766262,          0
  1242,    29,   76000000,   11932030,        0,  -64067970,          0
  1242,    30,   76000000,   11975813,        0,  -64024187,          0
  1242,    31,   76000000,   11948450,        0,  -64051550,          0
  1242,    32,   76000000,   11956249,        0,  -64043751,          0
  1242,    33,   76000000,   12238031,        0,  -63761969,          0
  1242,    34,   76000000,   11953340,        0,  -64046660,          0
  1242,    35,   76000000,   11965409,        0,  -64034591,          0
  1242,    36,   76000000,   12058362,        0,  -63941638,          0
  1242,    37,   76000000,   11968166,        0,  -64031834,          0
  1242,    38,   76000000,   11992049,        0,  -64007951,          0
  1242,    39,   76000000,   11957954,        0,  -64042046,          0
  1242,    40,   76000000,   11986947,        0,  -64013053,          0
  1242,    41,   76000000,   11985556,        0,  -64014444,          0
  1242,    42,   76000000,   11966337,        0,  -64033663,          0
  1242,    43,   76000000,   11955686,        0,  -64044314,          0
  1242,    44,   76000000,   11945875,        0,  -64054125,          0
  1242,    45,   76000000,   11939771,        0,  -64060229,          0
  1242,    46,   76000000,   12045763,        0,  -63954237,          0
  1242,    47,   76000000,   12143777,        0,  -63856223,          0
  1242,    48,   76000000,   11962407,        0,  -64037593,          0
  1242,    49,   76000000,   11934989,        0,  -64065011,          0
  1242,    50,   76000000,   11929933,        0,  -64070067,          0
  1242,    51,   76000000,   12290159,        0,  -63709841,          0
  1242,    52,   76000000,   12014147,        0,  -63985853,          0
  1242,    53,   76000000,   11968533,        0,  -64031467,          0
  1242,    54,   76000000,   11944759,        0,  -64055241,          0
  1242,    55,   76000000,   11952028,        0,  -64047972,          0
  1242,    56,   76000000,   12313813,        0,  -63686187,          0
  1242,    57,   76000000,   11931682,        0,  -64068318,          0
  1242,    58,   76000000,   12030096,        0,  -63969904,          0
  1242,    59,   76000000,   11975691,        0,  -64024309,          0
  1242,    60,   76000000,   11954718,        0,  -64045282,          0
  1242,    61,   76000000,   11935449,        0,  -64064551,          0
  1242,    62,   76000000,   11952936,        0,  -64047064,          0
  1242,    63,   76000000,   12137300,        0,  -63862700,          0
  1242,    64,   76000000,   12040394,        0,  -63959606,          0
  1242,    65,   76000000,   11961403,        0,  -64038597,          0
  1242,    66,   76000000,   12023980,        0,  -63976020,          0
  1242,    67,   76000000,   11965995,        0,  -64034005,          0
  1242,    68,   76000000,   11947587,        0,  -64052413,          0
  1242,    69,   76000000,   11931451,        0,  -64068549,          0
  1242,    70,   76000000,   11926167,        0,  -64073833,          0
  1242,    71,   76000000,   11969107,        0,  -64030893,          0
  1242,    72,   76000000,   12032556,        0,  -63967444,          0
  1242,    73,   76000000,   11937940,        0,  -64062060,          0
  1242,    74,   76000000,   12259100,        0,  -63740900,          0
  1242,    75,   76000000,   11964287,        0,  -64035713,          0
  1242,    76,   76000000,   11942742,        0,  -64057258,          0
  1242,    77,   76000000,   11952628,        0,  -64047372,          0
  1242,    78,   76000000,   11951606,        0,  -64048394,          0
  1242,    79,   76000000,   12240819,        0,  -63759181,          0
  1242,    80,   76000000,   11974589,        0,  -64025411,          0
  1242,    81,   76000000,   12032475,        0,  -63967525,          0
  1242,    82,   76000000,   11936764,        0,  -64063236,          0
  1242,    83,   76000000,   12624781,        0,  -63375219,          0
  1242,    84,   76000000,   12214135,        0,  -63785865,          0
  1242,    85,   76000000,   11988875,        0,  -64011125,          0
  1242,    86,   76000000,   11932559,        0,  -64067441,          0
  1242,    87,   76000000,   12019754,        0,  -63980246,          0
  1242,    88,   76000000,   11937939,        0,  -64062061,          0
  1242,    89,   76000000,   11952794,        0,  -64047206,          0
  1242,    90,   76000000,   11951700,        0,  -64048300,          0
  1242,    91,   76000000,   11959676,        0,  -64040324,          0
  1242,    92,   76000000,   11956434,        0,  -64043566,          0
  1242,    93,   76000000,   11936455,        0,  -64063545,          0
  1242,    94,   76000000,   11957305,        0,  -64042695,          0
  1242,    95,   76000000,   11995792,        0,  -64004208,          0
  1242,    96,   76000000,   11927252,        0,  -64072748,          0
  1242,    97,   76000000,   11944495,        0,  -64055505,          0
  1242,    98,   76000000,   11923566,        0,  -64076434,          0
  1242,    99,   76000000,   11977027,        0,  -64022973,          0
  1242,   100,   76000000,   11945412,        0,  -64054588,          0
  1242,   101,   76000000,   11964233,        0,  -64035767,          0
  1242,   102,   76000000,   12439481,        0,  -63560519,          0
  1242,   103,   76000000,   11928242,        0,  -64071758,          0
  1242,   104,   76000000,   11986958,        0,  -64013042,          0
  1242,   105,   76000000,   11968677,        0,  -64031323,          0
  1242,   106,   76000000,   11974036,        0,  -64025964,          0
  1242,   107,   76000000,   12297923,        0,  -63702077,          0
  1242,   108,   76000000,   11946590,        0,  -64053410,          0
  1242,   109,   76000000,   12045078,        0,  -63954922,          0
  1242,   110,   76000000,   11940051,        0,  -64059949,          0
  1242,   111,   76000000,   12058310,        0,  -63941690,          0
  1242,   112,   76000000,   11986054,        0,  -64013946,          0
  1242,   113,   76000000,   11956645,        0,  -64043355,          0
  1242,   114,   76000000,   11951754,        0,  -64048246,          0
  1242,   115,   76000000,   11953442,        0,  -64046558,          0
  1242,   116,   76000000,   12001153,        0,  -63998847,          0
  1242,   117,   76000000,   11923942,        0,  -64076058,          0
  1242,   118,   76000000,   11951362,        0,  -64048638,          0
  1242,   119,   76000000,   11965104,        0,  -64034896,          0
  1242,   120,   76000000,   11935511,        0,  -64064489,          0
  1242,   121,   76000000,   11941900,        0,  -64058100,          0
  1242,   122,   76000000,   11935758,        0,  -64064242,          0
  1242,   123,   76000000,   11932669,        0,  -64067331,          0
  1242,   124,   76000000,   11949214,        0,  -64050786,          0
  1242,   125,   76000000,   12231695,        0,  -63768305,          0
  1242,   126,   76000000,   11979156,        0,  -64020844,          0
  1242,   127,   76000000,   12689012,        0,  -63310988,          0
  1242,   128,   76000000,   11935160,        0,  -64064840,          0
  1242,   129,   76000000,   11931610,        0,  -64068390,          0
  1242,   130,   76000000,   12270333,        0,  -63729667,          0
  1242,   131,   76000000,   12881922,        0,  -63118078,          0
  1242,   132,   76000000,   11979139,        0,  -64020861,          0
  1242,   133,   76000000,   11955112,        0,  -64044888,          0
  1242,   134,   76000000,   12043204,        0,  -63956796,          0
  1242,   135,   76000000,   11992486,        0,  -64007514,          0
# task NAME=myapp PID=1246 COST=30600000 PERIOD=79000000 CPU=0
  1246,     2,   79000000,       8805,        0,  -78991195,          0
  1246,     3,   79000000,      34471,        0,  -78965529,          0
  1246,     4,   79000000,   32331776,        0,  -46668224,          0
  1246,     5,   79000000,   30329940,        0,  -48670060,          0
  1246,     6,   79000000,   30297468,        0,  -48702532,          0
  1246,     7,   79000000,   30396282,        0,  -48603718,          0
  1246,     8,   79000000,   30714329,        0,  -48285671,          0
  1246,     9,   79000000,   30389528,        0,  -48610472,          0
  1246,    10,   79000000,   30414603,        0,  -48585397,          0
  1246,    11,   79000000,   30768937,        0,  -48231063,          0
  1246,    12,   79000000,   30265312,        0,  -48734688,          0
  1246,    13,   79000000,   30315596,        0,  -48684404,          0
  1246,    14,   79000000,   30259178,        0,  -48740822,          0
  1246,    15,   79000000,   30289748,        0,  -48710252,          0
  1246,    16,   79000000,   30592822,        0,  -48407178,          0
  1246,    17,   79000000,   30261146,        0,  -48738854,          0
  1246,    18,   79000000,   30254626,        0,  -48745374,          0
  1246,    19,   79000000,   30600137,        0,  -48399863,          0
  1246,    20,   79000000,   30450738,        0,  -48549262,          0
  1246,    21,   79000000,   30415032,        0,  -48584968,          0
  1246,    22,   79000000,   30576511,        0,  -48423489,          0
  1246,    23,   79000000,   30443508,        0,  -48556492,          0
  1246,    24,   79000000,   30279782,        0,  -48720218,          0
  1246,    25,   79000000,   30285310,        0,  -48714690,          0
  1246,    26,   79000000,   30494847,        0,  -48505153,          0
  1246,    27,   79000000,   30569773,        0,  -48430227,          0
  1246,    28,   79000000,   30305099,        0,  -48694901,          0
  1246,    29,   79000000,   30285606,        0,  -48714394,          0
  1246,    30,   79000000,   30577508,        0,  -48422492,          0
  1246,    31,   79000000,   30259198,        0,  -48740802,          0
  1246,    32,   79000000,   30259562,        0,  -48740438,          0
  1246,    33,   79000000,   30298764,        0,  -48701236,          0
  1246,    34,   79000000,   30270023,        0,  -48729977,          0
  1246,    35,   79000000,   30573093,        0,  -48426907,          0
  1246,    36,   79000000,   30297138,        0,  -48702862,          0
  1246,    37,   79000000,   30282396,        0,  -48717604,          0
  1246,    38,   79000000,   30563155,        0,  -48436845,          0
  1246,    39,   79000000,   30288833,        0,  -48711167,          0
  1246,    40,   79000000,   30282373,        0,  -48717627,          0
  1246,    41,   79000000,   30553606,        0,  -48446394,          0
  1246,    42,   79000000,   30334245,        0,  -48665755,          0
  1246,    43,   79000000,   30423843,        0,  -48576157,          0
  1246,    44,   79000000,   30308424,        0,  -48691576,          0
  1246,    45,   79000000,   30378881,        0,  -48621119,          0
  1246,    46,   79000000,   30593814,        0,  -48406186,          0
  1246,    47,   79000000,   30294044,        0,  -48705956,          0
  1246,    48,   79000000,   30392992,        0,  -48607008,          0
  1246,    49,   79000000,   30783363,        0,  -48216637,          0
  1246,    50,   79000000,   30271463,        0,  -48728537,          0
  1246,    51,   79000000,   30304870,        0,  -48695130,          0
  1246,    52,   79000000,   30297981,        0,  -48702019,          0
  1246,    53,   79000000,   30310662,        0,  -48689338,          0
  1246,    54,   79000000,   30600325,        0,  -48399675,          0
  1246,    55,   79000000,   30301284,        0,  -48698716,          0
  1246,    56,   79000000,   30294311,        0,  -48705689,          0
  1246,    57,   79000000,   30670557,        0,  -48329443,          0
  1246,    58,   79000000,   30331879,        0,  -48668121,          0
  1246,    59,   79000000,   30270494,        0,  -48729506,          0
  1246,    60,   79000000,   30671266,        0,  -48328734,          0
  1246,    61,   79000000,   30396247,        0,  -48603753,          0
  1246,    62,   79000000,   30270097,        0,  -48729903,          0
  1246,    63,   79000000,   30399485,        0,  -48600515,          0
  1246,    64,   79000000,   30291883,        0,  -48708117,          0
  1246,    65,   79000000,   30572600,        0,  -48427400,          0
  1246,    66,   79000000,   30286713,        0,  -48713287,          0
  1246,    67,   79000000,   30289233,        0,  -48710767,          0
  1246,    68,   79000000,   30576988,        0,  -48423012,          0
  1246,    69,   79000000,   30273692,        0,  -48726308,          0
  1246,    70,   79000000,   30340642,        0,  -48659358,          0
  1246,    71,   79000000,   30256682,        0,  -48743318,          0
  1246,    72,   79000000,   30287374,        0,  -48712626,          0
  1246,    73,   79000000,   30548281,        0,  -48451719,          0
  1246,    74,   79000000,   30273993,        0,  -48726007,          0
  1246,    75,   79000000,   30285127,        0,  -48714873,          0
  1246,    76,   79000000,   30559127,        0,  -48440873,          0
  1246,    77,   79000000,   30267450,        0,  -48732550,          0
  1246,    78,   79000000,   30304445,        0,  -48695555,          0
  1246,    79,   79000000,   30620446,        0,  -48379554,          0
  1246,    80,   79000000,   30277044,        0,  -48722956,          0
  1246,    81,   79000000,   30264191,        0,  -48735809,          0
  1246,    82,   79000000,   30263424,        0,  -48736576,          0
  1246,    83,   79000000,   30305518,        0,  -48694482,          0
  1246,    84,   79000000,   30823045,        0,  -48176955,          0
  1246,    85,   79000000,   30605907,        0,  -48394093,          0
  1246,    86,   79000000,   30278664,        0,  -48721336,          0
  1246,    87,   79000000,   30641428,        0,  -48358572,          0
  1246,    88,   79000000,   30288945,        0,  -48711055,          0
  1246,    89,   79000000,   30300321,        0,  -48699679,          0
  1246,    90,   79000000,   30295670,        0,  -48704330,          0
  1246,    91,   79000000,   30419625,        0,  -48580375,          0
  1246,    92,   79000000,   30553548,        0,  -48446452,          0
  1246,    93,   79000000,   30299911,        0,  -48700089,          0
  1246,    94,   79000000,   30297274,        0,  -48702726,          0
  1246,    95,   79000000,   30610176,        0,  -48389824,          0
  1246,    96,   79000000,   30273777,        0,  -48726223,          0
  1246,    97,   79000000,   30260812,        0,  -48739188,          0
  1246,    98,   79000000,   30555600,        0,  -48444400,          0
  1246,    99,   79000000,   30303744,        0,  -48696256,          0
  1246,   100,   79000000,   30358910,        0,  -48641090,          0
  1246,   101,   79000000,   30289328,        0,  -48710672,          0
  1246,   102,   79000000,   30284252,        0,  -48715748,          0
  1246,   103,   79000000,   30561491,        0,  -48438509,          0
  1246,   104,   79000000,   30295565,        0,  -48704435,          0
  1246,   105,   79000000,   30314313,        0,  -48685687,          0
  1246,   106,   79000000,   30712017,        0,  -48287983,          0
  1246,   107,   79000000,   30267703,        0,  -48732297,          0
  1246,   108,   79000000,   30259414,        0,  -48740586,          0
  1246,   109,   79000000,   30332667,        0,  -48667333,          0
  1246,   110,   79000000,   30287792,        0,  -48712208,          0
  1246,   111,   79000000,   30411539,        0,  -48588461,          0
  1246,   112,   79000000,   30258393,        0,  -48741607,          0
  1246,   113,   79000000,   30316544,        0,  -48683456,          0
  1246,   114,   79000000,   30552513,        0,  -48447487,          0
  1246,   115,   79000000,   30289271,        0,  -48710729,          0
  1246,   116,   79000000,   30395376,        0,  -48604624,          0
  1246,   117,   79000000,   30570680,        0,  -48429320,          0
  1246,   118,   79000000,   30306468,        0,  -48693532,          0
  1246,   119,   79000000,   30414504,        0,  -48585496,          0
  1246,   120,   79000000,   30288516,        0,  -48711484,          0
  1246,   121,   79000000,   30284788,        0,  -48715212,          0
  1246,   122,   79000000,   30582147,        0,  -48417853,          0
  1246,   123,   79000000,   30395401,        0,  -48604599,          0
  1246,   124,   79000000,   30289581,        0,  -48710419,          0
  1246,   125,   79000000,   30695397,        0,  -48304603,          0
  1246,   126,   79000000,   30293583,        0,  -48706417,          0
  1246,   127,   79000000,   30329949,        0,  -48670051,          0
  1246,   128,   79000000,   30461482,        0,  -48538518,          0
  1246,   129,   79000000,   30307634,        0,  -48692366,          0
  1246,   130,   79000000,   30331660,        0,  -48668340,          0
# task NAME=myapp PID=1250 COST=3428000 PERIOD=53000000 CPU=0
  1250,     2,   53000000,      15561,        0,  -52984439,          0
  1250,     3,   53000000,      58384,        0,  -52941616,          0
  1250,     4,   53000000,    5453253,        0,  -47546747,          0
  1250,     5,   53000000,    3441828,        0,  -49558172,          0
  1250,     6,   53000000,    3419915,        0,  -49580085,          0
  1250,     7,   53000000,    3431972,        0,  -49568028,          0
  1250,     8,   53000000,    3418714,        0,  -49581286,          0
  1250,     9,   53000000,    3465450,        0,  -49534550,          0
  1250,    10,   53000000,    3460489,        0,  -49539511,          0
  1250,    11,   53000000,    3422648,        0,  -49577352,          0
  1250,    12,   53000000,    3424576,        0,  -49575424,          0
  1250,    13,   53000000,    3716531,        0,  -49283469,          0
  1250,    14,   53000000,    3452592,        0,  -49547408,          0
  1250,    15,   53000000,    3436651,        0,  -49563349,          0
  1250,    16,   53000000,    3449814,        0,  -49550186,          0
  1250,    17,   53000000,    3409104,        0,  -49590896,          0
  1250,    18,   53000000,    3431508,        0,  -49568492,          0
  1250,    19,   53000000,    3407968,        0,  -49592032,          0
  1250,    20,   53000000,    3434145,        0,  -49565855,          0
  1250,    21,   53000000,    3446749,        0,  -49553251,          0
  1250,    22,   53000000,    3426338,        0,  -49573662,          0
  1250,    23,   53000000,    3414743,        0,  -49585257,          0
  1250,    24,   53000000,    3440167,        0,  -49559833,          0
  1250,    25,   53000000,    3426220,        0,  -49573780,          0
  1250,    26,   53000000,    3450274,        0,  -49549726,          0
  1250,    27,   53000000,    3442856,        0,  -49557144,          0
  1250,    28,   53000000,    3413962,        0,  -49586038,          0
  1250,    29,   53000000,    4343520,        0,  -48656480,          0
  1250,    30,   53000000,    3447602,        0,  -49552398,          0
  1250,    31,   53000000,    3435069,        0,  -49564931,          0
  1250,    32,   53000000,    3418198,        0,  -49581802,          0
  1250,    33,   53000000,    3425711,        0,  -49574289,          0
  1250,    34,   53000000,    3513495,        0,  -49486505,          0
  1250,    35,   53000000,    3438580,        0,  -49561420,          0
  1250,    36,   53000000,    5470549,        0,  -47529451,          0
  1250,    37,   53000000,    3501413,        0,  -49498587,          0
  1250,    38,   53000000,    3458788,        0,  -49541212,          0
  1250,    39,   53000000,    3533525,        0,  -49466475,          0
  1250,    40,   53000000,    3412376,        0,  -49587624,          0
  1250,    41,   53000000,    3441019,        0,  -49558981,          0
  1250,    42,   53000000,    3473419,        0,  -49526581,          0
  1250,    43,   53000000,    3421495,        0,  -49578505,          0
  1250,    44,   53000000,    3438137,        0,  -49561863,          0
  1250,    45,   53000000,    3435345,        0,  -49564655,          0
  1250,    46,   53000000,    3702638,        0,  -49297362,          0
  1250,    47,   53000000,    3418650,        0,  -49581350,          0
  1250,    48,   53000000,    3418430,        0,  -49581570,          0
  1250,    49,   53000000,    3428701,        0,  -49571299,          0
  1250,    50,   53000000,    3441503,        0,  -49558497,          0
  1250,    51,   53000000,    3477206,        0,  -49522794,          0
  1250,    52,   53000000,    3419883,        0,  -49580117,          0
  1250,    53,   53000000,    3409824,        0,  -49590176,          0
  1250,    54,   53000000,    3553201,        0,  -49446799,          0
  1250,    55,   53000000,    3423163,        0,  -49576837,          0
  1250,    56,   53000000,    3433639,        0,  -49566361,          0
  1250,    57,   53000000,    3491836,        0,  -49508164,          0
  1250,    58,   53000000,    3495121,        0,  -49504879,          0
  1250,    59,   53000000,    3451881,        0,  -49548119,          0
  1250,    60,   53000000,    3440571,        0,  -49559429,          0
  1250,    61,   53000000,    3416074,        0,  -49583926,          0
  1250,    62,   53000000,    3409796,        0,  -49590204,          0
  1250,    63,   53000000,    3488534,        0,  -49511466,          0
  1250,    64,   53000000,    3469416,        0,  -49530584,          0
  1250,    65,   53000000,    3416465,        0,  -49583535,          0
  1250,    66,   53000000,    3434571,        0,  -49565429,          0
  1250,    67,   53000000,    3445546,        0,  -49554454,          0
  1250,    68,   53000000,    3434667,        0,  -49565333,          0
  1250,    69,   53000000,    3430676,        0,  -49569324,          0
  1250,    70,   53000000,    3609626,        0,  -49390374,          0
  1250,    71,   53000000,    3451580,        0,  -49548420,          0
  1250,    72,   53000000,    3444570,        0,  -49555430,          0
  1250,    73,   53000000,    3425124,        0,  -49574876,          0
  1250,    74,   53000000,    3437316,        0,  -49562684,          0
  1250,    75,   53000000,    3436066,        0,  -49563934,          0
  1250,    76,   53000000,    3422565,        0,  -49577435,          0
  1250,    77,   53000000,    3484551,        0,  -49515449,          0
  1250,    78,   53000000,    3413624,        0,  -49586376,          0
  1250,    79,   53000000,    3714250,        0,  -49285750,          0
  1250,    80,   53000000,    3524146,        0,  -49475854,          0
  1250,    81,   53000000,    3440595,        0,  -49559405,          0
  1250,    82,   53000000,    3448566,        0,  -49551434,          0
  1250,    83,   53000000,    3448974,        0,  -49551026,          0
  1250,    84,   53000000,    3479443,        0,  -49520557,          0
  1250,    85,   53000000,    3414589,        0,  -49585411,          0
  1250,    86,   53000000,    3416183,        0,  -49583817,          0
  1250,    87,   53000000,    3458521,        0,  -49541479,          0
  1250,    88,   53000000,    3412268,        0,  -49587732,          0
  1250,    89,   53000000,    3419602,        0,  -49580398,          0
  1250,    90,   53000000,    3428206,        0,  -49571794,          0
  1250,    91,   53000000,    3447201,        0,  -49552799,          0
  1250,    92,   53000000,    3437100,        0,  -49562900,          0
  1250,    93,   53000000,    3450920,        0,  -49549080,          0
  1250,    94,   53000000,    3463453,        0,  -49536547,          0
  1250,    95,   53000000,    3417441,        0,  -49582559,          0
  1250,    96,   53000000,    3429286,        0,  -49570714,          0
  1250,    97,   53000000,    3417657,        0,  -49582343,          0
  1250,    98,   53000000,    3680163,        0,  -49319837,          0
  1250,    99,   53000000,    3451529,        0,  -49548471,          0
  1250,   100,   53000000,    3424999,        0,  -49575001,          0
  1250,   101,   53000000,    3419874,        0,  -49580126,          0
  1250,   102,   53000000,    3424169,        0,  -49575831,          0
  1250,   103,   53000000,    3447337,        0,  -49552663,          0
  1250,   104,   53000000,    3424810,        0,  -49575190,          0
  1250,   105,   53000000,    3735051,        0,  -49264949,          0
  1250,   106,   53000000,    4167580,        0,  -48832420,          0
  1250,   107,   53000000,    3437353,        0,  -49562647,          0
  1250,   108,   53000000,    3425023,        0,  -49574977,          0
  1250,   109,   53000000,    3420353,        0,  -49579647,          0
  1250,   110,   53000000,    3405230,        0,  -49594770,          0
  1250,   111,   53000000,    3445276,        0,  -49554724,          0
  1250,   112,   53000000,    5867036,        0,  -47132964,          0
  1250,   113,   53000000,    3430198,        0,  -49569802,          0
  1250,   114,   53000000,    3436259,        0,  -49563741,          0
  1250,   115,   53000000,    3480694,        0,  -49519306,          0
  1250,   116,   53000000,    3416246,        0,  -49583754,          0
  1250,   117,   53000000,    3410728,        0,  -49589272,          0
  1250,   118,   53000000,    3414423,        0,  -49585577,          0
  1250,   119,   53000000,    3450580,        0,  -49549420,          0
  1250,   120,   53000000,    3468634,        0,  -49531366,          0
  1250,   121,   53000000,    3430045,        0,  -49569955,          0
  1250,   122,   53000000,    3441920,        0,  -49558080,          0
  1250,   123,   53000000,    3487481,        0,  -49512519,          0
  1250,   124,   53000000,    3434745,        0,  -49565255,          0
  1250,   125,   53000000,    3429901,        0,  -49570099,          0
  1250,   126,   53000000,    3433143,        0,  -49566857,          0
  1250,   127,   53000000,    3414055,        0,  -49585945,          0
  1250,   128,   53000000,    3407154,        0,  -49592846,          0
  1250,   129,   53000000,    3422522,        0,  -49577478,          0
  1250,   130,   53000000,    3435080,        0,  -49564920,          0
  1250,   131,   53000000,    3450458,        0,  -49549542,          0
  1250,   132,   53000000,    3416933,        0,  -49583067,          0
  1250,   133,   53000000,    3416752,        0,  -49583248,          0
  1250,   134,   53000000,    3424072,        0,  -49575928,          0
  1250,   135,   53000000,    5445845,        0,  -47554155,          0
  1250,   136,   53000000,    3437764,        0,  -49562236,          0
  1250,   137,   53000000,    3425065,        0,  -49574935,          0
  1250,   138,   53000000,    3686839,        0,  -49313161,          0
  1250,   139,   53000000,    3436051,        0,  -49563949,          0
  1250,   140,   53000000,    3449959,        0,  -49550041,          0
  1250,   141,   53000000,    3423459,        0,  -49576541,          0
  1250,   142,   53000000,    3427564,        0,  -49572436,          0
  1250,   143,   53000000,    3440038,        0,  -49559962,          0
  1250,   144,   53000000,    3467518,        0,  -49532482,          0
  1250,   145,   53000000,    5770374,        0,  -47229626,          0
  1250,   146,   53000000,    3525163,        0,  -49474837,          0
  1250,   147,   53000000,    3440816,        0,  -49559184,          0
  1250,   148,   53000000,    3418382,        0,  -49581618,          0
  1250,   149,   53000000,    3429315,        0,  -49570685,          0
  1250,   150,   53000000,    3416529,        0,  -49583471,          0
  1250,   151,   53000000,    3478118,        0,  -49521882,          0
  1250,   152,   53000000,    3428838,        0,  -49571162,          0
  1250,   153,   53000000,    3462886,        0,  -49537114,          0
  1250,   154,   53000000,    4381883,        0,  -48618117,          0
  1250,   155,   53000000,    3440950,        0,  -49559050,          0
  1250,   156,   53000000,    3437599,        0,  -49562401,          0
  1250,   157,   53000000,    3410267,        0,  -49589733,          0
  1250,   158,   53000000,    3417367,        0,  -49582633,          0
  1250,   159,   53000000,    3415968,        0,  -49584032,          0
  1250,   160,   53000000,    3413074,        0,  -49586926,          0
  1250,   161,   53000000,    3444099,        0,  -49555901,          0
  1250,   162,   53000000,    3430351,        0,  -49569649,          0
  1250,   163,   53000000,    3425950,        0,  -49574050,          0
  1250,   164,   53000000,    3435018,        0,  -49564982,          0
  1250,   165,   53000000,    3417684,        0,  -49582316,          0
  1250,   166,   53000000,    3424898,        0,  -49575102,          0
  1250,   167,   53000000,    3457949,        0,  -49542051,          0
  1250,   168,   53000000,    3445663,        0,  -49554337,          0
  1250,   169,   53000000,    3433836,        0,  -49566164,          0
  1250,   170,   53000000,    3481424,        0,  -49518576,          0
  1250,   171,   53000000,    3699716,        0,  -49300284,          0
  1250,   172,   53000000,    3430415,        0,  -49569585,          0
  1250,   173,   53000000,    3417276,        0,  -49582724,          0
  1250,   174,   53000000,    3415112,        0,  -49584888,          0
  1250,   175,   53000000,    3412050,        0,  -49587950,          0
  1250,   176,   53000000,    3434877,        0,  -49565123,          0
  1250,   177,   53000000,    3438751,        0,  -49561249,          0
  1250,   178,   53000000,    3442485,        0,  -49557515,          0
  1250,   179,   53000000,    3479253,        0,  -49520747,          0
  1250,   180,   53000000,    3443431,        0,  -49556569,          0
  1250,   181,   53000000,    3434432,        0,  -49565568,          0
  1250,   182,   53000000,    3469527,        0,  -49530473,          0
  1250,   183,   53000000,    3458153,        0,  -49541847,          0
  1250,   184,   53000000,    3428070,        0,  -49571930,          0
  1250,   185,   53000000,    3429408,        0,  -49570592,          0
  1250,   186,   53000000,    3461591,        0,  -49538409,          0
  1250,   187,   53000000,    3434291,        0,  -49565709,          0
  1250,   188,   53000000,    3442197,        0,  -49557803,          0
  1250,   189,   53000000,    3443706,        0,  -49556294,          0
  1250,   190,   53000000,    3406013,        0,  -49593987,          0
  1250,   191,   53000000,    3415671,        0,  -49584329,          0
  1250,   192,   53000000,    3427261,        0,  -49572739,          0
