# Task,   Job,     Period,   Response, DL Miss?,   Lateness,  Tardiness
# task NAME=myapp PID=21052 COST=34963000 PERIOD=46000000 CPU=0
 21052,     2,   46000000,      10525,        0,  -45989475,          0
 21052,     3,   46000000,      33825,        0,  -45966175,          0
 21052,     4,   46000000,   35298953,        0,  -10701047,          0
 21052,     5,   46000000,   34200757,        0,  -11799243,          0
 21052,     6,   46000000,   34276118,        0,  -11723882,          0
 21052,     7,   46000000,   34221123,        0,  -11778877,          0
 21052,     8,   46000000,   34628498,        0,  -11371502,          0
 21052,     9,   46000000,   34354476,        0,  -11645524,          0
 21052,    10,   46000000,   34232530,        0,  -11767470,          0
 21052,    11,   46000000,   34592489,        0,  -11407511,          0
 21052,    12,   46000000,   34230036,        0,  -11769964,          0
 21052,    13,   46000000,   34218076,        0,  -11781924,          0
 21052,    14,   46000000,   34497678,        0,  -11502322,          0
 21052,    15,   46000000,   34202731,        0,  -11797269,          0
 21052,    16,   46000000,   34264713,        0,  -11735287,          0
 21052,    17,   46000000,   34208594,        0,  -11791406,          0
 21052,    18,   46000000,   34206827,        0,  -11793173,          0
 21052,    19,   46000000,   34485238,        0,  -11514762,          0
 21052,    20,   46000000,   34219549,        0,  -11780451,          0
 21052,    21,   46000000,   34223254,        0,  -11776746,          0
 21052,    22,   46000000,   34499205,        0,  -11500795,          0
 21052,    23,   46000000,   34212979,        0,  -11787021,          0
 21052,    24,   46000000,   34247129,        0,  -11752871,          0
 21052,    25,   46000000,   34234933,        0,  -11765067,          0
 21052,    26,   46000000,   34337901,        0,  -11662099,          0
 21052,    27,   46000000,   34546593,        0,  -11453407,          0
 21052,    28,   46000000,   34236657,        0,  -11763343,          0
 21052,    29,   46000000,   34201596,        0,  -11798404,          0
 21052,    30,   46000000,   34631419,        0,  -11368581,          0
 21052,    31,   46000000,   34365553,        0,  -11634447,          0
 21052,    32,   46000000,   34349277,        0,  -11650723,          0
 21052,    33,   46000000,   34642002,        0,  -11357998,          0
 21052,    34,   46000000,   34248710,        0,  -11751290,          0
 21052,    35,   46000000,   34236877,        0,  -11763123,          0
 21052,    36,   46000000,   34199559,        0,  -11800441,          0
 21052,    37,   46000000,   34213641,        0,  -11786359,          0
 21052,    38,   46000000,   34522258,        0,  -11477742,          0
 21052,    39,   46000000,   34216998,        0,  -11783002,          0
 21052,    40,   46000000,   34221040,        0,  -11778960,          0
 21052,    41,   46000000,   34519409,        0,  -11480591,          0
 21052,    42,   46000000,   34241528,        0,  -11758472,          0
 21052,    43,   46000000,   34237107,        0,  -11762893,          0
 21052,    44,   46000000,   34254110,        0,  -11745890,          0
 21052,    45,   46000000,   34215272,        0,  -11784728,          0
 21052,    46,   46000000,   34495857,        0,  -11504143,          0
 21052,    47,   46000000,   34214879,        0,  -11785121,          0
 21052,    48,   46000000,   34270197,        0,  -11729803,          0
 21052,    49,   46000000,   34506911,        0,  -11493089,          0
 21052,    50,   46000000,   34352612,        0,  -11647388,          0
 21052,    51,   46000000,   34355443,        0,  -11644557,          0
 21052,    52,   46000000,   34499592,        0,  -11500408,          0
 21052,    53,   46000000,   34370697,        0,  -11629303,          0
 21052,    54,   46000000,   34221239,        0,  -11778761,          0
 21052,    55,   46000000,   34357262,        0,  -11642738,          0
 21052,    56,   46000000,   34351501,        0,  -11648499,          0
 21052,    57,   46000000,   34736347,        0,  -11263653,          0
 21052,    58,   46000000,   34232140,        0,  -11767860,          0
 21052,    59,   46000000,   34216662,        0,  -11783338,          0
 21052,    60,   46000000,   34506113,        0,  -11493887,          0
 21052,    61,   46000000,   34216928,        0,  -11783072,          0
 21052,    62,   46000000,   34201732,        0,  -11798268,          0
 21052,    63,   46000000,   34213074,        0,  -11786926,          0
 21052,    64,   46000000,   34239355,        0,  -11760645,          0
 21052,    65,   46000000,   34555995,        0,  -11444005,          0
 21052,    66,   46000000,   34203405,        0,  -11796595,          0
 21052,    67,   46000000,   34232266,        0,  -11767734,          0
 21052,    68,   46000000,   34526501,        0,  -11473499,          0
 21052,    69,   46000000,   34505311,        0,  -11494689,          0
 21052,    70,   46000000,   34268857,        0,  -11731143,          0
 21052,    71,   46000000,   34532786,        0,  -11467214,          0
 21052,    72,   46000000,   34290297,        0,  -11709703,          0
 21052,    73,   46000000,   34250716,        0,  -11749284,          0
 21052,    74,   46000000,   34231046,        0,  -11768954,          0
 21052,    75,   46000000,   34240295,        0,  -11759705,          0
 21052,    76,   46000000,   34708874,        0,  -11291126,          0
 21052,    77,   46000000,   34360101,        0,  -11639899,          0
 21052,    78,   46000000,   34481273,        0,  -11518727,          0
 21052,    79,   46000000,   34513240,        0,  -11486760,          0
 21052,    80,   46000000,   34249503,        0,  -11750497,          0
 21052,    81,   46000000,   34225827,        0,  -11774173,          0
 21052,    82,   46000000,   34550867,        0,  -11449133,          0
 21052,    83,   46000000,   34220520,        0,  -11779480,          0
 21052,    84,   46000000,   34538230,        0,  -11461770,          0
 21052,    85,   46000000,   34399029,        0,  -11600971,          0
 21052,    86,   46000000,   34250389,        0,  -11749611,          0
 21052,    87,   46000000,   34517958,        0,  -11482042,          0
 21052,    88,   46000000,   34233492,        0,  -11766508,          0
 21052,    89,   46000000,   34238096,        0,  -11761904,          0
 21052,    90,   46000000,   34548455,        0,  -11451545,          0
 21052,    91,   46000000,   34230830,        0,  -11769170,          0
 21052,    92,   46000000,   34245183,        0,  -11754817,          0
 21052,    93,   46000000,   34230862,        0,  -11769138,          0
 21052,    94,   46000000,   34279167,        0,  -11720833,          0
 21052,    95,   46000000,   34643299,        0,  -11356701,          0
 21052,    96,   46000000,   34272101,        0,  -11727899,          0
 21052,    97,   46000000,   34405904,        0,  -11594096,          0
 21052,    98,   46000000,   34740095,        0,  -11259905,          0
 21052,    99,   46000000,   34368969,        0,  -11631031,          0
 21052,   100,   46000000,   34382474,        0,  -11617526,          0
 21052,   101,   46000000,   34660713,        0,  -11339287,          0
 21052,   102,   46000000,   34369783,        0,  -11630217,          0
 21052,   103,   46000000,   34661606,        0,  -11338394,          0
 21052,   104,   46000000,   34385695,        0,  -11614305,          0
 21052,   105,   46000000,   34396990,        0,  -11603010,          0
 21052,   106,   46000000,   34533196,        0,  -11466804,          0
 21052,   107,   46000000,   34231447,        0,  -11768553,          0
 21052,   108,   46000000,   34269550,        0,  -11730450,          0
 21052,   109,   46000000,   34589293,        0,  -11410707,          0
 21052,   110,   46000000,   34258786,        0,  -11741214,          0
 21052,   111,   46000000,   34288914,        0,  -11711086,          0
 21052,   112,   46000000,   34261864,        0,  -11738136,          0
 21052,   113,   46000000,   34245145,        0,  -11754855,          0
 21052,   114,   46000000,   34545244,        0,  -11454756,          0
 21052,   115,   46000000,   34244802,        0,  -11755198,          0
 21052,   116,   46000000,   34236188,        0,  -11763812,          0
 21052,   117,   46000000,   34532592,        0,  -11467408,          0
 21052,   118,   46000000,   34251422,        0,  -11748578,          0
 21052,   119,   46000000,   34242968,        0,  -11757032,          0
 21052,   120,   46000000,   34549242,        0,  -11450758,          0
 21052,   121,   46000000,   34239681,        0,  -11760319,          0
 21052,   122,   46000000,   34238488,        0,  -11761512,          0
 21052,   123,   46000000,   34246055,        0,  -11753945,          0
 21052,   124,   46000000,   34232712,        0,  -11767288,          0
 21052,   125,   46000000,   34541924,        0,  -11458076,          0
 21052,   126,   46000000,   34256322,        0,  -11743678,          0
 21052,   127,   46000000,   34383917,        0,  -11616083,          0
 21052,   128,   46000000,   34679218,        0,  -11320782,          0
 21052,   129,   46000000,   34381928,        0,  -11618072,          0
 21052,   130,   46000000,   34413431,        0,  -11586569,          0
 21052,   131,   46000000,   34258161,        0,  -11741839,          0
 21052,   132,   46000000,   34442728,        0,  -11557272,          0
 21052,   133,   46000000,   34560687,        0,  -11439313,          0
 21052,   134,   46000000,   34235682,        0,  -11764318,          0
 21052,   135,   46000000,   34209497,        0,  -11790503,          0
 21052,   136,   46000000,   34678841,        0,  -11321159,          0
 21052,   137,   46000000,   34231613,        0,  -11768387,          0
 21052,   138,   46000000,   34231401,        0,  -11768599,          0
 21052,   139,   46000000,   34557361,        0,  -11442639,          0
 21052,   140,   46000000,   34230167,        0,  -11769833,          0
 21052,   141,   46000000,   34227426,        0,  -11772574,          0
 21052,   142,   46000000,   34208394,        0,  -11791606,          0
 21052,   143,   46000000,   34300383,        0,  -11699617,          0
 21052,   144,   46000000,   34513419,        0,  -11486581,          0
 21052,   145,   46000000,   34221359,        0,  -11778641,          0
 21052,   146,   46000000,   34262999,        0,  -11737001,          0
 21052,   147,   46000000,   34650663,        0,  -11349337,          0
 21052,   148,   46000000,   34280578,        0,  -11719422,          0
 21052,   149,   46000000,   34209303,        0,  -11790697,          0
 21052,   150,   46000000,   34209228,        0,  -11790772,          0
 21052,   151,   46000000,   34261047,        0,  -11738953,          0
 21052,   152,   46000000,   34496603,        0,  -11503397,          0
 21052,   153,   46000000,   34211531,        0,  -11788469,          0
 21052,   154,   46000000,   34203601,        0,  -11796399,          0
 21052,   155,   46000000,   34502772,        0,  -11497228,          0
 21052,   156,   46000000,   34389131,        0,  -11610869,          0
 21052,   157,   46000000,   34212775,        0,  -11787225,          0
 21052,   158,   46000000,   34518353,        0,  -11481647,          0
 21052,   159,   46000000,   34223396,        0,  -11776604,          0
 21052,   160,   46000000,   34238434,        0,  -11761566,          0
 21052,   161,   46000000,   34237974,        0,  -11762026,          0
 21052,   162,   46000000,   34209990,        0,  -11790010,          0
 21052,   163,   46000000,   34565296,        0,  -11434704,          0
 21052,   164,   46000000,   34226583,        0,  -11773417,          0
 21052,   165,   46000000,   34242550,        0,  -11757450,          0
 21052,   166,   46000000,   34524257,        0,  -11475743,          0
 21052,   167,   46000000,   34225336,        0,  -11774664,          0
 21052,   168,   46000000,   34266607,        0,  -11733393,          0
 21052,   169,   46000000,   34237380,        0,  -11762620,          0
 21052,   170,   46000000,   34221850,        0,  -11778150,          0
 21052,   171,   46000000,   34661666,        0,  -11338334,          0
 21052,   172,   46000000,   34372407,        0,  -11627593,          0
 21052,   173,   46000000,   34207759,        0,  -11792241,          0
 21052,   174,   46000000,   34535613,        0,  -11464387,          0
 21052,   175,   46000000,   34216521,        0,  -11783479,          0
 21052,   176,   46000000,   34231998,        0,  -11768002,          0
 21052,   177,   46000000,   34505287,        0,  -11494713,          0
 21052,   178,   46000000,   34227136,        0,  -11772864,          0
 21052,   179,   46000000,   34212530,        0,  -11787470,          0
 21052,   180,   46000000,   34370831,        0,  -11629169,          0
 21052,   181,   46000000,   34224324,        0,  -11775676,          0
 21052,   182,   46000000,   34520651,        0,  -11479349,          0
 21052,   183,   46000000,   34202185,        0,  -11797815,          0
 21052,   184,   46000000,   34218859,        0,  -11781141,          0
 21052,   185,   46000000,   34543589,        0,  -11456411,          0
 21052,   186,   46000000,   34208898,        0,  -11791102,          0
 21052,   187,   46000000,   34358273,        0,  -11641727,          0
 21052,   188,   46000000,   34218207,        0,  -11781793,          0
 21052,   189,   46000000,   34411711,        0,  -11588289,          0
 21052,   190,   46000000,   34634603,        0,  -11365397,          0
 21052,   191,   46000000,   34248499,        0,  -11751501,          0
 21052,   192,   46000000,   34227472,        0,  -11772528,          0
 21052,   193,   46000000,   34580334,        0,  -11419666,          0
 21052,   194,   46000000,   34224258,        0,  -11775742,          0
 21052,   195,   46000000,   34224136,        0,  -11775864,          0
 21052,   196,   46000000,   34653029,        0,  -11346971,          0
 21052,   197,   46000000,   34227582,        0,  -11772418,          0
 21052,   198,   46000000,   34264482,        0,  -11735518,          0
 21052,   199,   46000000,   34234554,        0,  -11765446,          0
 21052,   200,   46000000,   34350738,        0,  -11649262,          0
 21052,   201,   46000000,   34567427,        0,  -11432573,          0
 21052,   202,   46000000,   34262208,        0,  -11737792,          0
 21052,   203,   46000000,   34239380,        0,  -11760620,          0
 21052,   204,   46000000,   34526540,        0,  -11473460,          0
 21052,   205,   46000000,   34246617,        0,  -11753383,          0
 21052,   206,   46000000,   34250455,        0,  -11749545,          0
 21052,   207,   46000000,   34600186,        0,  -11399814,          0
 21052,   208,   46000000,   34234908,        0,  -11765092,          0
 21052,   209,   46000000,   34659745,        0,  -11340255,          0
 21052,   210,   46000000,   34382484,        0,  -11617516,          0
 21052,   211,   46000000,   34239964,        0,  -11760036,          0
 21052,   212,   46000000,   34685083,        0,  -11314917,          0
 21052,   213,   46000000,   34244294,        0,  -11755706,          0
 21052,   214,   46000000,   34245245,        0,  -11754755,          0
 21052,   215,   46000000,   34535422,        0,  -11464578,          0
 21052,   216,   46000000,   34249051,        0,  -11750949,          0
 21052,   217,   46000000,   34227734,        0,  -11772266,          0
 21052,   218,   46000000,   34250853,        0,  -11749147,          0
 21052,   219,   46000000,   34228200,        0,  -11771800,          0
 21052,   220,   46000000,   34531364,        0,  -11468636,          0
 21052,   221,   46000000,   34299465,        0,  -11700535,          0
# task NAME=myapp PID=21055 COST=15595000 PERIOD=65000000 CPU=0
 21055,     2,   65000000,      12705,        0,  -64987295,          0
 21055,     3,   65000000,      39983,        0,  -64960017,          0
 21055,     4,   65000000,   17340669,        0,  -47659331,          0
 21055,     5,   65000000,   15563405,        0,  -49436595,          0
 21055,     6,   65000000,   15362245,        0,  -49637755,          0
 21055,     7,   65000000,   15312772,        0,  -49687228,          0
 21055,     8,   65000000,   15286046,        0,  -49713954,          0
 21055,     9,   65000000,   15297510,        0,  -49702490,          0
 21055,    10,   65000000,   15302611,        0,  -49697389,          0
 21055,    11,   65000000,   15428789,        0,  -49571211,          0
 21055,    12,   65000000,   15417431,        0,  -49582569,          0
 21055,    13,   65000000,   15314171,        0,  -49685829,          0
 21055,    14,   65000000,   15289250,        0,  -49710750,          0
 21055,    15,   65000000,   15296282,        0,  -49703718,          0
 21055,    16,   65000000,   16389318,        0,  -48610682,          0
 21055,    17,   65000000,   15311546,        0,  -49688454,          0
 21055,    18,   65000000,   15294460,        0,  -49705540,          0
 21055,    19,   65000000,   15373209,        0,  -49626791,          0
 21055,    20,   65000000,   15287084,        0,  -49712916,          0
 21055,    21,   65000000,   15292686,        0,  -49707314,          0
 21055,    22,   65000000,   15297757,        0,  -49702243,          0
 21055,    23,   65000000,   15292415,        0,  -49707585,          0
 21055,    24,   65000000,   15312457,        0,  -49687543,          0
 21055,    25,   65000000,   15311975,        0,  -49688025,          0
 21055,    26,   65000000,   15598788,        0,  -49401212,          0
 21055,    27,   65000000,   15307049,        0,  -49692951,          0
 21055,    28,   65000000,   15583259,        0,  -49416741,          0
 21055,    29,   65000000,   15361383,        0,  -49638617,          0
 21055,    30,   65000000,   15596664,        0,  -49403336,          0
 21055,    31,   65000000,   15392403,        0,  -49607597,          0
 21055,    32,   65000000,   15340795,        0,  -49659205,          0
 21055,    33,   65000000,   15292098,        0,  -49707902,          0
 21055,    34,   65000000,   15319666,        0,  -49680334,          0
 21055,    35,   65000000,   15297711,        0,  -49702289,          0
 21055,    36,   65000000,   15336973,        0,  -49663027,          0
 21055,    37,   65000000,   15300317,        0,  -49699683,          0
 21055,    38,   65000000,   15359159,        0,  -49640841,          0
 21055,    39,   65000000,   15297832,        0,  -49702168,          0
 21055,    40,   65000000,   15301450,        0,  -49698550,          0
 21055,    41,   65000000,   15285248,        0,  -49714752,          0
 21055,    42,   65000000,   15290913,        0,  -49709087,          0
 21055,    43,   65000000,   16173561,        0,  -48826439,          0
 21055,    44,   65000000,   15281448,        0,  -49718552,          0
 21055,    45,   65000000,   15287302,        0,  -49712698,          0
 21055,    46,   65000000,   15301972,        0,  -49698028,          0
 21055,    47,   65000000,   15319139,        0,  -49680861,          0
 21055,    48,   65000000,   15307629,        0,  -49692371,          0
 21055,    49,   65000000,   16359637,        0,  -48640363,          0
 21055,    50,   65000000,   15565665,        0,  -49434335,          0
 21055,    51,   65000000,   15572201,        0,  -49427799,          0
 21055,    52,   65000000,   15358858,        0,  -49641142,          0
 21055,    53,   65000000,   15557427,        0,  -49442573,          0
 21055,    54,   65000000,   15319013,        0,  -49680987,          0
 21055,    55,   65000000,   15651958,        0,  -49348042,          0
 21055,    56,   65000000,   15282644,        0,  -49717356,          0
 21055,    57,   65000000,   15370902,        0,  -49629098,          0
 21055,    58,   65000000,   15359634,        0,  -49640366,          0
 21055,    59,   65000000,   15351235,        0,  -49648765,          0
 21055,    60,   65000000,   15283175,        0,  -49716825,          0
 21055,    61,   65000000,   15456527,        0,  -49543473,          0
 21055,    62,   65000000,   15363176,        0,  -49636824,          0
 21055,    63,   65000000,   15288463,        0,  -49711537,          0
 21055,    64,   65000000,   15293213,        0,  -49706787,          0
 21055,    65,   65000000,   15339979,        0,  -49660021,          0
 21055,    66,   65000000,   15324445,        0,  -49675555,          0
 21055,    67,   65000000,   15331853,        0,  -49668147,          0
 21055,    68,   65000000,   15283870,        0,  -49716130,          0
 21055,    69,   65000000,   15345415,        0,  -49654585,          0
 21055,    70,   65000000,   15302675,        0,  -49697325,          0
 21055,    71,   65000000,   15371877,        0,  -49628123,          0
 21055,    72,   65000000,   15288595,        0,  -49711405,          0
 21055,    73,   65000000,   15301125,        0,  -49698875,          0
 21055,    74,   65000000,   15303774,        0,  -49696226,          0
 21055,    75,   65000000,   15290772,        0,  -49709228,          0
 21055,    76,   65000000,   15602763,        0,  -49397237,          0
 21055,    77,   65000000,   15300156,        0,  -49699844,          0
 21055,    78,   65000000,   15560502,        0,  -49439498,          0
 21055,    79,   65000000,   15300641,        0,  -49699359,          0
 21055,    80,   65000000,   15554478,        0,  -49445522,          0
 21055,    81,   65000000,   15301665,        0,  -49698335,          0
 21055,    82,   65000000,   15362562,        0,  -49637438,          0
 21055,    83,   65000000,   15303474,        0,  -49696526,          0
 21055,    84,   65000000,   15281551,        0,  -49718449,          0
 21055,    85,   65000000,   15311138,        0,  -49688862,          0
 21055,    86,   65000000,   15300919,        0,  -49699081,          0
 21055,    87,   65000000,   15278214,        0,  -49721786,          0
 21055,    88,   65000000,   15278399,        0,  -49721601,          0
 21055,    89,   65000000,   15297578,        0,  -49702422,          0
 21055,    90,   65000000,   15302556,        0,  -49697444,          0
 21055,    91,   65000000,   15316837,        0,  -49683163,          0
 21055,    92,   65000000,   15297853,        0,  -49702147,          0
 21055,    93,   65000000,   15301097,        0,  -49698903,          0
 21055,    94,   65000000,   15290052,        0,  -49709948,          0
 21055,    95,   65000000,   15366881,        0,  -49633119,          0
 21055,    96,   65000000,   15285460,        0,  -49714540,          0
 21055,    97,   65000000,   15282572,        0,  -49717428,          0
 21055,    98,   65000000,   15314551,        0,  -49685449,          0
 21055,    99,   65000000,   15316396,        0,  -49683604,          0
 21055,   100,   65000000,   15289327,        0,  -49710673,          0
 21055,   101,   65000000,   15710650,        0,  -49289350,          0
 21055,   102,   65000000,   15302089,        0,  -49697911,          0
 21055,   103,   65000000,   15569342,        0,  -49430658,          0
 21055,   104,   65000000,   15316996,        0,  -49683004,          0
 21055,   105,   65000000,   15578321,        0,  -49421679,          0
 21055,   106,   65000000,   15349473,        0,  -49650527,          0
 21055,   107,   65000000,   15370333,        0,  -49629667,          0
 21055,   108,   65000000,   15307892,        0,  -49692108,          0
 21055,   109,   65000000,   15302207,        0,  -49697793,          0
 21055,   110,   65000000,   15310137,        0,  -49689863,          0
 21055,   111,   65000000,   15295882,        0,  -49704118,          0
 21055,   112,   65000000,   15333241,        0,  -49666759,          0
 21055,   113,   65000000,   15303914,        0,  -49696086,          0
 21055,   114,   65000000,   15278376,        0,  -49721624,          0
 21055,   115,   65000000,   15310554,        0,  -49689446,          0
 21055,   116,   65000000,   15338777,        0,  -49661223,          0
 21055,   117,   65000000,   15360288,        0,  -49639712,          0
 21055,   118,   65000000,   15428665,        0,  -49571335,          0
 21055,   119,   65000000,   15284090,        0,  -49715910,          0
 21055,   120,   65000000,   15330172,        0,  -49669828,          0
 21055,   121,   65000000,   15332467,        0,  -49667533,          0
 21055,   122,   65000000,   15284389,        0,  -49715611,          0
 21055,   123,   65000000,   15313682,        0,  -49686318,          0
 21055,   124,   65000000,   15294443,        0,  -49705557,          0
 21055,   125,   65000000,   15300319,        0,  -49699681,          0
 21055,   126,   65000000,   15590847,        0,  -49409153,          0
 21055,   127,   65000000,   15331569,        0,  -49668431,          0
 21055,   128,   65000000,   15577551,        0,  -49422449,          0
 21055,   129,   65000000,   15357244,        0,  -49642756,          0
 21055,   130,   65000000,   15562299,        0,  -49437701,          0
 21055,   131,   65000000,   15304785,        0,  -49695215,          0
 21055,   132,   65000000,   15474117,        0,  -49525883,          0
 21055,   133,   65000000,   15307360,        0,  -49692640,          0
 21055,   134,   65000000,   15359326,        0,  -49640674,          0
 21055,   135,   65000000,   15309085,        0,  -49690915,          0
 21055,   136,   65000000,   15351218,        0,  -49648782,          0
 21055,   137,   65000000,   15412201,        0,  -49587799,          0
 21055,   138,   65000000,   15285943,        0,  -49714057,          0
 21055,   139,   65000000,   15296242,        0,  -49703758,          0
 21055,   140,   65000000,   15300387,        0,  -49699613,          0
 21055,   141,   65000000,   15303922,        0,  -49696078,          0
 21055,   142,   65000000,   15421341,        0,  -49578659,          0
 21055,   143,   65000000,   15367795,        0,  -49632205,          0
 21055,   144,   65000000,   15282736,        0,  -49717264,          0
 21055,   145,   65000000,   15351534,        0,  -49648466,          0
 21055,   146,   65000000,   15282916,        0,  -49717084,          0
 21055,   147,   65000000,   15346634,        0,  -49653366,          0
 21055,   148,   65000000,   15355427,        0,  -49644573,          0
 21055,   149,   65000000,   15310900,        0,  -49689100,          0
 21055,   150,   65000000,   15287375,        0,  -49712625,          0
 21055,   151,   65000000,   15557226,        0,  -49442774,          0
 21055,   152,   65000000,   15275430,        0,  -49724570,          0
 21055,   153,   65000000,   15573177,        0,  -49426823,          0
 21055,   154,   65000000,   15332306,        0,  -49667694,          0
 21055,   155,   65000000,   15568437,        0,  -49431563,          0
 21055,   156,   65000000,   15365643,        0,  -49634357,          0
 21055,   157,   65000000,   15314222,        0,  -49685778,          0
