# Task,   Job,     Period,   Response, DL Miss?,   Lateness,  Tardiness
# task NAME=myapp PID=28367 COST=31217000 PERIOD=47000000 CPU=0
 28367,     2,   47000000,       8378,        0,  -46991622,          0
 28367,     3,   47000000,      47632,        0,  -46952368,          0
 28367,     4,   47000000,   31641744,        0,  -15358256,          0
 28367,     5,   47000000,   30692114,        0,  -16307886,          0
 28367,     6,   47000000,   30862411,        0,  -16137589,          0
 28367,     7,   47000000,   30590890,        0,  -16409110,          0
 28367,     8,   47000000,   30790398,        0,  -16209602,          0
 28367,     9,   47000000,   30616018,        0,  -16383982,          0
 28367,    10,   47000000,   30644600,        0,  -16355400,          0
 28367,    11,   47000000,   30984055,        0,  -16015945,          0
 28367,    12,   47000000,   30591579,        0,  -16408421,          0
 28367,    13,   47000000,   30617896,        0,  -16382104,          0
 28367,    14,   47000000,   30851291,        0,  -16148709,          0
 28367,    15,   47000000,   30586221,        0,  -16413779,          0
 28367,    16,   47000000,   30679238,        0,  -16320762,          0
 28367,    17,   47000000,   30577534,        0,  -16422466,          0
 28367,    18,   47000000,   30700390,        0,  -16299610,          0
 28367,    19,   47000000,   31021489,        0,  -15978511,          0
 28367,    20,   47000000,   30654397,        0,  -16345603,          0
 28367,    21,   47000000,   30630397,        0,  -16369603,          0
 28367,    22,   47000000,   30859159,        0,  -16140841,          0
 28367,    23,   47000000,   30575050,        0,  -16424950,          0
 28367,    24,   47000000,   30746999,        0,  -16253001,          0
 28367,    25,   47000000,   30601338,        0,  -16398662,          0
 28367,    26,   47000000,   30845946,        0,  -16154054,          0
 28367,    27,   47000000,   31106832,        0,  -15893168,          0
 28367,    28,   47000000,   30666400,        0,  -16333600,          0
 28367,    29,   47000000,   31472485,        0,  -15527515,          0
 28367,    30,   47000000,   31597174,        0,  -15402826,          0
 28367,    31,   47000000,   30581495,        0,  -16418505,          0
 28367,    32,   47000000,   30594271,        0,  -16405729,          0
 28367,    33,   47000000,   30581439,        0,  -16418561,          0
 28367,    34,   47000000,   32745677,        0,  -14254323,          0
 28367,    35,   47000000,   30887698,        0,  -16112302,          0
 28367,    36,   47000000,   30584562,        0,  -16415438,          0
 28367,    37,   47000000,   30756893,        0,  -16243107,          0
 28367,    38,   47000000,   31075243,        0,  -15924757,          0
 28367,    39,   47000000,   30595951,        0,  -16404049,          0
 28367,    40,   47000000,   30640373,        0,  -16359627,          0
 28367,    41,   47000000,   30614096,        0,  -16385904,          0
 28367,    42,   47000000,   30738482,        0,  -16261518,          0
 28367,    43,   47000000,   31283213,        0,  -15716787,          0
 28367,    44,   47000000,   30563220,        0,  -16436780,          0
 28367,    45,   47000000,   31570705,        0,  -15429295,          0
 28367,    46,   47000000,   32184396,        0,  -14815604,          0
 28367,    47,   47000000,   30563362,        0,  -16436638,          0
 28367,    48,   47000000,   30585183,        0,  -16414817,          0
 28367,    49,   47000000,   30584823,        0,  -16415177,          0
 28367,    50,   47000000,   30632192,        0,  -16367808,          0
 28367,    51,   47000000,   31885472,        0,  -15114528,          0
 28367,    52,   47000000,   30589040,        0,  -16410960,          0
 28367,    53,   47000000,   30696973,        0,  -16303027,          0
 28367,    54,   47000000,   30897405,        0,  -16102595,          0
 28367,    55,   47000000,   30718907,        0,  -16281093,          0
 28367,    56,   47000000,   30571847,        0,  -16428153,          0
 28367,    57,   47000000,   30731836,        0,  -16268164,          0
 28367,    58,   47000000,   30614779,        0,  -16385221,          0
 28367,    59,   47000000,   30862107,        0,  -16137893,          0
 28367,    60,   47000000,   30718572,        0,  -16281428,          0
 28367,    61,   47000000,   30562583,        0,  -16437417,          0
 28367,    62,   47000000,   30894176,        0,  -16105824,          0
 28367,    63,   47000000,   30567364,        0,  -16432636,          0
 28367,    64,   47000000,   30624276,        0,  -16375724,          0
 28367,    65,   47000000,   30606499,        0,  -16393501,          0
 28367,    66,   47000000,   30623454,        0,  -16376546,          0
 28367,    67,   47000000,   30860696,        0,  -16139304,          0
 28367,    68,   47000000,   30591927,        0,  -16408073,          0
 28367,    69,   47000000,   30589761,        0,  -16410239,          0
 28367,    70,   47000000,   30867046,        0,  -16132954,          0
 28367,    71,   47000000,   30586640,        0,  -16413360,          0
 28367,    72,   47000000,   30683795,        0,  -16316205,          0
 28367,    73,   47000000,   30605114,        0,  -16394886,          0
 28367,    74,   47000000,   30588267,        0,  -16411733,          0
 28367,    75,   47000000,   30933631,        0,  -16066369,          0
 28367,    76,   47000000,   30681544,        0,  -16318456,          0
 28367,    77,   47000000,   30653555,        0,  -16346445,          0
 28367,    78,   47000000,   30964072,        0,  -16035928,          0
 28367,    79,   47000000,   30651995,        0,  -16348005,          0
 28367,    80,   47000000,   30698186,        0,  -16301814,          0
 28367,    81,   47000000,   30647587,        0,  -16352413,          0
 28367,    82,   47000000,   30571361,        0,  -16428639,          0
 28367,    83,   47000000,   30922609,        0,  -16077391,          0
 28367,    84,   47000000,   30650711,        0,  -16349289,          0
 28367,    85,   47000000,   30688646,        0,  -16311354,          0
 28367,    86,   47000000,   30879803,        0,  -16120197,          0
 28367,    87,   47000000,   30799658,        0,  -16200342,          0
 28367,    88,   47000000,   30786483,        0,  -16213517,          0
 28367,    89,   47000000,   30934197,        0,  -16065803,          0
 28367,    90,   47000000,   30572644,        0,  -16427356,          0
 28367,    91,   47000000,   30912343,        0,  -16087657,          0
 28367,    92,   47000000,   30624772,        0,  -16375228,          0
 28367,    93,   47000000,   30565131,        0,  -16434869,          0
 28367,    94,   47000000,   30868572,        0,  -16131428,          0
 28367,    95,   47000000,   31893447,        0,  -15106553,          0
 28367,    96,   47000000,   30974383,        0,  -16025617,          0
 28367,    97,   47000000,   32392647,        0,  -14607353,          0
 28367,    98,   47000000,   30705680,        0,  -16294320,          0
 28367,    99,   47000000,   30858604,        0,  -16141396,          0
 28367,   100,   47000000,   30650371,        0,  -16349629,          0
 28367,   101,   47000000,   30689137,        0,  -16310863,          0
 28367,   102,   47000000,   31022134,        0,  -15977866,          0
 28367,   103,   47000000,   30571495,        0,  -16428505,          0
 28367,   104,   47000000,   30609172,        0,  -16390828,          0
 28367,   105,   47000000,   30580806,        0,  -16419194,          0
 28367,   106,   47000000,   30558389,        0,  -16441611,          0
 28367,   107,   47000000,   30863835,        0,  -16136165,          0
 28367,   108,   47000000,   30626966,        0,  -16373034,          0
 28367,   109,   47000000,   30611703,        0,  -16388297,          0
 28367,   110,   47000000,   30827781,        0,  -16172219,          0
 28367,   111,   47000000,   30586718,        0,  -16413282,          0
 28367,   112,   47000000,   30595199,        0,  -16404801,          0
 28367,   113,   47000000,   30745328,        0,  -16254672,          0
 28367,   114,   47000000,   30592150,        0,  -16407850,          0
 28367,   115,   47000000,   30897615,        0,  -16102385,          0
 28367,   116,   47000000,   30753120,        0,  -16246880,          0
 28367,   117,   47000000,   30587450,        0,  -16412550,          0
 28367,   118,   47000000,   30713317,        0,  -16286683,          0
 28367,   119,   47000000,   30594685,        0,  -16405315,          0
 28367,   120,   47000000,   31060048,        0,  -15939952,          0
 28367,   121,   47000000,   30589094,        0,  -16410906,          0
 28367,   122,   47000000,   30655850,        0,  -16344150,          0
 28367,   123,   47000000,   30861852,        0,  -16138148,          0
 28367,   124,   47000000,   30573076,        0,  -16426924,          0
 28367,   125,   47000000,   30738060,        0,  -16261940,          0
 28367,   126,   47000000,   30799008,        0,  -16200992,          0
 28367,   127,   47000000,   30758240,        0,  -16241760,          0
 28367,   128,   47000000,   30932765,        0,  -16067235,          0
 28367,   129,   47000000,   30629916,        0,  -16370084,          0
 28367,   130,   47000000,   30585275,        0,  -16414725,          0
 28367,   131,   47000000,   31003039,        0,  -15996961,          0
 28367,   132,   47000000,   30574650,        0,  -16425350,          0
 28367,   133,   47000000,   30565257,        0,  -16434743,          0
 28367,   134,   47000000,   30652982,        0,  -16347018,          0
 28367,   135,   47000000,   30630770,        0,  -16369230,          0
 28367,   136,   47000000,   30912535,        0,  -16087465,          0
 28367,   137,   47000000,   30577764,        0,  -16422236,          0
 28367,   138,   47000000,   30565771,        0,  -16434229,          0
 28367,   139,   47000000,   31057384,        0,  -15942616,          0
 28367,   140,   47000000,   30557662,        0,  -16442338,          0
 28367,   141,   47000000,   30581521,        0,  -16418479,          0
 28367,   142,   47000000,   30586879,        0,  -16413121,          0
 28367,   143,   47000000,   30694880,        0,  -16305120,          0
 28367,   144,   47000000,   31059955,        0,  -15940045,          0
 28367,   145,   47000000,   30728110,        0,  -16271890,          0
 28367,   146,   47000000,   31039280,        0,  -15960720,          0
 28367,   147,   47000000,   30878016,        0,  -16121984,          0
 28367,   148,   47000000,   30575640,        0,  -16424360,          0
 28367,   149,   47000000,   30608902,        0,  -16391098,          0
 28367,   150,   47000000,   31857553,        0,  -15142447,          0
 28367,   151,   47000000,   30607384,        0,  -16392616,          0
 28367,   152,   47000000,   30965737,        0,  -16034263,          0
 28367,   153,   47000000,   30588654,        0,  -16411346,          0
 28367,   154,   47000000,   30730726,        0,  -16269274,          0
 28367,   155,   47000000,   30938728,        0,  -16061272,          0
 28367,   156,   47000000,   30758277,        0,  -16241723,          0
 28367,   157,   47000000,   30710491,        0,  -16289509,          0
 28367,   158,   47000000,   30577705,        0,  -16422295,          0
 28367,   159,   47000000,   30589883,        0,  -16410117,          0
 28367,   160,   47000000,   30843558,        0,  -16156442,          0
 28367,   161,   47000000,   30615526,        0,  -16384474,          0
 28367,   162,   47000000,   30556543,        0,  -16443457,          0
 28367,   163,   47000000,   30900672,        0,  -16099328,          0
 28367,   164,   47000000,   30757584,        0,  -16242416,          0
 28367,   165,   47000000,   30646108,        0,  -16353892,          0
 28367,   166,   47000000,   30569439,        0,  -16430561,          0
 28367,   167,   47000000,   30683114,        0,  -16316886,          0
 28367,   168,   47000000,   30875601,        0,  -16124399,          0
 28367,   169,   47000000,   30746562,        0,  -16253438,          0
 28367,   170,   47000000,   30590144,        0,  -16409856,          0
 28367,   171,   47000000,   30889602,        0,  -16110398,          0
 28367,   172,   47000000,   30578838,        0,  -16421162,          0
 28367,   173,   47000000,   30598229,        0,  -16401771,          0
 28367,   174,   47000000,   30574794,        0,  -16425206,          0
 28367,   175,   47000000,   30664674,        0,  -16335326,          0
 28367,   176,   47000000,   32129542,        0,  -14870458,          0
 28367,   177,   47000000,   30665923,        0,  -16334077,          0
 28367,   178,   47000000,   30585365,        0,  -16414635,          0
 28367,   179,   47000000,   30851698,        0,  -16148302,          0
 28367,   180,   47000000,   30740285,        0,  -16259715,          0
 28367,   181,   47000000,   30629379,        0,  -16370621,          0
 28367,   182,   47000000,   30596321,        0,  -16403679,          0
 28367,   183,   47000000,   30590875,        0,  -16409125,          0
 28367,   184,   47000000,   30994676,        0,  -16005324,          0
 28367,   185,   47000000,   30579200,        0,  -16420800,          0
 28367,   186,   47000000,   30681272,        0,  -16318728,          0
 28367,   187,   47000000,   30951389,        0,  -16048611,          0
 28367,   188,   47000000,   31117555,        0,  -15882445,          0
 28367,   189,   47000000,   30587945,        0,  -16412055,          0
 28367,   190,   47000000,   30579302,        0,  -16420698,          0
 28367,   191,   47000000,   30716607,        0,  -16283393,          0
 28367,   192,   47000000,   30879041,        0,  -16120959,          0
 28367,   193,   47000000,   30579060,        0,  -16420940,          0
 28367,   194,   47000000,   30635597,        0,  -16364403,          0
 28367,   195,   47000000,   30870267,        0,  -16129733,          0
 28367,   196,   47000000,   30557727,        0,  -16442273,          0
 28367,   197,   47000000,   30630847,        0,  -16369153,          0
 28367,   198,   47000000,   30581954,        0,  -16418046,          0
 28367,   199,   47000000,   30570484,        0,  -16429516,          0
 28367,   200,   47000000,   30870940,        0,  -16129060,          0
 28367,   201,   47000000,   30768011,        0,  -16231989,          0
 28367,   202,   47000000,   30570714,        0,  -16429286,          0
 28367,   203,   47000000,   30919594,        0,  -16080406,          0
 28367,   204,   47000000,   30612374,        0,  -16387626,          0
 28367,   205,   47000000,   30577723,        0,  -16422277,          0
 28367,   206,   47000000,   30638603,        0,  -16361397,          0
 28367,   207,   47000000,   30689066,        0,  -16310934,          0
 28367,   208,   47000000,   31018695,        0,  -15981305,          0
 28367,   209,   47000000,   30591400,        0,  -16408600,          0
 28367,   210,   47000000,   30706585,        0,  -16293415,          0
 28367,   211,   47000000,   30864424,        0,  -16135576,          0
 28367,   212,   47000000,   30735758,        0,  -16264242,          0
 28367,   213,   47000000,   30919258,        0,  -16080742,          0
 28367,   214,   47000000,   30598789,        0,  -16401211,          0
 28367,   215,   47000000,   30573626,        0,  -16426374,          0
 28367,   216,   47000000,   30884304,        0,  -16115696,          0
# task NAME=myapp PID=28370 COST=13371000 PERIOD=21000000 CPU=0
 28370,     2,   21000000,       8198,        0,  -20991802,          0
 28370,     3,   21000000,      51655,        0,  -20948345,          0
 28370,     4,   21000000,   15488320,        0,   -5511680,          0
 28370,     5,   21000000,   13218091,        0,   -7781909,          0
 28370,     6,   21000000,   13350669,        0,   -7649331,          0
 28370,     7,   21000000,   13105345,        0,   -7894655,          0
 28370,     8,   21000000,   13147983,        0,   -7852017,          0
 28370,     9,   21000000,   13128297,        0,   -7871703,          0
 28370,    10,   21000000,   13432985,        0,   -7567015,          0
 28370,    11,   21000000,   13573643,        0,   -7426357,          0
 28370,    12,   21000000,   13133289,        0,   -7866711,          0
 28370,    13,   21000000,   13126430,        0,   -7873570,          0
 28370,    14,   21000000,   13125200,        0,   -7874800,          0
 28370,    15,   21000000,   13195483,        0,   -7804517,          0
 28370,    16,   21000000,   13476827,        0,   -7523173,          0
 28370,    17,   21000000,   13098867,        0,   -7901133,          0
 28370,    18,   21000000,   13103581,        0,   -7896419,          0
 28370,    19,   21000000,   13133465,        0,   -7866535,          0
 28370,    20,   21000000,   13140612,        0,   -7859388,          0
 28370,    21,   21000000,   13126257,        0,   -7873743,          0
 28370,    22,   21000000,   13636219,        0,   -7363781,          0
 28370,    23,   21000000,   13162115,        0,   -7837885,          0
 28370,    24,   21000000,   13115740,        0,   -7884260,          0
 28370,    25,   21000000,   13133948,        0,   -7866052,          0
 28370,    26,   21000000,   13205699,        0,   -7794301,          0
 28370,    27,   21000000,   13809428,        0,   -7190572,          0
 28370,    28,   21000000,   13402419,        0,   -7597581,          0
 28370,    29,   21000000,   13142527,        0,   -7857473,          0
 28370,    30,   21000000,   13128821,        0,   -7871179,          0
 28370,    31,   21000000,   13470944,        0,   -7529056,          0
 28370,    32,   21000000,   13184629,        0,   -7815371,          0
 28370,    33,   21000000,   13786042,        0,   -7213958,          0
 28370,    34,   21000000,   13418074,        0,   -7581926,          0
 28370,    35,   21000000,   13362042,        0,   -7637958,          0
 28370,    36,   21000000,   13179597,        0,   -7820403,          0
 28370,    37,   21000000,   13138433,        0,   -7861567,          0
 28370,    38,   21000000,   14042596,        0,   -6957404,          0
 28370,    39,   21000000,   13194573,        0,   -7805427,          0
 28370,    40,   21000000,   13401870,        0,   -7598130,          0
 28370,    41,   21000000,   13158302,        0,   -7841698,          0
 28370,    42,   21000000,   13128017,        0,   -7871983,          0
 28370,    43,   21000000,   13158380,        0,   -7841620,          0
 28370,    44,   21000000,   13133141,        0,   -7866859,          0
 28370,    45,   21000000,   13166908,        0,   -7833092,          0
 28370,    46,   21000000,   13401912,        0,   -7598088,          0
 28370,    47,   21000000,   13141657,        0,   -7858343,          0
 28370,    48,   21000000,   13197422,        0,   -7802578,          0
 28370,    49,   21000000,   13280957,        0,   -7719043,          0
 28370,    50,   21000000,   13155105,        0,   -7844895,          0
 28370,    51,   21000000,   15235076,        0,   -5764924,          0
 28370,    52,   21000000,   13150367,        0,   -7849633,          0
 28370,    53,   21000000,   13173840,        0,   -7826160,          0
 28370,    54,   21000000,   13199149,        0,   -7800851,          0
 28370,    55,   21000000,   13126094,        0,   -7873906,          0
 28370,    56,   21000000,   13198895,        0,   -7801105,          0
 28370,    57,   21000000,   13175152,        0,   -7824848,          0
 28370,    58,   21000000,   13116991,        0,   -7883009,          0
 28370,    59,   21000000,   13191715,        0,   -7808285,          0
 28370,    60,   21000000,   13137042,        0,   -7862958,          0
 28370,    61,   21000000,   13117941,        0,   -7882059,          0
 28370,    62,   21000000,   13209940,        0,   -7790060,          0
 28370,    63,   21000000,   13164677,        0,   -7835323,          0
 28370,    64,   21000000,   13165380,        0,   -7834620,          0
 28370,    65,   21000000,   13111246,        0,   -7888754,          0
 28370,    66,   21000000,   13146917,        0,   -7853083,          0
 28370,    67,   21000000,   13134003,        0,   -7865997,          0
 28370,    68,   21000000,   14222003,        0,   -6777997,          0
 28370,    69,   21000000,   13143044,        0,   -7856956,          0
 28370,    70,   21000000,   13149494,        0,   -7850506,          0
 28370,    71,   21000000,   13143036,        0,   -7856964,          0
 28370,    72,   21000000,   13175169,        0,   -7824831,          0
 28370,    73,   21000000,   13164544,        0,   -7835456,          0
 28370,    74,   21000000,   13173402,        0,   -7826598,          0
 28370,    75,   21000000,   14146329,        0,   -6853671,          0
 28370,    76,   21000000,   13206933,        0,   -7793067,          0
 28370,    77,   21000000,   13137771,        0,   -7862229,          0
 28370,    78,   21000000,   13178723,        0,   -7821277,          0
 28370,    79,   21000000,   13114598,        0,   -7885402,          0
 28370,    80,   21000000,   13199571,        0,   -7800429,          0
 28370,    81,   21000000,   13138369,        0,   -7861631,          0
 28370,    82,   21000000,   13112039,        0,   -7887961,          0
 28370,    83,   21000000,   13163392,        0,   -7836608,          0
 28370,    84,   21000000,   13127910,        0,   -7872090,          0
 28370,    85,   21000000,   13106342,        0,   -7893658,          0
 28370,    86,   21000000,   13163885,        0,   -7836115,          0
 28370,    87,   21000000,   13826634,        0,   -7173366,          0
 28370,    88,   21000000,   13115574,        0,   -7884426,          0
 28370,    89,   21000000,   13141171,        0,   -7858829,          0
 28370,    90,   21000000,   13117247,        0,   -7882753,          0
 28370,    91,   21000000,   13254900,        0,   -7745100,          0
 28370,    92,   21000000,   13121192,        0,   -7878808,          0
 28370,    93,   21000000,   13428616,        0,   -7571384,          0
 28370,    94,   21000000,   13161539,        0,   -7838461,          0
 28370,    95,   21000000,   13929802,        0,   -7070198,          0
 28370,    96,   21000000,   13131232,        0,   -7868768,          0
 28370,    97,   21000000,   13160611,        0,   -7839389,          0
 28370,    98,   21000000,   13198475,        0,   -7801525,          0
 28370,    99,   21000000,   13413775,        0,   -7586225,          0
 28370,   100,   21000000,   13190478,        0,   -7809522,          0
 28370,   101,   21000000,   13106728,        0,   -7893272,          0
 28370,   102,   21000000,   13195401,        0,   -7804599,          0
 28370,   103,   21000000,   13143575,        0,   -7856425,          0
 28370,   104,   21000000,   13137866,        0,   -7862134,          0
 28370,   105,   21000000,   13440320,        0,   -7559680,          0
 28370,   106,   21000000,   13214591,        0,   -7785409,          0
 28370,   107,   21000000,   13376466,        0,   -7623534,          0
 28370,   108,   21000000,   13138588,        0,   -7861412,          0
 28370,   109,   21000000,   13129047,        0,   -7870953,          0
 28370,   110,   21000000,   13129300,        0,   -7870700,          0
 28370,   111,   21000000,   13459596,        0,   -7540404,          0
 28370,   112,   21000000,   13109526,        0,   -7890474,          0
 28370,   113,   21000000,   13310083,        0,   -7689917,          0
 28370,   114,   21000000,   13167177,        0,   -7832823,          0
 28370,   115,   21000000,   15002160,        0,   -5997840,          0
 28370,   116,   21000000,   14923990,        0,   -6076010,          0
 28370,   117,   21000000,   13389680,        0,   -7610320,          0
 28370,   118,   21000000,   13264210,        0,   -7735790,          0
 28370,   119,   21000000,   13141279,        0,   -7858721,          0
 28370,   120,   21000000,   13126538,        0,   -7873462,          0
 28370,   121,   21000000,   13167723,        0,   -7832277,          0
 28370,   122,   21000000,   13199254,        0,   -7800746,          0
 28370,   123,   21000000,   13567088,        0,   -7432912,          0
 28370,   124,   21000000,   13185996,        0,   -7814004,          0
 28370,   125,   21000000,   13127109,        0,   -7872891,          0
 28370,   126,   21000000,   13165908,        0,   -7834092,          0
 28370,   127,   21000000,   13168439,        0,   -7831561,          0
 28370,   128,   21000000,   13173466,        0,   -7826534,          0
 28370,   129,   21000000,   13453553,        0,   -7546447,          0
 28370,   130,   21000000,   13118982,        0,   -7881018,          0
 28370,   131,   21000000,   13295995,        0,   -7704005,          0
 28370,   132,   21000000,   13114022,        0,   -7885978,          0
 28370,   133,   21000000,   13109650,        0,   -7890350,          0
 28370,   134,   21000000,   13231656,        0,   -7768344,          0
 28370,   135,   21000000,   13390055,        0,   -7609945,          0
 28370,   136,   21000000,   13109692,        0,   -7890308,          0
 28370,   137,   21000000,   13192756,        0,   -7807244,          0
 28370,   138,   21000000,   13183781,        0,   -7816219,          0
 28370,   139,   21000000,   13119706,        0,   -7880294,          0
 28370,   140,   21000000,   13174611,        0,   -7825389,          0
 28370,   141,   21000000,   13544030,        0,   -7455970,          0
 28370,   142,   21000000,   13188544,        0,   -7811456,          0
 28370,   143,   21000000,   13261259,        0,   -7738741,          0
 28370,   144,   21000000,   13160765,        0,   -7839235,          0
 28370,   145,   21000000,   14417557,        0,   -6582443,          0
 28370,   146,   21000000,   13101646,        0,   -7898354,          0
 28370,   147,   21000000,   13495173,        0,   -7504827,          0
 28370,   148,   21000000,   13168915,        0,   -7831085,          0
 28370,   149,   21000000,   13219700,        0,   -7780300,          0
 28370,   150,   21000000,   13199868,        0,   -7800132,          0
 28370,   151,   21000000,   13165433,        0,   -7834567,          0
 28370,   152,   21000000,   13152706,        0,   -7847294,          0
 28370,   153,   21000000,   13626917,        0,   -7373083,          0
 28370,   154,   21000000,   13132116,        0,   -7867884,          0
 28370,   155,   21000000,   13191935,        0,   -7808065,          0
 28370,   156,   21000000,   13131197,        0,   -7868803,          0
 28370,   157,   21000000,   13132090,        0,   -7867910,          0
 28370,   158,   21000000,   13163670,        0,   -7836330,          0
 28370,   159,   21000000,   13473464,        0,   -7526536,          0
 28370,   160,   21000000,   13151791,        0,   -7848209,          0
 28370,   161,   21000000,   13277813,        0,   -7722187,          0
 28370,   162,   21000000,   13121340,        0,   -7878660,          0
 28370,   163,   21000000,   13286355,        0,   -7713645,          0
 28370,   164,   21000000,   13144765,        0,   -7855235,          0
 28370,   165,   21000000,   13440125,        0,   -7559875,          0
 28370,   166,   21000000,   13179012,        0,   -7820988,          0
 28370,   167,   21000000,   13220822,        0,   -7779178,          0
 28370,   168,   21000000,   13124841,        0,   -7875159,          0
 28370,   169,   21000000,   13118994,        0,   -7881006,          0
 28370,   170,   21000000,   13141189,        0,   -7858811,          0
 28370,   171,   21000000,   14223401,        0,   -6776599,          0
 28370,   172,   21000000,   13131073,        0,   -7868927,          0
 28370,   173,   21000000,   13130093,        0,   -7869907,          0
 28370,   174,   21000000,   13214247,        0,   -7785753,          0
 28370,   175,   21000000,   13270969,        0,   -7729031,          0
 28370,   176,   21000000,   13115895,        0,   -7884105,          0
 28370,   177,   21000000,   13275459,        0,   -7724541,          0
 28370,   178,   21000000,   13114071,        0,   -7885929,          0
 28370,   179,   21000000,   13129508,        0,   -7870492,          0
 28370,   180,   21000000,   14196742,        0,   -6803258,          0
 28370,   181,   21000000,   13110949,        0,   -7889051,          0
 28370,   182,   21000000,   13260042,        0,   -7739958,          0
 28370,   183,   21000000,   13168708,        0,   -7831292,          0
 28370,   184,   21000000,   13146436,        0,   -7853564,          0
 28370,   185,   21000000,   13216162,        0,   -7783838,          0
 28370,   186,   21000000,   13125970,        0,   -7874030,          0
 28370,   187,   21000000,   13139816,        0,   -7860184,          0
 28370,   188,   21000000,   13121906,        0,   -7878094,          0
 28370,   189,   21000000,   13244193,        0,   -7755807,          0
 28370,   190,   21000000,   13228374,        0,   -7771626,          0
 28370,   191,   21000000,   13176801,        0,   -7823199,          0
 28370,   192,   21000000,   13124882,        0,   -7875118,          0
 28370,   193,   21000000,   13134325,        0,   -7865675,          0
 28370,   194,   21000000,   13116752,        0,   -7883248,          0
 28370,   195,   21000000,   13211217,        0,   -7788783,          0
 28370,   196,   21000000,   13263696,        0,   -7736304,          0
 28370,   197,   21000000,   13114563,        0,   -7885437,          0
 28370,   198,   21000000,   13128088,        0,   -7871912,          0
 28370,   199,   21000000,   13105210,        0,   -7894790,          0
 28370,   200,   21000000,   13156697,        0,   -7843303,          0
 28370,   201,   21000000,   13211825,        0,   -7788175,          0
 28370,   202,   21000000,   13407295,        0,   -7592705,          0
 28370,   203,   21000000,   13147375,        0,   -7852625,          0
 28370,   204,   21000000,   13127010,        0,   -7872990,          0
 28370,   205,   21000000,   13129216,        0,   -7870784,          0
 28370,   206,   21000000,   13162052,        0,   -7837948,          0
 28370,   207,   21000000,   13198606,        0,   -7801394,          0
 28370,   208,   21000000,   13103569,        0,   -7896431,          0
 28370,   209,   21000000,   13337635,        0,   -7662365,          0
 28370,   210,   21000000,   13127980,        0,   -7872020,          0
 28370,   211,   21000000,   13140511,        0,   -7859489,          0
 28370,   212,   21000000,   13489535,        0,   -7510465,          0
 28370,   213,   21000000,   13134951,        0,   -7865049,          0
 28370,   214,   21000000,   13395440,        0,   -7604560,          0
 28370,   215,   21000000,   13105003,        0,   -7894997,          0
 28370,   216,   21000000,   13329471,        0,   -7670529,          0
 28370,   217,   21000000,   13113607,        0,   -7886393,          0
 28370,   218,   21000000,   13136558,        0,   -7863442,          0
 28370,   219,   21000000,   13845992,        0,   -7154008,          0
 28370,   220,   21000000,   13116394,        0,   -7883606,          0
 28370,   221,   21000000,   13153539,        0,   -7846461,          0
 28370,   222,   21000000,   13124625,        0,   -7875375,          0
 28370,   223,   21000000,   13124765,        0,   -7875235,          0
 28370,   224,   21000000,   13384385,        0,   -7615615,          0
 28370,   225,   21000000,   15260050,        0,   -5739950,          0
 28370,   226,   21000000,   13108376,        0,   -7891624,          0
 28370,   227,   21000000,   13150557,        0,   -7849443,          0
 28370,   228,   21000000,   13174466,        0,   -7825534,          0
 28370,   229,   21000000,   13113061,        0,   -7886939,          0
 28370,   230,   21000000,   13550437,        0,   -7449563,          0
 28370,   231,   21000000,   13171874,        0,   -7828126,          0
 28370,   232,   21000000,   13153792,        0,   -7846208,          0
 28370,   233,   21000000,   13135890,        0,   -7864110,          0
 28370,   234,   21000000,   13234252,        0,   -7765748,          0
 28370,   235,   21000000,   13188753,        0,   -7811247,          0
 28370,   236,   21000000,   13390538,        0,   -7609462,          0
 28370,   237,   21000000,   13216280,        0,   -7783720,          0
 28370,   238,   21000000,   13156509,        0,   -7843491,          0
 28370,   239,   21000000,   14090657,        0,   -6909343,          0
 28370,   240,   21000000,   13115912,        0,   -7884088,          0
 28370,   241,   21000000,   14994790,        0,   -6005210,          0
 28370,   242,   21000000,   13487691,        0,   -7512309,          0
 28370,   243,   21000000,   13151675,        0,   -7848325,          0
 28370,   244,   21000000,   13146734,        0,   -7853266,          0
 28370,   245,   21000000,   13130041,        0,   -7869959,          0
 28370,   246,   21000000,   13137110,        0,   -7862890,          0
 28370,   247,   21000000,   13179409,        0,   -7820591,          0
 28370,   248,   21000000,   13486430,        0,   -7513570,          0
 28370,   249,   21000000,   13142732,        0,   -7857268,          0
 28370,   250,   21000000,   13128152,        0,   -7871848,          0
 28370,   251,   21000000,   13166133,        0,   -7833867,          0
 28370,   252,   21000000,   13157980,        0,   -7842020,          0
 28370,   253,   21000000,   13102132,        0,   -7897868,          0
 28370,   254,   21000000,   13386708,        0,   -7613292,          0
 28370,   255,   21000000,   13187929,        0,   -7812071,          0
 28370,   256,   21000000,   13139916,        0,   -7860084,          0
 28370,   257,   21000000,   13631732,        0,   -7368268,          0
 28370,   258,   21000000,   13117107,        0,   -7882893,          0
 28370,   259,   21000000,   13117176,        0,   -7882824,          0
 28370,   260,   21000000,   13403629,        0,   -7596371,          0
 28370,   261,   21000000,   13103616,        0,   -7896384,          0
 28370,   262,   21000000,   13164964,        0,   -7835036,          0
 28370,   263,   21000000,   13213349,        0,   -7786651,          0
 28370,   264,   21000000,   13189072,        0,   -7810928,          0
 28370,   265,   21000000,   13111838,        0,   -7888162,          0
 28370,   266,   21000000,   13418382,        0,   -7581618,          0
 28370,   267,   21000000,   13663237,        0,   -7336763,          0
 28370,   268,   21000000,   13147900,        0,   -7852100,          0
 28370,   269,   21000000,   13115349,        0,   -7884651,          0
 28370,   270,   21000000,   13222299,        0,   -7777701,          0
 28370,   271,   21000000,   13130544,        0,   -7869456,          0
 28370,   272,   21000000,   13463039,        0,   -7536961,          0
 28370,   273,   21000000,   13128360,        0,   -7871640,          0
 28370,   274,   21000000,   13178458,        0,   -7821542,          0
 28370,   275,   21000000,   13145252,        0,   -7854748,          0
 28370,   276,   21000000,   13180708,        0,   -7819292,          0
 28370,   277,   21000000,   13126097,        0,   -7873903,          0
 28370,   278,   21000000,   13499109,        0,   -7500891,          0
 28370,   279,   21000000,   13147929,        0,   -7852071,          0
 28370,   280,   21000000,   13143339,        0,   -7856661,          0
 28370,   281,   21000000,   13125517,        0,   -7874483,          0
 28370,   282,   21000000,   13123493,        0,   -7876507,          0
 28370,   283,   21000000,   13774809,        0,   -7225191,          0
 28370,   284,   21000000,   13485301,        0,   -7514699,          0
 28370,   285,   21000000,   13167471,        0,   -7832529,          0
 28370,   286,   21000000,   13124867,        0,   -7875133,          0
 28370,   287,   21000000,   13192067,        0,   -7807933,          0
 28370,   288,   21000000,   13186428,        0,   -7813572,          0
 28370,   289,   21000000,   13131547,        0,   -7868453,          0
 28370,   290,   21000000,   13415680,        0,   -7584320,          0
 28370,   291,   21000000,   13134590,        0,   -7865410,          0
 28370,   292,   21000000,   13182285,        0,   -7817715,          0
 28370,   293,   21000000,   13109516,        0,   -7890484,          0
 28370,   294,   21000000,   14489300,        0,   -6510700,          0
 28370,   295,   21000000,   13120956,        0,   -7879044,          0
 28370,   296,   21000000,   13428687,        0,   -7571313,          0
 28370,   297,   21000000,   13238486,        0,   -7761514,          0
 28370,   298,   21000000,   13165933,        0,   -7834067,          0
 28370,   299,   21000000,   13907086,        0,   -7092914,          0
 28370,   300,   21000000,   13124765,        0,   -7875235,          0
 28370,   301,   21000000,   13132786,        0,   -7867214,          0
 28370,   302,   21000000,   13373865,        0,   -7626135,          0
 28370,   303,   21000000,   13771028,        0,   -7228972,          0
 28370,   304,   21000000,   13174572,        0,   -7825428,          0
 28370,   305,   21000000,   13129137,        0,   -7870863,          0
 28370,   306,   21000000,   13133634,        0,   -7866366,          0
 28370,   307,   21000000,   13154969,        0,   -7845031,          0
 28370,   308,   21000000,   14140923,        0,   -6859077,          0
 28370,   309,   21000000,   13109142,        0,   -7890858,          0
 28370,   310,   21000000,   13303307,        0,   -7696693,          0
 28370,   311,   21000000,   13136577,        0,   -7863423,          0
 28370,   312,   21000000,   13167252,        0,   -7832748,          0
 28370,   313,   21000000,   13182810,        0,   -7817190,          0
 28370,   314,   21000000,   13121487,        0,   -7878513,          0
 28370,   315,   21000000,   13194196,        0,   -7805804,          0
 28370,   316,   21000000,   13120354,        0,   -7879646,          0
 28370,   317,   21000000,   13130889,        0,   -7869111,          0
 28370,   318,   21000000,   13212280,        0,   -7787720,          0
 28370,   319,   21000000,   13127993,        0,   -7872007,          0
 28370,   320,   21000000,   13119718,        0,   -7880282,          0
 28370,   321,   21000000,   13145085,        0,   -7854915,          0
 28370,   322,   21000000,   13152997,        0,   -7847003,          0
 28370,   323,   21000000,   13116974,        0,   -7883026,          0
 28370,   324,   21000000,   13816117,        0,   -7183883,          0
 28370,   325,   21000000,   13133166,        0,   -7866834,          0
 28370,   326,   21000000,   14650368,        0,   -6349632,          0
 28370,   327,   21000000,   13115688,        0,   -7884312,          0
 28370,   328,   21000000,   13161970,        0,   -7838030,          0
 28370,   329,   21000000,   13132535,        0,   -7867465,          0
 28370,   330,   21000000,   13121913,        0,   -7878087,          0
 28370,   331,   21000000,   13187591,        0,   -7812409,          0
 28370,   332,   21000000,   13168472,        0,   -7831528,          0
 28370,   333,   21000000,   13638955,        0,   -7361045,          0
 28370,   334,   21000000,   13149796,        0,   -7850204,          0
 28370,   335,   21000000,   13117169,        0,   -7882831,          0
 28370,   336,   21000000,   13112821,        0,   -7887179,          0
 28370,   337,   21000000,   13159465,        0,   -7840535,          0
 28370,   338,   21000000,   13110714,        0,   -7889286,          0
 28370,   339,   21000000,   13233590,        0,   -7766410,          0
 28370,   340,   21000000,   13128766,        0,   -7871234,          0
 28370,   341,   21000000,   13140087,        0,   -7859913,          0
 28370,   342,   21000000,   13135920,        0,   -7864080,          0
 28370,   343,   21000000,   13192303,        0,   -7807697,          0
 28370,   344,   21000000,   13115094,        0,   -7884906,          0
 28370,   345,   21000000,   13109155,        0,   -7890845,          0
 28370,   346,   21000000,   13141953,        0,   -7858047,          0
 28370,   347,   21000000,   13165019,        0,   -7834981,          0
 28370,   348,   21000000,   13534757,        0,   -7465243,          0
 28370,   349,   21000000,   13396820,        0,   -7603180,          0
 28370,   350,   21000000,   13112109,        0,   -7887891,          0
 28370,   351,   21000000,   13113443,        0,   -7886557,          0
 28370,   352,   21000000,   13102987,        0,   -7897013,          0
 28370,   353,   21000000,   13248505,        0,   -7751495,          0
 28370,   354,   21000000,   13115057,        0,   -7884943,          0
 28370,   355,   21000000,   13414480,        0,   -7585520,          0
 28370,   356,   21000000,   13127827,        0,   -7872173,          0
 28370,   357,   21000000,   13178564,        0,   -7821436,          0
 28370,   358,   21000000,   13302489,        0,   -7697511,          0
 28370,   359,   21000000,   13138893,        0,   -7861107,          0
 28370,   360,   21000000,   13130115,        0,   -7869885,          0
 28370,   361,   21000000,   13453265,        0,   -7546735,          0
 28370,   362,   21000000,   13118990,        0,   -7881010,          0
 28370,   363,   21000000,   13119322,        0,   -7880678,          0
 28370,   364,   21000000,   13173098,        0,   -7826902,          0
 28370,   365,   21000000,   13159509,        0,   -7840491,          0
 28370,   366,   21000000,   13158868,        0,   -7841132,          0
 28370,   367,   21000000,   13404701,        0,   -7595299,          0
 28370,   368,   21000000,   13114259,        0,   -7885741,          0
 28370,   369,   21000000,   13720021,        0,   -7279979,          0
 28370,   370,   21000000,   13108824,        0,   -7891176,          0
 28370,   371,   21000000,   13585780,        0,   -7414220,          0
 28370,   372,   21000000,   13190491,        0,   -7809509,          0
 28370,   373,   21000000,   13391821,        0,   -7608179,          0
 28370,   374,   21000000,   13155914,        0,   -7844086,          0
 28370,   375,   21000000,   13121177,        0,   -7878823,          0
 28370,   376,   21000000,   13142237,        0,   -7857763,          0
 28370,   377,   21000000,   13163154,        0,   -7836846,          0
 28370,   378,   21000000,   13131692,        0,   -7868308,          0
 28370,   379,   21000000,   13441489,        0,   -7558511,          0
 28370,   380,   21000000,   15316205,        0,   -5683795,          0
 28370,   381,   21000000,   13120946,        0,   -7879054,          0
 28370,   382,   21000000,   13103465,        0,   -7896535,          0
 28370,   383,   21000000,   13168946,        0,   -7831054,          0
 28370,   384,   21000000,   13120736,        0,   -7879264,          0
 28370,   385,   21000000,   13392870,        0,   -7607130,          0
 28370,   386,   21000000,   13123321,        0,   -7876679,          0
 28370,   387,   21000000,   14183640,        0,   -6816360,          0
 28370,   388,   21000000,   13121452,        0,   -7878548,          0
 28370,   389,   21000000,   13122654,        0,   -7877346,          0
 28370,   390,   21000000,   13111356,        0,   -7888644,          0
 28370,   391,   21000000,   13392500,        0,   -7607500,          0
 28370,   392,   21000000,   13168886,        0,   -7831114,          0
 28370,   393,   21000000,   13160958,        0,   -7839042,          0
 28370,   394,   21000000,   13119783,        0,   -7880217,          0
 28370,   395,   21000000,   13132506,        0,   -7867494,          0
 28370,   396,   21000000,   13209974,        0,   -7790026,          0
 28370,   397,   21000000,   13444000,        0,   -7556000,          0
 28370,   398,   21000000,   13130509,        0,   -7869491,          0
 28370,   399,   21000000,   13114602,        0,   -7885398,          0
 28370,   400,   21000000,   13144030,        0,   -7855970,          0
 28370,   401,   21000000,   13300609,        0,   -7699391,          0
 28370,   402,   21000000,   13115745,        0,   -7884255,          0
 28370,   403,   21000000,   13408151,        0,   -7591849,          0
 28370,   404,   21000000,   13213370,        0,   -7786630,          0
 28370,   405,   21000000,   13139423,        0,   -7860577,          0
 28370,   406,   21000000,   13348793,        0,   -7651207,          0
 28370,   407,   21000000,   13118782,        0,   -7881218,          0
 28370,   408,   21000000,   13114458,        0,   -7885542,          0
 28370,   409,   21000000,   13406171,        0,   -7593829,          0
 28370,   410,   21000000,   13109221,        0,   -7890779,          0
 28370,   411,   21000000,   13143096,        0,   -7856904,          0
 28370,   412,   21000000,   13114615,        0,   -7885385,          0
 28370,   413,   21000000,   13229128,        0,   -7770872,          0
 28370,   414,   21000000,   13145124,        0,   -7854876,          0
 28370,   415,   21000000,   13548095,        0,   -7451905,          0
 28370,   416,   21000000,   13161783,        0,   -7838217,          0
 28370,   417,   21000000,   13109666,        0,   -7890334,          0
 28370,   418,   21000000,   13122208,        0,   -7877792,          0
 28370,   419,   21000000,   13129711,        0,   -7870289,          0
 28370,   420,   21000000,   13151315,        0,   -7848685,          0
 28370,   421,   21000000,   13414404,        0,   -7585596,          0
 28370,   422,   21000000,   13209532,        0,   -7790468,          0
 28370,   423,   21000000,   13205417,        0,   -7794583,          0
 28370,   424,   21000000,   13211504,        0,   -7788496,          0
 28370,   425,   21000000,   13136323,        0,   -7863677,          0
 28370,   426,   21000000,   13127871,        0,   -7872129,          0
 28370,   427,   21000000,   13407155,        0,   -7592845,          0
 28370,   428,   21000000,   13110079,        0,   -7889921,          0
 28370,   429,   21000000,   13120989,        0,   -7879011,          0
 28370,   430,   21000000,   13105489,        0,   -7894511,          0
 28370,   431,   21000000,   13171881,        0,   -7828119,          0
 28370,   432,   21000000,   13107804,        0,   -7892196,          0
 28370,   433,   21000000,   13223325,        0,   -7776675,          0
 28370,   434,   21000000,   13183870,        0,   -7816130,          0
 28370,   435,   21000000,   13191184,        0,   -7808816,          0
 28370,   436,   21000000,   14373937,        0,   -6626063,          0
 28370,   437,   21000000,   13124048,        0,   -7875952,          0
 28370,   438,   21000000,   13163156,        0,   -7836844,          0
 28370,   439,   21000000,   13105526,        0,   -7894474,          0
 28370,   440,   21000000,   13158027,        0,   -7841973,          0
 28370,   441,   21000000,   13127499,        0,   -7872501,          0
 28370,   442,   21000000,   13243407,        0,   -7756593,          0
 28370,   443,   21000000,   13201149,        0,   -7798851,          0
 28370,   444,   21000000,   13143221,        0,   -7856779,          0
 28370,   445,   21000000,   15041086,        0,   -5958914,          0
 28370,   446,   21000000,   13109141,        0,   -7890859,          0
 28370,   447,   21000000,   13135520,        0,   -7864480,          0
 28370,   448,   21000000,   13175412,        0,   -7824588,          0
 28370,   449,   21000000,   13383534,        0,   -7616466,          0
 28370,   450,   21000000,   13104142,        0,   -7895858,          0
 28370,   451,   21000000,   13302965,        0,   -7697035,          0
 28370,   452,   21000000,   14012549,        0,   -6987451,          0
 28370,   453,   21000000,   13256462,        0,   -7743538,          0
 28370,   454,   21000000,   13117727,        0,   -7882273,          0
 28370,   455,   21000000,   13138734,        0,   -7861266,          0
 28370,   456,   21000000,   13201141,        0,   -7798859,          0
 28370,   457,   21000000,   13132841,        0,   -7867159,          0
 28370,   458,   21000000,   13112903,        0,   -7887097,          0
 28370,   459,   21000000,   13129094,        0,   -7870906,          0
 28370,   460,   21000000,   13170904,        0,   -7829096,          0
 28370,   461,   21000000,   13189982,        0,   -7810018,          0
 28370,   462,   21000000,   13146795,        0,   -7853205,          0
 28370,   463,   21000000,   13206258,        0,   -7793742,          0
 28370,   464,   21000000,   13105803,        0,   -7894197,          0
 28370,   465,   21000000,   14714025,        0,   -6285975,          0
 28370,   466,   21000000,   13106309,        0,   -7893691,          0
 28370,   467,   21000000,   13344509,        0,   -7655491,          0
 28370,   468,   21000000,   13113309,        0,   -7886691,          0
 28370,   469,   21000000,   13148381,        0,   -7851619,          0
 28370,   470,   21000000,   13203703,        0,   -7796297,          0
 28370,   471,   21000000,   13136805,        0,   -7863195,          0
 28370,   472,   21000000,   13155486,        0,   -7844514,          0
 28370,   473,   21000000,   13161281,        0,   -7838719,          0
 28370,   474,   21000000,   13440281,        0,   -7559719,          0
 28370,   475,   21000000,   13284190,        0,   -7715810,          0
 28370,   476,   21000000,   14023494,        0,   -6976506,          0
 28370,   477,   21000000,   13108885,        0,   -7891115,          0
 28370,   478,   21000000,   13121241,        0,   -7878759,          0
 28370,   479,   21000000,   13128638,        0,   -7871362,          0
 28370,   480,   21000000,   13466580,        0,   -7533420,          0
# task NAME=myapp PID=28375 COST=29836000 PERIOD=56000000 CPU=0
 28375,     2,   56000000,      10244,        0,  -55989756,          0
 28375,     3,   56000000,      55328,        0,  -55944672,          0
 28375,     4,   56000000,   30234222,        0,  -25765778,          0
 28375,     5,   56000000,   30049786,        0,  -25950214,          0
 28375,     6,   56000000,   29308118,        0,  -26691882,          0
 28375,     7,   56000000,   29235697,        0,  -26764303,          0
 28375,     8,   56000000,   29251426,        0,  -26748574,          0
 28375,     9,   56000000,   31147506,        0,  -24852494,          0
 28375,    10,   56000000,   29494703,        0,  -26505297,          0
 28375,    11,   56000000,   29496421,        0,  -26503579,          0
 28375,    12,   56000000,   29556389,        0,  -26443611,          0
 28375,    13,   56000000,   29240519,        0,  -26759481,          0
 28375,    14,   56000000,   29387032,        0,  -26612968,          0
 28375,    15,   56000000,   29297620,        0,  -26702380,          0
 28375,    16,   56000000,   29220731,        0,  -26779269,          0
 28375,    17,   56000000,   29229482,        0,  -26770518,          0
 28375,    18,   56000000,   29630441,        0,  -26369559,          0
 28375,    19,   56000000,   29567776,        0,  -26432224,          0
 28375,    20,   56000000,   29237485,        0,  -26762515,          0
 28375,    21,   56000000,   29591757,        0,  -26408243,          0
 28375,    22,   56000000,   29243186,        0,  -26756814,          0
 28375,    23,   56000000,   29285637,        0,  -26714363,          0
 28375,    24,   56000000,   29970353,        0,  -26029647,          0
 28375,    25,   56000000,   29217503,        0,  -26782497,          0
 28375,    26,   56000000,   29266310,        0,  -26733690,          0
 28375,    27,   56000000,   29881203,        0,  -26118797,          0
 28375,    28,   56000000,   29546435,        0,  -26453565,          0
 28375,    29,   56000000,   29212200,        0,  -26787800,          0
 28375,    30,   56000000,   30565402,        0,  -25434598,          0
 28375,    31,   56000000,   29238265,        0,  -26761735,          0
 28375,    32,   56000000,   29219787,        0,  -26780213,          0
 28375,    33,   56000000,   30046804,        0,  -25953196,          0
 28375,    34,   56000000,   29239218,        0,  -26760782,          0
 28375,    35,   56000000,   29475142,        0,  -26524858,          0
 28375,    36,   56000000,   29738855,        0,  -26261145,          0
 28375,    37,   56000000,   29277441,        0,  -26722559,          0
 28375,    38,   56000000,   29241080,        0,  -26758920,          0
 28375,    39,   56000000,   29661634,        0,  -26338366,          0
 28375,    40,   56000000,   29265193,        0,  -26734807,          0
 28375,    41,   56000000,   30723475,        0,  -25276525,          0
 28375,    42,   56000000,   29951195,        0,  -26048805,          0
 28375,    43,   56000000,   29208430,        0,  -26791570,          0
 28375,    44,   56000000,   29228273,        0,  -26771727,          0
 28375,    45,   56000000,   30133565,        0,  -25866435,          0
 28375,    46,   56000000,   29240007,        0,  -26759993,          0
 28375,    47,   56000000,   29281481,        0,  -26718519,          0
 28375,    48,   56000000,   30221950,        0,  -25778050,          0
 28375,    49,   56000000,   29265353,        0,  -26734647,          0
 28375,    50,   56000000,   29511557,        0,  -26488443,          0
 28375,    51,   56000000,   29270311,        0,  -26729689,          0
 28375,    52,   56000000,   29264212,        0,  -26735788,          0
 28375,    53,   56000000,   29247865,        0,  -26752135,          0
 28375,    54,   56000000,   29251346,        0,  -26748654,          0
 28375,    55,   56000000,   29223978,        0,  -26776022,          0
 28375,    56,   56000000,   29226138,        0,  -26773862,          0
 28375,    57,   56000000,   29626738,        0,  -26373262,          0
 28375,    58,   56000000,   29241454,        0,  -26758546,          0
 28375,    59,   56000000,   29507180,        0,  -26492820,          0
 28375,    60,   56000000,   29372494,        0,  -26627506,          0
 28375,    61,   56000000,   29285043,        0,  -26714957,          0
 28375,    62,   56000000,   29262788,        0,  -26737212,          0
 28375,    63,   56000000,   30997313,        0,  -25002687,          0
 28375,    64,   56000000,   29220760,        0,  -26779240,          0
 28375,    65,   56000000,   29231273,        0,  -26768727,          0
 28375,    66,   56000000,   29684345,        0,  -26315655,          0
 28375,    67,   56000000,   29228841,        0,  -26771159,          0
 28375,    68,   56000000,   29664087,        0,  -26335913,          0
 28375,    69,   56000000,   29254792,        0,  -26745208,          0
 28375,    70,   56000000,   29495485,        0,  -26504515,          0
 28375,    71,   56000000,   29244301,        0,  -26755699,          0
 28375,    72,   56000000,   29815115,        0,  -26184885,          0
 28375,    73,   56000000,   29265948,        0,  -26734052,          0
 28375,    74,   56000000,   30101101,        0,  -25898899,          0
 28375,    75,   56000000,   29524949,        0,  -26475051,          0
 28375,    76,   56000000,   29239577,        0,  -26760423,          0
 28375,    77,   56000000,   30351233,        0,  -25648767,          0
 28375,    78,   56000000,   29275641,        0,  -26724359,          0
 28375,    79,   56000000,   29519058,        0,  -26480942,          0
 28375,    80,   56000000,   29408560,        0,  -26591440,          0
 28375,    81,   56000000,   29248462,        0,  -26751538,          0
 28375,    82,   56000000,   29349419,        0,  -26650581,          0
 28375,    83,   56000000,   30211508,        0,  -25788492,          0
 28375,    84,   56000000,   29327227,        0,  -26672773,          0
 28375,    85,   56000000,   29459310,        0,  -26540690,          0
 28375,    86,   56000000,   29521051,        0,  -26478949,          0
 28375,    87,   56000000,   29261299,        0,  -26738701,          0
 28375,    88,   56000000,   29526010,        0,  -26473990,          0
 28375,    89,   56000000,   29971633,        0,  -26028367,          0
 28375,    90,   56000000,   29298202,        0,  -26701798,          0
 28375,    91,   56000000,   29216652,        0,  -26783348,          0
 28375,    92,   56000000,   29279289,        0,  -26720711,          0
 28375,    93,   56000000,   29565327,        0,  -26434673,          0
 28375,    94,   56000000,   29273445,        0,  -26726555,          0
 28375,    95,   56000000,   29532263,        0,  -26467737,          0
 28375,    96,   56000000,   29396376,        0,  -26603624,          0
 28375,    97,   56000000,   29535991,        0,  -26464009,          0
 28375,    98,   56000000,   29324942,        0,  -26675058,          0
 28375,    99,   56000000,   30558831,        0,  -25441169,          0
 28375,   100,   56000000,   29269246,        0,  -26730754,          0
 28375,   101,   56000000,   29234405,        0,  -26765595,          0
 28375,   102,   56000000,   29476678,        0,  -26523322,          0
 28375,   103,   56000000,   29324157,        0,  -26675843,          0
 28375,   104,   56000000,   29249809,        0,  -26750191,          0
 28375,   105,   56000000,   29403920,        0,  -26596080,          0
 28375,   106,   56000000,   29501293,        0,  -26498707,          0
 28375,   107,   56000000,   29217466,        0,  -26782534,          0
 28375,   108,   56000000,   29609277,        0,  -26390723,          0
 28375,   109,   56000000,   29226076,        0,  -26773924,          0
 28375,   110,   56000000,   29248437,        0,  -26751563,          0
 28375,   111,   56000000,   29274176,        0,  -26725824,          0
 28375,   112,   56000000,   29236609,        0,  -26763391,          0
 28375,   113,   56000000,   29258767,        0,  -26741233,          0
 28375,   114,   56000000,   29424785,        0,  -26575215,          0
 28375,   115,   56000000,   29540365,        0,  -26459635,          0
 28375,   116,   56000000,   29221486,        0,  -26778514,          0
 28375,   117,   56000000,   29652539,        0,  -26347461,          0
 28375,   118,   56000000,   29248109,        0,  -26751891,          0
 28375,   119,   56000000,   29502162,        0,  -26497838,          0
 28375,   120,   56000000,   29280951,        0,  -26719049,          0
 28375,   121,   56000000,   29316252,        0,  -26683748,          0
 28375,   122,   56000000,   29248327,        0,  -26751673,          0
 28375,   123,   56000000,   29400153,        0,  -26599847,          0
 28375,   124,   56000000,   29565379,        0,  -26434621,          0
 28375,   125,   56000000,   29299929,        0,  -26700071,          0
 28375,   126,   56000000,   29596839,        0,  -26403161,          0
 28375,   127,   56000000,   29233744,        0,  -26766256,          0
 28375,   128,   56000000,   29529507,        0,  -26470493,          0
 28375,   129,   56000000,   29529272,        0,  -26470728,          0
 28375,   130,   56000000,   29230028,        0,  -26769972,          0
 28375,   131,   56000000,   30260497,        0,  -25739503,          0
 28375,   132,   56000000,   29296327,        0,  -26703673,          0
 28375,   133,   56000000,   29247598,        0,  -26752402,          0
 28375,   134,   56000000,   29320859,        0,  -26679141,          0
 28375,   135,   56000000,   29561947,        0,  -26438053,          0
 28375,   136,   56000000,   29323129,        0,  -26676871,          0
 28375,   137,   56000000,   29520611,        0,  -26479389,          0
 28375,   138,   56000000,   29277606,        0,  -26722394,          0
 28375,   139,   56000000,   29441607,        0,  -26558393,          0
 28375,   140,   56000000,   29257701,        0,  -26742299,          0
 28375,   141,   56000000,   29849404,        0,  -26150596,          0
 28375,   142,   56000000,   29209226,        0,  -26790774,          0
 28375,   143,   56000000,   29223786,        0,  -26776214,          0
 28375,   144,   56000000,   29997989,        0,  -26002011,          0
 28375,   145,   56000000,   29246051,        0,  -26753949,          0
 28375,   146,   56000000,   29526899,        0,  -26473101,          0
 28375,   147,   56000000,   30224740,        0,  -25775260,          0
 28375,   148,   56000000,   29223715,        0,  -26776285,          0
 28375,   149,   56000000,   29334195,        0,  -26665805,          0
 28375,   150,   56000000,   29248301,        0,  -26751699,          0
 28375,   151,   56000000,   29260446,        0,  -26739554,          0
 28375,   152,   56000000,   29249538,        0,  -26750462,          0
 28375,   153,   56000000,   29569655,        0,  -26430345,          0
 28375,   154,   56000000,   29241868,        0,  -26758132,          0
 28375,   155,   56000000,   29571367,        0,  -26428633,          0
 28375,   156,   56000000,   30212075,        0,  -25787925,          0
 28375,   157,   56000000,   29239914,        0,  -26760086,          0
 28375,   158,   56000000,   29236347,        0,  -26763653,          0
 28375,   159,   56000000,   29252166,        0,  -26747834,          0
 28375,   160,   56000000,   30172640,        0,  -25827360,          0
 28375,   161,   56000000,   29494641,        0,  -26505359,          0
 28375,   162,   56000000,   29746479,        0,  -26253521,          0
 28375,   163,   56000000,   29245598,        0,  -26754402,          0
 28375,   164,   56000000,   29606114,        0,  -26393886,          0
 28375,   165,   56000000,   30225563,        0,  -25774437,          0
 28375,   166,   56000000,   29524209,        0,  -26475791,          0
 28375,   167,   56000000,   29978515,        0,  -26021485,          0
 28375,   168,   56000000,   29944718,        0,  -26055282,          0
 28375,   169,   56000000,   29216272,        0,  -26783728,          0
 28375,   170,   56000000,   29219987,        0,  -26780013,          0
 28375,   171,   56000000,   29434490,        0,  -26565510,          0
 28375,   172,   56000000,   29273656,        0,  -26726344,          0
 28375,   173,   56000000,   29576176,        0,  -26423824,          0
 28375,   174,   56000000,   29265521,        0,  -26734479,          0
 28375,   175,   56000000,   29500402,        0,  -26499598,          0
 28375,   176,   56000000,   29277814,        0,  -26722186,          0
 28375,   177,   56000000,   30259132,        0,  -25740868,          0
 28375,   178,   56000000,   29232831,        0,  -26767169,          0
 28375,   179,   56000000,   29253777,        0,  -26746223,          0
 28375,   180,   56000000,   29358906,        0,  -26641094,          0
 28375,   181,   56000000,   29254961,        0,  -26745039,          0
 28375,   182,   56000000,   30460184,        0,  -25539816,          0
# task NAME=myapp PID=28378 COST=27182000 PERIOD=48000000 CPU=0
 28378,     2,   48000000,      10615,        0,  -47989385,          0
 28378,     3,   48000000,      43921,        0,  -47956079,          0
 28378,     4,   48000000,   27675439,        0,  -20324561,          0
 28378,     5,   48000000,   26650565,        0,  -21349435,          0
 28378,     6,   48000000,   27015983,        0,  -20984017,          0
 28378,     7,   48000000,   26737879,        0,  -21262121,          0
 28378,     8,   48000000,   27798045,        0,  -20201955,          0
 28378,     9,   48000000,   26712303,        0,  -21287697,          0
 28378,    10,   48000000,   26772062,        0,  -21227938,          0
 28378,    11,   48000000,   26937169,        0,  -21062831,          0
 28378,    12,   48000000,   26718848,        0,  -21281152,          0
 28378,    13,   48000000,   26650000,        0,  -21350000,          0
 28378,    14,   48000000,   28389749,        0,  -19610251,          0
 28378,    15,   48000000,   26728435,        0,  -21271565,          0
 28378,    16,   48000000,   26637879,        0,  -21362121,          0
 28378,    17,   48000000,   30406956,        0,  -17593044,          0
 28378,    18,   48000000,   26773018,        0,  -21226982,          0
 28378,    19,   48000000,   26912635,        0,  -21087365,          0
 28378,    20,   48000000,   26650572,        0,  -21349428,          0
 28378,    21,   48000000,   26717404,        0,  -21282596,          0
 28378,    22,   48000000,   26632873,        0,  -21367127,          0
 28378,    23,   48000000,   26742512,        0,  -21257488,          0
 28378,    24,   48000000,   26902742,        0,  -21097258,          0
 28378,    25,   48000000,   26669877,        0,  -21330123,          0
 28378,    26,   48000000,   26628873,        0,  -21371127,          0
 28378,    27,   48000000,   26912116,        0,  -21087884,          0
 28378,    28,   48000000,   27723292,        0,  -20276708,          0
 28378,    29,   48000000,   26702562,        0,  -21297438,          0
 28378,    30,   48000000,   27664579,        0,  -20335421,          0
 28378,    31,   48000000,   26718588,        0,  -21281412,          0
 28378,    32,   48000000,   26907925,        0,  -21092075,          0
 28378,    33,   48000000,   26620595,        0,  -21379405,          0
 28378,    34,   48000000,   26635215,        0,  -21364785,          0
 28378,    35,   48000000,   26730183,        0,  -21269817,          0
 28378,    36,   48000000,   26630731,        0,  -21369269,          0
 28378,    37,   48000000,   26972750,        0,  -21027250,          0
 28378,    38,   48000000,   26807568,        0,  -21192432,          0
 28378,    39,   48000000,   26760241,        0,  -21239759,          0
 28378,    40,   48000000,   26929554,        0,  -21070446,          0
 28378,    41,   48000000,   26636666,        0,  -21363334,          0
 28378,    42,   48000000,   27039674,        0,  -20960326,          0
 28378,    43,   48000000,   26769125,        0,  -21230875,          0
 28378,    44,   48000000,   26611511,        0,  -21388489,          0
 28378,    45,   48000000,   26932498,        0,  -21067502,          0
 28378,    46,   48000000,   26789175,        0,  -21210825,          0
 28378,    47,   48000000,   26689201,        0,  -21310799,          0
 28378,    48,   48000000,   26641575,        0,  -21358425,          0
 28378,    49,   48000000,   26847287,        0,  -21152713,          0
 28378,    50,   48000000,   27064780,        0,  -20935220,          0
 28378,    51,   48000000,   26621003,        0,  -21378997,          0
 28378,    52,   48000000,   26778065,        0,  -21221935,          0
 28378,    53,   48000000,   26913918,        0,  -21086082,          0
 28378,    54,   48000000,   26638635,        0,  -21361365,          0
 28378,    55,   48000000,   26621243,        0,  -21378757,          0
 28378,    56,   48000000,   26658835,        0,  -21341165,          0
 28378,    57,   48000000,   27670004,        0,  -20329996,          0
 28378,    58,   48000000,   26922213,        0,  -21077787,          0
 28378,    59,   48000000,   26649261,        0,  -21350739,          0
 28378,    60,   48000000,   26642584,        0,  -21357416,          0
 28378,    61,   48000000,   26796699,        0,  -21203301,          0
 28378,    62,   48000000,   26618215,        0,  -21381785,          0
 28378,    63,   48000000,   26972595,        0,  -21027405,          0
 28378,    64,   48000000,   26688390,        0,  -21311610,          0
 28378,    65,   48000000,   26711759,        0,  -21288241,          0
 28378,    66,   48000000,   28885588,        0,  -19114412,          0
 28378,    67,   48000000,   26662124,        0,  -21337876,          0
 28378,    68,   48000000,   26627583,        0,  -21372417,          0
 28378,    69,   48000000,   26644008,        0,  -21355992,          0
 28378,    70,   48000000,   26664726,        0,  -21335274,          0
 28378,    71,   48000000,   27655733,        0,  -20344267,          0
 28378,    72,   48000000,   26752808,        0,  -21247192,          0
 28378,    73,   48000000,   27994160,        0,  -20005840,          0
 28378,    74,   48000000,   26678141,        0,  -21321859,          0
 28378,    75,   48000000,   26629409,        0,  -21370591,          0
 28378,    76,   48000000,   26898601,        0,  -21101399,          0
 28378,    77,   48000000,   26650243,        0,  -21349757,          0
 28378,    78,   48000000,   28799295,        0,  -19200705,          0
 28378,    79,   48000000,   26925134,        0,  -21074866,          0
 28378,    80,   48000000,   26635061,        0,  -21364939,          0
 28378,    81,   48000000,   26626913,        0,  -21373087,          0
 28378,    82,   48000000,   26621015,        0,  -21378985,          0
 28378,    83,   48000000,   26719738,        0,  -21280262,          0
 28378,    84,   48000000,   26930724,        0,  -21069276,          0
 28378,    85,   48000000,   26656302,        0,  -21343698,          0
 28378,    86,   48000000,   26653411,        0,  -21346589,          0
 28378,    87,   48000000,   26656145,        0,  -21343855,          0
 28378,    88,   48000000,   26767697,        0,  -21232303,          0
 28378,    89,   48000000,   27020783,        0,  -20979217,          0
 28378,    90,   48000000,   26798821,        0,  -21201179,          0
 28378,    91,   48000000,   26777370,        0,  -21222630,          0
 28378,    92,   48000000,   26969645,        0,  -21030355,          0
 28378,    93,   48000000,   27321998,        0,  -20678002,          0
 28378,    94,   48000000,   27240585,        0,  -20759415,          0
 28378,    95,   48000000,   26656192,        0,  -21343808,          0
 28378,    96,   48000000,   26690562,        0,  -21309438,          0
 28378,    97,   48000000,   26926095,        0,  -21073905,          0
 28378,    98,   48000000,   26653994,        0,  -21346006,          0
 28378,    99,   48000000,   26878339,        0,  -21121661,          0
 28378,   100,   48000000,   26741979,        0,  -21258021,          0
 28378,   101,   48000000,   26739179,        0,  -21260821,          0
 28378,   102,   48000000,   26702040,        0,  -21297960,          0
 28378,   103,   48000000,   26664374,        0,  -21335626,          0
 28378,   104,   48000000,   26678858,        0,  -21321142,          0
 28378,   105,   48000000,   27105456,        0,  -20894544,          0
 28378,   106,   48000000,   26772030,        0,  -21227970,          0
 28378,   107,   48000000,   26745208,        0,  -21254792,          0
 28378,   108,   48000000,   26865739,        0,  -21134261,          0
 28378,   109,   48000000,   26809328,        0,  -21190672,          0
 28378,   110,   48000000,   26934733,        0,  -21065267,          0
 28378,   111,   48000000,   26623236,        0,  -21376764,          0
 28378,   112,   48000000,   27615643,        0,  -20384357,          0
 28378,   113,   48000000,   26822002,        0,  -21177998,          0
 28378,   114,   48000000,   26643732,        0,  -21356268,          0
 28378,   115,   48000000,   29113302,        0,  -18886698,          0
 28378,   116,   48000000,   26642093,        0,  -21357907,          0
 28378,   117,   48000000,   26693121,        0,  -21306879,          0
 28378,   118,   48000000,   26921601,        0,  -21078399,          0
 28378,   119,   48000000,   27115424,        0,  -20884576,          0
 28378,   120,   48000000,   27916361,        0,  -20083639,          0
 28378,   121,   48000000,   26727247,        0,  -21272753,          0
 28378,   122,   48000000,   26771191,        0,  -21228809,          0
 28378,   123,   48000000,   26913481,        0,  -21086519,          0
 28378,   124,   48000000,   26670681,        0,  -21329319,          0
 28378,   125,   48000000,   26638981,        0,  -21361019,          0
 28378,   126,   48000000,   26889637,        0,  -21110363,          0
 28378,   127,   48000000,   26792245,        0,  -21207755,          0
 28378,   128,   48000000,   26630561,        0,  -21369439,          0
 28378,   129,   48000000,   26655888,        0,  -21344112,          0
 28378,   130,   48000000,   26637949,        0,  -21362051,          0
 28378,   131,   48000000,   26909783,        0,  -21090217,          0
 28378,   132,   48000000,   26622251,        0,  -21377749,          0
 28378,   133,   48000000,   26602631,        0,  -21397369,          0
 28378,   134,   48000000,   26621054,        0,  -21378946,          0
 28378,   135,   48000000,   26634861,        0,  -21365139,          0
 28378,   136,   48000000,   26959733,        0,  -21040267,          0
 28378,   137,   48000000,   26654484,        0,  -21345516,          0
 28378,   138,   48000000,   26628874,        0,  -21371126,          0
 28378,   139,   48000000,   26914128,        0,  -21085872,          0
 28378,   140,   48000000,   26643484,        0,  -21356516,          0
 28378,   141,   48000000,   26617110,        0,  -21382890,          0
 28378,   142,   48000000,   26652874,        0,  -21347126,          0
 28378,   143,   48000000,   26976030,        0,  -21023970,          0
 28378,   144,   48000000,   26939308,        0,  -21060692,          0
 28378,   145,   48000000,   26652657,        0,  -21347343,          0
 28378,   146,   48000000,   26656187,        0,  -21343813,          0
 28378,   147,   48000000,   26965434,        0,  -21034566,          0
 28378,   148,   48000000,   26642854,        0,  -21357146,          0
 28378,   149,   48000000,   26990731,        0,  -21009269,          0
 28378,   150,   48000000,   26914239,        0,  -21085761,          0
 28378,   151,   48000000,   26620108,        0,  -21379892,          0
 28378,   152,   48000000,   27020056,        0,  -20979944,          0
 28378,   153,   48000000,   26626153,        0,  -21373847,          0
 28378,   154,   48000000,   26653423,        0,  -21346577,          0
 28378,   155,   48000000,   26711631,        0,  -21288369,          0
 28378,   156,   48000000,   26678967,        0,  -21321033,          0
 28378,   157,   48000000,   28395769,        0,  -19604231,          0
 28378,   158,   48000000,   26652314,        0,  -21347686,          0
 28378,   159,   48000000,   26635423,        0,  -21364577,          0
 28378,   160,   48000000,   26746069,        0,  -21253931,          0
 28378,   161,   48000000,   26704865,        0,  -21295135,          0
 28378,   162,   48000000,   26908731,        0,  -21091269,          0
 28378,   163,   48000000,   26612123,        0,  -21387877,          0
 28378,   164,   48000000,   27793046,        0,  -20206954,          0
 28378,   165,   48000000,   26926728,        0,  -21073272,          0
 28378,   166,   48000000,   26670859,        0,  -21329141,          0
 28378,   167,   48000000,   26622397,        0,  -21377603,          0
 28378,   168,   48000000,   26609596,        0,  -21390404,          0
 28378,   169,   48000000,   26717329,        0,  -21282671,          0
 28378,   170,   48000000,   26928854,        0,  -21071146,          0
 28378,   171,   48000000,   26762759,        0,  -21237241,          0
 28378,   172,   48000000,   26734742,        0,  -21265258,          0
 28378,   173,   48000000,   26630773,        0,  -21369227,          0
 28378,   174,   48000000,   26635900,        0,  -21364100,          0
 28378,   175,   48000000,   26911375,        0,  -21088625,          0
 28378,   176,   48000000,   26627150,        0,  -21372850,          0
 28378,   177,   48000000,   26744267,        0,  -21255733,          0
 28378,   178,   48000000,   26973761,        0,  -21026239,          0
 28378,   179,   48000000,   26622219,        0,  -21377781,          0
 28378,   180,   48000000,   26615783,        0,  -21384217,          0
 28378,   181,   48000000,   26715073,        0,  -21284927,          0
 28378,   182,   48000000,   26720352,        0,  -21279648,          0
 28378,   183,   48000000,   26912652,        0,  -21087348,          0
 28378,   184,   48000000,   26610189,        0,  -21389811,          0
 28378,   185,   48000000,   26754341,        0,  -21245659,          0
 28378,   186,   48000000,   26714133,        0,  -21285867,          0
 28378,   187,   48000000,   26625392,        0,  -21374608,          0
 28378,   188,   48000000,   26901801,        0,  -21098199,          0
 28378,   189,   48000000,   26709277,        0,  -21290723,          0
 28378,   190,   48000000,   26843968,        0,  -21156032,          0
 28378,   191,   48000000,   26936956,        0,  -21063044,          0
 28378,   192,   48000000,   26674864,        0,  -21325136,          0
 28378,   193,   48000000,   26794559,        0,  -21205441,          0
 28378,   194,   48000000,   26637824,        0,  -21362176,          0
 28378,   195,   48000000,   26689113,        0,  -21310887,          0
 28378,   196,   48000000,   27041743,        0,  -20958257,          0
 28378,   197,   48000000,   26735985,        0,  -21264015,          0
 28378,   198,   48000000,   26628065,        0,  -21371935,          0
 28378,   199,   48000000,   28141153,        0,  -19858847,          0
 28378,   200,   48000000,   26632283,        0,  -21367717,          0
 28378,   201,   48000000,   26956658,        0,  -21043342,          0
 28378,   202,   48000000,   26686416,        0,  -21313584,          0
 28378,   203,   48000000,   26704371,        0,  -21295629,          0
 28378,   204,   48000000,   27102010,        0,  -20897990,          0
 28378,   205,   48000000,   26667320,        0,  -21332680,          0
 28378,   206,   48000000,   26843391,        0,  -21156609,          0
 28378,   207,   48000000,   26849755,        0,  -21150245,          0
 28378,   208,   48000000,   26654030,        0,  -21345970,          0
 28378,   209,   48000000,   26908138,        0,  -21091862,          0
 28378,   210,   48000000,   26697598,        0,  -21302402,          0
 28378,   211,   48000000,   26735093,        0,  -21264907,          0
 28378,   212,   48000000,   26797590,        0,  -21202410,          0
