# Task,   Job,     Period,   Response, DL Miss?,   Lateness,  Tardiness
# task NAME=myapp PID=10203 COST=67443000 PERIOD=79000000 CPU=0
 10203,     2,   79000000,       8679,        0,  -78991321,          0
 10203,     3,   79000000,      88822,        0,  -78911178,          0
 10203,     4,   79000000,   68269830,        0,  -10730170,          0
 10203,     5,   79000000,   66354622,        0,  -12645378,          0
 10203,     6,   79000000,   66059395,        0,  -12940605,          0
 10203,     7,   79000000,   66327202,        0,  -12672798,          0
 10203,     8,   79000000,   66515608,        0,  -12484392,          0
 10203,     9,   79000000,   66034006,        0,  -12965994,          0
 10203,    10,   79000000,   66303547,        0,  -12696453,          0
 10203,    11,   79000000,   66083743,        0,  -12916257,          0
 10203,    12,   79000000,   66074925,        0,  -12925075,          0
 10203,    13,   79000000,   66646170,        0,  -12353830,          0
 10203,    14,   79000000,   66072534,        0,  -12927466,          0
 10203,    15,   79000000,   66320239,        0,  -12679761,          0
 10203,    16,   79000000,   66322441,        0,  -12677559,          0
 10203,    17,   79000000,   66326462,        0,  -12673538,          0
 10203,    18,   79000000,   66562092,        0,  -12437908,          0
 10203,    19,   79000000,   66618455,        0,  -12381545,          0
 10203,    20,   79000000,   66033689,        0,  -12966311,          0
 10203,    21,   79000000,   66410998,        0,  -12589002,          0
 10203,    22,   79000000,   66325864,        0,  -12674136,          0
 10203,    23,   79000000,   66311587,        0,  -12688413,          0
 10203,    24,   79000000,   66609846,        0,  -12390154,          0
 10203,    25,   79000000,   66055394,        0,  -12944606,          0
 10203,    26,   79000000,   66349884,        0,  -12650116,          0
 10203,    27,   79000000,   66317388,        0,  -12682612,          0
 10203,    28,   79000000,   66129469,        0,  -12870531,          0
 10203,    29,   79000000,   66310211,        0,  -12689789,          0
 10203,    30,   79000000,   66048766,        0,  -12951234,          0
 10203,    31,   79000000,   66086990,        0,  -12913010,          0
 10203,    32,   79000000,   66361631,        0,  -12638369,          0
 10203,    33,   79000000,   66124066,        0,  -12875934,          0
 10203,    34,   79000000,   66295788,        0,  -12704212,          0
 10203,    35,   79000000,   66319037,        0,  -12680963,          0
 10203,    36,   79000000,   66326508,        0,  -12673492,          0
 10203,    37,   79000000,   66373226,        0,  -12626774,          0
 10203,    38,   79000000,   66567005,        0,  -12432995,          0
 10203,    39,   79000000,   66014205,        0,  -12985795,          0
 10203,    40,   79000000,   66589108,        0,  -12410892,          0
 10203,    41,   79000000,   66034008,        0,  -12965992,          0
 10203,    42,   79000000,   66340859,        0,  -12659141,          0
 10203,    43,   79000000,   67303725,        0,  -11696275,          0
 10203,    44,   79000000,   66086849,        0,  -12913151,          0
 10203,    45,   79000000,   66283735,        0,  -12716265,          0
 10203,    46,   79000000,   66369676,        0,  -12630324,          0
 10203,    47,   79000000,   66043770,        0,  -12956230,          0
 10203,    48,   79000000,   66355795,        0,  -12644205,          0
 10203,    49,   79000000,   66056140,        0,  -12943860,          0
 10203,    50,   79000000,   66119966,        0,  -12880034,          0
 10203,    51,   79000000,   66312380,        0,  -12687620,          0
 10203,    52,   79000000,   66066129,        0,  -12933871,          0
 10203,    53,   79000000,   66318766,        0,  -12681234,          0
 10203,    54,   79000000,   66651412,        0,  -12348588,          0
 10203,    55,   79000000,   66049471,        0,  -12950529,          0
 10203,    56,   79000000,   66342500,        0,  -12657500,          0
 10203,    57,   79000000,   66315298,        0,  -12684702,          0
 10203,    58,   79000000,   66039323,        0,  -12960677,          0
 10203,    59,   79000000,   66449119,        0,  -12550881,          0
 10203,    60,   79000000,   66300756,        0,  -12699244,          0
 10203,    61,   79000000,   66886547,        0,  -12113453,          0
 10203,    62,   79000000,   66337330,        0,  -12662670,          0
 10203,    63,   79000000,   66069924,        0,  -12930076,          0
 10203,    64,   79000000,   66357989,        0,  -12642011,          0
 10203,    65,   79000000,   66565998,        0,  -12434002,          0
 10203,    66,   79000000,   66295916,        0,  -12704084,          0
 10203,    67,   79000000,   66572542,        0,  -12427458,          0
 10203,    68,   79000000,   66115916,        0,  -12884084,          0
 10203,    69,   79000000,   66396414,        0,  -12603586,          0
 10203,    70,   79000000,   67490932,        0,  -11509068,          0
 10203,    71,   79000000,   66149941,        0,  -12850059,          0
 10203,    72,   79000000,   66397949,        0,  -12602051,          0
 10203,    73,   79000000,   66354213,        0,  -12645787,          0
 10203,    74,   79000000,   66065276,        0,  -12934724,          0
 10203,    75,   79000000,   66309742,        0,  -12690258,          0
 10203,    76,   79000000,   66335895,        0,  -12664105,          0
 10203,    77,   79000000,   66330349,        0,  -12669651,          0
 10203,    78,   79000000,   66410534,        0,  -12589466,          0
 10203,    79,   79000000,   66017746,        0,  -12982254,          0
 10203,    80,   79000000,   66101606,        0,  -12898394,          0
 10203,    81,   79000000,   66619167,        0,  -12380833,          0
 10203,    82,   79000000,   66084853,        0,  -12915147,          0
 10203,    83,   79000000,   66332560,        0,  -12667440,          0
 10203,    84,   79000000,   66407639,        0,  -12592361,          0
 10203,    85,   79000000,   66035247,        0,  -12964753,          0
 10203,    86,   79000000,   66332750,        0,  -12667250,          0
 10203,    87,   79000000,   66303790,        0,  -12696210,          0
 10203,    88,   79000000,   66063455,        0,  -12936545,          0
 10203,    89,   79000000,   66371605,        0,  -12628395,          0
 10203,    90,   79000000,   66080855,        0,  -12919145,          0
 10203,    91,   79000000,   66378135,        0,  -12621865,          0
 10203,    92,   79000000,   66344980,        0,  -12655020,          0
 10203,    93,   79000000,   66115677,        0,  -12884323,          0
 10203,    94,   79000000,   66325089,        0,  -12674911,          0
 10203,    95,   79000000,   66556650,        0,  -12443350,          0
 10203,    96,   79000000,   65992884,        0,  -13007116,          0
 10203,    97,   79000000,   66363635,        0,  -12636365,          0
 10203,    98,   79000000,   66085683,        0,  -12914317,          0
 10203,    99,   79000000,   66015399,        0,  -12984601,          0
 10203,   100,   79000000,   66342464,        0,  -12657536,          0
 10203,   101,   79000000,   66019550,        0,  -12980450,          0
 10203,   102,   79000000,   66327187,        0,  -12672813,          0
 10203,   103,   79000000,   66301160,        0,  -12698840,          0
 10203,   104,   79000000,   66015067,        0,  -12984933,          0
 10203,   105,   79000000,   66367719,        0,  -12632281,          0
 10203,   106,   79000000,   66313463,        0,  -12686537,          0
 10203,   107,   79000000,   66086706,        0,  -12913294,          0
 10203,   108,   79000000,   66368831,        0,  -12631169,          0
 10203,   109,   79000000,   67189781,        0,  -11810219,          0
 10203,   110,   79000000,   66876461,        0,  -12123539,          0
 10203,   111,   79000000,   66321947,        0,  -12678053,          0
 10203,   112,   79000000,   66098726,        0,  -12901274,          0
 10203,   113,   79000000,   66338555,        0,  -12661445,          0
 10203,   114,   79000000,   66293194,        0,  -12706806,          0
 10203,   115,   79000000,   65986680,        0,  -13013320,          0
 10203,   116,   79000000,   66375905,        0,  -12624095,          0
 10203,   117,   79000000,   66043933,        0,  -12956067,          0
 10203,   118,   79000000,   66023816,        0,  -12976184,          0
 10203,   119,   79000000,   66401856,        0,  -12598144,          0
 10203,   120,   79000000,   66049630,        0,  -12950370,          0
 10203,   121,   79000000,   66330022,        0,  -12669978,          0
 10203,   122,   79000000,   66399824,        0,  -12600176,          0
 10203,   123,   79000000,   66054063,        0,  -12945937,          0
 10203,   124,   79000000,   66318478,        0,  -12681522,          0
 10203,   125,   79000000,   66343835,        0,  -12656165,          0
 10203,   126,   79000000,   66035760,        0,  -12964240,          0
 10203,   127,   79000000,   66566895,        0,  -12433105,          0
 10203,   128,   79000000,   66236484,        0,  -12763516,          0
 10203,   129,   79000000,   66306189,        0,  -12693811,          0
 10203,   130,   79000000,   66630542,        0,  -12369458,          0
# task NAME=myapp PID=10206 COST=38080000 PERIOD=67000000 CPU=0
 10206,     2,   67000000,       8889,        0,  -66991111,          0
 10206,     3,   67000000,      69552,        0,  -66930448,          0
 10206,     4,   67000000,   39653131,        0,  -27346869,          0
 10206,     5,   67000000,   37296321,        0,  -29703679,          0
 10206,     6,   67000000,   37788269,        0,  -29211731,          0
 10206,     7,   67000000,   37312131,        0,  -29687869,          0
 10206,     8,   67000000,   38309918,        0,  -28690082,          0
 10206,     9,   67000000,   37370979,        0,  -29629021,          0
 10206,    10,   67000000,   37440522,        0,  -29559478,          0
 10206,    11,   67000000,   37294583,        0,  -29705417,          0
 10206,    12,   67000000,   37282678,        0,  -29717322,          0
 10206,    13,   67000000,   37551848,        0,  -29448152,          0
 10206,    14,   67000000,   37435564,        0,  -29564436,          0
 10206,    15,   67000000,   37637065,        0,  -29362935,          0
 10206,    16,   67000000,   37316628,        0,  -29683372,          0
 10206,    17,   67000000,   37747003,        0,  -29252997,          0
 10206,    18,   67000000,   37280373,        0,  -29719627,          0
 10206,    19,   67000000,   37589302,        0,  -29410698,          0
 10206,    20,   67000000,   37338530,        0,  -29661470,          0
 10206,    21,   67000000,   37269664,        0,  -29730336,          0
 10206,    22,   67000000,   37340500,        0,  -29659500,          0
 10206,    23,   67000000,   37451609,        0,  -29548391,          0
 10206,    24,   67000000,   37567145,        0,  -29432855,          0
 10206,    25,   67000000,   37276360,        0,  -29723640,          0
 10206,    26,   67000000,   37564584,        0,  -29435416,          0
 10206,    27,   67000000,   37281993,        0,  -29718007,          0
 10206,    28,   67000000,   37656530,        0,  -29343470,          0
 10206,    29,   67000000,   37350712,        0,  -29649288,          0
 10206,    30,   67000000,   37603281,        0,  -29396719,          0
 10206,    31,   67000000,   37478895,        0,  -29521105,          0
 10206,    32,   67000000,   37609162,        0,  -29390838,          0
 10206,    33,   67000000,   37294669,        0,  -29705331,          0
 10206,    34,   67000000,   37366084,        0,  -29633916,          0
 10206,    35,   67000000,   37337357,        0,  -29662643,          0
 10206,    36,   67000000,   38299341,        0,  -28700659,          0
 10206,    37,   67000000,   37452509,        0,  -29547491,          0
 10206,    38,   67000000,   37431082,        0,  -29568918,          0
 10206,    39,   67000000,   37576253,        0,  -29423747,          0
 10206,    40,   67000000,   37315481,        0,  -29684519,          0
 10206,    41,   67000000,   37726803,        0,  -29273197,          0
 10206,    42,   67000000,   37291916,        0,  -29708084,          0
 10206,    43,   67000000,   37581787,        0,  -29418213,          0
 10206,    44,   67000000,   37291703,        0,  -29708297,          0
 10206,    45,   67000000,   37563164,        0,  -29436836,          0
 10206,    46,   67000000,   37448080,        0,  -29551920,          0
 10206,    47,   67000000,   37546431,        0,  -29453569,          0
 10206,    48,   67000000,   37297678,        0,  -29702322,          0
 10206,    49,   67000000,   37305326,        0,  -29694674,          0
 10206,    50,   67000000,   37401247,        0,  -29598753,          0
 10206,    51,   67000000,   37265159,        0,  -29734841,          0
 10206,    52,   67000000,   37281678,        0,  -29718322,          0
 10206,    53,   67000000,   37306154,        0,  -29693846,          0
 10206,    54,   67000000,   37700435,        0,  -29299565,          0
 10206,    55,   67000000,   37455041,        0,  -29544959,          0
 10206,    56,   67000000,   37574269,        0,  -29425731,          0
 10206,    57,   67000000,   37347599,        0,  -29652401,          0
 10206,    58,   67000000,   37578440,        0,  -29421560,          0
 10206,    59,   67000000,   37440500,        0,  -29559500,          0
 10206,    60,   67000000,   37585838,        0,  -29414162,          0
 10206,    61,   67000000,   37327701,        0,  -29672299,          0
 10206,    62,   67000000,   37289564,        0,  -29710436,          0
 10206,    63,   67000000,   37291129,        0,  -29708871,          0
 10206,    64,   67000000,   37328146,        0,  -29671854,          0
 10206,    65,   67000000,   37329673,        0,  -29670327,          0
 10206,    66,   67000000,   37312420,        0,  -29687580,          0
 10206,    67,   67000000,   37305270,        0,  -29694730,          0
 10206,    68,   67000000,   37461506,        0,  -29538494,          0
 10206,    69,   67000000,   37676448,        0,  -29323552,          0
 10206,    70,   67000000,   37766433,        0,  -29233567,          0
 10206,    71,   67000000,   37583104,        0,  -29416896,          0
 10206,    72,   67000000,   37305270,        0,  -29694730,          0
 10206,    73,   67000000,   37583963,        0,  -29416037,          0
 10206,    74,   67000000,   37445999,        0,  -29554001,          0
 10206,    75,   67000000,   37569130,        0,  -29430870,          0
 10206,    76,   67000000,   37257454,        0,  -29742546,          0
 10206,    77,   67000000,   37295674,        0,  -29704326,          0
 10206,    78,   67000000,   37338239,        0,  -29661761,          0
 10206,    79,   67000000,   37398910,        0,  -29601090,          0
 10206,    80,   67000000,   37286136,        0,  -29713864,          0
 10206,    81,   67000000,   37377660,        0,  -29622340,          0
 10206,    82,   67000000,   37742612,        0,  -29257388,          0
 10206,    83,   67000000,   37328134,        0,  -29671866,          0
 10206,    84,   67000000,   37868701,        0,  -29131299,          0
 10206,    85,   67000000,   37285052,        0,  -29714948,          0
 10206,    86,   67000000,   37620345,        0,  -29379655,          0
 10206,    87,   67000000,   37387969,        0,  -29612031,          0
 10206,    88,   67000000,   37579523,        0,  -29420477,          0
 10206,    89,   67000000,   37459114,        0,  -29540886,          0
 10206,    90,   67000000,   37501651,        0,  -29498349,          0
 10206,    91,   67000000,   37402535,        0,  -29597465,          0
 10206,    92,   67000000,   37298155,        0,  -29701845,          0
 10206,    93,   67000000,   37355576,        0,  -29644424,          0
 10206,    94,   67000000,   37293948,        0,  -29706052,          0
 10206,    95,   67000000,   37309628,        0,  -29690372,          0
 10206,    96,   67000000,   37325445,        0,  -29674555,          0
 10206,    97,   67000000,   37575812,        0,  -29424188,          0
 10206,    98,   67000000,   37354727,        0,  -29645273,          0
 10206,    99,   67000000,   37827817,        0,  -29172183,          0
 10206,   100,   67000000,   37295203,        0,  -29704797,          0
 10206,   101,   67000000,   37586329,        0,  -29413671,          0
 10206,   102,   67000000,   37299550,        0,  -29700450,          0
 10206,   103,   67000000,   37613773,        0,  -29386227,          0
 10206,   104,   67000000,   37290954,        0,  -29709046,          0
 10206,   105,   67000000,   37329116,        0,  -29670884,          0
 10206,   106,   67000000,   37331676,        0,  -29668324,          0
 10206,   107,   67000000,   37334484,        0,  -29665516,          0
 10206,   108,   67000000,   37398786,        0,  -29601214,          0
 10206,   109,   67000000,   37435807,        0,  -29564193,          0
 10206,   110,   67000000,   37768798,        0,  -29231202,          0
 10206,   111,   67000000,   37282626,        0,  -29717374,          0
 10206,   112,   67000000,   38696867,        0,  -28303133,          0
 10206,   113,   67000000,   37289674,        0,  -29710326,          0
 10206,   114,   67000000,   37632752,        0,  -29367248,          0
 10206,   115,   67000000,   37291311,        0,  -29708689,          0
 10206,   116,   67000000,   37682899,        0,  -29317101,          0
 10206,   117,   67000000,   37337650,        0,  -29662350,          0
 10206,   118,   67000000,   37328054,        0,  -29671946,          0
 10206,   119,   67000000,   37459421,        0,  -29540579,          0
 10206,   120,   67000000,   37542292,        0,  -29457708,          0
 10206,   121,   67000000,   37449290,        0,  -29550710,          0
 10206,   122,   67000000,   37288967,        0,  -29711033,          0
 10206,   123,   67000000,   37627153,        0,  -29372847,          0
 10206,   124,   67000000,   37454705,        0,  -29545295,          0
 10206,   125,   67000000,   37572777,        0,  -29427223,          0
 10206,   126,   67000000,   37430511,        0,  -29569489,          0
 10206,   127,   67000000,   37638037,        0,  -29361963,          0
 10206,   128,   67000000,   37423657,        0,  -29576343,          0
 10206,   129,   67000000,   37572732,        0,  -29427268,          0
 10206,   130,   67000000,   37285371,        0,  -29714629,          0
 10206,   131,   67000000,   37606242,        0,  -29393758,          0
 10206,   132,   67000000,   37348558,        0,  -29651442,          0
 10206,   133,   67000000,   37328720,        0,  -29671280,          0
 10206,   134,   67000000,   37522409,        0,  -29477591,          0
 10206,   135,   67000000,   37461069,        0,  -29538931,          0
 10206,   136,   67000000,   37277170,        0,  -29722830,          0
 10206,   137,   67000000,   37370233,        0,  -29629767,          0
 10206,   138,   67000000,   37738417,        0,  -29261583,          0
 10206,   139,   67000000,   37294359,        0,  -29705641,          0
 10206,   140,   67000000,   37636498,        0,  -29363502,          0
 10206,   141,   67000000,   37315641,        0,  -29684359,          0
 10206,   142,   67000000,   37602817,        0,  -29397183,          0
 10206,   143,   67000000,   37283884,        0,  -29716116,          0
 10206,   144,   67000000,   37614824,        0,  -29385176,          0
 10206,   145,   67000000,   38099417,        0,  -28900583,          0
 10206,   146,   67000000,   37296880,        0,  -29703120,          0
 10206,   147,   67000000,   37348422,        0,  -29651578,          0
 10206,   148,   67000000,   37301141,        0,  -29698859,          0
 10206,   149,   67000000,   37279010,        0,  -29720990,          0
 10206,   150,   67000000,   37309233,        0,  -29690767,          0
 10206,   151,   67000000,   37585256,        0,  -29414744,          0
 10206,   152,   67000000,   37273305,        0,  -29726695,          0
 10206,   153,   67000000,   37628699,        0,  -29371301,          0
# task NAME=myapp PID=10209 COST=50858000 PERIOD=88000000 CPU=0
 10209,     2,   88000000,      14847,        0,  -87985153,          0
 10209,     3,   88000000,      92761,        0,  -87907239,          0
 10209,     4,   88000000,   50897200,        0,  -37102800,          0
 10209,     5,   88000000,   50070565,        0,  -37929435,          0
 10209,     6,   88000000,   50032645,        0,  -37967355,          0
 10209,     7,   88000000,   49772115,        0,  -38227885,          0
 10209,     8,   88000000,   50169313,        0,  -37830687,          0
 10209,     9,   88000000,   50259714,        0,  -37740286,          0
 10209,    10,   88000000,   49817774,        0,  -38182226,          0
 10209,    11,   88000000,   49775159,        0,  -38224841,          0
 10209,    12,   88000000,   50066963,        0,  -37933037,          0
 10209,    13,   88000000,   50016991,        0,  -37983009,          0
 10209,    14,   88000000,   50897498,        0,  -37102502,          0
 10209,    15,   88000000,   50073904,        0,  -37926096,          0
 10209,    16,   88000000,   49777168,        0,  -38222832,          0
 10209,    17,   88000000,   49890162,        0,  -38109838,          0
 10209,    18,   88000000,   50064382,        0,  -37935618,          0
 10209,    19,   88000000,   50238421,        0,  -37761579,          0
 10209,    20,   88000000,   49806431,        0,  -38193569,          0
 10209,    21,   88000000,   49838986,        0,  -38161014,          0
 10209,    22,   88000000,   50171515,        0,  -37828485,          0
 10209,    23,   88000000,   49808145,        0,  -38191855,          0
 10209,    24,   88000000,   49789641,        0,  -38210359,          0
 10209,    25,   88000000,   50254905,        0,  -37745095,          0
 10209,    26,   88000000,   49830865,        0,  -38169135,          0
 10209,    27,   88000000,   49855877,        0,  -38144123,          0
 10209,    28,   88000000,   50144448,        0,  -37855552,          0
 10209,    29,   88000000,   50092452,        0,  -37907548,          0
 10209,    30,   88000000,   49772824,        0,  -38227176,          0
 10209,    31,   88000000,   49804196,        0,  -38195804,          0
 10209,    32,   88000000,   50177016,        0,  -37822984,          0
 10209,    33,   88000000,   49779993,        0,  -38220007,          0
 10209,    34,   88000000,   49778293,        0,  -38221707,          0
 10209,    35,   88000000,   50173137,        0,  -37826863,          0
 10209,    36,   88000000,   50075446,        0,  -37924554,          0
 10209,    37,   88000000,   50043651,        0,  -37956349,          0
 10209,    38,   88000000,   49795827,        0,  -38204173,          0
 10209,    39,   88000000,   50204927,        0,  -37795073,          0
 10209,    40,   88000000,   49802908,        0,  -38197092,          0
 10209,    41,   88000000,   49804019,        0,  -38195981,          0
 10209,    42,   88000000,   50380100,        0,  -37619900,          0
 10209,    43,   88000000,   49797328,        0,  -38202672,          0
 10209,    44,   88000000,   49837626,        0,  -38162374,          0
 10209,    45,   88000000,   50316155,        0,  -37683845,          0
 10209,    46,   88000000,   50078126,        0,  -37921874,          0
 10209,    47,   88000000,   50020598,        0,  -37979402,          0
 10209,    48,   88000000,   50104600,        0,  -37895400,          0
 10209,    49,   88000000,   50071623,        0,  -37928377,          0
 10209,    50,   88000000,   50003728,        0,  -37996272,          0
 10209,    51,   88000000,   50046340,        0,  -37953660,          0
 10209,    52,   88000000,   50161262,        0,  -37838738,          0
 10209,    53,   88000000,   50071627,        0,  -37928373,          0
 10209,    54,   88000000,   50064051,        0,  -37935949,          0
 10209,    55,   88000000,   50092978,        0,  -37907022,          0
 10209,    56,   88000000,   50092966,        0,  -37907034,          0
 10209,    57,   88000000,   50869700,        0,  -37130300,          0
 10209,    58,   88000000,   49796892,        0,  -38203108,          0
 10209,    59,   88000000,   50380139,        0,  -37619861,          0
 10209,    60,   88000000,   49841365,        0,  -38158635,          0
 10209,    61,   88000000,   49911672,        0,  -38088328,          0
 10209,    62,   88000000,   50053583,        0,  -37946417,          0
 10209,    63,   88000000,   50073783,        0,  -37926217,          0
 10209,    64,   88000000,   49996714,        0,  -38003286,          0
 10209,    65,   88000000,   49812252,        0,  -38187748,          0
 10209,    66,   88000000,   50087986,        0,  -37912014,          0
 10209,    67,   88000000,   49825634,        0,  -38174366,          0
 10209,    68,   88000000,   49808901,        0,  -38191099,          0
 10209,    69,   88000000,   50060175,        0,  -37939825,          0
 10209,    70,   88000000,   50917126,        0,  -37082874,          0
 10209,    71,   88000000,   49820146,        0,  -38179854,          0
 10209,    72,   88000000,   50079132,        0,  -37920868,          0
 10209,    73,   88000000,   50089202,        0,  -37910798,          0
 10209,    74,   88000000,   49898205,        0,  -38101795,          0
 10209,    75,   88000000,   49804774,        0,  -38195226,          0
 10209,    76,   88000000,   50197383,        0,  -37802617,          0
 10209,    77,   88000000,   50058443,        0,  -37941557,          0
 10209,    78,   88000000,   49766483,        0,  -38233517,          0
 10209,    79,   88000000,   50079894,        0,  -37920106,          0
 10209,    80,   88000000,   49867497,        0,  -38132503,          0
 10209,    81,   88000000,   50041399,        0,  -37958601,          0
 10209,    82,   88000000,   50066485,        0,  -37933515,          0
 10209,    83,   88000000,   50329623,        0,  -37670377,          0
 10209,    84,   88000000,   49792770,        0,  -38207230,          0
 10209,    85,   88000000,   49845573,        0,  -38154427,          0
 10209,    86,   88000000,   51130081,        0,  -36869919,          0
 10209,    87,   88000000,   50040593,        0,  -37959407,          0
 10209,    88,   88000000,   49837836,        0,  -38162164,          0
 10209,    89,   88000000,   50120099,        0,  -37879901,          0
 10209,    90,   88000000,   50090970,        0,  -37909030,          0
 10209,    91,   88000000,   49890792,        0,  -38109208,          0
 10209,    92,   88000000,   49815291,        0,  -38184709,          0
 10209,    93,   88000000,   50173539,        0,  -37826461,          0
 10209,    94,   88000000,   50018405,        0,  -37981595,          0
 10209,    95,   88000000,   49837740,        0,  -38162260,          0
 10209,    96,   88000000,   50179267,        0,  -37820733,          0
 10209,    97,   88000000,   49912698,        0,  -38087302,          0
 10209,    98,   88000000,   49803628,        0,  -38196372,          0
 10209,    99,   88000000,   50158291,        0,  -37841709,          0
 10209,   100,   88000000,   50092577,        0,  -37907423,          0
 10209,   101,   88000000,   49872681,        0,  -38127319,          0
 10209,   102,   88000000,   50019381,        0,  -37980619,          0
 10209,   103,   88000000,   50112254,        0,  -37887746,          0
 10209,   104,   88000000,   50036596,        0,  -37963404,          0
 10209,   105,   88000000,   50052466,        0,  -37947534,          0
 10209,   106,   88000000,   51121607,        0,  -36878393,          0
 10209,   107,   88000000,   50299458,        0,  -37700542,          0
 10209,   108,   88000000,   50044229,        0,  -37955771,          0
 10209,   109,   88000000,   49802806,        0,  -38197194,          0
 10209,   110,   88000000,   50195261,        0,  -37804739,          0
 10209,   111,   88000000,   49866511,        0,  -38133489,          0
 10209,   112,   88000000,   49812152,        0,  -38187848,          0
 10209,   113,   88000000,   50391005,        0,  -37608995,          0
 10209,   114,   88000000,   49826801,        0,  -38173199,          0
 10209,   115,   88000000,   49851041,        0,  -38148959,          0
 10209,   116,   88000000,   50104328,        0,  -37895672,          0
 10209,   117,   88000000,   50096980,        0,  -37903020,          0
