# Task,   Job,     Period,   Response, DL Miss?,   Lateness,  Tardiness
# task NAME=myapp PID=9241 COST=26984000 PERIOD=57000000 CPU=0
  9241,     2,   57000000,       8685,        0,  -56991315,          0
  9241,     3,   57000000,      66295,        0,  -56933705,          0
  9241,     4,   57000000,   27900924,        0,  -29099076,          0
  9241,     5,   57000000,   26456321,        0,  -30543679,          0
  9241,     6,   57000000,   26796871,        0,  -30203129,          0
  9241,     7,   57000000,   26431140,        0,  -30568860,          0
  9241,     8,   57000000,   26563364,        0,  -30436636,          0
  9241,     9,   57000000,   26504887,        0,  -30495113,          0
  9241,    10,   57000000,   26526164,        0,  -30473836,          0
  9241,    11,   57000000,   26463876,        0,  -30536124,          0
  9241,    12,   57000000,   26482549,        0,  -30517451,          0
  9241,    13,   57000000,   26523524,        0,  -30476476,          0
  9241,    14,   57000000,   26435510,        0,  -30564490,          0
  9241,    15,   57000000,   26721290,        0,  -30278710,          0
  9241,    16,   57000000,   26465557,        0,  -30534443,          0
  9241,    17,   57000000,   26773460,        0,  -30226540,          0
  9241,    18,   57000000,   26438620,        0,  -30561380,          0
  9241,    19,   57000000,   26435629,        0,  -30564371,          0
  9241,    20,   57000000,   28634796,        0,  -28365204,          0
  9241,    21,   57000000,   26512363,        0,  -30487637,          0
  9241,    22,   57000000,   26490212,        0,  -30509788,          0
  9241,    23,   57000000,   26460247,        0,  -30539753,          0
  9241,    24,   57000000,   26497123,        0,  -30502877,          0
  9241,    25,   57000000,   26459398,        0,  -30540602,          0
  9241,    26,   57000000,   26783078,        0,  -30216922,          0
  9241,    27,   57000000,   26549520,        0,  -30450480,          0
  9241,    28,   57000000,   26724632,        0,  -30275368,          0
  9241,    29,   57000000,   26539386,        0,  -30460614,          0
  9241,    30,   57000000,   26441324,        0,  -30558676,          0
  9241,    31,   57000000,   26443317,        0,  -30556683,          0
  9241,    32,   57000000,   26543164,        0,  -30456836,          0
  9241,    33,   57000000,   26717624,        0,  -30282376,          0
  9241,    34,   57000000,   26436876,        0,  -30563124,          0
  9241,    35,   57000000,   26431408,        0,  -30568592,          0
  9241,    36,   57000000,   26472215,        0,  -30527785,          0
  9241,    37,   57000000,   26755461,        0,  -30244539,          0
  9241,    38,   57000000,   26434101,        0,  -30565899,          0
  9241,    39,   57000000,   26720371,        0,  -30279629,          0
  9241,    40,   57000000,   26452863,        0,  -30547137,          0
  9241,    41,   57000000,   26473051,        0,  -30526949,          0
  9241,    42,   57000000,   26486926,        0,  -30513074,          0
  9241,    43,   57000000,   26897488,        0,  -30102512,          0
  9241,    44,   57000000,   26442287,        0,  -30557713,          0
  9241,    45,   57000000,   26463176,        0,  -30536824,          0
  9241,    46,   57000000,   26452116,        0,  -30547884,          0
  9241,    47,   57000000,   26434074,        0,  -30565926,          0
  9241,    48,   57000000,   26692918,        0,  -30307082,          0
  9241,    49,   57000000,   26424197,        0,  -30575803,          0
  9241,    50,   57000000,   26710827,        0,  -30289173,          0
  9241,    51,   57000000,   26549288,        0,  -30450712,          0
  9241,    52,   57000000,   26417798,        0,  -30582202,          0
  9241,    53,   57000000,   26538591,        0,  -30461409,          0
  9241,    54,   57000000,   26592517,        0,  -30407483,          0
  9241,    55,   57000000,   26442678,        0,  -30557322,          0
  9241,    56,   57000000,   26519885,        0,  -30480115,          0
  9241,    57,   57000000,   26424677,        0,  -30575323,          0
  9241,    58,   57000000,   26524791,        0,  -30475209,          0
  9241,    59,   57000000,   26764843,        0,  -30235157,          0
  9241,    60,   57000000,   26517336,        0,  -30482664,          0
  9241,    61,   57000000,   26720570,        0,  -30279430,          0
  9241,    62,   57000000,   26413630,        0,  -30586370,          0
  9241,    63,   57000000,   26825461,        0,  -30174539,          0
  9241,    64,   57000000,   26433820,        0,  -30566180,          0
  9241,    65,   57000000,   26451478,        0,  -30548522,          0
  9241,    66,   57000000,   26410018,        0,  -30589982,          0
  9241,    67,   57000000,   26450222,        0,  -30549778,          0
  9241,    68,   57000000,   26473205,        0,  -30526795,          0
  9241,    69,   57000000,   26486322,        0,  -30513678,          0
  9241,    70,   57000000,   26753033,        0,  -30246967,          0
  9241,    71,   57000000,   26451097,        0,  -30548903,          0
  9241,    72,   57000000,   26712034,        0,  -30287966,          0
  9241,    73,   57000000,   26430731,        0,  -30569269,          0
  9241,    74,   57000000,   26728901,        0,  -30271099,          0
  9241,    75,   57000000,   26561520,        0,  -30438480,          0
  9241,    76,   57000000,   26439455,        0,  -30560545,          0
  9241,    77,   57000000,   26443483,        0,  -30556517,          0
  9241,    78,   57000000,   26432429,        0,  -30567571,          0
  9241,    79,   57000000,   26445877,        0,  -30554123,          0
  9241,    80,   57000000,   26444231,        0,  -30555769,          0
  9241,    81,   57000000,   26443738,        0,  -30556262,          0
  9241,    82,   57000000,   26456601,        0,  -30543399,          0
  9241,    83,   57000000,   26717173,        0,  -30282827,          0
  9241,    84,   57000000,   26445427,        0,  -30554573,          0
  9241,    85,   57000000,   26723268,        0,  -30276732,          0
  9241,    86,   57000000,   26417040,        0,  -30582960,          0
  9241,    87,   57000000,   26438435,        0,  -30561565,          0
  9241,    88,   57000000,   26480004,        0,  -30519996,          0
  9241,    89,   57000000,   26422425,        0,  -30577575,          0
  9241,    90,   57000000,   26448724,        0,  -30551276,          0
  9241,    91,   57000000,   26498651,        0,  -30501349,          0
  9241,    92,   57000000,   26419593,        0,  -30580407,          0
  9241,    93,   57000000,   26419323,        0,  -30580677,          0
  9241,    94,   57000000,   26854349,        0,  -30145651,          0
  9241,    95,   57000000,   26508324,        0,  -30491676,          0
  9241,    96,   57000000,   26700027,        0,  -30299973,          0
  9241,    97,   57000000,   26421457,        0,  -30578543,          0
  9241,    98,   57000000,   26409769,        0,  -30590231,          0
  9241,    99,   57000000,   26437676,        0,  -30562324,          0
  9241,   100,   57000000,   26552117,        0,  -30447883,          0
  9241,   101,   57000000,   26432021,        0,  -30567979,          0
  9241,   102,   57000000,   26548774,        0,  -30451226,          0
  9241,   103,   57000000,   26432510,        0,  -30567490,          0
  9241,   104,   57000000,   26421166,        0,  -30578834,          0
  9241,   105,   57000000,   26774177,        0,  -30225823,          0
  9241,   106,   57000000,   26458027,        0,  -30541973,          0
  9241,   107,   57000000,   26722144,        0,  -30277856,          0
  9241,   108,   57000000,   26452854,        0,  -30547146,          0
  9241,   109,   57000000,   26538388,        0,  -30461612,          0
  9241,   110,   57000000,   26443705,        0,  -30556295,          0
  9241,   111,   57000000,   26438922,        0,  -30561078,          0
  9241,   112,   57000000,   26431372,        0,  -30568628,          0
  9241,   113,   57000000,   27540043,        0,  -29459957,          0
  9241,   114,   57000000,   26421808,        0,  -30578192,          0
  9241,   115,   57000000,   26444777,        0,  -30555223,          0
  9241,   116,   57000000,   26832054,        0,  -30167946,          0
  9241,   117,   57000000,   26453209,        0,  -30546791,          0
  9241,   118,   57000000,   26740497,        0,  -30259503,          0
  9241,   119,   57000000,   26558072,        0,  -30441928,          0
  9241,   120,   57000000,   26824112,        0,  -30175888,          0
  9241,   121,   57000000,   26574446,        0,  -30425554,          0
  9241,   122,   57000000,   26597418,        0,  -30402582,          0
  9241,   123,   57000000,   26446535,        0,  -30553465,          0
  9241,   124,   57000000,   26532585,        0,  -30467415,          0
  9241,   125,   57000000,   26603967,        0,  -30396033,          0
  9241,   126,   57000000,   26442672,        0,  -30557328,          0
  9241,   127,   57000000,   26875840,        0,  -30124160,          0
  9241,   128,   57000000,   26540545,        0,  -30459455,          0
  9241,   129,   57000000,   26707778,        0,  -30292222,          0
  9241,   130,   57000000,   26441092,        0,  -30558908,          0
  9241,   131,   57000000,   26770674,        0,  -30229326,          0
  9241,   132,   57000000,   26432881,        0,  -30567119,          0
  9241,   133,   57000000,   26426650,        0,  -30573350,          0
  9241,   134,   57000000,   26414852,        0,  -30585148,          0
  9241,   135,   57000000,   26432360,        0,  -30567640,          0
  9241,   136,   57000000,   26414556,        0,  -30585444,          0
  9241,   137,   57000000,   26523894,        0,  -30476106,          0
  9241,   138,   57000000,   26444002,        0,  -30555998,          0
  9241,   139,   57000000,   26435869,        0,  -30564131,          0
  9241,   140,   57000000,   26708651,        0,  -30291349,          0
  9241,   141,   57000000,   26418065,        0,  -30581935,          0
  9241,   142,   57000000,   27619217,        0,  -29380783,          0
  9241,   143,   57000000,   26523891,        0,  -30476109,          0
  9241,   144,   57000000,   26511877,        0,  -30488123,          0
  9241,   145,   57000000,   26413855,        0,  -30586145,          0
  9241,   146,   57000000,   26537787,        0,  -30462213,          0
  9241,   147,   57000000,   26438500,        0,  -30561500,          0
  9241,   148,   57000000,   26448147,        0,  -30551853,          0
  9241,   149,   57000000,   26430864,        0,  -30569136,          0
  9241,   150,   57000000,   26450008,        0,  -30549992,          0
  9241,   151,   57000000,   26720897,        0,  -30279103,          0
  9241,   152,   57000000,   26419793,        0,  -30580207,          0
  9241,   153,   57000000,   26717728,        0,  -30282272,          0
  9241,   154,   57000000,   26435127,        0,  -30564873,          0
  9241,   155,   57000000,   26439694,        0,  -30560306,          0
  9241,   156,   57000000,   26783566,        0,  -30216434,          0
  9241,   157,   57000000,   26539808,        0,  -30460192,          0
  9241,   158,   57000000,   26428926,        0,  -30571074,          0
  9241,   159,   57000000,   26444745,        0,  -30555255,          0
  9241,   160,   57000000,   26459637,        0,  -30540363,          0
  9241,   161,   57000000,   26439241,        0,  -30560759,          0
  9241,   162,   57000000,   26697659,        0,  -30302341,          0
  9241,   163,   57000000,   26425197,        0,  -30574803,          0
  9241,   164,   57000000,   26734138,        0,  -30265862,          0
  9241,   165,   57000000,   26474679,        0,  -30525321,          0
  9241,   166,   57000000,   26458053,        0,  -30541947,          0
  9241,   167,   57000000,   26558243,        0,  -30441757,          0
  9241,   168,   57000000,   26558462,        0,  -30441538,          0
  9241,   169,   57000000,   26555529,        0,  -30444471,          0
  9241,   170,   57000000,   26553368,        0,  -30446632,          0
  9241,   171,   57000000,   26433607,        0,  -30566393,          0
  9241,   172,   57000000,   26434060,        0,  -30565940,          0
  9241,   173,   57000000,   27313937,        0,  -29686063,          0
  9241,   174,   57000000,   26456894,        0,  -30543106,          0
  9241,   175,   57000000,   26732934,        0,  -30267066,          0
  9241,   176,   57000000,   26426661,        0,  -30573339,          0
  9241,   177,   57000000,   26435871,        0,  -30564129,          0
  9241,   178,   57000000,   26430928,        0,  -30569072,          0
  9241,   179,   57000000,   26552023,        0,  -30447977,          0
# task NAME=myapp PID=9244 COST=3483000 PERIOD=17000000 CPU=0
  9244,     2,   17000000,       9478,        0,  -16990522,          0
  9244,     3,   17000000,      49892,        0,  -16950108,          0
  9244,     4,   17000000,    5498106,        0,  -11501894,          0
  9244,     5,   17000000,    3455556,        0,  -13544444,          0
  9244,     6,   17000000,    3516232,        0,  -13483768,          0
  9244,     7,   17000000,    3783495,        0,  -13216505,          0
  9244,     8,   17000000,    3459576,        0,  -13540424,          0
  9244,     9,   17000000,    3462382,        0,  -13537618,          0
  9244,    10,   17000000,    3494113,        0,  -13505887,          0
  9244,    11,   17000000,    3438474,        0,  -13561526,          0
  9244,    12,   17000000,    3439783,        0,  -13560217,          0
  9244,    13,   17000000,    3428540,        0,  -13571460,          0
  9244,    14,   17000000,    3511430,        0,  -13488570,          0
  9244,    15,   17000000,    3449111,        0,  -13550889,          0
  9244,    16,   17000000,    3433861,        0,  -13566139,          0
  9244,    17,   17000000,    3503872,        0,  -13496128,          0
  9244,    18,   17000000,    3434643,        0,  -13565357,          0
  9244,    19,   17000000,    3435992,        0,  -13564008,          0
  9244,    20,   17000000,    3451167,        0,  -13548833,          0
  9244,    21,   17000000,    3519459,        0,  -13480541,          0
  9244,    22,   17000000,    3469468,        0,  -13530532,          0
  9244,    23,   17000000,    3453802,        0,  -13546198,          0
  9244,    24,   17000000,    3440752,        0,  -13559248,          0
  9244,    25,   17000000,    3454805,        0,  -13545195,          0
  9244,    26,   17000000,    3812637,        0,  -13187363,          0
  9244,    27,   17000000,    3467709,        0,  -13532291,          0
  9244,    28,   17000000,    3433850,        0,  -13566150,          0
  9244,    29,   17000000,    3713021,        0,  -13286979,          0
  9244,    30,   17000000,    3484312,        0,  -13515688,          0
  9244,    31,   17000000,    3439914,        0,  -13560086,          0
  9244,    32,   17000000,    3439890,        0,  -13560110,          0
  9244,    33,   17000000,    3445426,        0,  -13554574,          0
  9244,    34,   17000000,    3448966,        0,  -13551034,          0
  9244,    35,   17000000,    3462143,        0,  -13537857,          0
  9244,    36,   17000000,    3426732,        0,  -13573268,          0
  9244,    37,   17000000,    3450945,        0,  -13549055,          0
  9244,    38,   17000000,    3463587,        0,  -13536413,          0
  9244,    39,   17000000,    3559157,        0,  -13440843,          0
  9244,    40,   17000000,    3449454,        0,  -13550546,          0
  9244,    41,   17000000,    3491676,        0,  -13508324,          0
  9244,    42,   17000000,    3455006,        0,  -13544994,          0
  9244,    43,   17000000,    3464546,        0,  -13535454,          0
  9244,    44,   17000000,    3581064,        0,  -13418936,          0
  9244,    45,   17000000,    3445448,        0,  -13554552,          0
  9244,    46,   17000000,    3447787,        0,  -13552213,          0
  9244,    47,   17000000,    3449380,        0,  -13550620,          0
  9244,    48,   17000000,    3430964,        0,  -13569036,          0
  9244,    49,   17000000,    3481222,        0,  -13518778,          0
  9244,    50,   17000000,    3557460,        0,  -13442540,          0
  9244,    51,   17000000,    4471657,        0,  -12528343,          0
  9244,    52,   17000000,    3497088,        0,  -13502912,          0
  9244,    53,   17000000,    3431997,        0,  -13568003,          0
  9244,    54,   17000000,    3468323,        0,  -13531677,          0
  9244,    55,   17000000,    3426337,        0,  -13573663,          0
  9244,    56,   17000000,    3436181,        0,  -13563819,          0
  9244,    57,   17000000,    3451198,        0,  -13548802,          0
  9244,    58,   17000000,    3447649,        0,  -13552351,          0
  9244,    59,   17000000,    3522909,        0,  -13477091,          0
  9244,    60,   17000000,    3504287,        0,  -13495713,          0
  9244,    61,   17000000,    3431467,        0,  -13568533,          0
  9244,    62,   17000000,    3456745,        0,  -13543255,          0
  9244,    63,   17000000,    3430678,        0,  -13569322,          0
  9244,    64,   17000000,    3616428,        0,  -13383572,          0
  9244,    65,   17000000,    3450979,        0,  -13549021,          0
  9244,    66,   17000000,    3575656,        0,  -13424344,          0
  9244,    67,   17000000,    3495615,        0,  -13504385,          0
  9244,    68,   17000000,    3486517,        0,  -13513483,          0
  9244,    69,   17000000,    3438611,        0,  -13561389,          0
  9244,    70,   17000000,    3456417,        0,  -13543583,          0
  9244,    71,   17000000,    3534985,        0,  -13465015,          0
  9244,    72,   17000000,    3435454,        0,  -13564546,          0
  9244,    73,   17000000,    3443873,        0,  -13556127,          0
  9244,    74,   17000000,    3440607,        0,  -13559393,          0
  9244,    75,   17000000,    3460359,        0,  -13539641,          0
  9244,    76,   17000000,    3440113,        0,  -13559887,          0
  9244,    77,   17000000,    3510551,        0,  -13489449,          0
  9244,    78,   17000000,    3440079,        0,  -13559921,          0
  9244,    79,   17000000,    3460664,        0,  -13539336,          0
  9244,    80,   17000000,    3488916,        0,  -13511084,          0
  9244,    81,   17000000,    3466456,        0,  -13533544,          0
  9244,    82,   17000000,    3436248,        0,  -13563752,          0
  9244,    83,   17000000,    3424482,        0,  -13575518,          0
  9244,    84,   17000000,    3459087,        0,  -13540913,          0
  9244,    85,   17000000,    3445727,        0,  -13554273,          0
  9244,    86,   17000000,    3464789,        0,  -13535211,          0
  9244,    87,   17000000,    3428755,        0,  -13571245,          0
  9244,    88,   17000000,    3447704,        0,  -13552296,          0
  9244,    89,   17000000,    3427461,        0,  -13572539,          0
  9244,    90,   17000000,    3450622,        0,  -13549378,          0
  9244,    91,   17000000,    3496835,        0,  -13503165,          0
  9244,    92,   17000000,    3440613,        0,  -13559387,          0
  9244,    93,   17000000,    3428776,        0,  -13571224,          0
  9244,    94,   17000000,    3446285,        0,  -13553715,          0
  9244,    95,   17000000,    3446641,        0,  -13553359,          0
  9244,    96,   17000000,    3449766,        0,  -13550234,          0
  9244,    97,   17000000,    3576372,        0,  -13423628,          0
  9244,    98,   17000000,    3439565,        0,  -13560435,          0
  9244,    99,   17000000,    3461194,        0,  -13538806,          0
  9244,   100,   17000000,    3434411,        0,  -13565589,          0
  9244,   101,   17000000,    3500027,        0,  -13499973,          0
  9244,   102,   17000000,    3460330,        0,  -13539670,          0
  9244,   103,   17000000,    3506797,        0,  -13493203,          0
  9244,   104,   17000000,    3457861,        0,  -13542139,          0
  9244,   105,   17000000,    3538907,        0,  -13461093,          0
  9244,   106,   17000000,    3479285,        0,  -13520715,          0
  9244,   107,   17000000,    3522743,        0,  -13477257,          0
  9244,   108,   17000000,    3472858,        0,  -13527142,          0
  9244,   109,   17000000,    3451539,        0,  -13548461,          0
  9244,   110,   17000000,    3716726,        0,  -13283274,          0
  9244,   111,   17000000,    3442041,        0,  -13557959,          0
  9244,   112,   17000000,    3426532,        0,  -13573468,          0
  9244,   113,   17000000,    3424338,        0,  -13575662,          0
  9244,   114,   17000000,    3451795,        0,  -13548205,          0
  9244,   115,   17000000,    3436546,        0,  -13563454,          0
  9244,   116,   17000000,    3451663,        0,  -13548337,          0
  9244,   117,   17000000,    3431094,        0,  -13568906,          0
  9244,   118,   17000000,    3457955,        0,  -13542045,          0
  9244,   119,   17000000,    3457467,        0,  -13542533,          0
  9244,   120,   17000000,    3456547,        0,  -13543453,          0
  9244,   121,   17000000,    3436198,        0,  -13563802,          0
  9244,   122,   17000000,    3436534,        0,  -13563466,          0
  9244,   123,   17000000,    3531163,        0,  -13468837,          0
  9244,   124,   17000000,    4224415,        0,  -12775585,          0
  9244,   125,   17000000,    3432239,        0,  -13567761,          0
  9244,   126,   17000000,    3445801,        0,  -13554199,          0
  9244,   127,   17000000,    3436805,        0,  -13563195,          0
  9244,   128,   17000000,    3765617,        0,  -13234383,          0
  9244,   129,   17000000,    3434282,        0,  -13565718,          0
  9244,   130,   17000000,    3425773,        0,  -13574227,          0
  9244,   131,   17000000,    3435069,        0,  -13564931,          0
  9244,   132,   17000000,    3730351,        0,  -13269649,          0
  9244,   133,   17000000,    3506513,        0,  -13493487,          0
  9244,   134,   17000000,    3436162,        0,  -13563838,          0
  9244,   135,   17000000,    3466507,        0,  -13533493,          0
  9244,   136,   17000000,    3554108,        0,  -13445892,          0
  9244,   137,   17000000,    3486616,        0,  -13513384,          0
  9244,   138,   17000000,    3452183,        0,  -13547817,          0
  9244,   139,   17000000,    3519962,        0,  -13480038,          0
  9244,   140,   17000000,    3430138,        0,  -13569862,          0
  9244,   141,   17000000,    3432453,        0,  -13567547,          0
  9244,   142,   17000000,    3475482,        0,  -13524518,          0
  9244,   143,   17000000,    3459580,        0,  -13540420,          0
  9244,   144,   17000000,    3455263,        0,  -13544737,          0
  9244,   145,   17000000,    3434058,        0,  -13565942,          0
  9244,   146,   17000000,    3433571,        0,  -13566429,          0
  9244,   147,   17000000,    3452236,        0,  -13547764,          0
  9244,   148,   17000000,    3450486,        0,  -13549514,          0
  9244,   149,   17000000,    3483058,        0,  -13516942,          0
  9244,   150,   17000000,    3424984,        0,  -13575016,          0
  9244,   151,   17000000,    3450316,        0,  -13549684,          0
  9244,   152,   17000000,    3480414,        0,  -13519586,          0
  9244,   153,   17000000,    3458033,        0,  -13541967,          0
  9244,   154,   17000000,    3821759,        0,  -13178241,          0
  9244,   155,   17000000,    3482734,        0,  -13517266,          0
  9244,   156,   17000000,    3483519,        0,  -13516481,          0
  9244,   157,   17000000,    3459392,        0,  -13540608,          0
  9244,   158,   17000000,    3463930,        0,  -13536070,          0
  9244,   159,   17000000,    3453086,        0,  -13546914,          0
  9244,   160,   17000000,    3482010,        0,  -13517990,          0
  9244,   161,   17000000,    3511609,        0,  -13488391,          0
  9244,   162,   17000000,    3464242,        0,  -13535758,          0
  9244,   163,   17000000,    3464897,        0,  -13535103,          0
  9244,   164,   17000000,    3466458,        0,  -13533542,          0
  9244,   165,   17000000,    3441184,        0,  -13558816,          0
  9244,   166,   17000000,    3438401,        0,  -13561599,          0
  9244,   167,   17000000,    3431001,        0,  -13568999,          0
  9244,   168,   17000000,    3445088,        0,  -13554912,          0
  9244,   169,   17000000,    3427040,        0,  -13572960,          0
  9244,   170,   17000000,    3437464,        0,  -13562536,          0
  9244,   171,   17000000,    3478174,        0,  -13521826,          0
  9244,   172,   17000000,    3445811,        0,  -13554189,          0
  9244,   173,   17000000,    3468434,        0,  -13531566,          0
  9244,   174,   17000000,    3489421,        0,  -13510579,          0
  9244,   175,   17000000,    3483849,        0,  -13516151,          0
  9244,   176,   17000000,    3710240,        0,  -13289760,          0
  9244,   177,   17000000,    3446530,        0,  -13553470,          0
  9244,   178,   17000000,    3497999,        0,  -13502001,          0
  9244,   179,   17000000,    3470502,        0,  -13529498,          0
  9244,   180,   17000000,    3532400,        0,  -13467600,          0
  9244,   181,   17000000,    3464021,        0,  -13535979,          0
  9244,   182,   17000000,    3477873,        0,  -13522127,          0
  9244,   183,   17000000,    3495288,        0,  -13504712,          0
  9244,   184,   17000000,    3444645,        0,  -13555355,          0
  9244,   185,   17000000,    3435266,        0,  -13564734,          0
  9244,   186,   17000000,    3459122,        0,  -13540878,          0
  9244,   187,   17000000,    3443029,        0,  -13556971,          0
  9244,   188,   17000000,    3447958,        0,  -13552042,          0
  9244,   189,   17000000,    3425667,        0,  -13574333,          0
  9244,   190,   17000000,    3455052,        0,  -13544948,          0
  9244,   191,   17000000,    3435210,        0,  -13564790,          0
  9244,   192,   17000000,    3446485,        0,  -13553515,          0
  9244,   193,   17000000,    3460950,        0,  -13539050,          0
  9244,   194,   17000000,    3437380,        0,  -13562620,          0
  9244,   195,   17000000,    3477372,        0,  -13522628,          0
  9244,   196,   17000000,    3435803,        0,  -13564197,          0
  9244,   197,   17000000,    3454022,        0,  -13545978,          0
  9244,   198,   17000000,    3459979,        0,  -13540021,          0
  9244,   199,   17000000,    3438141,        0,  -13561859,          0
  9244,   200,   17000000,    3432182,        0,  -13567818,          0
  9244,   201,   17000000,    3437600,        0,  -13562400,          0
  9244,   202,   17000000,    3480766,        0,  -13519234,          0
  9244,   203,   17000000,    3429386,        0,  -13570614,          0
  9244,   204,   17000000,    3438387,        0,  -13561613,          0
  9244,   205,   17000000,    3472469,        0,  -13527531,          0
  9244,   206,   17000000,    3447589,        0,  -13552411,          0
  9244,   207,   17000000,    3468857,        0,  -13531143,          0
  9244,   208,   17000000,    3534885,        0,  -13465115,          0
  9244,   209,   17000000,    3451515,        0,  -13548485,          0
  9244,   210,   17000000,    3452972,        0,  -13547028,          0
  9244,   211,   17000000,    3435371,        0,  -13564629,          0
  9244,   212,   17000000,    3450964,        0,  -13549036,          0
  9244,   213,   17000000,    3444985,        0,  -13555015,          0
  9244,   214,   17000000,    3441823,        0,  -13558177,          0
  9244,   215,   17000000,    3536188,        0,  -13463812,          0
  9244,   216,   17000000,    3449037,        0,  -13550963,          0
  9244,   217,   17000000,    3479795,        0,  -13520205,          0
  9244,   218,   17000000,    3435624,        0,  -13564376,          0
  9244,   219,   17000000,    3477098,        0,  -13522902,          0
  9244,   220,   17000000,    3461228,        0,  -13538772,          0
  9244,   221,   17000000,    3486106,        0,  -13513894,          0
  9244,   222,   17000000,    3442109,        0,  -13557891,          0
  9244,   223,   17000000,    3465240,        0,  -13534760,          0
  9244,   224,   17000000,    3441525,        0,  -13558475,          0
  9244,   225,   17000000,    3608466,        0,  -13391534,          0
  9244,   226,   17000000,    3447810,        0,  -13552190,          0
  9244,   227,   17000000,    3445956,        0,  -13554044,          0
  9244,   228,   17000000,    3448918,        0,  -13551082,          0
  9244,   229,   17000000,    3465034,        0,  -13534966,          0
  9244,   230,   17000000,    3453762,        0,  -13546238,          0
  9244,   231,   17000000,    3454516,        0,  -13545484,          0
  9244,   232,   17000000,    3439389,        0,  -13560611,          0
  9244,   233,   17000000,    3436301,        0,  -13563699,          0
  9244,   234,   17000000,    3475814,        0,  -13524186,          0
  9244,   235,   17000000,    3726573,        0,  -13273427,          0
  9244,   236,   17000000,    3462832,        0,  -13537168,          0
  9244,   237,   17000000,    3434727,        0,  -13565273,          0
  9244,   238,   17000000,    3435228,        0,  -13564772,          0
  9244,   239,   17000000,    3428872,        0,  -13571128,          0
  9244,   240,   17000000,    3502891,        0,  -13497109,          0
  9244,   241,   17000000,    3477695,        0,  -13522305,          0
  9244,   242,   17000000,    3468549,        0,  -13531451,          0
  9244,   243,   17000000,    3451937,        0,  -13548063,          0
  9244,   244,   17000000,    3442576,        0,  -13557424,          0
  9244,   245,   17000000,    3446625,        0,  -13553375,          0
  9244,   246,   17000000,    3440404,        0,  -13559596,          0
  9244,   247,   17000000,    3487375,        0,  -13512625,          0
  9244,   248,   17000000,    3448516,        0,  -13551484,          0
  9244,   249,   17000000,    3463964,        0,  -13536036,          0
  9244,   250,   17000000,    3476307,        0,  -13523693,          0
  9244,   251,   17000000,    3547275,        0,  -13452725,          0
  9244,   252,   17000000,    3516834,        0,  -13483166,          0
  9244,   253,   17000000,    3439075,        0,  -13560925,          0
  9244,   254,   17000000,    3435985,        0,  -13564015,          0
  9244,   255,   17000000,    3439912,        0,  -13560088,          0
  9244,   256,   17000000,    3467352,        0,  -13532648,          0
  9244,   257,   17000000,    3710948,        0,  -13289052,          0
  9244,   258,   17000000,    3492385,        0,  -13507615,          0
  9244,   259,   17000000,    3527545,        0,  -13472455,          0
  9244,   260,   17000000,    3445087,        0,  -13554913,          0
  9244,   261,   17000000,    3502393,        0,  -13497607,          0
  9244,   262,   17000000,    3449645,        0,  -13550355,          0
  9244,   263,   17000000,    3437221,        0,  -13562779,          0
  9244,   264,   17000000,    3446971,        0,  -13553029,          0
  9244,   265,   17000000,    3461397,        0,  -13538603,          0
  9244,   266,   17000000,    3454889,        0,  -13545111,          0
  9244,   267,   17000000,    3451384,        0,  -13548616,          0
  9244,   268,   17000000,    3469310,        0,  -13530690,          0
  9244,   269,   17000000,    3429221,        0,  -13570779,          0
  9244,   270,   17000000,    3472340,        0,  -13527660,          0
  9244,   271,   17000000,    3466522,        0,  -13533478,          0
  9244,   272,   17000000,    3493874,        0,  -13506126,          0
  9244,   273,   17000000,    3441253,        0,  -13558747,          0
  9244,   274,   17000000,    3454257,        0,  -13545743,          0
  9244,   275,   17000000,    3451514,        0,  -13548486,          0
  9244,   276,   17000000,    3455401,        0,  -13544599,          0
  9244,   277,   17000000,    3455466,        0,  -13544534,          0
  9244,   278,   17000000,    3437068,        0,  -13562932,          0
  9244,   279,   17000000,    3746668,        0,  -13253332,          0
  9244,   280,   17000000,    3426785,        0,  -13573215,          0
  9244,   281,   17000000,    3448471,        0,  -13551529,          0
  9244,   282,   17000000,    3461412,        0,  -13538588,          0
  9244,   283,   17000000,    3448877,        0,  -13551123,          0
  9244,   284,   17000000,    3466077,        0,  -13533923,          0
  9244,   285,   17000000,    3453688,        0,  -13546312,          0
  9244,   286,   17000000,    3455932,        0,  -13544068,          0
  9244,   287,   17000000,    3437708,        0,  -13562292,          0
  9244,   288,   17000000,    3495397,        0,  -13504603,          0
  9244,   289,   17000000,    3476217,        0,  -13523783,          0
  9244,   290,   17000000,    3431875,        0,  -13568125,          0
  9244,   291,   17000000,    3449979,        0,  -13550021,          0
  9244,   292,   17000000,    3496746,        0,  -13503254,          0
  9244,   293,   17000000,    3430029,        0,  -13569971,          0
  9244,   294,   17000000,    3428607,        0,  -13571393,          0
  9244,   295,   17000000,    3438750,        0,  -13561250,          0
  9244,   296,   17000000,    3528068,        0,  -13471932,          0
  9244,   297,   17000000,    3434890,        0,  -13565110,          0
  9244,   298,   17000000,    3466841,        0,  -13533159,          0
  9244,   299,   17000000,    3456637,        0,  -13543363,          0
  9244,   300,   17000000,    3439558,        0,  -13560442,          0
  9244,   301,   17000000,    3438412,        0,  -13561588,          0
  9244,   302,   17000000,    3525196,        0,  -13474804,          0
  9244,   303,   17000000,    3444923,        0,  -13555077,          0
  9244,   304,   17000000,    3434341,        0,  -13565659,          0
  9244,   305,   17000000,    3451804,        0,  -13548196,          0
  9244,   306,   17000000,    3450538,        0,  -13549462,          0
  9244,   307,   17000000,    3464204,        0,  -13535796,          0
  9244,   308,   17000000,    3439551,        0,  -13560449,          0
  9244,   309,   17000000,    3442121,        0,  -13557879,          0
  9244,   310,   17000000,    3459018,        0,  -13540982,          0
  9244,   311,   17000000,    3427134,        0,  -13572866,          0
  9244,   312,   17000000,    3452171,        0,  -13547829,          0
  9244,   313,   17000000,    3446511,        0,  -13553489,          0
  9244,   314,   17000000,    3437677,        0,  -13562323,          0
  9244,   315,   17000000,    3474556,        0,  -13525444,          0
  9244,   316,   17000000,    3477863,        0,  -13522137,          0
  9244,   317,   17000000,    3435474,        0,  -13564526,          0
  9244,   318,   17000000,    3563475,        0,  -13436525,          0
  9244,   319,   17000000,    3484467,        0,  -13515533,          0
  9244,   320,   17000000,    3436108,        0,  -13563892,          0
  9244,   321,   17000000,    3466379,        0,  -13533621,          0
  9244,   322,   17000000,    3491623,        0,  -13508377,          0
  9244,   323,   17000000,    3427612,        0,  -13572388,          0
  9244,   324,   17000000,    3437567,        0,  -13562433,          0
  9244,   325,   17000000,    3438661,        0,  -13561339,          0
  9244,   326,   17000000,    3458141,        0,  -13541859,          0
  9244,   327,   17000000,    3441543,        0,  -13558457,          0
  9244,   328,   17000000,    3440117,        0,  -13559883,          0
  9244,   329,   17000000,    3469506,        0,  -13530494,          0
  9244,   330,   17000000,    3445398,        0,  -13554602,          0
  9244,   331,   17000000,    3441549,        0,  -13558451,          0
  9244,   332,   17000000,    3432322,        0,  -13567678,          0
  9244,   333,   17000000,    3444928,        0,  -13555072,          0
  9244,   334,   17000000,    3445434,        0,  -13554566,          0
  9244,   335,   17000000,    3494753,        0,  -13505247,          0
  9244,   336,   17000000,    3457460,        0,  -13542540,          0
  9244,   337,   17000000,    3429771,        0,  -13570229,          0
  9244,   338,   17000000,    3441038,        0,  -13558962,          0
  9244,   339,   17000000,    3447657,        0,  -13552343,          0
  9244,   340,   17000000,    3470180,        0,  -13529820,          0
  9244,   341,   17000000,    3468746,        0,  -13531254,          0
  9244,   342,   17000000,    3555992,        0,  -13444008,          0
  9244,   343,   17000000,    3472489,        0,  -13527511,          0
  9244,   344,   17000000,    3444306,        0,  -13555694,          0
  9244,   345,   17000000,    3464008,        0,  -13535992,          0
  9244,   346,   17000000,    3591323,        0,  -13408677,          0
  9244,   347,   17000000,    3459598,        0,  -13540402,          0
  9244,   348,   17000000,    3434601,        0,  -13565399,          0
  9244,   349,   17000000,    3464162,        0,  -13535838,          0
  9244,   350,   17000000,    3422635,        0,  -13577365,          0
  9244,   351,   17000000,    3500648,        0,  -13499352,          0
  9244,   352,   17000000,    3454965,        0,  -13545035,          0
  9244,   353,   17000000,    3454613,        0,  -13545387,          0
  9244,   354,   17000000,    3430846,        0,  -13569154,          0
  9244,   355,   17000000,    3461605,        0,  -13538395,          0
  9244,   356,   17000000,    3484522,        0,  -13515478,          0
  9244,   357,   17000000,    3510997,        0,  -13489003,          0
  9244,   358,   17000000,    3424838,        0,  -13575162,          0
  9244,   359,   17000000,    3493335,        0,  -13506665,          0
  9244,   360,   17000000,    3843978,        0,  -13156022,          0
  9244,   361,   17000000,    3436268,        0,  -13563732,          0
  9244,   362,   17000000,    3429373,        0,  -13570627,          0
  9244,   363,   17000000,    3908521,        0,  -13091479,          0
  9244,   364,   17000000,    3444109,        0,  -13555891,          0
  9244,   365,   17000000,    3460718,        0,  -13539282,          0
  9244,   366,   17000000,    3434976,        0,  -13565024,          0
  9244,   367,   17000000,    3442255,        0,  -13557745,          0
  9244,   368,   17000000,    3454307,        0,  -13545693,          0
  9244,   369,   17000000,    3429967,        0,  -13570033,          0
  9244,   370,   17000000,    3465087,        0,  -13534913,          0
  9244,   371,   17000000,    3436114,        0,  -13563886,          0
  9244,   372,   17000000,    3431871,        0,  -13568129,          0
  9244,   373,   17000000,    3455998,        0,  -13544002,          0
  9244,   374,   17000000,    3441347,        0,  -13558653,          0
  9244,   375,   17000000,    3435254,        0,  -13564746,          0
  9244,   376,   17000000,    3464841,        0,  -13535159,          0
  9244,   377,   17000000,    3457568,        0,  -13542432,          0
  9244,   378,   17000000,    3498917,        0,  -13501083,          0
  9244,   379,   17000000,    3446787,        0,  -13553213,          0
  9244,   380,   17000000,    3478219,        0,  -13521781,          0
  9244,   381,   17000000,    3434835,        0,  -13565165,          0
  9244,   382,   17000000,    3714737,        0,  -13285263,          0
  9244,   383,   17000000,    3486737,        0,  -13513263,          0
  9244,   384,   17000000,    3434134,        0,  -13565866,          0
  9244,   385,   17000000,    3450643,        0,  -13549357,          0
  9244,   386,   17000000,    3454854,        0,  -13545146,          0
  9244,   387,   17000000,    3481559,        0,  -13518441,          0
  9244,   388,   17000000,    3432143,        0,  -13567857,          0
  9244,   389,   17000000,    3455193,        0,  -13544807,          0
  9244,   390,   17000000,    3492184,        0,  -13507816,          0
  9244,   391,   17000000,    3441816,        0,  -13558184,          0
  9244,   392,   17000000,    3437584,        0,  -13562416,          0
  9244,   393,   17000000,    3454202,        0,  -13545798,          0
  9244,   394,   17000000,    3440999,        0,  -13559001,          0
  9244,   395,   17000000,    3526882,        0,  -13473118,          0
  9244,   396,   17000000,    3436086,        0,  -13563914,          0
  9244,   397,   17000000,    3462488,        0,  -13537512,          0
  9244,   398,   17000000,    3536148,        0,  -13463852,          0
  9244,   399,   17000000,    3443193,        0,  -13556807,          0
  9244,   400,   17000000,    3441805,        0,  -13558195,          0
  9244,   401,   17000000,    3449425,        0,  -13550575,          0
  9244,   402,   17000000,    3438885,        0,  -13561115,          0
  9244,   403,   17000000,    4024616,        0,  -12975384,          0
  9244,   404,   17000000,    3751570,        0,  -13248430,          0
  9244,   405,   17000000,    3454707,        0,  -13545293,          0
  9244,   406,   17000000,    3505978,        0,  -13494022,          0
  9244,   407,   17000000,    3438870,        0,  -13561130,          0
  9244,   408,   17000000,    3467141,        0,  -13532859,          0
  9244,   409,   17000000,    3450424,        0,  -13549576,          0
  9244,   410,   17000000,    3455211,        0,  -13544789,          0
  9244,   411,   17000000,    3431198,        0,  -13568802,          0
  9244,   412,   17000000,    3448135,        0,  -13551865,          0
  9244,   413,   17000000,    3453357,        0,  -13546643,          0
  9244,   414,   17000000,    3467051,        0,  -13532949,          0
  9244,   415,   17000000,    3471076,        0,  -13528924,          0
  9244,   416,   17000000,    3473182,        0,  -13526818,          0
  9244,   417,   17000000,    3528722,        0,  -13471278,          0
  9244,   418,   17000000,    3462230,        0,  -13537770,          0
  9244,   419,   17000000,    3440455,        0,  -13559545,          0
  9244,   420,   17000000,    3448921,        0,  -13551079,          0
  9244,   421,   17000000,    3448606,        0,  -13551394,          0
  9244,   422,   17000000,    3429865,        0,  -13570135,          0
  9244,   423,   17000000,    3446413,        0,  -13553587,          0
  9244,   424,   17000000,    3471260,        0,  -13528740,          0
  9244,   425,   17000000,    3467665,        0,  -13532335,          0
  9244,   426,   17000000,    3475378,        0,  -13524622,          0
  9244,   427,   17000000,    3469592,        0,  -13530408,          0
  9244,   428,   17000000,    3439306,        0,  -13560694,          0
  9244,   429,   17000000,    3487572,        0,  -13512428,          0
  9244,   430,   17000000,    3451844,        0,  -13548156,          0
  9244,   431,   17000000,    3454025,        0,  -13545975,          0
  9244,   432,   17000000,    3450997,        0,  -13549003,          0
  9244,   433,   17000000,    3432110,        0,  -13567890,          0
  9244,   434,   17000000,    3425487,        0,  -13574513,          0
  9244,   435,   17000000,    3469014,        0,  -13530986,          0
  9244,   436,   17000000,    3445502,        0,  -13554498,          0
  9244,   437,   17000000,    3449046,        0,  -13550954,          0
  9244,   438,   17000000,    3466930,        0,  -13533070,          0
  9244,   439,   17000000,    3450083,        0,  -13549917,          0
  9244,   440,   17000000,    3504373,        0,  -13495627,          0
  9244,   441,   17000000,    3430507,        0,  -13569493,          0
  9244,   442,   17000000,    3472260,        0,  -13527740,          0
  9244,   443,   17000000,    3438209,        0,  -13561791,          0
  9244,   444,   17000000,    3494389,        0,  -13505611,          0
  9244,   445,   17000000,    3453654,        0,  -13546346,          0
  9244,   446,   17000000,    3459991,        0,  -13540009,          0
  9244,   447,   17000000,    3498547,        0,  -13501453,          0
  9244,   448,   17000000,    3435453,        0,  -13564547,          0
  9244,   449,   17000000,    3458451,        0,  -13541549,          0
  9244,   450,   17000000,    3445035,        0,  -13554965,          0
  9244,   451,   17000000,    3471808,        0,  -13528192,          0
  9244,   452,   17000000,    3472028,        0,  -13527972,          0
  9244,   453,   17000000,    3451925,        0,  -13548075,          0
  9244,   454,   17000000,    3510674,        0,  -13489326,          0
  9244,   455,   17000000,    3432280,        0,  -13567720,          0
  9244,   456,   17000000,    3501335,        0,  -13498665,          0
  9244,   457,   17000000,    3454451,        0,  -13545549,          0
  9244,   458,   17000000,    3452169,        0,  -13547831,          0
  9244,   459,   17000000,    3480105,        0,  -13519895,          0
  9244,   460,   17000000,    3458270,        0,  -13541730,          0
  9244,   461,   17000000,    3446189,        0,  -13553811,          0
  9244,   462,   17000000,    3448179,        0,  -13551821,          0
  9244,   463,   17000000,    3516142,        0,  -13483858,          0
  9244,   464,   17000000,    3436424,        0,  -13563576,          0
  9244,   465,   17000000,    3445894,        0,  -13554106,          0
  9244,   466,   17000000,    3623635,        0,  -13376365,          0
  9244,   467,   17000000,    3441008,        0,  -13558992,          0
  9244,   468,   17000000,    3476327,        0,  -13523673,          0
  9244,   469,   17000000,    3443180,        0,  -13556820,          0
  9244,   470,   17000000,    3469856,        0,  -13530144,          0
  9244,   471,   17000000,    3432249,        0,  -13567751,          0
  9244,   472,   17000000,    3447857,        0,  -13552143,          0
  9244,   473,   17000000,    3438955,        0,  -13561045,          0
  9244,   474,   17000000,    3457168,        0,  -13542832,          0
  9244,   475,   17000000,    3488411,        0,  -13511589,          0
  9244,   476,   17000000,    3579833,        0,  -13420167,          0
  9244,   477,   17000000,    3457209,        0,  -13542791,          0
  9244,   478,   17000000,    3424950,        0,  -13575050,          0
  9244,   479,   17000000,    3462376,        0,  -13537624,          0
  9244,   480,   17000000,    3441199,        0,  -13558801,          0
  9244,   481,   17000000,    3432147,        0,  -13567853,          0
  9244,   482,   17000000,    3430415,        0,  -13569585,          0
  9244,   483,   17000000,    3439343,        0,  -13560657,          0
  9244,   484,   17000000,    3451483,        0,  -13548517,          0
  9244,   485,   17000000,    3737716,        0,  -13262284,          0
  9244,   486,   17000000,    3464405,        0,  -13535595,          0
  9244,   487,   17000000,    3434730,        0,  -13565270,          0
  9244,   488,   17000000,    3448320,        0,  -13551680,          0
  9244,   489,   17000000,    3462763,        0,  -13537237,          0
  9244,   490,   17000000,    3442118,        0,  -13557882,          0
  9244,   491,   17000000,    3438761,        0,  -13561239,          0
  9244,   492,   17000000,    3436361,        0,  -13563639,          0
  9244,   493,   17000000,    3447172,        0,  -13552828,          0
  9244,   494,   17000000,    3453356,        0,  -13546644,          0
  9244,   495,   17000000,    3445281,        0,  -13554719,          0
  9244,   496,   17000000,    3454957,        0,  -13545043,          0
  9244,   497,   17000000,    3485511,        0,  -13514489,          0
  9244,   498,   17000000,    3433439,        0,  -13566561,          0
  9244,   499,   17000000,    3447415,        0,  -13552585,          0
  9244,   500,   17000000,    3425601,        0,  -13574399,          0
  9244,   501,   17000000,    3506749,        0,  -13493251,          0
  9244,   502,   17000000,    3435347,        0,  -13564653,          0
  9244,   503,   17000000,    3459600,        0,  -13540400,          0
  9244,   504,   17000000,    3468913,        0,  -13531087,          0
  9244,   505,   17000000,    3438585,        0,  -13561415,          0
  9244,   506,   17000000,    3487883,        0,  -13512117,          0
  9244,   507,   17000000,    3738136,        0,  -13261864,          0
  9244,   508,   17000000,    3439127,        0,  -13560873,          0
  9244,   509,   17000000,    3454907,        0,  -13545093,          0
  9244,   510,   17000000,    3442746,        0,  -13557254,          0
  9244,   511,   17000000,    3427860,        0,  -13572140,          0
  9244,   512,   17000000,    3451213,        0,  -13548787,          0
  9244,   513,   17000000,    3451655,        0,  -13548345,          0
  9244,   514,   17000000,    3509051,        0,  -13490949,          0
  9244,   515,   17000000,    3429440,        0,  -13570560,          0
  9244,   516,   17000000,    3474478,        0,  -13525522,          0
  9244,   517,   17000000,    3530093,        0,  -13469907,          0
  9244,   518,   17000000,    3446677,        0,  -13553323,          0
  9244,   519,   17000000,    3433671,        0,  -13566329,          0
  9244,   520,   17000000,    3455222,        0,  -13544778,          0
  9244,   521,   17000000,    3462521,        0,  -13537479,          0
  9244,   522,   17000000,    3440253,        0,  -13559747,          0
  9244,   523,   17000000,    3450489,        0,  -13549511,          0
  9244,   524,   17000000,    3751098,        0,  -13248902,          0
  9244,   525,   17000000,    3500771,        0,  -13499229,          0
  9244,   526,   17000000,    3454581,        0,  -13545419,          0
  9244,   527,   17000000,    3428362,        0,  -13571638,          0
  9244,   528,   17000000,    3450669,        0,  -13549331,          0
  9244,   529,   17000000,    3766154,        0,  -13233846,          0
  9244,   530,   17000000,    3537493,        0,  -13462507,          0
  9244,   531,   17000000,    3489168,        0,  -13510832,          0
  9244,   532,   17000000,    3431092,        0,  -13568908,          0
  9244,   533,   17000000,    3431508,        0,  -13568492,          0
  9244,   534,   17000000,    3484948,        0,  -13515052,          0
  9244,   535,   17000000,    3426611,        0,  -13573389,          0
  9244,   536,   17000000,    3451914,        0,  -13548086,          0
  9244,   537,   17000000,    3478092,        0,  -13521908,          0
  9244,   538,   17000000,    3449140,        0,  -13550860,          0
  9244,   539,   17000000,    3501568,        0,  -13498432,          0
  9244,   540,   17000000,    3513488,        0,  -13486512,          0
  9244,   541,   17000000,    3438940,        0,  -13561060,          0
  9244,   542,   17000000,    3459200,        0,  -13540800,          0
  9244,   543,   17000000,    3469550,        0,  -13530450,          0
  9244,   544,   17000000,    3448977,        0,  -13551023,          0
  9244,   545,   17000000,    3438952,        0,  -13561048,          0
  9244,   546,   17000000,    3452532,        0,  -13547468,          0
  9244,   547,   17000000,    4188604,        0,  -12811396,          0
  9244,   548,   17000000,    3436250,        0,  -13563750,          0
  9244,   549,   17000000,    3459328,        0,  -13540672,          0
  9244,   550,   17000000,    3486751,        0,  -13513249,          0
  9244,   551,   17000000,    3435861,        0,  -13564139,          0
  9244,   552,   17000000,    3466911,        0,  -13533089,          0
  9244,   553,   17000000,    3430885,        0,  -13569115,          0
  9244,   554,   17000000,    3587874,        0,  -13412126,          0
  9244,   555,   17000000,    3465586,        0,  -13534414,          0
  9244,   556,   17000000,    3474935,        0,  -13525065,          0
  9244,   557,   17000000,    3442690,        0,  -13557310,          0
  9244,   558,   17000000,    3450779,        0,  -13549221,          0
  9244,   559,   17000000,    3430230,        0,  -13569770,          0
  9244,   560,   17000000,    3438011,        0,  -13561989,          0
  9244,   561,   17000000,    3435453,        0,  -13564547,          0
  9244,   562,   17000000,    3488015,        0,  -13511985,          0
  9244,   563,   17000000,    3432727,        0,  -13567273,          0
  9244,   564,   17000000,    4404618,        0,  -12595382,          0
  9244,   565,   17000000,    3436337,        0,  -13563663,          0
  9244,   566,   17000000,    3459226,        0,  -13540774,          0
  9244,   567,   17000000,    3460000,        0,  -13540000,          0
  9244,   568,   17000000,    3436580,        0,  -13563420,          0
  9244,   569,   17000000,    3459042,        0,  -13540958,          0
  9244,   570,   17000000,    3429077,        0,  -13570923,          0
  9244,   571,   17000000,    3504515,        0,  -13495485,          0
  9244,   572,   17000000,    3449704,        0,  -13550296,          0
  9244,   573,   17000000,    4166963,        0,  -12833037,          0
  9244,   574,   17000000,    3431412,        0,  -13568588,          0
  9244,   575,   17000000,    3449394,        0,  -13550606,          0
  9244,   576,   17000000,    3452048,        0,  -13547952,          0
  9244,   577,   17000000,    3499468,        0,  -13500532,          0
  9244,   578,   17000000,    3439435,        0,  -13560565,          0
  9244,   579,   17000000,    3525596,        0,  -13474404,          0
  9244,   580,   17000000,    3486515,        0,  -13513485,          0
  9244,   581,   17000000,    3438930,        0,  -13561070,          0
  9244,   582,   17000000,    3425391,        0,  -13574609,          0
  9244,   583,   17000000,    3435851,        0,  -13564149,          0
  9244,   584,   17000000,    3530680,        0,  -13469320,          0
  9244,   585,   17000000,    3501372,        0,  -13498628,          0
  9244,   586,   17000000,    3436263,        0,  -13563737,          0
  9244,   587,   17000000,    3437419,        0,  -13562581,          0
  9244,   588,   17000000,    3496917,        0,  -13503083,          0
  9244,   589,   17000000,    3455942,        0,  -13544058,          0
  9244,   590,   17000000,    3456997,        0,  -13543003,          0
  9244,   591,   17000000,    3439566,        0,  -13560434,          0
  9244,   592,   17000000,    3446235,        0,  -13553765,          0
# task NAME=myapp PID=9248 COST=51963000 PERIOD=72000000 CPU=0
  9248,     2,   72000000,      15471,        0,  -71984529,          0
  9248,     3,   72000000,      56038,        0,  -71943962,          0
  9248,     4,   72000000,   51900842,        0,  -20099158,          0
  9248,     5,   72000000,   51353677,        0,  -20646323,          0
  9248,     6,   72000000,   51047913,        0,  -20952087,          0
  9248,     7,   72000000,   51162151,        0,  -20837849,          0
  9248,     8,   72000000,   50847325,        0,  -21152675,          0
  9248,     9,   72000000,   51348918,        0,  -20651082,          0
  9248,    10,   72000000,   51046171,        0,  -20953829,          0
  9248,    11,   72000000,   50843783,        0,  -21156217,          0
  9248,    12,   72000000,   51149191,        0,  -20850809,          0
  9248,    13,   72000000,   50860487,        0,  -21139513,          0
  9248,    14,   72000000,   51152928,        0,  -20847072,          0
  9248,    15,   72000000,   51076532,        0,  -20923468,          0
  9248,    16,   72000000,   51187630,        0,  -20812370,          0
  9248,    17,   72000000,   51122434,        0,  -20877566,          0
  9248,    18,   72000000,   50929631,        0,  -21070369,          0
  9248,    19,   72000000,   51119812,        0,  -20880188,          0
  9248,    20,   72000000,   50890727,        0,  -21109273,          0
  9248,    21,   72000000,   51176145,        0,  -20823855,          0
  9248,    22,   72000000,   50884306,        0,  -21115694,          0
  9248,    23,   72000000,   51158155,        0,  -20841845,          0
  9248,    24,   72000000,   50891112,        0,  -21108888,          0
  9248,    25,   72000000,   50874341,        0,  -21125659,          0
  9248,    26,   72000000,   51141881,        0,  -20858119,          0
  9248,    27,   72000000,   50870364,        0,  -21129636,          0
  9248,    28,   72000000,   51164571,        0,  -20835429,          0
  9248,    29,   72000000,   50868193,        0,  -21131807,          0
  9248,    30,   72000000,   51132605,        0,  -20867395,          0
  9248,    31,   72000000,   50987642,        0,  -21012358,          0
  9248,    32,   72000000,   50861104,        0,  -21138896,          0
  9248,    33,   72000000,   51162581,        0,  -20837419,          0
  9248,    34,   72000000,   51099325,        0,  -20900675,          0
  9248,    35,   72000000,   51405112,        0,  -20594888,          0
  9248,    36,   72000000,   50840614,        0,  -21159386,          0
  9248,    37,   72000000,   50903279,        0,  -21096721,          0
  9248,    38,   72000000,   51150786,        0,  -20849214,          0
  9248,    39,   72000000,   50898396,        0,  -21101604,          0
  9248,    40,   72000000,   51160489,        0,  -20839511,          0
  9248,    41,   72000000,   50915705,        0,  -21084295,          0
  9248,    42,   72000000,   51256978,        0,  -20743022,          0
  9248,    43,   72000000,   50871574,        0,  -21128426,          0
  9248,    44,   72000000,   51062416,        0,  -20937584,          0
  9248,    45,   72000000,   52331004,        0,  -19668996,          0
  9248,    46,   72000000,   50875284,        0,  -21124716,          0
  9248,    47,   72000000,   51365690,        0,  -20634310,          0
  9248,    48,   72000000,   51068825,        0,  -20931175,          0
  9248,    49,   72000000,   51195111,        0,  -20804889,          0
  9248,    50,   72000000,   51449548,        0,  -20550452,          0
  9248,    51,   72000000,   50926885,        0,  -21073115,          0
  9248,    52,   72000000,   51159738,        0,  -20840262,          0
  9248,    53,   72000000,   50858759,        0,  -21141241,          0
  9248,    54,   72000000,   51200028,        0,  -20799972,          0
  9248,    55,   72000000,   50851779,        0,  -21148221,          0
  9248,    56,   72000000,   51121097,        0,  -20878903,          0
  9248,    57,   72000000,   51048149,        0,  -20951851,          0
  9248,    58,   72000000,   50856142,        0,  -21143858,          0
  9248,    59,   72000000,   51444698,        0,  -20555302,          0
  9248,    60,   72000000,   50866409,        0,  -21133591,          0
  9248,    61,   72000000,   51156414,        0,  -20843586,          0
  9248,    62,   72000000,   51029033,        0,  -20970967,          0
  9248,    63,   72000000,   51070268,        0,  -20929732,          0
  9248,    64,   72000000,   50848088,        0,  -21151912,          0
  9248,    65,   72000000,   50845779,        0,  -21154221,          0
  9248,    66,   72000000,   51137761,        0,  -20862239,          0
  9248,    67,   72000000,   50858590,        0,  -21141410,          0
  9248,    68,   72000000,   51137875,        0,  -20862125,          0
  9248,    69,   72000000,   50852972,        0,  -21147028,          0
  9248,    70,   72000000,   50871626,        0,  -21128374,          0
  9248,    71,   72000000,   51176117,        0,  -20823883,          0
  9248,    72,   72000000,   50872534,        0,  -21127466,          0
  9248,    73,   72000000,   51224185,        0,  -20775815,          0
  9248,    74,   72000000,   51113752,        0,  -20886248,          0
  9248,    75,   72000000,   51171103,        0,  -20828897,          0
  9248,    76,   72000000,   50876602,        0,  -21123398,          0
  9248,    77,   72000000,   50883703,        0,  -21116297,          0
  9248,    78,   72000000,   51246299,        0,  -20753701,          0
  9248,    79,   72000000,   50891315,        0,  -21108685,          0
  9248,    80,   72000000,   51176818,        0,  -20823182,          0
  9248,    81,   72000000,   50873892,        0,  -21126108,          0
  9248,    82,   72000000,   51179899,        0,  -20820101,          0
  9248,    83,   72000000,   50910182,        0,  -21089818,          0
  9248,    84,   72000000,   51144231,        0,  -20855769,          0
  9248,    85,   72000000,   51162914,        0,  -20837086,          0
  9248,    86,   72000000,   50875716,        0,  -21124284,          0
  9248,    87,   72000000,   51138238,        0,  -20861762,          0
  9248,    88,   72000000,   50891271,        0,  -21108729,          0
  9248,    89,   72000000,   51161277,        0,  -20838723,          0
  9248,    90,   72000000,   50829784,        0,  -21170216,          0
  9248,    91,   72000000,   50865309,        0,  -21134691,          0
  9248,    92,   72000000,   51259118,        0,  -20740882,          0
  9248,    93,   72000000,   50884372,        0,  -21115628,          0
  9248,    94,   72000000,   51158343,        0,  -20841657,          0
  9248,    95,   72000000,   51023727,        0,  -20976273,          0
  9248,    96,   72000000,   50863712,        0,  -21136288,          0
  9248,    97,   72000000,   50866177,        0,  -21133823,          0
  9248,    98,   72000000,   51073608,        0,  -20926392,          0
  9248,    99,   72000000,   51132553,        0,  -20867447,          0
  9248,   100,   72000000,   51074811,        0,  -20925189,          0
  9248,   101,   72000000,   51130424,        0,  -20869576,          0
  9248,   102,   72000000,   50832757,        0,  -21167243,          0
  9248,   103,   72000000,   50830521,        0,  -21169479,          0
  9248,   104,   72000000,   51181234,        0,  -20818766,          0
  9248,   105,   72000000,   50903702,        0,  -21096298,          0
  9248,   106,   72000000,   51148885,        0,  -20851115,          0
  9248,   107,   72000000,   50910130,        0,  -21089870,          0
  9248,   108,   72000000,   51139906,        0,  -20860094,          0
  9248,   109,   72000000,   50926124,        0,  -21073876,          0
  9248,   110,   72000000,   50886876,        0,  -21113124,          0
  9248,   111,   72000000,   51160776,        0,  -20839224,          0
  9248,   112,   72000000,   50961470,        0,  -21038530,          0
  9248,   113,   72000000,   51171568,        0,  -20828432,          0
  9248,   114,   72000000,   50957209,        0,  -21042791,          0
  9248,   115,   72000000,   51122763,        0,  -20877237,          0
  9248,   116,   72000000,   50868821,        0,  -21131179,          0
  9248,   117,   72000000,   50891322,        0,  -21108678,          0
  9248,   118,   72000000,   51145368,        0,  -20854632,          0
  9248,   119,   72000000,   50884067,        0,  -21115933,          0
  9248,   120,   72000000,   51174809,        0,  -20825191,          0
  9248,   121,   72000000,   50898423,        0,  -21101577,          0
  9248,   122,   72000000,   51183717,        0,  -20816283,          0
  9248,   123,   72000000,   50843629,        0,  -21156371,          0
  9248,   124,   72000000,   50952725,        0,  -21047275,          0
  9248,   125,   72000000,   51117222,        0,  -20882778,          0
  9248,   126,   72000000,   50920610,        0,  -21079390,          0
  9248,   127,   72000000,   51133262,        0,  -20866738,          0
  9248,   128,   72000000,   50926975,        0,  -21073025,          0
  9248,   129,   72000000,   50859604,        0,  -21140396,          0
  9248,   130,   72000000,   51340427,        0,  -20659573,          0
  9248,   131,   72000000,   50857988,        0,  -21142012,          0
  9248,   132,   72000000,   51145493,        0,  -20854507,          0
  9248,   133,   72000000,   50970429,        0,  -21029571,          0
  9248,   134,   72000000,   51116400,        0,  -20883600,          0
  9248,   135,   72000000,   50829781,        0,  -21170219,          0
  9248,   136,   72000000,   50884069,        0,  -21115931,          0
  9248,   137,   72000000,   51135136,        0,  -20864864,          0
  9248,   138,   72000000,   50857337,        0,  -21142663,          0
  9248,   139,   72000000,   51248158,        0,  -20751842,          0
  9248,   140,   72000000,   50874035,        0,  -21125965,          0
  9248,   141,   72000000,   51158619,        0,  -20841381,          0
  9248,   142,   72000000,   50975576,        0,  -21024424,          0
