480 136 344
289 82 207
213 59 154
360 94 266
226 61 165
360 103 257
103 25 78
126 31 95
139 32 107
139 34 105
348 103 245
174 47 127
156 45 111
134 33 101
130 27 103
145 36 109
594 163 431
309 85 224
720 210 510
167 41 126
298 76 222
155 37 118
223 63 160
457 126 331
134 31 103
144 39 105
184 53 131
145 41 104
137 37 100
220 57 163
255 70 185
200 56 144
559 154 405
256 72 184
348 98 250
231 62 169
121 30 91
176 46 130
458 122 336
114 30 84
248 72 176
151 37 114
558 164 394
120 27 93
122 32 90
223 59 164
242 66 176
388 109 279
231 63 168
192 50 142
115 29 86
137 39 98
160 41 119
361 95 266
130 31 99
404 118 286
186 52 134
111 32 79
119 29 90
116 30 86
1005 293 712
116 32 84
916 271 645
204 54 150
288 80 208
507 140 367
336 96 240
124 32 92
182 52 130
126 31 95
225 59 166
421 114 307
178 45 133
104 23 81
292 79 213
134 39 95
216 60 156
126 31 95
212 55 157
237 59 178
162 46 116
458 124 334
460 134 326
188 51 137
