# Task,   Job,     Period,   Response, DL Miss?,   Lateness,  Tardiness
# task NAME=myapp PID=20396 COST=8000000 PERIOD=20000000 CPU=0
 20396,     2,   20000000,      15448,        0,  -19984552,          0
 20396,     3,   20000000,      32796,        0,  -19967204,          0
 20396,     4,   20000000,    8893017,        0,  -11106983,          0
 20396,     5,   20000000,    7891359,        0,  -12108641,          0
 20396,     6,   20000000,    7925723,        0,  -12074277,          0
 20396,     7,   20000000,    7855690,        0,  -12144310,          0
 20396,     8,   20000000,    7860459,        0,  -12139541,          0
 20396,     9,   20000000,    7855662,        0,  -12144338,          0
 20396,    10,   20000000,    7837173,        0,  -12162827,          0
 20396,    11,   20000000,    7885025,        0,  -12114975,          0
 20396,    12,   20000000,    7838431,        0,  -12161569,          0
 20396,    13,   20000000,    8214207,        0,  -11785793,          0
 20396,    14,   20000000,    7839797,        0,  -12160203,          0
 20396,    15,   20000000,    7885726,        0,  -12114274,          0
 20396,    16,   20000000,    7909515,        0,  -12090485,          0
 20396,    17,   20000000,    7871838,        0,  -12128162,          0
 20396,    18,   20000000,    7870427,        0,  -12129573,          0
 20396,    19,   20000000,    8135823,        0,  -11864177,          0
 20396,    20,   20000000,    7852227,        0,  -12147773,          0
 20396,    21,   20000000,    7856094,        0,  -12143906,          0
 20396,    22,   20000000,    7868432,        0,  -12131568,          0
 20396,    23,   20000000,    7855997,        0,  -12144003,          0
 20396,    24,   20000000,    7843107,        0,  -12156893,          0
 20396,    25,   20000000,    7861875,        0,  -12138125,          0
 20396,    26,   20000000,    7863295,        0,  -12136705,          0
 20396,    27,   20000000,    7874560,        0,  -12125440,          0
 20396,    28,   20000000,    7865768,        0,  -12134232,          0
 20396,    29,   20000000,    7868924,        0,  -12131076,          0
 20396,    30,   20000000,    7883922,        0,  -12116078,          0
 20396,    31,   20000000,    7862976,        0,  -12137024,          0
 20396,    32,   20000000,    7875934,        0,  -12124066,          0
 20396,    33,   20000000,    7851891,        0,  -12148109,          0
 20396,    34,   20000000,    7848808,        0,  -12151192,          0
 20396,    35,   20000000,    7873469,        0,  -12126531,          0
 20396,    36,   20000000,    7841572,        0,  -12158428,          0
 20396,    37,   20000000,    7866778,        0,  -12133222,          0
 20396,    38,   20000000,    8144497,        0,  -11855503,          0
 20396,    39,   20000000,    7881399,        0,  -12118601,          0
 20396,    40,   20000000,    7876729,        0,  -12123271,          0
 20396,    41,   20000000,    7854727,        0,  -12145273,          0
 20396,    42,   20000000,    7863672,        0,  -12136328,          0
 20396,    43,   20000000,    7872219,        0,  -12127781,          0
 20396,    44,   20000000,    8160932,        0,  -11839068,          0
 20396,    45,   20000000,    7948066,        0,  -12051934,          0
 20396,    46,   20000000,    7851309,        0,  -12148691,          0
 20396,    47,   20000000,    7862153,        0,  -12137847,          0
 20396,    48,   20000000,    7873943,        0,  -12126057,          0
 20396,    49,   20000000,    7868611,        0,  -12131389,          0
 20396,    50,   20000000,    7844959,        0,  -12155041,          0
 20396,    51,   20000000,    7927110,        0,  -12072890,          0
 20396,    52,   20000000,    7849080,        0,  -12150920,          0
 20396,    53,   20000000,    7877165,        0,  -12122835,          0
 20396,    54,   20000000,    7849975,        0,  -12150025,          0
 20396,    55,   20000000,    7897419,        0,  -12102581,          0
 20396,    56,   20000000,    7962489,        0,  -12037511,          0
 20396,    57,   20000000,    7843653,        0,  -12156347,          0
 20396,    58,   20000000,    7834979,        0,  -12165021,          0
 20396,    59,   20000000,    7842102,        0,  -12157898,          0
 20396,    60,   20000000,    7840581,        0,  -12159419,          0
 20396,    61,   20000000,    7873892,        0,  -12126108,          0
 20396,    62,   20000000,    7884145,        0,  -12115855,          0
 20396,    63,   20000000,    8137316,        0,  -11862684,          0
 20396,    64,   20000000,    7859902,        0,  -12140098,          0
 20396,    65,   20000000,    7906572,        0,  -12093428,          0
 20396,    66,   20000000,    7842231,        0,  -12157769,          0
 20396,    67,   20000000,    7844988,        0,  -12155012,          0
 20396,    68,   20000000,    7868787,        0,  -12131213,          0
 20396,    69,   20000000,    8144746,        0,  -11855254,          0
 20396,    70,   20000000,    7838205,        0,  -12161795,          0
 20396,    71,   20000000,    7838278,        0,  -12161722,          0
 20396,    72,   20000000,    7879378,        0,  -12120622,          0
 20396,    73,   20000000,    7848483,        0,  -12151517,          0
 20396,    74,   20000000,    7880172,        0,  -12119828,          0
 20396,    75,   20000000,    7862563,        0,  -12137437,          0
 20396,    76,   20000000,    7840890,        0,  -12159110,          0
 20396,    77,   20000000,    7869101,        0,  -12130899,          0
 20396,    78,   20000000,    7854441,        0,  -12145559,          0
 20396,    79,   20000000,    7861644,        0,  -12138356,          0
 20396,    80,   20000000,    7892865,        0,  -12107135,          0
 20396,    81,   20000000,    7839960,        0,  -12160040,          0
 20396,    82,   20000000,    7905241,        0,  -12094759,          0
 20396,    83,   20000000,    7893253,        0,  -12106747,          0
 20396,    84,   20000000,    7844387,        0,  -12155613,          0
 20396,    85,   20000000,    7878028,        0,  -12121972,          0
 20396,    86,   20000000,    7883509,        0,  -12116491,          0
 20396,    87,   20000000,    7856968,        0,  -12143032,          0
 20396,    88,   20000000,    8142336,        0,  -11857664,          0
 20396,    89,   20000000,    7867829,        0,  -12132171,          0
 20396,    90,   20000000,    7924730,        0,  -12075270,          0
 20396,    91,   20000000,    7898581,        0,  -12101419,          0
 20396,    92,   20000000,    7868247,        0,  -12131753,          0
 20396,    93,   20000000,    7880649,        0,  -12119351,          0
 20396,    94,   20000000,    8129193,        0,  -11870807,          0
 20396,    95,   20000000,    7846054,        0,  -12153946,          0
 20396,    96,   20000000,    7889204,        0,  -12110796,          0
 20396,    97,   20000000,    7890789,        0,  -12109211,          0
 20396,    98,   20000000,    7868881,        0,  -12131119,          0
 20396,    99,   20000000,    7891114,        0,  -12108886,          0
 20396,   100,   20000000,    7859030,        0,  -12140970,          0
 20396,   101,   20000000,    7877102,        0,  -12122898,          0
 20396,   102,   20000000,    7887721,        0,  -12112279,          0
 20396,   103,   20000000,    7862053,        0,  -12137947,          0
 20396,   104,   20000000,    7893057,        0,  -12106943,          0
 20396,   105,   20000000,    7878869,        0,  -12121131,          0
 20396,   106,   20000000,    7961599,        0,  -12038401,          0
 20396,   107,   20000000,    7868451,        0,  -12131549,          0
 20396,   108,   20000000,    7846212,        0,  -12153788,          0
 20396,   109,   20000000,    7857399,        0,  -12142601,          0
 20396,   110,   20000000,    7901811,        0,  -12098189,          0
 20396,   111,   20000000,    7916117,        0,  -12083883,          0
 20396,   112,   20000000,    7855430,        0,  -12144570,          0
 20396,   113,   20000000,    8121070,        0,  -11878930,          0
 20396,   114,   20000000,    7912831,        0,  -12087169,          0
 20396,   115,   20000000,    7853643,        0,  -12146357,          0
 20396,   116,   20000000,    7905674,        0,  -12094326,          0
 20396,   117,   20000000,    7853050,        0,  -12146950,          0
 20396,   118,   20000000,    7861366,        0,  -12138634,          0
 20396,   119,   20000000,    8137748,        0,  -11862252,          0
 20396,   120,   20000000,    7852035,        0,  -12147965,          0
 20396,   121,   20000000,    7852444,        0,  -12147556,          0
 20396,   122,   20000000,    7914664,        0,  -12085336,          0
 20396,   123,   20000000,    7839051,        0,  -12160949,          0
 20396,   124,   20000000,    7885231,        0,  -12114769,          0
 20396,   125,   20000000,    7842518,        0,  -12157482,          0
 20396,   126,   20000000,    7843250,        0,  -12156750,          0
 20396,   127,   20000000,    7848515,        0,  -12151485,          0
 20396,   128,   20000000,    7877763,        0,  -12122237,          0
 20396,   129,   20000000,    7878742,        0,  -12121258,          0
 20396,   130,   20000000,    7857732,        0,  -12142268,          0
 20396,   131,   20000000,    7885978,        0,  -12114022,          0
 20396,   132,   20000000,    7876141,        0,  -12123859,          0
 20396,   133,   20000000,    7859401,        0,  -12140599,          0
 20396,   134,   20000000,    7861431,        0,  -12138569,          0
 20396,   135,   20000000,    7857917,        0,  -12142083,          0
 20396,   136,   20000000,    7840498,        0,  -12159502,          0
 20396,   137,   20000000,    7841907,        0,  -12158093,          0
 20396,   138,   20000000,    8125294,        0,  -11874706,          0
 20396,   139,   20000000,    7867355,        0,  -12132645,          0
 20396,   140,   20000000,    7839589,        0,  -12160411,          0
 20396,   141,   20000000,    7866998,        0,  -12133002,          0
 20396,   142,   20000000,    7876662,        0,  -12123338,          0
 20396,   143,   20000000,    7854882,        0,  -12145118,          0
 20396,   144,   20000000,    8163086,        0,  -11836914,          0
 20396,   145,   20000000,    7861928,        0,  -12138072,          0
 20396,   146,   20000000,    7910881,        0,  -12089119,          0
 20396,   147,   20000000,    7874190,        0,  -12125810,          0
 20396,   148,   20000000,    7870074,        0,  -12129926,          0
 20396,   149,   20000000,    7938684,        0,  -12061316,          0
 20396,   150,   20000000,    7859542,        0,  -12140458,          0
 20396,   151,   20000000,    7883068,        0,  -12116932,          0
 20396,   152,   20000000,    7896146,        0,  -12103854,          0
 20396,   153,   20000000,    7875882,        0,  -12124118,          0
 20396,   154,   20000000,    7979162,        0,  -12020838,          0
 20396,   155,   20000000,    7926669,        0,  -12073331,          0
 20396,   156,   20000000,    7939179,        0,  -12060821,          0
 20396,   157,   20000000,    7838433,        0,  -12161567,          0
 20396,   158,   20000000,    7839163,        0,  -12160837,          0
 20396,   159,   20000000,    7840777,        0,  -12159223,          0
 20396,   160,   20000000,    7849619,        0,  -12150381,          0
 20396,   161,   20000000,    7908040,        0,  -12091960,          0
 20396,   162,   20000000,    7859431,        0,  -12140569,          0
 20396,   163,   20000000,    8132653,        0,  -11867347,          0
 20396,   164,   20000000,    7851326,        0,  -12148674,          0
 20396,   165,   20000000,    7862706,        0,  -12137294,          0
 20396,   166,   20000000,    7880953,        0,  -12119047,          0
 20396,   167,   20000000,    7879250,        0,  -12120750,          0
 20396,   168,   20000000,    7840456,        0,  -12159544,          0
 20396,   169,   20000000,    8135743,        0,  -11864257,          0
 20396,   170,   20000000,    7839204,        0,  -12160796,          0
 20396,   171,   20000000,    7848502,        0,  -12151498,          0
 20396,   172,   20000000,    7840333,        0,  -12159667,          0
 20396,   173,   20000000,    7835137,        0,  -12164863,          0
 20396,   174,   20000000,    7851683,        0,  -12148317,          0
 20396,   175,   20000000,    7859055,        0,  -12140945,          0
 20396,   176,   20000000,    7837813,        0,  -12162187,          0
 20396,   177,   20000000,    7859360,        0,  -12140640,          0
 20396,   178,   20000000,    7863928,        0,  -12136072,          0
 20396,   179,   20000000,    7864209,        0,  -12135791,          0
 20396,   180,   20000000,    7912848,        0,  -12087152,          0
 20396,   181,   20000000,    7850908,        0,  -12149092,          0
 20396,   182,   20000000,    7837001,        0,  -12162999,          0
 20396,   183,   20000000,    7883865,        0,  -12116135,          0
 20396,   184,   20000000,    7848375,        0,  -12151625,          0
 20396,   185,   20000000,    7851378,        0,  -12148622,          0
 20396,   186,   20000000,    7871631,        0,  -12128369,          0
 20396,   187,   20000000,    7857548,        0,  -12142452,          0
 20396,   188,   20000000,    8140574,        0,  -11859426,          0
 20396,   189,   20000000,    7857703,        0,  -12142297,          0
 20396,   190,   20000000,    7872088,        0,  -12127912,          0
 20396,   191,   20000000,    7868902,        0,  -12131098,          0
 20396,   192,   20000000,    7871752,        0,  -12128248,          0
 20396,   193,   20000000,    7923136,        0,  -12076864,          0
 20396,   194,   20000000,    8133094,        0,  -11866906,          0
 20396,   195,   20000000,    7883621,        0,  -12116379,          0
 20396,   196,   20000000,    7840523,        0,  -12159477,          0
 20396,   197,   20000000,    7850676,        0,  -12149324,          0
 20396,   198,   20000000,    7875822,        0,  -12124178,          0
 20396,   199,   20000000,    7852563,        0,  -12147437,          0
 20396,   200,   20000000,    7838564,        0,  -12161436,          0
 20396,   201,   20000000,    7846052,        0,  -12153948,          0
 20396,   202,   20000000,    7856168,        0,  -12143832,          0
 20396,   203,   20000000,    7839770,        0,  -12160230,          0
 20396,   204,   20000000,    7870255,        0,  -12129745,          0
 20396,   205,   20000000,    7872771,        0,  -12127229,          0
 20396,   206,   20000000,    7943479,        0,  -12056521,          0
 20396,   207,   20000000,    7865819,        0,  -12134181,          0
 20396,   208,   20000000,    7869719,        0,  -12130281,          0
 20396,   209,   20000000,    7881363,        0,  -12118637,          0
 20396,   210,   20000000,    7847792,        0,  -12152208,          0
 20396,   211,   20000000,    7878996,        0,  -12121004,          0
 20396,   212,   20000000,    7843701,        0,  -12156299,          0
 20396,   213,   20000000,    8146880,        0,  -11853120,          0
 20396,   214,   20000000,    7871716,        0,  -12128284,          0
 20396,   215,   20000000,    7866861,        0,  -12133139,          0
 20396,   216,   20000000,    7853676,        0,  -12146324,          0
 20396,   217,   20000000,    7851663,        0,  -12148337,          0
 20396,   218,   20000000,    7862139,        0,  -12137861,          0
 20396,   219,   20000000,    8147352,        0,  -11852648,          0
 20396,   220,   20000000,    7840544,        0,  -12159456,          0
 20396,   221,   20000000,    7841288,        0,  -12158712,          0
 20396,   222,   20000000,    7858963,        0,  -12141037,          0
 20396,   223,   20000000,    7878103,        0,  -12121897,          0
 20396,   224,   20000000,    7880952,        0,  -12119048,          0
 20396,   225,   20000000,    7873174,        0,  -12126826,          0
 20396,   226,   20000000,    7845787,        0,  -12154213,          0
 20396,   227,   20000000,    7868590,        0,  -12131410,          0
 20396,   228,   20000000,    7873794,        0,  -12126206,          0
 20396,   229,   20000000,    7838711,        0,  -12161289,          0
 20396,   230,   20000000,    7851747,        0,  -12148253,          0
 20396,   231,   20000000,    7847291,        0,  -12152709,          0
 20396,   232,   20000000,    7909476,        0,  -12090524,          0
 20396,   233,   20000000,    7860374,        0,  -12139626,          0
 20396,   234,   20000000,    7850191,        0,  -12149809,          0
 20396,   235,   20000000,    7853727,        0,  -12146273,          0
 20396,   236,   20000000,    7843580,        0,  -12156420,          0
 20396,   237,   20000000,    7859574,        0,  -12140426,          0
 20396,   238,   20000000,    8137472,        0,  -11862528,          0
 20396,   239,   20000000,    7882710,        0,  -12117290,          0
 20396,   240,   20000000,    7962363,        0,  -12037637,          0
 20396,   241,   20000000,    7838373,        0,  -12161627,          0
 20396,   242,   20000000,    7865550,        0,  -12134450,          0
 20396,   243,   20000000,    7839036,        0,  -12160964,          0
 20396,   244,   20000000,    8152019,        0,  -11847981,          0
 20396,   245,   20000000,    7840464,        0,  -12159536,          0
 20396,   246,   20000000,    7871193,        0,  -12128807,          0
 20396,   247,   20000000,    7878176,        0,  -12121824,          0
 20396,   248,   20000000,    7890179,        0,  -12109821,          0
 20396,   249,   20000000,    7885093,        0,  -12114907,          0
 20396,   250,   20000000,    7845329,        0,  -12154671,          0
 20396,   251,   20000000,    7847124,        0,  -12152876,          0
 20396,   252,   20000000,    7869427,        0,  -12130573,          0
 20396,   253,   20000000,    7885231,        0,  -12114769,          0
 20396,   254,   20000000,    7867165,        0,  -12132835,          0
 20396,   255,   20000000,    7868717,        0,  -12131283,          0
 20396,   256,   20000000,    7941363,        0,  -12058637,          0
 20396,   257,   20000000,    7849582,        0,  -12150418,          0
 20396,   258,   20000000,    7901489,        0,  -12098511,          0
 20396,   259,   20000000,    7842776,        0,  -12157224,          0
 20396,   260,   20000000,    7869831,        0,  -12130169,          0
 20396,   261,   20000000,    7864422,        0,  -12135578,          0
 20396,   262,   20000000,    7855790,        0,  -12144210,          0
 20396,   263,   20000000,    8141569,        0,  -11858431,          0
 20396,   264,   20000000,    7886251,        0,  -12113749,          0
 20396,   265,   20000000,    7870045,        0,  -12129955,          0
 20396,   266,   20000000,    7834118,        0,  -12165882,          0
 20396,   267,   20000000,    7844371,        0,  -12155629,          0
 20396,   268,   20000000,    7897644,        0,  -12102356,          0
 20396,   269,   20000000,    8128221,        0,  -11871779,          0
 20396,   270,   20000000,    7850874,        0,  -12149126,          0
 20396,   271,   20000000,    7837150,        0,  -12162850,          0
 20396,   272,   20000000,    7896421,        0,  -12103579,          0
 20396,   273,   20000000,    7869511,        0,  -12130489,          0
 20396,   274,   20000000,    7862104,        0,  -12137896,          0
 20396,   275,   20000000,    7861964,        0,  -12138036,          0
 20396,   276,   20000000,    7840024,        0,  -12159976,          0
 20396,   277,   20000000,    7850213,        0,  -12149787,          0
 20396,   278,   20000000,    7837674,        0,  -12162326,          0
 20396,   279,   20000000,    7846848,        0,  -12153152,          0
 20396,   280,   20000000,    7857048,        0,  -12142952,          0
 20396,   281,   20000000,    7858470,        0,  -12141530,          0
 20396,   282,   20000000,    7861067,        0,  -12138933,          0
 20396,   283,   20000000,    7863042,        0,  -12136958,          0
 20396,   284,   20000000,    7864987,        0,  -12135013,          0
 20396,   285,   20000000,    7890808,        0,  -12109192,          0
 20396,   286,   20000000,    7905291,        0,  -12094709,          0
 20396,   287,   20000000,    7878670,        0,  -12121330,          0
 20396,   288,   20000000,    8153180,        0,  -11846820,          0
 20396,   289,   20000000,    7856763,        0,  -12143237,          0
 20396,   290,   20000000,    7939592,        0,  -12060408,          0
 20396,   291,   20000000,    7860176,        0,  -12139824,          0
 20396,   292,   20000000,    7871024,        0,  -12128976,          0
 20396,   293,   20000000,    7845751,        0,  -12154249,          0
 20396,   294,   20000000,    8180385,        0,  -11819615,          0
 20396,   295,   20000000,    7845026,        0,  -12154974,          0
 20396,   296,   20000000,    7880368,        0,  -12119632,          0
 20396,   297,   20000000,    7877517,        0,  -12122483,          0
 20396,   298,   20000000,    7849463,        0,  -12150537,          0
 20396,   299,   20000000,    7839157,        0,  -12160843,          0
 20396,   300,   20000000,    7847760,        0,  -12152240,          0
 20396,   301,   20000000,    7886967,        0,  -12113033,          0
 20396,   302,   20000000,    7851127,        0,  -12148873,          0
 20396,   303,   20000000,    7839065,        0,  -12160935,          0
 20396,   304,   20000000,    7870856,        0,  -12129144,          0
 20396,   305,   20000000,    7850216,        0,  -12149784,          0
 20396,   306,   20000000,    7914785,        0,  -12085215,          0
 20396,   307,   20000000,    7854917,        0,  -12145083,          0
 20396,   308,   20000000,    7900610,        0,  -12099390,          0
 20396,   309,   20000000,    7850426,        0,  -12149574,          0
 20396,   310,   20000000,    7901661,        0,  -12098339,          0
 20396,   311,   20000000,    7875889,        0,  -12124111,          0
 20396,   312,   20000000,    7858779,        0,  -12141221,          0
 20396,   313,   20000000,    8145740,        0,  -11854260,          0
 20396,   314,   20000000,    7872636,        0,  -12127364,          0
 20396,   315,   20000000,    7878412,        0,  -12121588,          0
 20396,   316,   20000000,    7889948,        0,  -12110052,          0
 20396,   317,   20000000,    7847674,        0,  -12152326,          0
 20396,   318,   20000000,    7861383,        0,  -12138617,          0
 20396,   319,   20000000,    8156578,        0,  -11843422,          0
 20396,   320,   20000000,    7882075,        0,  -12117925,          0
 20396,   321,   20000000,    7865312,        0,  -12134688,          0
 20396,   322,   20000000,    7885508,        0,  -12114492,          0
 20396,   323,   20000000,    7863364,        0,  -12136636,          0
 20396,   324,   20000000,    7900564,        0,  -12099436,          0
 20396,   325,   20000000,    7871223,        0,  -12128777,          0
 20396,   326,   20000000,    7839412,        0,  -12160588,          0
 20396,   327,   20000000,    7846036,        0,  -12153964,          0
 20396,   328,   20000000,    7843569,        0,  -12156431,          0
 20396,   329,   20000000,    7864306,        0,  -12135694,          0
 20396,   330,   20000000,    7837720,        0,  -12162280,          0
 20396,   331,   20000000,    7865983,        0,  -12134017,          0
 20396,   332,   20000000,    7910202,        0,  -12089798,          0
 20396,   333,   20000000,    7854705,        0,  -12145295,          0
 20396,   334,   20000000,    7862612,        0,  -12137388,          0
 20396,   335,   20000000,    7853198,        0,  -12146802,          0
 20396,   336,   20000000,    7883489,        0,  -12116511,          0
 20396,   337,   20000000,    7883780,        0,  -12116220,          0
 20396,   338,   20000000,    8204040,        0,  -11795960,          0
 20396,   339,   20000000,    7878386,        0,  -12121614,          0
 20396,   340,   20000000,    7851412,        0,  -12148588,          0
 20396,   341,   20000000,    7841511,        0,  -12158489,          0
 20396,   342,   20000000,    7868848,        0,  -12131152,          0
 20396,   343,   20000000,    7866659,        0,  -12133341,          0
 20396,   344,   20000000,    8125829,        0,  -11874171,          0
 20396,   345,   20000000,    7846508,        0,  -12153492,          0
 20396,   346,   20000000,    7856049,        0,  -12143951,          0
 20396,   347,   20000000,    7862519,        0,  -12137481,          0
 20396,   348,   20000000,    7860739,        0,  -12139261,          0
 20396,   349,   20000000,    7838757,        0,  -12161243,          0
 20396,   350,   20000000,    7875758,        0,  -12124242,          0
 20396,   351,   20000000,    7854720,        0,  -12145280,          0
 20396,   352,   20000000,    7865502,        0,  -12134498,          0
 20396,   353,   20000000,    7843915,        0,  -12156085,          0
 20396,   354,   20000000,    7834299,        0,  -12165701,          0
 20396,   355,   20000000,    7865287,        0,  -12134713,          0
 20396,   356,   20000000,    7934925,        0,  -12065075,          0
 20396,   357,   20000000,    7871687,        0,  -12128313,          0
 20396,   358,   20000000,    7856778,        0,  -12143222,          0
 20396,   359,   20000000,    7869611,        0,  -12130389,          0
 20396,   360,   20000000,    7889509,        0,  -12110491,          0
 20396,   361,   20000000,    7882463,        0,  -12117537,          0
 20396,   362,   20000000,    7871004,        0,  -12128996,          0
 20396,   363,   20000000,    8135893,        0,  -11864107,          0
 20396,   364,   20000000,    7897760,        0,  -12102240,          0
 20396,   365,   20000000,    7877001,        0,  -12122999,          0
 20396,   366,   20000000,    7885911,        0,  -12114089,          0
 20396,   367,   20000000,    7889283,        0,  -12110717,          0
 20396,   368,   20000000,    7837509,        0,  -12162491,          0
 20396,   369,   20000000,    8123287,        0,  -11876713,          0
 20396,   370,   20000000,    7840039,        0,  -12159961,          0
 20396,   371,   20000000,    7847000,        0,  -12153000,          0
 20396,   372,   20000000,    7844433,        0,  -12155567,          0
 20396,   373,   20000000,    7856570,        0,  -12143430,          0
 20396,   374,   20000000,    7838944,        0,  -12161056,          0
 20396,   375,   20000000,    7858305,        0,  -12141695,          0
 20396,   376,   20000000,    7855753,        0,  -12144247,          0
 20396,   377,   20000000,    7844002,        0,  -12155998,          0
 20396,   378,   20000000,    7914864,        0,  -12085136,          0
 20396,   379,   20000000,    7858234,        0,  -12141766,          0
 20396,   380,   20000000,    7857082,        0,  -12142918,          0
 20396,   381,   20000000,    7849073,        0,  -12150927,          0
 20396,   382,   20000000,    7881535,        0,  -12118465,          0
 20396,   383,   20000000,    7885925,        0,  -12114075,          0
 20396,   384,   20000000,    7845765,        0,  -12154235,          0
 20396,   385,   20000000,    7844749,        0,  -12155251,          0
 20396,   386,   20000000,    7842606,        0,  -12157394,          0
 20396,   387,   20000000,    7843083,        0,  -12156917,          0
 20396,   388,   20000000,    8132579,        0,  -11867421,          0
 20396,   389,   20000000,    7844830,        0,  -12155170,          0
 20396,   390,   20000000,    7874128,        0,  -12125872,          0
 20396,   391,   20000000,    7866408,        0,  -12133592,          0
 20396,   392,   20000000,    7881007,        0,  -12118993,          0
 20396,   393,   20000000,    7845977,        0,  -12154023,          0
 20396,   394,   20000000,    8146013,        0,  -11853987,          0
 20396,   395,   20000000,    7839953,        0,  -12160047,          0
 20396,   396,   20000000,    7839891,        0,  -12160109,          0
 20396,   397,   20000000,    7868618,        0,  -12131382,          0
 20396,   398,   20000000,    7874532,        0,  -12125468,          0
 20396,   399,   20000000,    7868027,        0,  -12131973,          0
 20396,   400,   20000000,    7877223,        0,  -12122777,          0
 20396,   401,   20000000,    7832863,        0,  -12167137,          0
 20396,   402,   20000000,    7857106,        0,  -12142894,          0
 20396,   403,   20000000,    7848755,        0,  -12151245,          0
 20396,   404,   20000000,    7843972,        0,  -12156028,          0
 20396,   405,   20000000,    7847820,        0,  -12152180,          0
 20396,   406,   20000000,    7928381,        0,  -12071619,          0
 20396,   407,   20000000,    7833977,        0,  -12166023,          0
 20396,   408,   20000000,    7850529,        0,  -12149471,          0
 20396,   409,   20000000,    7849996,        0,  -12150004,          0
 20396,   410,   20000000,    7844920,        0,  -12155080,          0
 20396,   411,   20000000,    7849169,        0,  -12150831,          0
 20396,   412,   20000000,    7849346,        0,  -12150654,          0
 20396,   413,   20000000,    8127161,        0,  -11872839,          0
 20396,   414,   20000000,    7870318,        0,  -12129682,          0
 20396,   415,   20000000,    7836372,        0,  -12163628,          0
 20396,   416,   20000000,    7853060,        0,  -12146940,          0
 20396,   417,   20000000,    7874601,        0,  -12125399,          0
 20396,   418,   20000000,    7845525,        0,  -12154475,          0
 20396,   419,   20000000,    8176003,        0,  -11823997,          0
 20396,   420,   20000000,    7907453,        0,  -12092547,          0
 20396,   421,   20000000,    7879878,        0,  -12120122,          0
 20396,   422,   20000000,    7864756,        0,  -12135244,          0
 20396,   423,   20000000,    7846930,        0,  -12153070,          0
 20396,   424,   20000000,    7881665,        0,  -12118335,          0
 20396,   425,   20000000,    7856927,        0,  -12143073,          0
 20396,   426,   20000000,    7867839,        0,  -12132161,          0
 20396,   427,   20000000,    7863140,        0,  -12136860,          0
 20396,   428,   20000000,    7867545,        0,  -12132455,          0
 20396,   429,   20000000,    7841091,        0,  -12158909,          0
 20396,   430,   20000000,    7841446,        0,  -12158554,          0
 20396,   431,   20000000,    7867372,        0,  -12132628,          0
 20396,   432,   20000000,    7859528,        0,  -12140472,          0
 20396,   433,   20000000,    7879377,        0,  -12120623,          0
 20396,   434,   20000000,    7849683,        0,  -12150317,          0
 20396,   435,   20000000,    7851578,        0,  -12148422,          0
 20396,   436,   20000000,    7896958,        0,  -12103042,          0
 20396,   437,   20000000,    7844762,        0,  -12155238,          0
 20396,   438,   20000000,    8129115,        0,  -11870885,          0
 20396,   439,   20000000,    7912831,        0,  -12087169,          0
 20396,   440,   20000000,    7871706,        0,  -12128294,          0
 20396,   441,   20000000,    7872213,        0,  -12127787,          0
 20396,   442,   20000000,    7871678,        0,  -12128322,          0
 20396,   443,   20000000,    7846014,        0,  -12153986,          0
 20396,   444,   20000000,    8132797,        0,  -11867203,          0
 20396,   445,   20000000,    7857600,        0,  -12142400,          0
 20396,   446,   20000000,    7867009,        0,  -12132991,          0
 20396,   447,   20000000,    7848608,        0,  -12151392,          0
 20396,   448,   20000000,    7858874,        0,  -12141126,          0
 20396,   449,   20000000,    7856808,        0,  -12143192,          0
 20396,   450,   20000000,    7865455,        0,  -12134545,          0
 20396,   451,   20000000,    7849447,        0,  -12150553,          0
 20396,   452,   20000000,    7841595,        0,  -12158405,          0
 20396,   453,   20000000,    7844727,        0,  -12155273,          0
 20396,   454,   20000000,    7840363,        0,  -12159637,          0
 20396,   455,   20000000,    7883568,        0,  -12116432,          0
 20396,   456,   20000000,    7937530,        0,  -12062470,          0
 20396,   457,   20000000,    7856458,        0,  -12143542,          0
 20396,   458,   20000000,    7887444,        0,  -12112556,          0
 20396,   459,   20000000,    7875684,        0,  -12124316,          0
 20396,   460,   20000000,    7875653,        0,  -12124347,          0
 20396,   461,   20000000,    7847185,        0,  -12152815,          0
 20396,   462,   20000000,    7844341,        0,  -12155659,          0
 20396,   463,   20000000,    8183215,        0,  -11816785,          0
 20396,   464,   20000000,    7957677,        0,  -12042323,          0
 20396,   465,   20000000,    7854568,        0,  -12145432,          0
 20396,   466,   20000000,    7887780,        0,  -12112220,          0
 20396,   467,   20000000,    7872630,        0,  -12127370,          0
 20396,   468,   20000000,    7869216,        0,  -12130784,          0
 20396,   469,   20000000,    8123949,        0,  -11876051,          0
 20396,   470,   20000000,    7877719,        0,  -12122281,          0
 20396,   471,   20000000,    7842949,        0,  -12157051,          0
 20396,   472,   20000000,    7878462,        0,  -12121538,          0
 20396,   473,   20000000,    7833636,        0,  -12166364,          0
 20396,   474,   20000000,    7846216,        0,  -12153784,          0
 20396,   475,   20000000,    7846217,        0,  -12153783,          0
 20396,   476,   20000000,    7889187,        0,  -12110813,          0
 20396,   477,   20000000,    7834778,        0,  -12165222,          0
 20396,   478,   20000000,    7911182,        0,  -12088818,          0
 20396,   479,   20000000,    7903282,        0,  -12096718,          0
 20396,   480,   20000000,    7871312,        0,  -12128688,          0
 20396,   481,   20000000,    7860451,        0,  -12139549,          0
 20396,   482,   20000000,    7851654,        0,  -12148346,          0
 20396,   483,   20000000,    7852908,        0,  -12147092,          0
 20396,   484,   20000000,    7872649,        0,  -12127351,          0
 20396,   485,   20000000,    7888116,        0,  -12111884,          0
 20396,   486,   20000000,    7851299,        0,  -12148701,          0
 20396,   487,   20000000,    7851929,        0,  -12148071,          0
 20396,   488,   20000000,    8150199,        0,  -11849801,          0
 20396,   489,   20000000,    7895519,        0,  -12104481,          0
 20396,   490,   20000000,    7864831,        0,  -12135169,          0
 20396,   491,   20000000,    7863536,        0,  -12136464,          0
 20396,   492,   20000000,    7858085,        0,  -12141915,          0
 20396,   493,   20000000,    7898123,        0,  -12101877,          0
 20396,   494,   20000000,    8159170,        0,  -11840830,          0
 20396,   495,   20000000,    7848981,        0,  -12151019,          0
 20396,   496,   20000000,    7886336,        0,  -12113664,          0
 20396,   497,   20000000,    7868777,        0,  -12131223,          0
 20396,   498,   20000000,    7844145,        0,  -12155855,          0
 20396,   499,   20000000,    7846853,        0,  -12153147,          0
 20396,   500,   20000000,    7859787,        0,  -12140213,          0
 20396,   501,   20000000,    7844240,        0,  -12155760,          0
 20396,   502,   20000000,    7871194,        0,  -12128806,          0
 20396,   503,   20000000,    7877480,        0,  -12122520,          0
 20396,   504,   20000000,    7843221,        0,  -12156779,          0
