# Task,   Job,     Period,   Response, DL Miss?,   Lateness,  Tardiness
# task NAME=myapp PID=9601 COST=8848000 PERIOD=38000000 CPU=0
  9601,     2,   38000000,       6213,        0,  -37993787,          0
  9601,     3,   38000000,      40182,        0,  -37959818,          0
  9601,     4,   38000000,    9760674,        0,  -28239326,          0
  9601,     5,   38000000,    8706319,        0,  -29293681,          0
  9601,     6,   38000000,    8724011,        0,  -29275989,          0
  9601,     7,   38000000,    8692344,        0,  -29307656,          0
  9601,     8,   38000000,    8707500,        0,  -29292500,          0
  9601,     9,   38000000,    8705907,        0,  -29294093,          0
  9601,    10,   38000000,    8738223,        0,  -29261777,          0
  9601,    11,   38000000,    8715858,        0,  -29284142,          0
  9601,    12,   38000000,    9002168,        0,  -28997832,          0
  9601,    13,   38000000,    8698393,        0,  -29301607,          0
  9601,    14,   38000000,    8729814,        0,  -29270186,          0
  9601,    15,   38000000,    8748964,        0,  -29251036,          0
  9601,    16,   38000000,    8684575,        0,  -29315425,          0
  9601,    17,   38000000,    8725378,        0,  -29274622,          0
  9601,    18,   38000000,    9436132,        0,  -28563868,          0
  9601,    19,   38000000,    8706501,        0,  -29293499,          0
  9601,    20,   38000000,    8777314,        0,  -29222686,          0
  9601,    21,   38000000,    9014220,        0,  -28985780,          0
  9601,    22,   38000000,    8679301,        0,  -29320699,          0
  9601,    23,   38000000,    8720247,        0,  -29279753,          0
  9601,    24,   38000000,    9725161,        0,  -28274839,          0
  9601,    25,   38000000,    8693189,        0,  -29306811,          0
  9601,    26,   38000000,    8686650,        0,  -29313350,          0
  9601,    27,   38000000,    9069805,        0,  -28930195,          0
  9601,    28,   38000000,    8686806,        0,  -29313194,          0
  9601,    29,   38000000,    8677568,        0,  -29322432,          0
  9601,    30,   38000000,    8711982,        0,  -29288018,          0
  9601,    31,   38000000,    8677049,        0,  -29322951,          0
  9601,    32,   38000000,    8711078,        0,  -29288922,          0
  9601,    33,   38000000,    8714304,        0,  -29285696,          0
  9601,    34,   38000000,    8728610,        0,  -29271390,          0
  9601,    35,   38000000,    8677236,        0,  -29322764,          0
  9601,    36,   38000000,    8680506,        0,  -29319494,          0
  9601,    37,   38000000,    8696182,        0,  -29303818,          0
  9601,    38,   38000000,    8681080,        0,  -29318920,          0
  9601,    39,   38000000,    8754855,        0,  -29245145,          0
  9601,    40,   38000000,    8691557,        0,  -29308443,          0
  9601,    41,   38000000,    8681295,        0,  -29318705,          0
  9601,    42,   38000000,    8712589,        0,  -29287411,          0
  9601,    43,   38000000,    8744766,        0,  -29255234,          0
  9601,    44,   38000000,    8975207,        0,  -29024793,          0
  9601,    45,   38000000,    8717501,        0,  -29282499,          0
  9601,    46,   38000000,    8737898,        0,  -29262102,          0
  9601,    47,   38000000,    8695385,        0,  -29304615,          0
  9601,    48,   38000000,    8674843,        0,  -29325157,          0
  9601,    49,   38000000,    8769890,        0,  -29230110,          0
  9601,    50,   38000000,    8775478,        0,  -29224522,          0
  9601,    51,   38000000,    8699355,        0,  -29300645,          0
  9601,    52,   38000000,    8675341,        0,  -29324659,          0
  9601,    53,   38000000,    8672336,        0,  -29327664,          0
  9601,    54,   38000000,    9444087,        0,  -28555913,          0
  9601,    55,   38000000,    8701278,        0,  -29298722,          0
  9601,    56,   38000000,    8727972,        0,  -29272028,          0
  9601,    57,   38000000,    8667715,        0,  -29332285,          0
  9601,    58,   38000000,    8758858,        0,  -29241142,          0
  9601,    59,   38000000,    8696347,        0,  -29303653,          0
  9601,    60,   38000000,    8721740,        0,  -29278260,          0
  9601,    61,   38000000,    8847781,        0,  -29152219,          0
  9601,    62,   38000000,    8706997,        0,  -29293003,          0
  9601,    63,   38000000,    8680777,        0,  -29319223,          0
  9601,    64,   38000000,    8673424,        0,  -29326576,          0
  9601,    65,   38000000,    8726331,        0,  -29273669,          0
  9601,    66,   38000000,    8694648,        0,  -29305352,          0
  9601,    67,   38000000,    8979007,        0,  -29020993,          0
  9601,    68,   38000000,    8675190,        0,  -29324810,          0
  9601,    69,   38000000,    8771164,        0,  -29228836,          0
  9601,    70,   38000000,    8912219,        0,  -29087781,          0
  9601,    71,   38000000,    8685327,        0,  -29314673,          0
  9601,    72,   38000000,    8688765,        0,  -29311235,          0
  9601,    73,   38000000,    8741310,        0,  -29258690,          0
  9601,    74,   38000000,    8690389,        0,  -29309611,          0
  9601,    75,   38000000,    8712141,        0,  -29287859,          0
  9601,    76,   38000000,    8744263,        0,  -29255737,          0
  9601,    77,   38000000,    8999189,        0,  -29000811,          0
  9601,    78,   38000000,    8694248,        0,  -29305752,          0
  9601,    79,   38000000,    8764476,        0,  -29235524,          0
  9601,    80,   38000000,    8701778,        0,  -29298222,          0
  9601,    81,   38000000,    8699575,        0,  -29300425,          0
  9601,    82,   38000000,    8776782,        0,  -29223218,          0
  9601,    83,   38000000,    8677603,        0,  -29322397,          0
  9601,    84,   38000000,    8702648,        0,  -29297352,          0
  9601,    85,   38000000,    8743205,        0,  -29256795,          0
  9601,    86,   38000000,    8763926,        0,  -29236074,          0
  9601,    87,   38000000,    8683914,        0,  -29316086,          0
  9601,    88,   38000000,    8738336,        0,  -29261664,          0
  9601,    89,   38000000,    8709331,        0,  -29290669,          0
  9601,    90,   38000000,    9011438,        0,  -28988562,          0
  9601,    91,   38000000,    8699544,        0,  -29300456,          0
  9601,    92,   38000000,    8687067,        0,  -29312933,          0
  9601,    93,   38000000,    8684250,        0,  -29315750,          0
  9601,    94,   38000000,    8702293,        0,  -29297707,          0
  9601,    95,   38000000,    8730791,        0,  -29269209,          0
  9601,    96,   38000000,    8709292,        0,  -29290708,          0
  9601,    97,   38000000,    8698470,        0,  -29301530,          0
  9601,    98,   38000000,    8673469,        0,  -29326531,          0
  9601,    99,   38000000,    8714270,        0,  -29285730,          0
  9601,   100,   38000000,    8964953,        0,  -29035047,          0
  9601,   101,   38000000,    8674238,        0,  -29325762,          0
  9601,   102,   38000000,    8749596,        0,  -29250404,          0
  9601,   103,   38000000,    8782636,        0,  -29217364,          0
  9601,   104,   38000000,    8676529,        0,  -29323471,          0
  9601,   105,   38000000,    8688441,        0,  -29311559,          0
  9601,   106,   38000000,    8684107,        0,  -29315893,          0
  9601,   107,   38000000,    8668785,        0,  -29331215,          0
  9601,   108,   38000000,    8700332,        0,  -29299668,          0
  9601,   109,   38000000,    8711390,        0,  -29288610,          0
  9601,   110,   38000000,    8743885,        0,  -29256115,          0
  9601,   111,   38000000,    8676167,        0,  -29323833,          0
  9601,   112,   38000000,    8741031,        0,  -29258969,          0
  9601,   113,   38000000,    8980736,        0,  -29019264,          0
  9601,   114,   38000000,    8684086,        0,  -29315914,          0
  9601,   115,   38000000,    8679044,        0,  -29320956,          0
  9601,   116,   38000000,    8728768,        0,  -29271232,          0
  9601,   117,   38000000,    9710379,        0,  -28289621,          0
  9601,   118,   38000000,   10310715,        0,  -27689285,          0
  9601,   119,   38000000,    8682373,        0,  -29317627,          0
  9601,   120,   38000000,    8751932,        0,  -29248068,          0
  9601,   121,   38000000,    8716674,        0,  -29283326,          0
  9601,   122,   38000000,    8675783,        0,  -29324217,          0
  9601,   123,   38000000,    8997974,        0,  -29002026,          0
  9601,   124,   38000000,    8676850,        0,  -29323150,          0
  9601,   125,   38000000,    8672187,        0,  -29327813,          0
  9601,   126,   38000000,    8721426,        0,  -29278574,          0
  9601,   127,   38000000,    8761403,        0,  -29238597,          0
  9601,   128,   38000000,    8711174,        0,  -29288826,          0
  9601,   129,   38000000,    8834252,        0,  -29165748,          0
  9601,   130,   38000000,    8682775,        0,  -29317225,          0
  9601,   131,   38000000,    8705964,        0,  -29294036,          0
  9601,   132,   38000000,    8725974,        0,  -29274026,          0
  9601,   133,   38000000,    8797417,        0,  -29202583,          0
  9601,   134,   38000000,    8700191,        0,  -29299809,          0
  9601,   135,   38000000,    8683164,        0,  -29316836,          0
  9601,   136,   38000000,    8730020,        0,  -29269980,          0
  9601,   137,   38000000,    8754492,        0,  -29245508,          0
  9601,   138,   38000000,    8744304,        0,  -29255696,          0
  9601,   139,   38000000,    8758560,        0,  -29241440,          0
  9601,   140,   38000000,    8678927,        0,  -29321073,          0
  9601,   141,   38000000,    8680573,        0,  -29319427,          0
  9601,   142,   38000000,    8814689,        0,  -29185311,          0
  9601,   143,   38000000,    8712289,        0,  -29287711,          0
  9601,   144,   38000000,    8723010,        0,  -29276990,          0
  9601,   145,   38000000,    8683040,        0,  -29316960,          0
  9601,   146,   38000000,    9013247,        0,  -28986753,          0
  9601,   147,   38000000,    8692153,        0,  -29307847,          0
  9601,   148,   38000000,    8761580,        0,  -29238420,          0
  9601,   149,   38000000,    8729809,        0,  -29270191,          0
  9601,   150,   38000000,    8696362,        0,  -29303638,          0
  9601,   151,   38000000,    8737728,        0,  -29262272,          0
  9601,   152,   38000000,    8696216,        0,  -29303784,          0
  9601,   153,   38000000,    8687908,        0,  -29312092,          0
  9601,   154,   38000000,    8705181,        0,  -29294819,          0
  9601,   155,   38000000,    8748731,        0,  -29251269,          0
  9601,   156,   38000000,    8710765,        0,  -29289235,          0
  9601,   157,   38000000,    8681084,        0,  -29318916,          0
  9601,   158,   38000000,    8693337,        0,  -29306663,          0
  9601,   159,   38000000,    8798541,        0,  -29201459,          0
  9601,   160,   38000000,    8731067,        0,  -29268933,          0
  9601,   161,   38000000,    8697241,        0,  -29302759,          0
  9601,   162,   38000000,    8687783,        0,  -29312217,          0
  9601,   163,   38000000,    8728905,        0,  -29271095,          0
  9601,   164,   38000000,    8711293,        0,  -29288707,          0
  9601,   165,   38000000,    8692735,        0,  -29307265,          0
  9601,   166,   38000000,    8690514,        0,  -29309486,          0
  9601,   167,   38000000,    8679432,        0,  -29320568,          0
  9601,   168,   38000000,    8726832,        0,  -29273168,          0
  9601,   169,   38000000,    8972217,        0,  -29027783,          0
  9601,   170,   38000000,    8689913,        0,  -29310087,          0
  9601,   171,   38000000,    8680523,        0,  -29319477,          0
  9601,   172,   38000000,    8682646,        0,  -29317354,          0
  9601,   173,   38000000,    8756397,        0,  -29243603,          0
  9601,   174,   38000000,    8701615,        0,  -29298385,          0
  9601,   175,   38000000,    8767885,        0,  -29232115,          0
  9601,   176,   38000000,    8760327,        0,  -29239673,          0
  9601,   177,   38000000,    8691099,        0,  -29308901,          0
  9601,   178,   38000000,    8711112,        0,  -29288888,          0
  9601,   179,   38000000,    9094434,        0,  -28905566,          0
  9601,   180,   38000000,    8777196,        0,  -29222804,          0
  9601,   181,   38000000,    8677487,        0,  -29322513,          0
  9601,   182,   38000000,    8697896,        0,  -29302104,          0
  9601,   183,   38000000,    8745016,        0,  -29254984,          0
  9601,   184,   38000000,    8805773,        0,  -29194227,          0
  9601,   185,   38000000,    8774488,        0,  -29225512,          0
  9601,   186,   38000000,    8707708,        0,  -29292292,          0
  9601,   187,   38000000,    8672575,        0,  -29327425,          0
  9601,   188,   38000000,    8691155,        0,  -29308845,          0
  9601,   189,   38000000,    8714579,        0,  -29285421,          0
  9601,   190,   38000000,    8755143,        0,  -29244857,          0
  9601,   191,   38000000,    8675186,        0,  -29324814,          0
  9601,   192,   38000000,    8988533,        0,  -29011467,          0
  9601,   193,   38000000,    8720754,        0,  -29279246,          0
  9601,   194,   38000000,    8690059,        0,  -29309941,          0
  9601,   195,   38000000,    8710887,        0,  -29289113,          0
  9601,   196,   38000000,    8675503,        0,  -29324497,          0
  9601,   197,   38000000,    8722679,        0,  -29277321,          0
  9601,   198,   38000000,    8698255,        0,  -29301745,          0
  9601,   199,   38000000,    8685646,        0,  -29314354,          0
  9601,   200,   38000000,    8698268,        0,  -29301732,          0
  9601,   201,   38000000,    8700162,        0,  -29299838,          0
  9601,   202,   38000000,    9023101,        0,  -28976899,          0
  9601,   203,   38000000,    8713947,        0,  -29286053,          0
  9601,   204,   38000000,    8696163,        0,  -29303837,          0
  9601,   205,   38000000,    8732417,        0,  -29267583,          0
  9601,   206,   38000000,    8693638,        0,  -29306362,          0
  9601,   207,   38000000,    8682728,        0,  -29317272,          0
  9601,   208,   38000000,    8680149,        0,  -29319851,          0
  9601,   209,   38000000,    8716911,        0,  -29283089,          0
  9601,   210,   38000000,    8717596,        0,  -29282404,          0
  9601,   211,   38000000,    8696725,        0,  -29303275,          0
  9601,   212,   38000000,    8745739,        0,  -29254261,          0
  9601,   213,   38000000,    8770875,        0,  -29229125,          0
  9601,   214,   38000000,    8684308,        0,  -29315692,          0
  9601,   215,   38000000,    8978310,        0,  -29021690,          0
  9601,   216,   38000000,    8678927,        0,  -29321073,          0
  9601,   217,   38000000,    8683214,        0,  -29316786,          0
  9601,   218,   38000000,    8688647,        0,  -29311353,          0
  9601,   219,   38000000,    8738836,        0,  -29261164,          0
  9601,   220,   38000000,    8739682,        0,  -29260318,          0
  9601,   221,   38000000,    8794992,        0,  -29205008,          0
  9601,   222,   38000000,    8721032,        0,  -29278968,          0
  9601,   223,   38000000,    8742207,        0,  -29257793,          0
  9601,   224,   38000000,    8674610,        0,  -29325390,          0
  9601,   225,   38000000,    8975328,        0,  -29024672,          0
  9601,   226,   38000000,    8743656,        0,  -29256344,          0
  9601,   227,   38000000,    8680272,        0,  -29319728,          0
  9601,   228,   38000000,    8717130,        0,  -29282870,          0
  9601,   229,   38000000,    8749419,        0,  -29250581,          0
  9601,   230,   38000000,    8681888,        0,  -29318112,          0
  9601,   231,   38000000,    8719857,        0,  -29280143,          0
  9601,   232,   38000000,    8725043,        0,  -29274957,          0
  9601,   233,   38000000,   10482555,        0,  -27517445,          0
  9601,   234,   38000000,    8701315,        0,  -29298685,          0
  9601,   235,   38000000,    8708002,        0,  -29291998,          0
  9601,   236,   38000000,    8716031,        0,  -29283969,          0
  9601,   237,   38000000,    8685803,        0,  -29314197,          0
  9601,   238,   38000000,    8962346,        0,  -29037654,          0
  9601,   239,   38000000,    8721139,        0,  -29278861,          0
  9601,   240,   38000000,    8699178,        0,  -29300822,          0
  9601,   241,   38000000,    8739525,        0,  -29260475,          0
  9601,   242,   38000000,    8719284,        0,  -29280716,          0
  9601,   243,   38000000,    8681608,        0,  -29318392,          0
  9601,   244,   38000000,    8776343,        0,  -29223657,          0
  9601,   245,   38000000,    8699014,        0,  -29300986,          0
  9601,   246,   38000000,    8675412,        0,  -29324588,          0
  9601,   247,   38000000,    8693457,        0,  -29306543,          0
  9601,   248,   38000000,    8966340,        0,  -29033660,          0
  9601,   249,   38000000,    8736128,        0,  -29263872,          0
  9601,   250,   38000000,    8688554,        0,  -29311446,          0
  9601,   251,   38000000,    8815824,        0,  -29184176,          0
  9601,   252,   38000000,    8687482,        0,  -29312518,          0
  9601,   253,   38000000,    8709736,        0,  -29290264,          0
  9601,   254,   38000000,    8696784,        0,  -29303216,          0
  9601,   255,   38000000,    8935997,        0,  -29064003,          0
  9601,   256,   38000000,    8743563,        0,  -29256437,          0
  9601,   257,   38000000,    8749886,        0,  -29250114,          0
  9601,   258,   38000000,    8690277,        0,  -29309723,          0
  9601,   259,   38000000,    8691672,        0,  -29308328,          0
  9601,   260,   38000000,    8694848,        0,  -29305152,          0
  9601,   261,   38000000,    8675407,        0,  -29324593,          0
  9601,   262,   38000000,    8673988,        0,  -29326012,          0
  9601,   263,   38000000,    8689222,        0,  -29310778,          0
  9601,   264,   38000000,    8710864,        0,  -29289136,          0
  9601,   265,   38000000,    8752124,        0,  -29247876,          0
  9601,   266,   38000000,    8727920,        0,  -29272080,          0
  9601,   267,   38000000,    8682777,        0,  -29317223,          0
# task NAME=myapp PID=9604 COST=76900000 PERIOD=86000000 CPU=0
  9604,     2,   86000000,      10143,        0,  -85989857,          0
  9604,     3,   86000000,      45897,        0,  -85954103,          0
  9604,     4,   86000000,   76294467,        0,   -9705533,          0
  9604,     5,   86000000,   75517688,        0,  -10482312,          0
  9604,     6,   86000000,   75805059,        0,  -10194941,          0
  9604,     7,   86000000,   75274275,        0,  -10725725,          0
  9604,     8,   86000000,   75799314,        0,  -10200686,          0
  9604,     9,   86000000,   75811679,        0,  -10188321,          0
  9604,    10,   86000000,   75242576,        0,  -10757424,          0
  9604,    11,   86000000,   75309009,        0,  -10690991,          0
  9604,    12,   86000000,   76156760,        0,   -9843240,          0
  9604,    13,   86000000,   75263952,        0,  -10736048,          0
  9604,    14,   86000000,   75259246,        0,  -10740754,          0
  9604,    15,   86000000,   75883093,        0,  -10116907,          0
  9604,    16,   86000000,   75859866,        0,  -10140134,          0
  9604,    17,   86000000,   75561989,        0,  -10438011,          0
  9604,    18,   86000000,   75576288,        0,  -10423712,          0
  9604,    19,   86000000,   75564943,        0,  -10435057,          0
  9604,    20,   86000000,   75254616,        0,  -10745384,          0
  9604,    21,   86000000,   75833884,        0,  -10166116,          0
  9604,    22,   86000000,   75619972,        0,  -10380028,          0
  9604,    23,   86000000,   75603031,        0,  -10396969,          0
  9604,    24,   86000000,   75841167,        0,  -10158833,          0
  9604,    25,   86000000,   75833679,        0,  -10166321,          0
  9604,    26,   86000000,   75271966,        0,  -10728034,          0
  9604,    27,   86000000,   75228721,        0,  -10771279,          0
  9604,    28,   86000000,   75541649,        0,  -10458351,          0
  9604,    29,   86000000,   75263328,        0,  -10736672,          0
  9604,    30,   86000000,   75214333,        0,  -10785667,          0
  9604,    31,   86000000,   75507208,        0,  -10492792,          0
  9604,    32,   86000000,   75575493,        0,  -10424507,          0
  9604,    33,   86000000,   75234361,        0,  -10765639,          0
  9604,    34,   86000000,   75538901,        0,  -10461099,          0
  9604,    35,   86000000,   75621168,        0,  -10378832,          0
  9604,    36,   86000000,   75231544,        0,  -10768456,          0
  9604,    37,   86000000,   75519486,        0,  -10480514,          0
  9604,    38,   86000000,   75527635,        0,  -10472365,          0
  9604,    39,   86000000,   75254204,        0,  -10745796,          0
  9604,    40,   86000000,   75542435,        0,  -10457565,          0
  9604,    41,   86000000,   75552248,        0,  -10447752,          0
  9604,    42,   86000000,   75565485,        0,  -10434515,          0
  9604,    43,   86000000,   75502559,        0,  -10497441,          0
  9604,    44,   86000000,   75861259,        0,  -10138741,          0
  9604,    45,   86000000,   75334936,        0,  -10665064,          0
  9604,    46,   86000000,   75255714,        0,  -10744286,          0
  9604,    47,   86000000,   75609363,        0,  -10390637,          0
  9604,    48,   86000000,   75833322,        0,  -10166678,          0
  9604,    49,   86000000,   75278112,        0,  -10721888,          0
  9604,    50,   86000000,   75858782,        0,  -10141218,          0
  9604,    51,   86000000,   75515821,        0,  -10484179,          0
  9604,    52,   86000000,   75217812,        0,  -10782188,          0
  9604,    53,   86000000,   75533627,        0,  -10466373,          0
  9604,    54,   86000000,   75859106,        0,  -10140894,          0
  9604,    55,   86000000,   75251703,        0,  -10748297,          0
  9604,    56,   86000000,   75592707,        0,  -10407293,          0
  9604,    57,   86000000,   75561763,        0,  -10438237,          0
  9604,    58,   86000000,   75320769,        0,  -10679231,          0
  9604,    59,   86000000,   75248346,        0,  -10751654,          0
  9604,    60,   86000000,   75599471,        0,  -10400529,          0
  9604,    61,   86000000,   75515954,        0,  -10484046,          0
  9604,    62,   86000000,   75236104,        0,  -10763896,          0
  9604,    63,   86000000,   75536967,        0,  -10463033,          0
  9604,    64,   86000000,   75585796,        0,  -10414204,          0
  9604,    65,   86000000,   75585114,        0,  -10414886,          0
  9604,    66,   86000000,   75570395,        0,  -10429605,          0
  9604,    67,   86000000,   75519913,        0,  -10480087,          0
  9604,    68,   86000000,   76204163,        0,   -9795837,          0
  9604,    69,   86000000,   75576071,        0,  -10423929,          0
  9604,    70,   86000000,   75908925,        0,  -10091075,          0
  9604,    71,   86000000,   75264510,        0,  -10735490,          0
  9604,    72,   86000000,   75520060,        0,  -10479940,          0
  9604,    73,   86000000,   75511615,        0,  -10488385,          0
  9604,    74,   86000000,   75247689,        0,  -10752311,          0
  9604,    75,   86000000,   75252616,        0,  -10747384,          0
  9604,    76,   86000000,   75530883,        0,  -10469117,          0
  9604,    77,   86000000,   75541095,        0,  -10458905,          0
  9604,    78,   86000000,   75282758,        0,  -10717242,          0
  9604,    79,   86000000,   75584936,        0,  -10415064,          0
  9604,    80,   86000000,   75607553,        0,  -10392447,          0
  9604,    81,   86000000,   75215575,        0,  -10784425,          0
  9604,    82,   86000000,   75544551,        0,  -10455449,          0
  9604,    83,   86000000,   75518744,        0,  -10481256,          0
  9604,    84,   86000000,   75237233,        0,  -10762767,          0
  9604,    85,   86000000,   75507344,        0,  -10492656,          0
  9604,    86,   86000000,   75545129,        0,  -10454871,          0
  9604,    87,   86000000,   75245750,        0,  -10754250,          0
  9604,    88,   86000000,   75514974,        0,  -10485026,          0
  9604,    89,   86000000,   75820657,        0,  -10179343,          0
  9604,    90,   86000000,   75555445,        0,  -10444555,          0
  9604,    91,   86000000,   75246959,        0,  -10753041,          0
  9604,    92,   86000000,   75541820,        0,  -10458180,          0
  9604,    93,   86000000,   75573411,        0,  -10426589,          0
  9604,    94,   86000000,   75256238,        0,  -10743762,          0
  9604,    95,   86000000,   75814023,        0,  -10185977,          0
  9604,    96,   86000000,   75805312,        0,  -10194688,          0
  9604,    97,   86000000,   75226933,        0,  -10773067,          0
  9604,    98,   86000000,   75521175,        0,  -10478825,          0
  9604,    99,   86000000,   75501047,        0,  -10498953,          0
  9604,   100,   86000000,   75321288,        0,  -10678712,          0
  9604,   101,   86000000,   75534930,        0,  -10465070,          0
  9604,   102,   86000000,   75588990,        0,  -10411010,          0
  9604,   103,   86000000,   75521026,        0,  -10478974,          0
  9604,   104,   86000000,   75503811,        0,  -10496189,          0
  9604,   105,   86000000,   75613934,        0,  -10386066,          0
  9604,   106,   86000000,   75261163,        0,  -10738837,          0
  9604,   107,   86000000,   75215395,        0,  -10784605,          0
  9604,   108,   86000000,   75544606,        0,  -10455394,          0
  9604,   109,   86000000,   75544595,        0,  -10455405,          0
  9604,   110,   86000000,   75554150,        0,  -10445850,          0
  9604,   111,   86000000,   75532696,        0,  -10467304,          0
  9604,   112,   86000000,   75509076,        0,  -10490924,          0
  9604,   113,   86000000,   75239692,        0,  -10760308,          0
  9604,   114,   86000000,   75504752,        0,  -10495248,          0
  9604,   115,   86000000,   75508420,        0,  -10491580,          0
  9604,   116,   86000000,   75413604,        0,  -10586396,          0
  9604,   117,   86000000,   75515842,        0,  -10484158,          0
  9604,   118,   86000000,   75526535,        0,  -10473465,          0
  9604,   119,   86000000,   75300711,        0,  -10699289,          0
  9604,   120,   86000000,   75482164,        0,  -10517836,          0
# task NAME=myapp PID=9608 COST=11464000 PERIOD=42000000 CPU=0
  9608,     2,   42000000,      11612,        0,  -41988388,          0
  9608,     3,   42000000,      51294,        0,  -41948706,          0
  9608,     4,   42000000,   12284475,        0,  -29715525,          0
  9608,     5,   42000000,   11275893,        0,  -30724107,          0
  9608,     6,   42000000,   11257329,        0,  -30742671,          0
  9608,     7,   42000000,   11274098,        0,  -30725902,          0
  9608,     8,   42000000,   11281162,        0,  -30718838,          0
  9608,     9,   42000000,   11270518,        0,  -30729482,          0
  9608,    10,   42000000,   11251001,        0,  -30748999,          0
  9608,    11,   42000000,   11239622,        0,  -30760378,          0
  9608,    12,   42000000,   11297422,        0,  -30702578,          0
  9608,    13,   42000000,   11255691,        0,  -30744309,          0
  9608,    14,   42000000,   11873817,        0,  -30126183,          0
  9608,    15,   42000000,   11247155,        0,  -30752845,          0
  9608,    16,   42000000,   11245858,        0,  -30754142,          0
  9608,    17,   42000000,   11283212,        0,  -30716788,          0
  9608,    18,   42000000,   11255111,        0,  -30744889,          0
  9608,    19,   42000000,   11248228,        0,  -30751772,          0
  9608,    20,   42000000,   11322672,        0,  -30677328,          0
  9608,    21,   42000000,   11291088,        0,  -30708912,          0
  9608,    22,   42000000,   12313177,        0,  -29686823,          0
  9608,    23,   42000000,   11284020,        0,  -30715980,          0
  9608,    24,   42000000,   11257489,        0,  -30742511,          0
  9608,    25,   42000000,   11255247,        0,  -30744753,          0
  9608,    26,   42000000,   11245576,        0,  -30754424,          0
  9608,    27,   42000000,   11265959,        0,  -30734041,          0
  9608,    28,   42000000,   11281943,        0,  -30718057,          0
  9608,    29,   42000000,   11280238,        0,  -30719762,          0
  9608,    30,   42000000,   11258165,        0,  -30741835,          0
  9608,    31,   42000000,   11245230,        0,  -30754770,          0
  9608,    32,   42000000,   11259928,        0,  -30740072,          0
  9608,    33,   42000000,   11252342,        0,  -30747658,          0
  9608,    34,   42000000,   11514984,        0,  -30485016,          0
  9608,    35,   42000000,   11301425,        0,  -30698575,          0
  9608,    36,   42000000,   11248453,        0,  -30751547,          0
  9608,    37,   42000000,   11541521,        0,  -30458479,          0
  9608,    38,   42000000,   11260961,        0,  -30739039,          0
  9608,    39,   42000000,   11276708,        0,  -30723292,          0
  9608,    40,   42000000,   11549785,        0,  -30450215,          0
  9608,    41,   42000000,   11296770,        0,  -30703230,          0
  9608,    42,   42000000,   11264874,        0,  -30735126,          0
  9608,    43,   42000000,   11525023,        0,  -30474977,          0
  9608,    44,   42000000,   11293834,        0,  -30706166,          0
  9608,    45,   42000000,   11263295,        0,  -30736705,          0
  9608,    46,   42000000,   11565208,        0,  -30434792,          0
  9608,    47,   42000000,   11243136,        0,  -30756864,          0
  9608,    48,   42000000,   11268776,        0,  -30731224,          0
  9608,    49,   42000000,   11530905,        0,  -30469095,          0
  9608,    50,   42000000,   11250209,        0,  -30749791,          0
  9608,    51,   42000000,   11247604,        0,  -30752396,          0
  9608,    52,   42000000,   11535033,        0,  -30464967,          0
  9608,    53,   42000000,   11276844,        0,  -30723156,          0
  9608,    54,   42000000,   11254579,        0,  -30745421,          0
  9608,    55,   42000000,   11531872,        0,  -30468128,          0
  9608,    56,   42000000,   11265910,        0,  -30734090,          0
  9608,    57,   42000000,   11243210,        0,  -30756790,          0
  9608,    58,   42000000,   11576039,        0,  -30423961,          0
  9608,    59,   42000000,   11255699,        0,  -30744301,          0
  9608,    60,   42000000,   11259525,        0,  -30740475,          0
  9608,    61,   42000000,   11564293,        0,  -30435707,          0
  9608,    62,   42000000,   11304731,        0,  -30695269,          0
  9608,    63,   42000000,   11252461,        0,  -30747539,          0
  9608,    64,   42000000,   11523663,        0,  -30476337,          0
  9608,    65,   42000000,   11247830,        0,  -30752170,          0
  9608,    66,   42000000,   11351406,        0,  -30648594,          0
  9608,    67,   42000000,   11416213,        0,  -30583787,          0
  9608,    68,   42000000,   11270915,        0,  -30729085,          0
  9608,    69,   42000000,   11411035,        0,  -30588965,          0
  9608,    70,   42000000,   11431927,        0,  -30568073,          0
  9608,    71,   42000000,   11313347,        0,  -30686653,          0
  9608,    72,   42000000,   11253368,        0,  -30746632,          0
  9608,    73,   42000000,   11265919,        0,  -30734081,          0
  9608,    74,   42000000,   11247437,        0,  -30752563,          0
  9608,    75,   42000000,   11338717,        0,  -30661283,          0
  9608,    76,   42000000,   11319178,        0,  -30680822,          0
  9608,    77,   42000000,   11276025,        0,  -30723975,          0
  9608,    78,   42000000,   11292445,        0,  -30707555,          0
  9608,    79,   42000000,   11335872,        0,  -30664128,          0
  9608,    80,   42000000,   11247890,        0,  -30752110,          0
  9608,    81,   42000000,   11276909,        0,  -30723091,          0
  9608,    82,   42000000,   11321133,        0,  -30678867,          0
  9608,    83,   42000000,   11286727,        0,  -30713273,          0
  9608,    84,   42000000,   11262814,        0,  -30737186,          0
  9608,    85,   42000000,   11332603,        0,  -30667397,          0
  9608,    86,   42000000,   11254783,        0,  -30745217,          0
  9608,    87,   42000000,   11450800,        0,  -30549200,          0
  9608,    88,   42000000,   11251921,        0,  -30748079,          0
  9608,    89,   42000000,   11288431,        0,  -30711569,          0
  9608,    90,   42000000,   11306720,        0,  -30693280,          0
  9608,    91,   42000000,   11251787,        0,  -30748213,          0
  9608,    92,   42000000,   11244971,        0,  -30755029,          0
  9608,    93,   42000000,   11397651,        0,  -30602349,          0
  9608,    94,   42000000,   11317268,        0,  -30682732,          0
  9608,    95,   42000000,   11243350,        0,  -30756650,          0
  9608,    96,   42000000,   11260344,        0,  -30739656,          0
  9608,    97,   42000000,   11312980,        0,  -30687020,          0
  9608,    98,   42000000,   11276359,        0,  -30723641,          0
  9608,    99,   42000000,   11541122,        0,  -30458878,          0
  9608,   100,   42000000,   12135361,        0,  -29864639,          0
  9608,   101,   42000000,   11290775,        0,  -30709225,          0
  9608,   102,   42000000,   11316008,        0,  -30683992,          0
  9608,   103,   42000000,   11254426,        0,  -30745574,          0
  9608,   104,   42000000,   11273613,        0,  -30726387,          0
  9608,   105,   42000000,   11243104,        0,  -30756896,          0
  9608,   106,   42000000,   11240902,        0,  -30759098,          0
  9608,   107,   42000000,   11369456,        0,  -30630544,          0
  9608,   108,   42000000,   11314838,        0,  -30685162,          0
  9608,   109,   42000000,   11292264,        0,  -30707736,          0
  9608,   110,   42000000,   11308298,        0,  -30691702,          0
  9608,   111,   42000000,   11286734,        0,  -30713266,          0
  9608,   112,   42000000,   11257301,        0,  -30742699,          0
  9608,   113,   42000000,   11253362,        0,  -30746638,          0
  9608,   114,   42000000,   11255129,        0,  -30744871,          0
  9608,   115,   42000000,   11236585,        0,  -30763415,          0
  9608,   116,   42000000,   11247305,        0,  -30752695,          0
  9608,   117,   42000000,   11367915,        0,  -30632085,          0
  9608,   118,   42000000,   11287598,        0,  -30712402,          0
  9608,   119,   42000000,   11392237,        0,  -30607763,          0
  9608,   120,   42000000,   11295172,        0,  -30704828,          0
  9608,   121,   42000000,   11246829,        0,  -30753171,          0
  9608,   122,   42000000,   11241079,        0,  -30758921,          0
  9608,   123,   42000000,   11265709,        0,  -30734291,          0
  9608,   124,   42000000,   11260093,        0,  -30739907,          0
  9608,   125,   42000000,   11300306,        0,  -30699694,          0
  9608,   126,   42000000,   11254925,        0,  -30745075,          0
  9608,   127,   42000000,   11318015,        0,  -30681985,          0
  9608,   128,   42000000,   11298415,        0,  -30701585,          0
  9608,   129,   42000000,   11252700,        0,  -30747300,          0
  9608,   130,   42000000,   11270197,        0,  -30729803,          0
  9608,   131,   42000000,   11254496,        0,  -30745504,          0
  9608,   132,   42000000,   11270994,        0,  -30729006,          0
  9608,   133,   42000000,   11245018,        0,  -30754982,          0
  9608,   134,   42000000,   11274395,        0,  -30725605,          0
  9608,   135,   42000000,   11266879,        0,  -30733121,          0
  9608,   136,   42000000,   11266890,        0,  -30733110,          0
  9608,   137,   42000000,   11246353,        0,  -30753647,          0
  9608,   138,   42000000,   11260195,        0,  -30739805,          0
  9608,   139,   42000000,   11267385,        0,  -30732615,          0
  9608,   140,   42000000,   11246183,        0,  -30753817,          0
  9608,   141,   42000000,   11284460,        0,  -30715540,          0
  9608,   142,   42000000,   11294045,        0,  -30705955,          0
  9608,   143,   42000000,   11246208,        0,  -30753792,          0
  9608,   144,   42000000,   11313353,        0,  -30686647,          0
  9608,   145,   42000000,   11257027,        0,  -30742973,          0
  9608,   146,   42000000,   11239679,        0,  -30760321,          0
  9608,   147,   42000000,   11286532,        0,  -30713468,          0
  9608,   148,   42000000,   11252188,        0,  -30747812,          0
  9608,   149,   42000000,   11243809,        0,  -30756191,          0
  9608,   150,   42000000,   11307556,        0,  -30692444,          0
  9608,   151,   42000000,   11297550,        0,  -30702450,          0
  9608,   152,   42000000,   11243545,        0,  -30756455,          0
  9608,   153,   42000000,   11336597,        0,  -30663403,          0
  9608,   154,   42000000,   11307255,        0,  -30692745,          0
  9608,   155,   42000000,   11357694,        0,  -30642306,          0
  9608,   156,   42000000,   11299814,        0,  -30700186,          0
  9608,   157,   42000000,   11358455,        0,  -30641545,          0
  9608,   158,   42000000,   11269062,        0,  -30730938,          0
  9608,   159,   42000000,   11535742,        0,  -30464258,          0
  9608,   160,   42000000,   11285191,        0,  -30714809,          0
  9608,   161,   42000000,   11290872,        0,  -30709128,          0
  9608,   162,   42000000,   11538204,        0,  -30461796,          0
  9608,   163,   42000000,   11330563,        0,  -30669437,          0
  9608,   164,   42000000,   11295433,        0,  -30704567,          0
  9608,   165,   42000000,   11583591,        0,  -30416409,          0
  9608,   166,   42000000,   11310807,        0,  -30689193,          0
  9608,   167,   42000000,   11264186,        0,  -30735814,          0
  9608,   168,   42000000,   11533426,        0,  -30466574,          0
  9608,   169,   42000000,   11249636,        0,  -30750364,          0
  9608,   170,   42000000,   11294488,        0,  -30705512,          0
  9608,   171,   42000000,   11597877,        0,  -30402123,          0
  9608,   172,   42000000,   11286139,        0,  -30713861,          0
  9608,   173,   42000000,   11284446,        0,  -30715554,          0
  9608,   174,   42000000,   11594662,        0,  -30405338,          0
  9608,   175,   42000000,   11256309,        0,  -30743691,          0
  9608,   176,   42000000,   11351428,        0,  -30648572,          0
  9608,   177,   42000000,   11517327,        0,  -30482673,          0
  9608,   178,   42000000,   11271216,        0,  -30728784,          0
  9608,   179,   42000000,   11242157,        0,  -30757843,          0
  9608,   180,   42000000,   11522892,        0,  -30477108,          0
  9608,   181,   42000000,   11230021,        0,  -30769979,          0
  9608,   182,   42000000,   11302793,        0,  -30697207,          0
  9608,   183,   42000000,   11516916,        0,  -30483084,          0
  9608,   184,   42000000,   11278737,        0,  -30721263,          0
  9608,   185,   42000000,   11308402,        0,  -30691598,          0
  9608,   186,   42000000,   11538291,        0,  -30461709,          0
  9608,   187,   42000000,   11242818,        0,  -30757182,          0
  9608,   188,   42000000,   11245694,        0,  -30754306,          0
  9608,   189,   42000000,   11553483,        0,  -30446517,          0
  9608,   190,   42000000,   11252025,        0,  -30747975,          0
  9608,   191,   42000000,   11238149,        0,  -30761851,          0
  9608,   192,   42000000,   11517955,        0,  -30482045,          0
  9608,   193,   42000000,   11359083,        0,  -30640917,          0
  9608,   194,   42000000,   11283311,        0,  -30716689,          0
  9608,   195,   42000000,   11260554,        0,  -30739446,          0
  9608,   196,   42000000,   11259954,        0,  -30740046,          0
  9608,   197,   42000000,   11243416,        0,  -30756584,          0
  9608,   198,   42000000,   11250707,        0,  -30749293,          0
  9608,   199,   42000000,   11310847,        0,  -30689153,          0
  9608,   200,   42000000,   11263741,        0,  -30736259,          0
  9608,   201,   42000000,   11296109,        0,  -30703891,          0
  9608,   202,   42000000,   11245480,        0,  -30754520,          0
  9608,   203,   42000000,   11782057,        0,  -30217943,          0
  9608,   204,   42000000,   11258450,        0,  -30741550,          0
  9608,   205,   42000000,   11247977,        0,  -30752023,          0
  9608,   206,   42000000,   11292291,        0,  -30707709,          0
  9608,   207,   42000000,   11310412,        0,  -30689588,          0
  9608,   208,   42000000,   11280592,        0,  -30719408,          0
  9608,   209,   42000000,   11266789,        0,  -30733211,          0
  9608,   210,   42000000,   11307116,        0,  -30692884,          0
  9608,   211,   42000000,   11266770,        0,  -30733230,          0
  9608,   212,   42000000,   11465311,        0,  -30534689,          0
  9608,   213,   42000000,   11248730,        0,  -30751270,          0
  9608,   214,   42000000,   11272779,        0,  -30727221,          0
  9608,   215,   42000000,   11245712,        0,  -30754288,          0
  9608,   216,   42000000,   11266721,        0,  -30733279,          0
  9608,   217,   42000000,   11239869,        0,  -30760131,          0
  9608,   218,   42000000,   11287471,        0,  -30712529,          0
  9608,   219,   42000000,   11282250,        0,  -30717750,          0
  9608,   220,   42000000,   11262303,        0,  -30737697,          0
  9608,   221,   42000000,   11280772,        0,  -30719228,          0
  9608,   222,   42000000,   11236568,        0,  -30763432,          0
  9608,   223,   42000000,   11263141,        0,  -30736859,          0
  9608,   224,   42000000,   11286133,        0,  -30713867,          0
  9608,   225,   42000000,   11240813,        0,  -30759187,          0
  9608,   226,   42000000,   11249609,        0,  -30750391,          0
  9608,   227,   42000000,   11260282,        0,  -30739718,          0
  9608,   228,   42000000,   11243521,        0,  -30756479,          0
  9608,   229,   42000000,   11364161,        0,  -30635839,          0
  9608,   230,   42000000,   11335166,        0,  -30664834,          0
  9608,   231,   42000000,   11306495,        0,  -30693505,          0
  9608,   232,   42000000,   11289344,        0,  -30710656,          0
  9608,   233,   42000000,   11284516,        0,  -30715484,          0
  9608,   234,   42000000,   11273994,        0,  -30726006,          0
  9608,   235,   42000000,   11245688,        0,  -30754312,          0
  9608,   236,   42000000,   11347234,        0,  -30652766,          0
  9608,   237,   42000000,   11245444,        0,  -30754556,          0
  9608,   238,   42000000,   11274181,        0,  -30725819,          0
  9608,   239,   42000000,   11259281,        0,  -30740719,          0
  9608,   240,   42000000,   11293538,        0,  -30706462,          0
  9608,   241,   42000000,   11256071,        0,  -30743929,          0
  9608,   242,   42000000,   11279427,        0,  -30720573,          0
