# Task,   Job,     Period,   Response, DL Miss?,   Lateness,  Tardiness
# task NAME=myapp PID=8297 COST=38143000 PERIOD=58000000 CPU=0
  8297,     2,   58000000,       8281,        0,  -57991719,          0
  8297,     3,   58000000,      53459,        0,  -57946541,          0
  8297,     4,   58000000,   38509175,        0,  -19490825,          0
  8297,     5,   58000000,   37428024,        0,  -20571976,          0
  8297,     6,   58000000,   37470095,        0,  -20529905,          0
  8297,     7,   58000000,   37703684,        0,  -20296316,          0
  8297,     8,   58000000,   37436720,        0,  -20563280,          0
  8297,     9,   58000000,   37694673,        0,  -20305327,          0
  8297,    10,   58000000,   37443731,        0,  -20556269,          0
  8297,    11,   58000000,   37680638,        0,  -20319362,          0
  8297,    12,   58000000,   37431129,        0,  -20568871,          0
  8297,    13,   58000000,   37673566,        0,  -20326434,          0
  8297,    14,   58000000,   37399472,        0,  -20600528,          0
  8297,    15,   58000000,   37430180,        0,  -20569820,          0
  8297,    16,   58000000,   37434899,        0,  -20565101,          0
  8297,    17,   58000000,   37448779,        0,  -20551221,          0
  8297,    18,   58000000,   37446194,        0,  -20553806,          0
  8297,    19,   58000000,   37410831,        0,  -20589169,          0
  8297,    20,   58000000,   37692948,        0,  -20307052,          0
  8297,    21,   58000000,   37409670,        0,  -20590330,          0
  8297,    22,   58000000,   37697509,        0,  -20302491,          0
  8297,    23,   58000000,   37497779,        0,  -20502221,          0
  8297,    24,   58000000,   37718400,        0,  -20281600,          0
  8297,    25,   58000000,   37421364,        0,  -20578636,          0
  8297,    26,   58000000,   37666308,        0,  -20333692,          0
  8297,    27,   58000000,   37414000,        0,  -20586000,          0
  8297,    28,   58000000,   37419148,        0,  -20580852,          0
  8297,    29,   58000000,   37419123,        0,  -20580877,          0
  8297,    30,   58000000,   37450896,        0,  -20549104,          0
  8297,    31,   58000000,   37427008,        0,  -20572992,          0
  8297,    32,   58000000,   37467522,        0,  -20532478,          0
  8297,    33,   58000000,   37430098,        0,  -20569902,          0
  8297,    34,   58000000,   37406357,        0,  -20593643,          0
  8297,    35,   58000000,   37677848,        0,  -20322152,          0
  8297,    36,   58000000,   37429011,        0,  -20570989,          0
  8297,    37,   58000000,   37742559,        0,  -20257441,          0
  8297,    38,   58000000,   37483082,        0,  -20516918,          0
  8297,    39,   58000000,   37714166,        0,  -20285834,          0
  8297,    40,   58000000,   37523287,        0,  -20476713,          0
  8297,    41,   58000000,   37699957,        0,  -20300043,          0
  8297,    42,   58000000,   37460608,        0,  -20539392,          0
  8297,    43,   58000000,   37451309,        0,  -20548691,          0
  8297,    44,   58000000,   37465161,        0,  -20534839,          0
  8297,    45,   58000000,   37458118,        0,  -20541882,          0
  8297,    46,   58000000,   37448325,        0,  -20551675,          0
  8297,    47,   58000000,   37446176,        0,  -20553824,          0
  8297,    48,   58000000,   37710482,        0,  -20289518,          0
  8297,    49,   58000000,   37452850,        0,  -20547150,          0
  8297,    50,   58000000,   37722511,        0,  -20277489,          0
  8297,    51,   58000000,   37450697,        0,  -20549303,          0
  8297,    52,   58000000,   37729254,        0,  -20270746,          0
  8297,    53,   58000000,   37485236,        0,  -20514764,          0
  8297,    54,   58000000,   37732777,        0,  -20267223,          0
  8297,    55,   58000000,   37455263,        0,  -20544737,          0
  8297,    56,   58000000,   37446884,        0,  -20553116,          0
  8297,    57,   58000000,   37459343,        0,  -20540657,          0
  8297,    58,   58000000,   37501516,        0,  -20498484,          0
  8297,    59,   58000000,   37440213,        0,  -20559787,          0
  8297,    60,   58000000,   37445122,        0,  -20554878,          0
  8297,    61,   58000000,   37692715,        0,  -20307285,          0
  8297,    62,   58000000,   37446989,        0,  -20553011,          0
  8297,    63,   58000000,   37736415,        0,  -20263585,          0
  8297,    64,   58000000,   37495330,        0,  -20504670,          0
  8297,    65,   58000000,   37728501,        0,  -20271499,          0
  8297,    66,   58000000,   37438247,        0,  -20561753,          0
  8297,    67,   58000000,   37723535,        0,  -20276465,          0
  8297,    68,   58000000,   37440166,        0,  -20559834,          0
  8297,    69,   58000000,   37729825,        0,  -20270175,          0
  8297,    70,   58000000,   37448219,        0,  -20551781,          0
  8297,    71,   58000000,   37436481,        0,  -20563519,          0
  8297,    72,   58000000,   37428147,        0,  -20571853,          0
  8297,    73,   58000000,   37427915,        0,  -20572085,          0
  8297,    74,   58000000,   37390197,        0,  -20609803,          0
  8297,    75,   58000000,   37482168,        0,  -20517832,          0
  8297,    76,   58000000,   37679638,        0,  -20320362,          0
  8297,    77,   58000000,   37450732,        0,  -20549268,          0
  8297,    78,   58000000,   37751468,        0,  -20248532,          0
  8297,    79,   58000000,   37442966,        0,  -20557034,          0
  8297,    80,   58000000,   37713429,        0,  -20286571,          0
  8297,    81,   58000000,   37406411,        0,  -20593589,          0
  8297,    82,   58000000,   37971390,        0,  -20028610,          0
  8297,    83,   58000000,   37425639,        0,  -20574361,          0
  8297,    84,   58000000,   37433146,        0,  -20566854,          0
  8297,    85,   58000000,   37444174,        0,  -20555826,          0
  8297,    86,   58000000,   37425579,        0,  -20574421,          0
  8297,    87,   58000000,   37422781,        0,  -20577219,          0
  8297,    88,   58000000,   37403256,        0,  -20596744,          0
  8297,    89,   58000000,   37700128,        0,  -20299872,          0
  8297,    90,   58000000,   37445491,        0,  -20554509,          0
  8297,    91,   58000000,   37715782,        0,  -20284218,          0
  8297,    92,   58000000,   37507773,        0,  -20492227,          0
  8297,    93,   58000000,   37671270,        0,  -20328730,          0
  8297,    94,   58000000,   37419824,        0,  -20580176,          0
  8297,    95,   58000000,   37700225,        0,  -20299775,          0
  8297,    96,   58000000,   37400580,        0,  -20599420,          0
  8297,    97,   58000000,   37447427,        0,  -20552573,          0
  8297,    98,   58000000,   37429794,        0,  -20570206,          0
  8297,    99,   58000000,   37436680,        0,  -20563320,          0
  8297,   100,   58000000,   37493416,        0,  -20506584,          0
  8297,   101,   58000000,   37418856,        0,  -20581144,          0
  8297,   102,   58000000,   37434336,        0,  -20565664,          0
  8297,   103,   58000000,   37436081,        0,  -20563919,          0
  8297,   104,   58000000,   37730369,        0,  -20269631,          0
  8297,   105,   58000000,   37558044,        0,  -20441956,          0
  8297,   106,   58000000,   37706513,        0,  -20293487,          0
  8297,   107,   58000000,   37430811,        0,  -20569189,          0
  8297,   108,   58000000,   37693795,        0,  -20306205,          0
  8297,   109,   58000000,   37505808,        0,  -20494192,          0
  8297,   110,   58000000,   37686379,        0,  -20313621,          0
  8297,   111,   58000000,   37431661,        0,  -20568339,          0
  8297,   112,   58000000,   37444910,        0,  -20555090,          0
  8297,   113,   58000000,   37426431,        0,  -20573569,          0
  8297,   114,   58000000,   37430244,        0,  -20569756,          0
  8297,   115,   58000000,   37413645,        0,  -20586355,          0
  8297,   116,   58000000,   37401870,        0,  -20598130,          0
  8297,   117,   58000000,   37728355,        0,  -20271645,          0
  8297,   118,   58000000,   37414132,        0,  -20585868,          0
  8297,   119,   58000000,   37693304,        0,  -20306696,          0
  8297,   120,   58000000,   37464721,        0,  -20535279,          0
  8297,   121,   58000000,   37702256,        0,  -20297744,          0
  8297,   122,   58000000,   37416701,        0,  -20583299,          0
  8297,   123,   58000000,   37685416,        0,  -20314584,          0
  8297,   124,   58000000,   37428956,        0,  -20571044,          0
  8297,   125,   58000000,   37447199,        0,  -20552801,          0
  8297,   126,   58000000,   37429011,        0,  -20570989,          0
  8297,   127,   58000000,   37429369,        0,  -20570631,          0
  8297,   128,   58000000,   37402352,        0,  -20597648,          0
  8297,   129,   58000000,   37428007,        0,  -20571993,          0
  8297,   130,   58000000,   37424453,        0,  -20575547,          0
  8297,   131,   58000000,   37437046,        0,  -20562954,          0
  8297,   132,   58000000,   37715946,        0,  -20284054,          0
  8297,   133,   58000000,   37434515,        0,  -20565485,          0
  8297,   134,   58000000,   37739723,        0,  -20260277,          0
  8297,   135,   58000000,   37440742,        0,  -20559258,          0
  8297,   136,   58000000,   37683197,        0,  -20316803,          0
  8297,   137,   58000000,   37438880,        0,  -20561120,          0
  8297,   138,   58000000,   37702605,        0,  -20297395,          0
  8297,   139,   58000000,   37532898,        0,  -20467102,          0
  8297,   140,   58000000,   37482573,        0,  -20517427,          0
  8297,   141,   58000000,   37452431,        0,  -20547569,          0
  8297,   142,   58000000,   37457422,        0,  -20542578,          0
  8297,   143,   58000000,   37434757,        0,  -20565243,          0
  8297,   144,   58000000,   37525604,        0,  -20474396,          0
  8297,   145,   58000000,   37709681,        0,  -20290319,          0
  8297,   146,   58000000,   37448881,        0,  -20551119,          0
  8297,   147,   58000000,   37726582,        0,  -20273418,          0
  8297,   148,   58000000,   37431592,        0,  -20568408,          0
  8297,   149,   58000000,   37729213,        0,  -20270787,          0
  8297,   150,   58000000,   37437423,        0,  -20562577,          0
  8297,   151,   58000000,   37727028,        0,  -20272972,          0
  8297,   152,   58000000,   37456769,        0,  -20543231,          0
  8297,   153,   58000000,   37455493,        0,  -20544507,          0
  8297,   154,   58000000,   37435136,        0,  -20564864,          0
  8297,   155,   58000000,   37478428,        0,  -20521572,          0
  8297,   156,   58000000,   37436509,        0,  -20563491,          0
  8297,   157,   58000000,   37462332,        0,  -20537668,          0
  8297,   158,   58000000,   37452580,        0,  -20547420,          0
  8297,   159,   58000000,   37464024,        0,  -20535976,          0
  8297,   160,   58000000,   37690493,        0,  -20309507,          0
  8297,   161,   58000000,   37518927,        0,  -20481073,          0
  8297,   162,   58000000,   37686405,        0,  -20313595,          0
  8297,   163,   58000000,   37428099,        0,  -20571901,          0
  8297,   164,   58000000,   37704328,        0,  -20295672,          0
  8297,   165,   58000000,   37470911,        0,  -20529089,          0
  8297,   166,   58000000,   37740383,        0,  -20259617,          0
  8297,   167,   58000000,   37459416,        0,  -20540584,          0
  8297,   168,   58000000,   37450623,        0,  -20549377,          0
  8297,   169,   58000000,   37443288,        0,  -20556712,          0
  8297,   170,   58000000,   37444813,        0,  -20555187,          0
  8297,   171,   58000000,   37428714,        0,  -20571286,          0
  8297,   172,   58000000,   37452408,        0,  -20547592,          0
  8297,   173,   58000000,   37721105,        0,  -20278895,          0
  8297,   174,   58000000,   37434786,        0,  -20565214,          0
  8297,   175,   58000000,   37706472,        0,  -20293528,          0
  8297,   176,   58000000,   37426469,        0,  -20573531,          0
# task NAME=myapp PID=8300 COST=77496000 PERIOD=97000000 CPU=0
  8300,     2,   97000000,      10509,        0,  -96989491,          0
  8300,     3,   97000000,      57370,        0,  -96942630,          0
  8300,     4,   97000000,   77411762,        0,  -19588238,          0
  8300,     5,   97000000,   76298652,        0,  -20701348,          0
  8300,     6,   97000000,   76297783,        0,  -20702217,          0
  8300,     7,   97000000,   76026188,        0,  -20973812,          0
  8300,     8,   97000000,   76291499,        0,  -20708501,          0
  8300,     9,   97000000,   76286300,        0,  -20713700,          0
  8300,    10,   97000000,   76316651,        0,  -20683349,          0
  8300,    11,   97000000,   75995286,        0,  -21004714,          0
  8300,    12,   97000000,   75982662,        0,  -21017338,          0
  8300,    13,   97000000,   76288923,        0,  -20711077,          0
  8300,    14,   97000000,   76271891,        0,  -20728109,          0
  8300,    15,   97000000,   76341304,        0,  -20658696,          0
  8300,    16,   97000000,   76025759,        0,  -20974241,          0
  8300,    17,   97000000,   76279442,        0,  -20720558,          0
  8300,    18,   97000000,   76288005,        0,  -20711995,          0
  8300,    19,   97000000,   76300139,        0,  -20699861,          0
  8300,    20,   97000000,   75999844,        0,  -21000156,          0
  8300,    21,   97000000,   75995527,        0,  -21004473,          0
  8300,    22,   97000000,   76251022,        0,  -20748978,          0
  8300,    23,   97000000,   76268709,        0,  -20731291,          0
  8300,    24,   97000000,   75998255,        0,  -21001745,          0
  8300,    25,   97000000,   76079665,        0,  -20920335,          0
  8300,    26,   97000000,   76275159,        0,  -20724841,          0
  8300,    27,   97000000,   76286768,        0,  -20713232,          0
  8300,    28,   97000000,   76317127,        0,  -20682873,          0
  8300,    29,   97000000,   76026513,        0,  -20973487,          0
  8300,    30,   97000000,   76040435,        0,  -20959565,          0
  8300,    31,   97000000,   76305632,        0,  -20694368,          0
  8300,    32,   97000000,   76265798,        0,  -20734202,          0
  8300,    33,   97000000,   76033852,        0,  -20966148,          0
  8300,    34,   97000000,   76016828,        0,  -20983172,          0
  8300,    35,   97000000,   76272674,        0,  -20727326,          0
  8300,    36,   97000000,   76289521,        0,  -20710479,          0
  8300,    37,   97000000,   76294922,        0,  -20705078,          0
  8300,    38,   97000000,   76012613,        0,  -20987387,          0
  8300,    39,   97000000,   76030825,        0,  -20969175,          0
  8300,    40,   97000000,   76328607,        0,  -20671393,          0
  8300,    41,   97000000,   76303632,        0,  -20696368,          0
  8300,    42,   97000000,   76027762,        0,  -20972238,          0
  8300,    43,   97000000,   76028220,        0,  -20971780,          0
  8300,    44,   97000000,   76276638,        0,  -20723362,          0
  8300,    45,   97000000,   76306927,        0,  -20693073,          0
  8300,    46,   97000000,   76345605,        0,  -20654395,          0
  8300,    47,   97000000,   75986490,        0,  -21013510,          0
  8300,    48,   97000000,   76002415,        0,  -20997585,          0
  8300,    49,   97000000,   76303886,        0,  -20696114,          0
  8300,    50,   97000000,   76568184,        0,  -20431816,          0
  8300,    51,   97000000,   75994203,        0,  -21005797,          0
  8300,    52,   97000000,   76037776,        0,  -20962224,          0
  8300,    53,   97000000,   76296353,        0,  -20703647,          0
  8300,    54,   97000000,   76294547,        0,  -20705453,          0
  8300,    55,   97000000,   76301292,        0,  -20698708,          0
  8300,    56,   97000000,   76093748,        0,  -20906252,          0
  8300,    57,   97000000,   76254939,        0,  -20745061,          0
  8300,    58,   97000000,   76316721,        0,  -20683279,          0
  8300,    59,   97000000,   76306635,        0,  -20693365,          0
  8300,    60,   97000000,   76023423,        0,  -20976577,          0
  8300,    61,   97000000,   76135694,        0,  -20864306,          0
  8300,    62,   97000000,   76347934,        0,  -20652066,          0
  8300,    63,   97000000,   76350569,        0,  -20649431,          0
  8300,    64,   97000000,   76368857,        0,  -20631143,          0
  8300,    65,   97000000,   76023764,        0,  -20976236,          0
  8300,    66,   97000000,   76396781,        0,  -20603219,          0
  8300,    67,   97000000,   76298163,        0,  -20701837,          0
  8300,    68,   97000000,   76295395,        0,  -20704605,          0
  8300,    69,   97000000,   76015180,        0,  -20984820,          0
  8300,    70,   97000000,   76029328,        0,  -20970672,          0
  8300,    71,   97000000,   76306692,        0,  -20693308,          0
  8300,    72,   97000000,   76265930,        0,  -20734070,          0
  8300,    73,   97000000,   76294133,        0,  -20705867,          0
  8300,    74,   97000000,   76030749,        0,  -20969251,          0
  8300,    75,   97000000,   76301244,        0,  -20698756,          0
  8300,    76,   97000000,   76297440,        0,  -20702560,          0
  8300,    77,   97000000,   76375176,        0,  -20624824,          0
  8300,    78,   97000000,   76005069,        0,  -20994931,          0
  8300,    79,   97000000,   76018380,        0,  -20981620,          0
  8300,    80,   97000000,   76308752,        0,  -20691248,          0
  8300,    81,   97000000,   76294684,        0,  -20705316,          0
  8300,    82,   97000000,   76020742,        0,  -20979258,          0
  8300,    83,   97000000,   75994299,        0,  -21005701,          0
  8300,    84,   97000000,   76330243,        0,  -20669757,          0
  8300,    85,   97000000,   76308935,        0,  -20691065,          0
  8300,    86,   97000000,   76314428,        0,  -20685572,          0
  8300,    87,   97000000,   76077880,        0,  -20922120,          0
  8300,    88,   97000000,   76019893,        0,  -20980107,          0
  8300,    89,   97000000,   76275198,        0,  -20724802,          0
  8300,    90,   97000000,   76288382,        0,  -20711618,          0
  8300,    91,   97000000,   76059470,        0,  -20940530,          0
  8300,    92,   97000000,   76052993,        0,  -20947007,          0
  8300,    93,   97000000,   76171668,        0,  -20828332,          0
  8300,    94,   97000000,   76247484,        0,  -20752516,          0
  8300,    95,   97000000,   76313334,        0,  -20686666,          0
  8300,    96,   97000000,   76017818,        0,  -20982182,          0
  8300,    97,   97000000,   75993996,        0,  -21006004,          0
  8300,    98,   97000000,   76234906,        0,  -20765094,          0
  8300,    99,   97000000,   76267655,        0,  -20732345,          0
  8300,   100,   97000000,   76017652,        0,  -20982348,          0
  8300,   101,   97000000,   76056546,        0,  -20943454,          0
  8300,   102,   97000000,   76297623,        0,  -20702377,          0
  8300,   103,   97000000,   76220508,        0,  -20779492,          0
  8300,   104,   97000000,   76285961,        0,  -20714039,          0
  8300,   105,   97000000,   76010066,        0,  -20989934,          0
  8300,   106,   97000000,   76029385,        0,  -20970615,          0
  8300,   107,   97000000,   76264133,        0,  -20735867,          0
# task NAME=myapp PID=8304 COST=36953000 PERIOD=68000000 CPU=0
  8304,     2,   68000000,      11081,        0,  -67988919,          0
  8304,     3,   68000000,      49365,        0,  -67950635,          0
  8304,     4,   68000000,   37311670,        0,  -30688330,          0
  8304,     5,   68000000,   36300542,        0,  -31699458,          0
  8304,     6,   68000000,   36623464,        0,  -31376536,          0
  8304,     7,   68000000,   36304730,        0,  -31695270,          0
  8304,     8,   68000000,   36563247,        0,  -31436753,          0
  8304,     9,   68000000,   36292691,        0,  -31707309,          0
  8304,    10,   68000000,   36553698,        0,  -31446302,          0
  8304,    11,   68000000,   36275260,        0,  -31724740,          0
  8304,    12,   68000000,   36553017,        0,  -31446983,          0
  8304,    13,   68000000,   36292600,        0,  -31707400,          0
  8304,    14,   68000000,   36294900,        0,  -31705100,          0
  8304,    15,   68000000,   36296525,        0,  -31703475,          0
  8304,    16,   68000000,   36291282,        0,  -31708718,          0
  8304,    17,   68000000,   36278775,        0,  -31721225,          0
  8304,    18,   68000000,   36277043,        0,  -31722957,          0
  8304,    19,   68000000,   36551710,        0,  -31448290,          0
  8304,    20,   68000000,   36379582,        0,  -31620418,          0
  8304,    21,   68000000,   36577316,        0,  -31422684,          0
  8304,    22,   68000000,   36281504,        0,  -31718496,          0
  8304,    23,   68000000,   36557495,        0,  -31442505,          0
  8304,    24,   68000000,   36278313,        0,  -31721687,          0
  8304,    25,   68000000,   36292165,        0,  -31707835,          0
  8304,    26,   68000000,   36289394,        0,  -31710606,          0
  8304,    27,   68000000,   36277397,        0,  -31722603,          0
  8304,    28,   68000000,   36292456,        0,  -31707544,          0
  8304,    29,   68000000,   36294983,        0,  -31705017,          0
  8304,    30,   68000000,   36563754,        0,  -31436246,          0
  8304,    31,   68000000,   36282265,        0,  -31717735,          0
  8304,    32,   68000000,   36554948,        0,  -31445052,          0
  8304,    33,   68000000,   36285178,        0,  -31714822,          0
  8304,    34,   68000000,   36501256,        0,  -31498744,          0
  8304,    35,   68000000,   36325882,        0,  -31674118,          0
  8304,    36,   68000000,   36256536,        0,  -31743464,          0
  8304,    37,   68000000,   36281096,        0,  -31718904,          0
  8304,    38,   68000000,   36267605,        0,  -31732395,          0
  8304,    39,   68000000,   36280996,        0,  -31719004,          0
  8304,    40,   68000000,   36253917,        0,  -31746083,          0
  8304,    41,   68000000,   36493138,        0,  -31506862,          0
  8304,    42,   68000000,   36284488,        0,  -31715512,          0
  8304,    43,   68000000,   36539801,        0,  -31460199,          0
  8304,    44,   68000000,   36270300,        0,  -31729700,          0
  8304,    45,   68000000,   36531624,        0,  -31468376,          0
  8304,    46,   68000000,   36273011,        0,  -31726989,          0
  8304,    47,   68000000,   36244919,        0,  -31755081,          0
  8304,    48,   68000000,   36266777,        0,  -31733223,          0
  8304,    49,   68000000,   36268500,        0,  -31731500,          0
  8304,    50,   68000000,   36266331,        0,  -31733669,          0
  8304,    51,   68000000,   36239574,        0,  -31760426,          0
  8304,    52,   68000000,   36521749,        0,  -31478251,          0
  8304,    53,   68000000,   36247179,        0,  -31752821,          0
  8304,    54,   68000000,   36507051,        0,  -31492949,          0
  8304,    55,   68000000,   36276200,        0,  -31723800,          0
  8304,    56,   68000000,   36541381,        0,  -31458619,          0
  8304,    57,   68000000,   36240275,        0,  -31759725,          0
  8304,    58,   68000000,   36244408,        0,  -31755592,          0
  8304,    59,   68000000,   36254242,        0,  -31745758,          0
  8304,    60,   68000000,   36280147,        0,  -31719853,          0
  8304,    61,   68000000,   36303732,        0,  -31696268,          0
  8304,    62,   68000000,   36283729,        0,  -31716271,          0
  8304,    63,   68000000,   36568960,        0,  -31431040,          0
  8304,    64,   68000000,   36343803,        0,  -31656197,          0
  8304,    65,   68000000,   36554364,        0,  -31445636,          0
  8304,    66,   68000000,   36297944,        0,  -31702056,          0
  8304,    67,   68000000,   36562426,        0,  -31437574,          0
  8304,    68,   68000000,   36290934,        0,  -31709066,          0
  8304,    69,   68000000,   36559581,        0,  -31440419,          0
  8304,    70,   68000000,   36544925,        0,  -31455075,          0
  8304,    71,   68000000,   36289326,        0,  -31710674,          0
  8304,    72,   68000000,   36284918,        0,  -31715082,          0
  8304,    73,   68000000,   36297235,        0,  -31702765,          0
  8304,    74,   68000000,   36286847,        0,  -31713153,          0
  8304,    75,   68000000,   36284062,        0,  -31715938,          0
  8304,    76,   68000000,   36570345,        0,  -31429655,          0
  8304,    77,   68000000,   36310778,        0,  -31689222,          0
  8304,    78,   68000000,   36572075,        0,  -31427925,          0
  8304,    79,   68000000,   36388232,        0,  -31611768,          0
  8304,    80,   68000000,   36515677,        0,  -31484323,          0
  8304,    81,   68000000,   36282813,        0,  -31717187,          0
  8304,    82,   68000000,   36294119,        0,  -31705881,          0
  8304,    83,   68000000,   36281467,        0,  -31718533,          0
  8304,    84,   68000000,   36284735,        0,  -31715265,          0
  8304,    85,   68000000,   36287579,        0,  -31712421,          0
  8304,    86,   68000000,   36275951,        0,  -31724049,          0
  8304,    87,   68000000,   36514348,        0,  -31485652,          0
  8304,    88,   68000000,   36257395,        0,  -31742605,          0
  8304,    89,   68000000,   36555657,        0,  -31444343,          0
  8304,    90,   68000000,   36369723,        0,  -31630277,          0
  8304,    91,   68000000,   36572828,        0,  -31427172,          0
  8304,    92,   68000000,   36294252,        0,  -31705748,          0
  8304,    93,   68000000,   36287198,        0,  -31712802,          0
  8304,    94,   68000000,   36297300,        0,  -31702700,          0
  8304,    95,   68000000,   36285957,        0,  -31714043,          0
  8304,    96,   68000000,   36288416,        0,  -31711584,          0
  8304,    97,   68000000,   36277563,        0,  -31722437,          0
  8304,    98,   68000000,   36535463,        0,  -31464537,          0
  8304,    99,   68000000,   36287597,        0,  -31712403,          0
  8304,   100,   68000000,   36594223,        0,  -31405777,          0
  8304,   101,   68000000,   36276351,        0,  -31723649,          0
  8304,   102,   68000000,   36563945,        0,  -31436055,          0
  8304,   103,   68000000,   36291519,        0,  -31708481,          0
  8304,   104,   68000000,   36278191,        0,  -31721809,          0
  8304,   105,   68000000,   36288839,        0,  -31711161,          0
  8304,   106,   68000000,   36287603,        0,  -31712397,          0
  8304,   107,   68000000,   36320744,        0,  -31679256,          0
  8304,   108,   68000000,   36287943,        0,  -31712057,          0
  8304,   109,   68000000,   36567206,        0,  -31432794,          0
  8304,   110,   68000000,   36304154,        0,  -31695846,          0
  8304,   111,   68000000,   36564883,        0,  -31435117,          0
  8304,   112,   68000000,   36301514,        0,  -31698486,          0
  8304,   113,   68000000,   36587749,        0,  -31412251,          0
  8304,   114,   68000000,   36292182,        0,  -31707818,          0
  8304,   115,   68000000,   36285941,        0,  -31714059,          0
  8304,   116,   68000000,   36293865,        0,  -31706135,          0
  8304,   117,   68000000,   36323106,        0,  -31676894,          0
  8304,   118,   68000000,   36293887,        0,  -31706113,          0
  8304,   119,   68000000,   36353192,        0,  -31646808,          0
  8304,   120,   68000000,   36549308,        0,  -31450692,          0
  8304,   121,   68000000,   36245529,        0,  -31754471,          0
  8304,   122,   68000000,   36560730,        0,  -31439270,          0
  8304,   123,   68000000,   36325437,        0,  -31674563,          0
  8304,   124,   68000000,   36567880,        0,  -31432120,          0
  8304,   125,   68000000,   36283750,        0,  -31716250,          0
  8304,   126,   68000000,   36525369,        0,  -31474631,          0
  8304,   127,   68000000,   36264711,        0,  -31735289,          0
  8304,   128,   68000000,   36231650,        0,  -31768350,          0
  8304,   129,   68000000,   36262065,        0,  -31737935,          0
  8304,   130,   68000000,   36270450,        0,  -31729550,          0
  8304,   131,   68000000,   36535643,        0,  -31464357,          0
  8304,   132,   68000000,   36234294,        0,  -31765706,          0
  8304,   133,   68000000,   36542867,        0,  -31457133,          0
  8304,   134,   68000000,   36248338,        0,  -31751662,          0
  8304,   135,   68000000,   36483684,        0,  -31516316,          0
  8304,   136,   68000000,   36281604,        0,  -31718396,          0
  8304,   137,   68000000,   36472205,        0,  -31527795,          0
  8304,   138,   68000000,   36306022,        0,  -31693978,          0
  8304,   139,   68000000,   36227288,        0,  -31772712,          0
  8304,   140,   68000000,   36282466,        0,  -31717534,          0
  8304,   141,   68000000,   36260685,        0,  -31739315,          0
  8304,   142,   68000000,   36288886,        0,  -31711114,          0
  8304,   143,   68000000,   36278366,        0,  -31721634,          0
  8304,   144,   68000000,   36556097,        0,  -31443903,          0
  8304,   145,   68000000,   36265728,        0,  -31734272,          0
  8304,   146,   68000000,   36479781,        0,  -31520219,          0
  8304,   147,   68000000,   36296797,        0,  -31703203,          0
  8304,   148,   68000000,   36592657,        0,  -31407343,          0
  8304,   149,   68000000,   36300746,        0,  -31699254,          0
  8304,   150,   68000000,   36293338,        0,  -31706662,          0
  8304,   151,   68000000,   36293924,        0,  -31706076,          0
