537 537 1
349 349 1
247 247 1
382 382 1
732 732 1
1175 1175 1
498 498 1
264 264 1
285 285 1
226 226 1
457 457 1
227 227 1
1445 1445 1
617 617 1
1256 1256 1
412 412 1
559 559 1
645 645 1
1365 1365 1
272 272 1
211 211 1
444 444 1
291 291 1
756 756 1
350 350 1
 
688 688 1
2543 2543 1
1117 1117 1
769 769 1
980 980 1
515 515 1
1826 1826 1
1008 1008 1
1879 1879 1
1307 1307 1
2442 2442 1
1082 1082 1
2053 2053 1
876 876 1
1980 1980 1
1160 1160 1
1476 1476 1
1004 1004 1
716 716 1
864 864 1
1262 1262 1
791 791 1
1101 1101 1
1012 1012 1
1850 1850 1
 
755 755 1
1268 1268 1
1998 1998 1
1746 1746 1
1237 1237 1
1516 1516 1
1975 1975 1
2108 2108 1
1109 1109 1
2005 2005 1
2680 2680 1
833 833 1
1553 1553 1
1748 1748 1
1110 1110 1
3052 3052 1
2125 2125 1
1458 1458 1
2011 2011 1
1954 1954 1
2620 2620 1
1822 1822 1
1138 1138 1
1450 1450 1
1866 1866 1
 
1902 1902 1
2419 2419 1
2876 2876 1
2541 2541 1
3002 3002 1
1742 1742 1
2234 2234 1
2531 2531 1
3163 3163 1
2676 2676 1
1906 1906 1
2763 2763 1
3609 3609 1
2595 2595 1
2564 2564 1
2700 2700 1
2035 2035 1
2795 2795 1
3461 3461 1
2293 2293 1
1758 1758 1
1648 1648 1
1849 1849 1
2374 2374 1
2252 2252 1
 
1806 1806 1
5108 5108 1
3073 3073 1
2044 2044 1
3271 3271 1
2220 2220 1
4514 4514 1
3065 3065 1
4020 4020 1
2127 2127 1
1714 1714 1
2490 2490 1
2603 2603 1
2256 2256 1
2133 2133 1
4349 4349 1
2977 2977 1
2206 2206 1
3643 3643 1
3535 3535 1
2164 2164 1
1788 1788 1
1627 1627 1
1477 1477 1
1883 1883 1
 
2749 2749 1
3073 3073 1
5484 5484 1
1890 1890 1
3020 3020 1
3357 3357 1
3823 3823 1
4737 4738 0
2697 2697 1
4026 4026 1
3258 3258 1
2579 2579 1
2693 2693 1
3750 3750 1
3613 3613 1
2643 2643 1
3403 3403 1
2703 2703 1
2759 2759 1
4111 4111 1
2809 2809 1
4006 4006 1
2991 2991 1
2935 2935 1
3077 3077 1
 
2685 2685 1
3894 3894 1
5969 5969 1
2628 2628 1
2667 2667 1
3808 3808 1
3556 3557 0
3125 3125 1
3487 3487 1
3269 3269 1
3019 3019 1
5230 5230 1
4674 4674 1
3279 3279 1
3674 3674 1
4442 4442 1
3317 3317 1
3082 3082 1
5732 5732 1
3415 3415 1
3469 3469 1
3552 3552 1
3170 3170 1
2832 2832 1
2504 2504 1
 
1366 4361 0
1346 3840 0
1422 3539 0
926 3408 0
1543 4816 0
1126 4520 0
1626 5857 0
1684 4759 0
1001 2991 0
1551 4109 0
1564 4694 0
1155 4254 0
1209 3807 0
1331 4602 0
1068 3434 0
1173 3840 0
1291 4346 0
1020 4920 0
1749 5212 0
1614 4183 0
1564 5705 0
1414 4141 0
1316 4094 0
1324 4770 0
1346 5121 0
 
===
