437 437 1
1003 1003 1
259 259 1
134 134 1
325 325 1
211 211 1
503 503 1
503 503 1
166 166 1
138 138 1
136 136 1
241 241 1
159 159 1
297 297 1
288 288 1
141 141 1
503 503 1
437 437 1
195 195 1
178 178 1
558 558 1
591 591 1
403 403 1
306 306 1
315 315 1
 
583 583 1
295 295 1
848 848 1
376 376 1
386 386 1
494 494 1
382 382 1
326 326 1
414 414 1
509 509 1
437 437 1
308 308 1
707 707 1
357 357 1
407 407 1
385 385 1
845 845 1
928 928 1
481 481 1
372 372 1
388 388 1
264 264 1
770 770 1
662 662 1
738 738 1
 
1081 1082 0
674 674 1
687 687 1
448 448 1
921 921 1
216 216 1
794 794 1
626 626 1
327 327 1
403 403 1
749 749 1
238 238 1
709 709 1
1143 1143 1
624 624 1
425 425 1
622 622 1
269 269 1
913 913 1
609 609 1
890 890 1
1440 1441 0
1094 1094 1
678 678 1
1467 1467 1
 
944 944 1
829 829 1
1141 1141 1
765 765 1
858 858 1
1168 1168 1
1989 1989 1
1558 1558 1
1042 1042 1
422 422 1
526 526 1
1034 1034 1
477 477 1
1433 1433 1
474 474 1
434 434 1
651 651 1
454 454 1
1005 1005 1
690 690 1
1086 1086 1
706 706 1
1318 1318 1
1577 1577 1
743 743 1
 
1490 1490 1
1717 1717 1
1304 1304 1
760 760 1
1304 1304 1
937 937 1
917 917 1
994 994 1
981 981 1
1123 1123 1
791 791 1
1200 1200 1
918 918 1
1667 1667 1
1223 1223 1
1284 1284 1
793 793 1
448 448 1
1953 1954 0
798 799 0
1381 1382 0
743 743 1
1548 1548 1
1246 1246 1
1086 1086 1
 
1990 1992 0
1318 1318 1
1584 1617 0
996 996 1
658 658 1
1684 1686 0
858 858 1
922 922 1
635 635 1
1755 1756 0
1936 1937 0
1085 1085 1
1602 1602 1
1216 1216 1
1307 1307 1
647 647 1
1589 1592 0
1915 1915 1
701 701 1
1482 1483 0
1148 1151 0
2398 2420 0
786 786 1
666 666 1
1006 1006 1
 
1334 1359 0
2648 2657 0
681 681 1
1064 1073 0
1397 1403 0
1347 1372 0
1131 1132 0
1335 1360 0
1299 1300 0
1568 1573 0
836 836 1
1606 1606 1
1317 1317 1
1290 1299 0
1922 1927 0
1921 1925 0
1979 1979 1
2011 2029 0
1027 1027 1
978 978 1
928 961 0
2199 2203 0
1903 1905 0
1379 1600 0
2343 2349 0
 
1293 1719 0
574 1483 0
1168 1648 0
572 1312 0
1748 2112 0
1416 1753 0
1088 1304 0
463 1176 0
1221 1598 0
1231 1705 0
894 1270 0
687 929 0
792 1074 0
791 1180 0
630 1015 0
1069 1359 0
1771 2067 0
558 1094 0
1177 1615 0
746 1942 0
533 1104 0
516 931 0
1333 1634 0
1573 2413 0
785 1224 0
 
===
