# Task,   Job,     Period,   Response, DL Miss?,   Lateness,  Tardiness
# task NAME=myapp PID=27662 COST=29106000 PERIOD=41000000 CPU=0
 27662,     2,   41000000,       6341,        0,  -40993659,          0
 27662,     3,   41000000,      44174,        0,  -40955826,          0
 27662,     4,   41000000,   29540644,        0,  -11459356,          0
 27662,     5,   41000000,   29163732,        0,  -11836268,          0
 27662,     6,   41000000,   29291913,        0,  -11708087,          0
 27662,     7,   41000000,   29681943,        0,  -11318057,          0
 27662,     8,   41000000,   28594348,        0,  -12405652,          0
 27662,     9,   41000000,   28524821,        0,  -12475179,          0
 27662,    10,   41000000,   28555631,        0,  -12444369,          0
 27662,    11,   41000000,   28524297,        0,  -12475703,          0
 27662,    12,   41000000,   29966714,        0,  -11033286,          0
 27662,    13,   41000000,   28672004,        0,  -12327996,          0
 27662,    14,   41000000,   28513020,        0,  -12486980,          0
 27662,    15,   41000000,   28537098,        0,  -12462902,          0
 27662,    16,   41000000,   28548462,        0,  -12451538,          0
 27662,    17,   41000000,   28544408,        0,  -12455592,          0
 27662,    18,   41000000,   28629561,        0,  -12370439,          0
 27662,    19,   41000000,   28514162,        0,  -12485838,          0
 27662,    20,   41000000,   28538519,        0,  -12461481,          0
 27662,    21,   41000000,   28627926,        0,  -12372074,          0
 27662,    22,   41000000,   28666337,        0,  -12333663,          0
 27662,    23,   41000000,   29245562,        0,  -11754438,          0
 27662,    24,   41000000,   28658348,        0,  -12341652,          0
 27662,    25,   41000000,   29641377,        0,  -11358623,          0
 27662,    26,   41000000,   28524035,        0,  -12475965,          0
 27662,    27,   41000000,   28621329,        0,  -12378671,          0
 27662,    28,   41000000,   28572958,        0,  -12427042,          0
 27662,    29,   41000000,   28562067,        0,  -12437933,          0
 27662,    30,   41000000,   28518427,        0,  -12481573,          0
 27662,    31,   41000000,   28967576,        0,  -12032424,          0
 27662,    32,   41000000,   28524424,        0,  -12475576,          0
 27662,    33,   41000000,   28696395,        0,  -12303605,          0
 27662,    34,   41000000,   28830420,        0,  -12169580,          0
 27662,    35,   41000000,   28524014,        0,  -12475986,          0
 27662,    36,   41000000,   28531587,        0,  -12468413,          0
 27662,    37,   41000000,   28924316,        0,  -12075684,          0
 27662,    38,   41000000,   28528570,        0,  -12471430,          0
 27662,    39,   41000000,   28695950,        0,  -12304050,          0
 27662,    40,   41000000,   28877067,        0,  -12122933,          0
 27662,    41,   41000000,   28544327,        0,  -12455673,          0
 27662,    42,   41000000,   28517296,        0,  -12482704,          0
 27662,    43,   41000000,   29324724,        0,  -11675276,          0
 27662,    44,   41000000,   28515484,        0,  -12484516,          0
 27662,    45,   41000000,   28685003,        0,  -12314997,          0
 27662,    46,   41000000,   28912357,        0,  -12087643,          0
 27662,    47,   41000000,   28578286,        0,  -12421714,          0
 27662,    48,   41000000,   29675572,        0,  -11324428,          0
 27662,    49,   41000000,   28784243,        0,  -12215757,          0
 27662,    50,   41000000,   28995872,        0,  -12004128,          0
 27662,    51,   41000000,   28544933,        0,  -12455067,          0
 27662,    52,   41000000,   28804735,        0,  -12195265,          0
 27662,    53,   41000000,   29438148,        0,  -11561852,          0
 27662,    54,   41000000,   28662424,        0,  -12337576,          0
 27662,    55,   41000000,   28843260,        0,  -12156740,          0
 27662,    56,   41000000,   28620033,        0,  -12379967,          0
 27662,    57,   41000000,   28639246,        0,  -12360754,          0
 27662,    58,   41000000,   28837892,        0,  -12162108,          0
 27662,    59,   41000000,   28561975,        0,  -12438025,          0
 27662,    60,   41000000,   28526943,        0,  -12473057,          0
 27662,    61,   41000000,   28845868,        0,  -12154132,          0
 27662,    62,   41000000,   28544396,        0,  -12455604,          0
 27662,    63,   41000000,   30498838,        0,  -10501162,          0
 27662,    64,   41000000,   28796948,        0,  -12203052,          0
 27662,    65,   41000000,   28515525,        0,  -12484475,          0
 27662,    66,   41000000,   28603533,        0,  -12396467,          0
 27662,    67,   41000000,   28782008,        0,  -12217992,          0
 27662,    68,   41000000,   28521926,        0,  -12478074,          0
 27662,    69,   41000000,   28629336,        0,  -12370664,          0
 27662,    70,   41000000,   29103401,        0,  -11896599,          0
 27662,    71,   41000000,   28545747,        0,  -12454253,          0
 27662,    72,   41000000,   28508592,        0,  -12491408,          0
 27662,    73,   41000000,   28556918,        0,  -12443082,          0
 27662,    74,   41000000,   28562615,        0,  -12437385,          0
 27662,    75,   41000000,   28506136,        0,  -12493864,          0
 27662,    76,   41000000,   28554049,        0,  -12445951,          0
 27662,    77,   41000000,   28540788,        0,  -12459212,          0
 27662,    78,   41000000,   28515411,        0,  -12484589,          0
 27662,    79,   41000000,   28504166,        0,  -12495834,          0
 27662,    80,   41000000,   28580819,        0,  -12419181,          0
 27662,    81,   41000000,   29617375,        0,  -11382625,          0
 27662,    82,   41000000,   28518201,        0,  -12481799,          0
 27662,    83,   41000000,   28497810,        0,  -12502190,          0
 27662,    84,   41000000,   28516487,        0,  -12483513,          0
 27662,    85,   41000000,   28749455,        0,  -12250545,          0
 27662,    86,   41000000,   28503372,        0,  -12496628,          0
 27662,    87,   41000000,   28505905,        0,  -12494095,          0
 27662,    88,   41000000,   30438331,        0,  -10561669,          0
 27662,    89,   41000000,   28524468,        0,  -12475532,          0
 27662,    90,   41000000,   29137980,        0,  -11862020,          0
 27662,    91,   41000000,   28628116,        0,  -12371884,          0
 27662,    92,   41000000,   28948232,        0,  -12051768,          0
 27662,    93,   41000000,   28526523,        0,  -12473477,          0
 27662,    94,   41000000,   28492110,        0,  -12507890,          0
 27662,    95,   41000000,   28791215,        0,  -12208785,          0
 27662,    96,   41000000,   28522505,        0,  -12477495,          0
 27662,    97,   41000000,   28509164,        0,  -12490836,          0
 27662,    98,   41000000,   28793754,        0,  -12206246,          0
 27662,    99,   41000000,   28488830,        0,  -12511170,          0
 27662,   100,   41000000,   28761755,        0,  -12238245,          0
 27662,   101,   41000000,   30346776,        0,  -10653224,          0
 27662,   102,   41000000,   28645701,        0,  -12354299,          0
 27662,   103,   41000000,   28597314,        0,  -12402686,          0
 27662,   104,   41000000,   28789186,        0,  -12210814,          0
 27662,   105,   41000000,   28514543,        0,  -12485457,          0
 27662,   106,   41000000,   29394863,        0,  -11605137,          0
 27662,   107,   41000000,   28783923,        0,  -12216077,          0
 27662,   108,   41000000,   28496722,        0,  -12503278,          0
 27662,   109,   41000000,   28545419,        0,  -12454581,          0
 27662,   110,   41000000,   28802546,        0,  -12197454,          0
 27662,   111,   41000000,   28518794,        0,  -12481206,          0
 27662,   112,   41000000,   28514377,        0,  -12485623,          0
 27662,   113,   41000000,   28859837,        0,  -12140163,          0
 27662,   114,   41000000,   28544095,        0,  -12455905,          0
 27662,   115,   41000000,   28624822,        0,  -12375178,          0
 27662,   116,   41000000,   28801697,        0,  -12198303,          0
 27662,   117,   41000000,   28513901,        0,  -12486099,          0
 27662,   118,   41000000,   28539284,        0,  -12460716,          0
 27662,   119,   41000000,   28796444,        0,  -12203556,          0
 27662,   120,   41000000,   29950142,        0,  -11049858,          0
 27662,   121,   41000000,   28745389,        0,  -12254611,          0
 27662,   122,   41000000,   28783739,        0,  -12216261,          0
 27662,   123,   41000000,   29419897,        0,  -11580103,          0
 27662,   124,   41000000,   29495275,        0,  -11504725,          0
 27662,   125,   41000000,   28786721,        0,  -12213279,          0
 27662,   126,   41000000,   32143085,        0,   -8856915,          0
 27662,   127,   41000000,   28645928,        0,  -12354072,          0
 27662,   128,   41000000,   29146856,        0,  -11853144,          0
 27662,   129,   41000000,   28516407,        0,  -12483593,          0
 27662,   130,   41000000,   28530670,        0,  -12469330,          0
 27662,   131,   41000000,   28884310,        0,  -12115690,          0
 27662,   132,   41000000,   28508890,        0,  -12491110,          0
 27662,   133,   41000000,   28533622,        0,  -12466378,          0
 27662,   134,   41000000,   28528882,        0,  -12471118,          0
 27662,   135,   41000000,   28622451,        0,  -12377549,          0
 27662,   136,   41000000,   28509328,        0,  -12490672,          0
 27662,   137,   41000000,   28669108,        0,  -12330892,          0
 27662,   138,   41000000,   28506325,        0,  -12493675,          0
 27662,   139,   41000000,   30288023,        0,  -10711977,          0
 27662,   140,   41000000,   28543776,        0,  -12456224,          0
 27662,   141,   41000000,   28618974,        0,  -12381026,          0
 27662,   142,   41000000,   28529316,        0,  -12470684,          0
 27662,   143,   41000000,   28514197,        0,  -12485803,          0
 27662,   144,   41000000,   28802701,        0,  -12197299,          0
 27662,   145,   41000000,   28814730,        0,  -12185270,          0
 27662,   146,   41000000,   28595060,        0,  -12404940,          0
 27662,   147,   41000000,   28539915,        0,  -12460085,          0
 27662,   148,   41000000,   28569225,        0,  -12430775,          0
 27662,   149,   41000000,   28501305,        0,  -12498695,          0
 27662,   150,   41000000,   28604429,        0,  -12395571,          0
 27662,   151,   41000000,   28544121,        0,  -12455879,          0
 27662,   152,   41000000,   28517860,        0,  -12482140,          0
 27662,   153,   41000000,   28999915,        0,  -12000085,          0
 27662,   154,   41000000,   28539131,        0,  -12460869,          0
 27662,   155,   41000000,   28511771,        0,  -12488229,          0
 27662,   156,   41000000,   28815639,        0,  -12184361,          0
 27662,   157,   41000000,   28574352,        0,  -12425648,          0
 27662,   158,   41000000,   28520331,        0,  -12479669,          0
 27662,   159,   41000000,   28829578,        0,  -12170422,          0
 27662,   160,   41000000,   28519842,        0,  -12480158,          0
 27662,   161,   41000000,   28493915,        0,  -12506085,          0
 27662,   162,   41000000,   28860645,        0,  -12139355,          0
 27662,   163,   41000000,   28500978,        0,  -12499022,          0
 27662,   164,   41000000,   28651631,        0,  -12348369,          0
 27662,   165,   41000000,   28813141,        0,  -12186859,          0
 27662,   166,   41000000,   29590120,        0,  -11409880,          0
 27662,   167,   41000000,   28502545,        0,  -12497455,          0
 27662,   168,   41000000,   28786710,        0,  -12213290,          0
 27662,   169,   41000000,   29389729,        0,  -11610271,          0
 27662,   170,   41000000,   28497293,        0,  -12502707,          0
 27662,   171,   41000000,   29747833,        0,  -11252167,          0
 27662,   172,   41000000,   28502135,        0,  -12497865,          0
 27662,   173,   41000000,   28650889,        0,  -12349111,          0
 27662,   174,   41000000,   28789758,        0,  -12210242,          0
 27662,   175,   41000000,   28503249,        0,  -12496751,          0
 27662,   176,   41000000,   28754479,        0,  -12245521,          0
 27662,   177,   41000000,   28844652,        0,  -12155348,          0
 27662,   178,   41000000,   28639113,        0,  -12360887,          0
 27662,   179,   41000000,   28663406,        0,  -12336594,          0
 27662,   180,   41000000,   29853015,        0,  -11146985,          0
 27662,   181,   41000000,   28500187,        0,  -12499813,          0
 27662,   182,   41000000,   29704547,        0,  -11295453,          0
 27662,   183,   41000000,   28909508,        0,  -12090492,          0
 27662,   184,   41000000,   28543627,        0,  -12456373,          0
 27662,   185,   41000000,   28629607,        0,  -12370393,          0
 27662,   186,   41000000,   28906246,        0,  -12093754,          0
 27662,   187,   41000000,   28530117,        0,  -12469883,          0
 27662,   188,   41000000,   28501281,        0,  -12498719,          0
 27662,   189,   41000000,   29062620,        0,  -11937380,          0
 27662,   190,   41000000,   28487443,        0,  -12512557,          0
 27662,   191,   41000000,   28626327,        0,  -12373673,          0
 27662,   192,   41000000,   28778664,        0,  -12221336,          0
 27662,   193,   41000000,   28494928,        0,  -12505072,          0
 27662,   194,   41000000,   28528511,        0,  -12471489,          0
 27662,   195,   41000000,   28887417,        0,  -12112583,          0
 27662,   196,   41000000,   28498764,        0,  -12501236,          0
 27662,   197,   41000000,   28519236,        0,  -12480764,          0
 27662,   198,   41000000,   28527392,        0,  -12472608,          0
 27662,   199,   41000000,   28539961,        0,  -12460039,          0
 27662,   200,   41000000,   28631415,        0,  -12368585,          0
 27662,   201,   41000000,   28516582,        0,  -12483418,          0
 27662,   202,   41000000,   29719643,        0,  -11280357,          0
 27662,   203,   41000000,   28530864,        0,  -12469136,          0
 27662,   204,   41000000,   28496283,        0,  -12503717,          0
 27662,   205,   41000000,   28499780,        0,  -12500220,          0
 27662,   206,   41000000,   29421562,        0,  -11578438,          0
 27662,   207,   41000000,   29621886,        0,  -11378114,          0
 27662,   208,   41000000,   28507291,        0,  -12492709,          0
 27662,   209,   41000000,   28534154,        0,  -12465846,          0
 27662,   210,   41000000,   28553277,        0,  -12446723,          0
 27662,   211,   41000000,   28586338,        0,  -12413662,          0
 27662,   212,   41000000,   28515082,        0,  -12484918,          0
 27662,   213,   41000000,   28522040,        0,  -12477960,          0
 27662,   214,   41000000,   28531593,        0,  -12468407,          0
 27662,   215,   41000000,   28679566,        0,  -12320434,          0
 27662,   216,   41000000,   28660756,        0,  -12339244,          0
 27662,   217,   41000000,   29430600,        0,  -11569400,          0
 27662,   218,   41000000,   28572723,        0,  -12427277,          0
 27662,   219,   41000000,   28580052,        0,  -12419948,          0
 27662,   220,   41000000,   28832867,        0,  -12167133,          0
 27662,   221,   41000000,   28525248,        0,  -12474752,          0
 27662,   222,   41000000,   28923546,        0,  -12076454,          0
 27662,   223,   41000000,   28812993,        0,  -12187007,          0
 27662,   224,   41000000,   28505288,        0,  -12494712,          0
 27662,   225,   41000000,   28691832,        0,  -12308168,          0
 27662,   226,   41000000,   28896996,        0,  -12103004,          0
 27662,   227,   41000000,   29157007,        0,  -11842993,          0
 27662,   228,   41000000,   28618746,        0,  -12381254,          0
 27662,   229,   41000000,   28806743,        0,  -12193257,          0
 27662,   230,   41000000,   28526882,        0,  -12473118,          0
 27662,   231,   41000000,   28519006,        0,  -12480994,          0
 27662,   232,   41000000,   28808855,        0,  -12191145,          0
 27662,   233,   41000000,   28504608,        0,  -12495392,          0
 27662,   234,   41000000,   28524976,        0,  -12475024,          0
 27662,   235,   41000000,   28790272,        0,  -12209728,          0
 27662,   236,   41000000,   28515121,        0,  -12484879,          0
 27662,   237,   41000000,   28544838,        0,  -12455162,          0
 27662,   238,   41000000,   28787246,        0,  -12212754,          0
 27662,   239,   41000000,   28519432,        0,  -12480568,          0
 27662,   240,   41000000,   28521516,        0,  -12478484,          0
 27662,   241,   41000000,   28787242,        0,  -12212758,          0
 27662,   242,   41000000,   28597120,        0,  -12402880,          0
 27662,   243,   41000000,   28509579,        0,  -12490421,          0
 27662,   244,   41000000,   28771808,        0,  -12228192,          0
 27662,   245,   41000000,   28530016,        0,  -12469984,          0
 27662,   246,   41000000,   28491415,        0,  -12508585,          0
 27662,   247,   41000000,   29960907,        0,  -11039093,          0
# task NAME=myapp PID=27665 COST=34141000 PERIOD=68000000 CPU=0
 27665,     2,   68000000,       8088,        0,  -67991912,          0
 27665,     3,   68000000,      83212,        0,  -67916788,          0
 27665,     4,   68000000,   34511641,        0,  -33488359,          0
 27665,     5,   68000000,   33864904,        0,  -34135096,          0
 27665,     6,   68000000,   33432628,        0,  -34567372,          0
 27665,     7,   68000000,   34409820,        0,  -33590180,          0
 27665,     8,   68000000,   33554894,        0,  -34445106,          0
 27665,     9,   68000000,   33450494,        0,  -34549506,          0
 27665,    10,   68000000,   34348945,        0,  -33651055,          0
 27665,    11,   68000000,   33587693,        0,  -34412307,          0
 27665,    12,   68000000,   33465308,        0,  -34534692,          0
 27665,    13,   68000000,   33609397,        0,  -34390603,          0
 27665,    14,   68000000,   34986564,        0,  -33013436,          0
 27665,    15,   68000000,   33448076,        0,  -34551924,          0
 27665,    16,   68000000,   33744830,        0,  -34255170,          0
 27665,    17,   68000000,   33457312,        0,  -34542688,          0
 27665,    18,   68000000,   33808268,        0,  -34191732,          0
 27665,    19,   68000000,   33747456,        0,  -34252544,          0
 27665,    20,   68000000,   33564151,        0,  -34435849,          0
 27665,    21,   68000000,   33436007,        0,  -34563993,          0
 27665,    22,   68000000,   35415228,        0,  -32584772,          0
 27665,    23,   68000000,   33576353,        0,  -34423647,          0
 27665,    24,   68000000,   33594570,        0,  -34405430,          0
 27665,    25,   68000000,   33878305,        0,  -34121695,          0
 27665,    26,   68000000,   33764857,        0,  -34235143,          0
 27665,    27,   68000000,   33797665,        0,  -34202335,          0
 27665,    28,   68000000,   33534964,        0,  -34465036,          0
 27665,    29,   68000000,   33776821,        0,  -34223179,          0
 27665,    30,   68000000,   33570074,        0,  -34429926,          0
 27665,    31,   68000000,   33541687,        0,  -34458313,          0
 27665,    32,   68000000,   33429883,        0,  -34570117,          0
 27665,    33,   68000000,   33414835,        0,  -34585165,          0
 27665,    34,   68000000,   34524119,        0,  -33475881,          0
 27665,    35,   68000000,   34379271,        0,  -33620729,          0
 27665,    36,   68000000,   33743103,        0,  -34256897,          0
 27665,    37,   68000000,   35345972,        0,  -32654028,          0
 27665,    38,   68000000,   37253064,        0,  -30746936,          0
 27665,    39,   68000000,   33603229,        0,  -34396771,          0
 27665,    40,   68000000,   33928141,        0,  -34071859,          0
 27665,    41,   68000000,   33456618,        0,  -34543382,          0
 27665,    42,   68000000,   34292281,        0,  -33707719,          0
 27665,    43,   68000000,   33484298,        0,  -34515702,          0
 27665,    44,   68000000,   33860043,        0,  -34139957,          0
 27665,    45,   68000000,   33473674,        0,  -34526326,          0
 27665,    46,   68000000,   33445585,        0,  -34554415,          0
 27665,    47,   68000000,   33772590,        0,  -34227410,          0
 27665,    48,   68000000,   33590691,        0,  -34409309,          0
 27665,    49,   68000000,   33900037,        0,  -34099963,          0
 27665,    50,   68000000,   33449287,        0,  -34550713,          0
 27665,    51,   68000000,   33731284,        0,  -34268716,          0
 27665,    52,   68000000,   34730767,        0,  -33269233,          0
 27665,    53,   68000000,   33577519,        0,  -34422481,          0
 27665,    54,   68000000,   33620003,        0,  -34379997,          0
 27665,    55,   68000000,   33450445,        0,  -34549555,          0
 27665,    56,   68000000,   33440535,        0,  -34559465,          0
 27665,    57,   68000000,   33810737,        0,  -34189263,          0
 27665,    58,   68000000,   33466161,        0,  -34533839,          0
 27665,    59,   68000000,   33434355,        0,  -34565645,          0
 27665,    60,   68000000,   33873369,        0,  -34126631,          0
 27665,    61,   68000000,   34815574,        0,  -33184426,          0
 27665,    62,   68000000,   33720522,        0,  -34279478,          0
 27665,    63,   68000000,   33572404,        0,  -34427596,          0
 27665,    64,   68000000,   33801697,        0,  -34198303,          0
 27665,    65,   68000000,   33551564,        0,  -34448436,          0
 27665,    66,   68000000,   33659479,        0,  -34340521,          0
 27665,    67,   68000000,   33602578,        0,  -34397422,          0
 27665,    68,   68000000,   33435431,        0,  -34564569,          0
 27665,    69,   68000000,   33452542,        0,  -34547458,          0
 27665,    70,   68000000,   33615265,        0,  -34384735,          0
 27665,    71,   68000000,   33913308,        0,  -34086692,          0
 27665,    72,   68000000,   34459846,        0,  -33540154,          0
 27665,    73,   68000000,   33829170,        0,  -34170830,          0
 27665,    74,   68000000,   33461271,        0,  -34538729,          0
 27665,    75,   68000000,   34792553,        0,  -33207447,          0
 27665,    76,   68000000,   33494251,        0,  -34505749,          0
 27665,    77,   68000000,   33470951,        0,  -34529049,          0
 27665,    78,   68000000,   33664864,        0,  -34335136,          0
 27665,    79,   68000000,   33485857,        0,  -34514143,          0
 27665,    80,   68000000,   33581578,        0,  -34418422,          0
 27665,    81,   68000000,   33513704,        0,  -34486296,          0
 27665,    82,   68000000,   33723835,        0,  -34276165,          0
 27665,    83,   68000000,   33541562,        0,  -34458438,          0
 27665,    84,   68000000,   33788714,        0,  -34211286,          0
 27665,    85,   68000000,   34220460,        0,  -33779540,          0
 27665,    86,   68000000,   33847675,        0,  -34152325,          0
 27665,    87,   68000000,   35353427,        0,  -32646573,          0
 27665,    88,   68000000,   34948450,        0,  -33051550,          0
 27665,    89,   68000000,   34498713,        0,  -33501287,          0
 27665,    90,   68000000,   33462571,        0,  -34537429,          0
 27665,    91,   68000000,   33441256,        0,  -34558744,          0
 27665,    92,   68000000,   33967452,        0,  -34032548,          0
 27665,    93,   68000000,   33764887,        0,  -34235113,          0
 27665,    94,   68000000,   33602781,        0,  -34397219,          0
 27665,    95,   68000000,   33744294,        0,  -34255706,          0
 27665,    96,   68000000,   33681212,        0,  -34318788,          0
 27665,    97,   68000000,   33780139,        0,  -34219861,          0
 27665,    98,   68000000,   33615305,        0,  -34384695,          0
 27665,    99,   68000000,   33443177,        0,  -34556823,          0
 27665,   100,   68000000,   33466377,        0,  -34533623,          0
 27665,   101,   68000000,   33456857,        0,  -34543143,          0
 27665,   102,   68000000,   33637433,        0,  -34362567,          0
 27665,   103,   68000000,   33430409,        0,  -34569591,          0
 27665,   104,   68000000,   34469201,        0,  -33530799,          0
 27665,   105,   68000000,   33437251,        0,  -34562749,          0
 27665,   106,   68000000,   33852722,        0,  -34147278,          0
 27665,   107,   68000000,   33474130,        0,  -34525870,          0
 27665,   108,   68000000,   33711369,        0,  -34288631,          0
 27665,   109,   68000000,   33444879,        0,  -34555121,          0
 27665,   110,   68000000,   33479128,        0,  -34520872,          0
 27665,   111,   68000000,   33420973,        0,  -34579027,          0
 27665,   112,   68000000,   33535715,        0,  -34464285,          0
 27665,   113,   68000000,   33451309,        0,  -34548691,          0
 27665,   114,   68000000,   33621134,        0,  -34378866,          0
 27665,   115,   68000000,   33445749,        0,  -34554251,          0
 27665,   116,   68000000,   33777330,        0,  -34222670,          0
 27665,   117,   68000000,   33722116,        0,  -34277884,          0
 27665,   118,   68000000,   33435781,        0,  -34564219,          0
 27665,   119,   68000000,   33734972,        0,  -34265028,          0
 27665,   120,   68000000,   33507729,        0,  -34492271,          0
 27665,   121,   68000000,   33737257,        0,  -34262743,          0
 27665,   122,   68000000,   35299797,        0,  -32700203,          0
 27665,   123,   68000000,   34562857,        0,  -33437143,          0
 27665,   124,   68000000,   33718586,        0,  -34281414,          0
 27665,   125,   68000000,   33528593,        0,  -34471407,          0
 27665,   126,   68000000,   34309391,        0,  -33690609,          0
 27665,   127,   68000000,   33573212,        0,  -34426788,          0
 27665,   128,   68000000,   33941796,        0,  -34058204,          0
 27665,   129,   68000000,   33582068,        0,  -34417932,          0
 27665,   130,   68000000,   33714731,        0,  -34285269,          0
 27665,   131,   68000000,   33498145,        0,  -34501855,          0
 27665,   132,   68000000,   33833231,        0,  -34166769,          0
 27665,   133,   68000000,   33462614,        0,  -34537386,          0
 27665,   134,   68000000,   33419684,        0,  -34580316,          0
 27665,   135,   68000000,   33465456,        0,  -34534544,          0
 27665,   136,   68000000,   33423346,        0,  -34576654,          0
 27665,   137,   68000000,   33451013,        0,  -34548987,          0
 27665,   138,   68000000,   33435675,        0,  -34564325,          0
 27665,   139,   68000000,   33714327,        0,  -34285673,          0
 27665,   140,   68000000,   33560077,        0,  -34439923,          0
 27665,   141,   68000000,   33729577,        0,  -34270423,          0
 27665,   142,   68000000,   33592080,        0,  -34407920,          0
 27665,   143,   68000000,   33850668,        0,  -34149332,          0
 27665,   144,   68000000,   33417552,        0,  -34582448,          0
 27665,   145,   68000000,   33593347,        0,  -34406653,          0
 27665,   146,   68000000,   33521354,        0,  -34478646,          0
 27665,   147,   68000000,   33448507,        0,  -34551493,          0
 27665,   148,   68000000,   33440166,        0,  -34559834,          0
 27665,   149,   68000000,   33722416,        0,  -34277584,          0
 27665,   150,   68000000,   33723069,        0,  -34276931,          0
 27665,   151,   68000000,   33513602,        0,  -34486398,          0
# task NAME=myapp PID=27669 COST=40124000 PERIOD=74000000 CPU=0
 27669,     2,   74000000,       9170,        0,  -73990830,          0
 27669,     3,   74000000,      48516,        0,  -73951484,          0
 27669,     4,   74000000,   40431376,        0,  -33568624,          0
 27669,     5,   74000000,   39581762,        0,  -34418238,          0
 27669,     6,   74000000,   39296892,        0,  -34703108,          0
 27669,     7,   74000000,   39516394,        0,  -34483606,          0
 27669,     8,   74000000,   39928966,        0,  -34071034,          0
 27669,     9,   74000000,   39444551,        0,  -34555449,          0
 27669,    10,   74000000,   39703587,        0,  -34296413,          0
 27669,    11,   74000000,   39280882,        0,  -34719118,          0
 27669,    12,   74000000,   39332688,        0,  -34667312,          0
 27669,    13,   74000000,   39562658,        0,  -34437342,          0
 27669,    14,   74000000,   39467991,        0,  -34532009,          0
 27669,    15,   74000000,   39609356,        0,  -34390644,          0
 27669,    16,   74000000,   39377465,        0,  -34622535,          0
 27669,    17,   74000000,   39303165,        0,  -34696835,          0
 27669,    18,   74000000,   41262307,        0,  -32737693,          0
 27669,    19,   74000000,   39397831,        0,  -34602169,          0
 27669,    20,   74000000,   39595450,        0,  -34404550,          0
 27669,    21,   74000000,   39289235,        0,  -34710765,          0
 27669,    22,   74000000,   39348287,        0,  -34651713,          0
 27669,    23,   74000000,   39289226,        0,  -34710774,          0
 27669,    24,   74000000,   39307994,        0,  -34692006,          0
 27669,    25,   74000000,   39599357,        0,  -34400643,          0
 27669,    26,   74000000,   39300907,        0,  -34699093,          0
 27669,    27,   74000000,   39352335,        0,  -34647665,          0
 27669,    28,   74000000,   39387480,        0,  -34612520,          0
 27669,    29,   74000000,   39350235,        0,  -34649765,          0
 27669,    30,   74000000,   39613066,        0,  -34386934,          0
 27669,    31,   74000000,   39550521,        0,  -34449479,          0
 27669,    32,   74000000,   39570675,        0,  -34429325,          0
 27669,    33,   74000000,   39314433,        0,  -34685567,          0
 27669,    34,   74000000,   39283723,        0,  -34716277,          0
 27669,    35,   74000000,   39714667,        0,  -34285333,          0
 27669,    36,   74000000,   39338725,        0,  -34661275,          0
 27669,    37,   74000000,   40091771,        0,  -33908229,          0
 27669,    38,   74000000,   41454319,        0,  -32545681,          0
 27669,    39,   74000000,   40507733,        0,  -33492267,          0
 27669,    40,   74000000,   39677538,        0,  -34322462,          0
 27669,    41,   74000000,   39452497,        0,  -34547503,          0
 27669,    42,   74000000,   40067139,        0,  -33932861,          0
 27669,    43,   74000000,   39305510,        0,  -34694490,          0
 27669,    44,   74000000,   39424839,        0,  -34575161,          0
 27669,    45,   74000000,   39300949,        0,  -34699051,          0
 27669,    46,   74000000,   39519060,        0,  -34480940,          0
 27669,    47,   74000000,   39585429,        0,  -34414571,          0
 27669,    48,   74000000,   39336308,        0,  -34663692,          0
 27669,    49,   74000000,   39727975,        0,  -34272025,          0
 27669,    50,   74000000,   39379313,        0,  -34620687,          0
 27669,    51,   74000000,   40896238,        0,  -33103762,          0
 27669,    52,   74000000,   39624899,        0,  -34375101,          0
 27669,    53,   74000000,   40445045,        0,  -33554955,          0
 27669,    54,   74000000,   39785474,        0,  -34214526,          0
 27669,    55,   74000000,   39468231,        0,  -34531769,          0
 27669,    56,   74000000,   39290887,        0,  -34709113,          0
 27669,    57,   74000000,   39623701,        0,  -34376299,          0
 27669,    58,   74000000,   39456431,        0,  -34543569,          0
 27669,    59,   74000000,   39604199,        0,  -34395801,          0
 27669,    60,   74000000,   39310462,        0,  -34689538,          0
 27669,    61,   74000000,   39356311,        0,  -34643689,          0
 27669,    62,   74000000,   39593158,        0,  -34406842,          0
 27669,    63,   74000000,   39299798,        0,  -34700202,          0
 27669,    64,   74000000,   39607762,        0,  -34392238,          0
 27669,    65,   74000000,   39315246,        0,  -34684754,          0
 27669,    66,   74000000,   39458285,        0,  -34541715,          0
 27669,    67,   74000000,   39575988,        0,  -34424012,          0
 27669,    68,   74000000,   39321600,        0,  -34678400,          0
 27669,    69,   74000000,   39782102,        0,  -34217898,          0
 27669,    70,   74000000,   39359724,        0,  -34640276,          0
 27669,    71,   74000000,   39316787,        0,  -34683213,          0
 27669,    72,   74000000,   39398149,        0,  -34601851,          0
 27669,    73,   74000000,   39311343,        0,  -34688657,          0
 27669,    74,   74000000,   39577223,        0,  -34422777,          0
 27669,    75,   74000000,   39316085,        0,  -34683915,          0
 27669,    76,   74000000,   39371490,        0,  -34628510,          0
 27669,    77,   74000000,   39333582,        0,  -34666418,          0
 27669,    78,   74000000,   39321340,        0,  -34678660,          0
 27669,    79,   74000000,   40690412,        0,  -33309588,          0
 27669,    80,   74000000,   39315203,        0,  -34684797,          0
 27669,    81,   74000000,   40037103,        0,  -33962897,          0
 27669,    82,   74000000,   39468987,        0,  -34531013,          0
 27669,    83,   74000000,   39359313,        0,  -34640687,          0
 27669,    84,   74000000,   39601864,        0,  -34398136,          0
 27669,    85,   74000000,   40313025,        0,  -33686975,          0
 27669,    86,   74000000,   39659492,        0,  -34340508,          0
 27669,    87,   74000000,   39328020,        0,  -34671980,          0
 27669,    88,   74000000,   39297864,        0,  -34702136,          0
 27669,    89,   74000000,   39632361,        0,  -34367639,          0
 27669,    90,   74000000,   39320461,        0,  -34679539,          0
 27669,    91,   74000000,   39615330,        0,  -34384670,          0
 27669,    92,   74000000,   39298752,        0,  -34701248,          0
 27669,    93,   74000000,   39293762,        0,  -34706238,          0
 27669,    94,   74000000,   39292561,        0,  -34707439,          0
 27669,    95,   74000000,   39438505,        0,  -34561495,          0
 27669,    96,   74000000,   39602051,        0,  -34397949,          0
 27669,    97,   74000000,   39327054,        0,  -34672946,          0
 27669,    98,   74000000,   39397007,        0,  -34602993,          0
 27669,    99,   74000000,   39382784,        0,  -34617216,          0
 27669,   100,   74000000,   39285559,        0,  -34714441,          0
 27669,   101,   74000000,   39745526,        0,  -34254474,          0
 27669,   102,   74000000,   39457294,        0,  -34542706,          0
 27669,   103,   74000000,   39615178,        0,  -34384822,          0
 27669,   104,   74000000,   39299938,        0,  -34700062,          0
 27669,   105,   74000000,   39905598,        0,  -34094402,          0
 27669,   106,   74000000,   39585531,        0,  -34414469,          0
 27669,   107,   74000000,   39354097,        0,  -34645903,          0
 27669,   108,   74000000,   40853376,        0,  -33146624,          0
 27669,   109,   74000000,   39385401,        0,  -34614599,          0
 27669,   110,   74000000,   40167235,        0,  -33832765,          0
 27669,   111,   74000000,   39750103,        0,  -34249897,          0
 27669,   112,   74000000,   39465666,        0,  -34534334,          0
 27669,   113,   74000000,   39577863,        0,  -34422137,          0
 27669,   114,   74000000,   39305557,        0,  -34694443,          0
 27669,   115,   74000000,   39335895,        0,  -34664105,          0
 27669,   116,   74000000,   39608848,        0,  -34391152,          0
 27669,   117,   74000000,   39319170,        0,  -34680830,          0
 27669,   118,   74000000,   39643219,        0,  -34356781,          0
 27669,   119,   74000000,   40500071,        0,  -33499929,          0
 27669,   120,   74000000,   41515879,        0,  -32484121,          0
 27669,   121,   74000000,   39303123,        0,  -34696877,          0
 27669,   122,   74000000,   39299129,        0,  -34700871,          0
 27669,   123,   74000000,   39738050,        0,  -34261950,          0
 27669,   124,   74000000,   39305287,        0,  -34694713,          0
 27669,   125,   74000000,   39324039,        0,  -34675961,          0
 27669,   126,   74000000,   39656558,        0,  -34343442,          0
 27669,   127,   74000000,   39310400,        0,  -34689600,          0
 27669,   128,   74000000,   40713847,        0,  -33286153,          0
 27669,   129,   74000000,   39441937,        0,  -34558063,          0
 27669,   130,   74000000,   42788931,        0,  -31211069,          0
 27669,   131,   74000000,   39308005,        0,  -34691995,          0
 27669,   132,   74000000,   39442213,        0,  -34557787,          0
 27669,   133,   74000000,   39655118,        0,  -34344882,          0
 27669,   134,   74000000,   39530746,        0,  -34469254,          0
 27669,   135,   74000000,   39595050,        0,  -34404950,          0
 27669,   136,   74000000,   39466756,        0,  -34533244,          0
 27669,   137,   74000000,   39322202,        0,  -34677798,          0
 27669,   138,   74000000,   39709910,        0,  -34290090,          0
 27669,   139,   74000000,   39520041,        0,  -34479959,          0
# task NAME=myapp PID=27673 COST=25186000 PERIOD=39000000 CPU=0
 27673,     2,   39000000,      14148,        0,  -38985852,          0
 27673,     3,   39000000,      38769,        0,  -38961231,          0
 27673,     4,   39000000,   25730568,        0,  -13269432,          0
 27673,     5,   39000000,   24683060,        0,  -14316940,          0
 27673,     6,   39000000,   24683142,        0,  -14316858,          0
 27673,     7,   39000000,   24673780,        0,  -14326220,          0
 27673,     8,   39000000,   24689610,        0,  -14310390,          0
 27673,     9,   39000000,   24830507,        0,  -14169493,          0
 27673,    10,   39000000,   24970874,        0,  -14029126,          0
 27673,    11,   39000000,   24688725,        0,  -14311275,          0
 27673,    12,   39000000,   24685648,        0,  -14314352,          0
 27673,    13,   39000000,   25028300,        0,  -13971700,          0
 27673,    14,   39000000,   24722840,        0,  -14277160,          0
 27673,    15,   39000000,   24777051,        0,  -14222949,          0
 27673,    16,   39000000,   25062971,        0,  -13937029,          0
 27673,    17,   39000000,   25473730,        0,  -13526270,          0
 27673,    18,   39000000,   24797629,        0,  -14202371,          0
 27673,    19,   39000000,   24670786,        0,  -14329214,          0
 27673,    20,   39000000,   24780836,        0,  -14219164,          0
 27673,    21,   39000000,   24682651,        0,  -14317349,          0
 27673,    22,   39000000,   24744314,        0,  -14255686,          0
 27673,    23,   39000000,   24679132,        0,  -14320868,          0
 27673,    24,   39000000,   24677597,        0,  -14322403,          0
 27673,    25,   39000000,   24667231,        0,  -14332769,          0
 27673,    26,   39000000,   24963554,        0,  -14036446,          0
 27673,    27,   39000000,   24714712,        0,  -14285288,          0
 27673,    28,   39000000,   24817412,        0,  -14182588,          0
 27673,    29,   39000000,   24943706,        0,  -14056294,          0
 27673,    30,   39000000,   24733007,        0,  -14266993,          0
 27673,    31,   39000000,   24761566,        0,  -14238434,          0
 27673,    32,   39000000,   24990872,        0,  -14009128,          0
 27673,    33,   39000000,   24725664,        0,  -14274336,          0
 27673,    34,   39000000,   24681644,        0,  -14318356,          0
 27673,    35,   39000000,   24666593,        0,  -14333407,          0
 27673,    36,   39000000,   24807804,        0,  -14192196,          0
 27673,    37,   39000000,   24771358,        0,  -14228642,          0
 27673,    38,   39000000,   25075199,        0,  -13924801,          0
 27673,    39,   39000000,   24678487,        0,  -14321513,          0
 27673,    40,   39000000,   25587586,        0,  -13412414,          0
 27673,    41,   39000000,   24677409,        0,  -14322591,          0
 27673,    42,   39000000,   24969823,        0,  -14030177,          0
 27673,    43,   39000000,   24682861,        0,  -14317139,          0
 27673,    44,   39000000,   24773595,        0,  -14226405,          0
 27673,    45,   39000000,   24953315,        0,  -14046685,          0
 27673,    46,   39000000,   24655215,        0,  -14344785,          0
 27673,    47,   39000000,   24767098,        0,  -14232902,          0
 27673,    48,   39000000,   25104157,        0,  -13895843,          0
 27673,    49,   39000000,   24678056,        0,  -14321944,          0
 27673,    50,   39000000,   24690781,        0,  -14309219,          0
 27673,    51,   39000000,   24846324,        0,  -14153676,          0
 27673,    52,   39000000,   24804608,        0,  -14195392,          0
 27673,    53,   39000000,   24774128,        0,  -14225872,          0
 27673,    54,   39000000,   24783603,        0,  -14216397,          0
 27673,    55,   39000000,   24762573,        0,  -14237427,          0
 27673,    56,   39000000,   24685936,        0,  -14314064,          0
 27673,    57,   39000000,   24750047,        0,  -14249953,          0
 27673,    58,   39000000,   24955683,        0,  -14044317,          0
 27673,    59,   39000000,   24764761,        0,  -14235239,          0
 27673,    60,   39000000,   24685247,        0,  -14314753,          0
 27673,    61,   39000000,   24979431,        0,  -14020569,          0
 27673,    62,   39000000,   24664063,        0,  -14335937,          0
 27673,    63,   39000000,   24674039,        0,  -14325961,          0
 27673,    64,   39000000,   24966305,        0,  -14033695,          0
 27673,    65,   39000000,   24662465,        0,  -14337535,          0
 27673,    66,   39000000,   26689093,        0,  -12310907,          0
 27673,    67,   39000000,   24674969,        0,  -14325031,          0
 27673,    68,   39000000,   24711320,        0,  -14288680,          0
 27673,    69,   39000000,   24654678,        0,  -14345322,          0
 27673,    70,   39000000,   24702051,        0,  -14297949,          0
 27673,    71,   39000000,   24710177,        0,  -14289823,          0
 27673,    72,   39000000,   24702048,        0,  -14297952,          0
 27673,    73,   39000000,   24751694,        0,  -14248306,          0
 27673,    74,   39000000,   24949616,        0,  -14050384,          0
 27673,    75,   39000000,   25211755,        0,  -13788245,          0
 27673,    76,   39000000,   24671187,        0,  -14328813,          0
 27673,    77,   39000000,   25321444,        0,  -13678556,          0
 27673,    78,   39000000,   24901181,        0,  -14098819,          0
 27673,    79,   39000000,   24673431,        0,  -14326569,          0
 27673,    80,   39000000,   24978810,        0,  -14021190,          0
 27673,    81,   39000000,   24707204,        0,  -14292796,          0
 27673,    82,   39000000,   24681825,        0,  -14318175,          0
 27673,    83,   39000000,   24868449,        0,  -14131551,          0
 27673,    84,   39000000,   24694635,        0,  -14305365,          0
 27673,    85,   39000000,   24667629,        0,  -14332371,          0
 27673,    86,   39000000,   24694191,        0,  -14305809,          0
 27673,    87,   39000000,   25920560,        0,  -13079440,          0
 27673,    88,   39000000,   24671157,        0,  -14328843,          0
 27673,    89,   39000000,   24680726,        0,  -14319274,          0
 27673,    90,   39000000,   24983018,        0,  -14016982,          0
 27673,    91,   39000000,   24669394,        0,  -14330606,          0
 27673,    92,   39000000,   24700875,        0,  -14299125,          0
 27673,    93,   39000000,   24955472,        0,  -14044528,          0
 27673,    94,   39000000,   24723925,        0,  -14276075,          0
 27673,    95,   39000000,   24716518,        0,  -14283482,          0
 27673,    96,   39000000,   26390938,        0,  -12609062,          0
 27673,    97,   39000000,   24939588,        0,  -14060412,          0
 27673,    98,   39000000,   24706173,        0,  -14293827,          0
 27673,    99,   39000000,   24782041,        0,  -14217959,          0
 27673,   100,   39000000,   24687399,        0,  -14312601,          0
 27673,   101,   39000000,   24703582,        0,  -14296418,          0
 27673,   102,   39000000,   24678246,        0,  -14321754,          0
 27673,   103,   39000000,   24808014,        0,  -14191986,          0
 27673,   104,   39000000,   24769245,        0,  -14230755,          0
 27673,   105,   39000000,   24779241,        0,  -14220759,          0
 27673,   106,   39000000,   24963190,        0,  -14036810,          0
 27673,   107,   39000000,   24668914,        0,  -14331086,          0
 27673,   108,   39000000,   24867261,        0,  -14132739,          0
 27673,   109,   39000000,   25093873,        0,  -13906127,          0
 27673,   110,   39000000,   24809461,        0,  -14190539,          0
 27673,   111,   39000000,   24684870,        0,  -14315130,          0
 27673,   112,   39000000,   25002251,        0,  -13997749,          0
 27673,   113,   39000000,   24686721,        0,  -14313279,          0
 27673,   114,   39000000,   24688722,        0,  -14311278,          0
 27673,   115,   39000000,   25864243,        0,  -13135757,          0
 27673,   116,   39000000,   24696125,        0,  -14303875,          0
 27673,   117,   39000000,   24836083,        0,  -14163917,          0
 27673,   118,   39000000,   24662610,        0,  -14337390,          0
 27673,   119,   39000000,   25140953,        0,  -13859047,          0
 27673,   120,   39000000,   24788600,        0,  -14211400,          0
 27673,   121,   39000000,   24672904,        0,  -14327096,          0
 27673,   122,   39000000,   24968708,        0,  -14031292,          0
 27673,   123,   39000000,   24738731,        0,  -14261269,          0
 27673,   124,   39000000,   24668144,        0,  -14331856,          0
 27673,   125,   39000000,   24952814,        0,  -14047186,          0
 27673,   126,   39000000,   24790020,        0,  -14209980,          0
 27673,   127,   39000000,   24702112,        0,  -14297888,          0
 27673,   128,   39000000,   24673789,        0,  -14326211,          0
 27673,   129,   39000000,   24676588,        0,  -14323412,          0
 27673,   130,   39000000,   24759524,        0,  -14240476,          0
 27673,   131,   39000000,   24664244,        0,  -14335756,          0
 27673,   132,   39000000,   24704696,        0,  -14295304,          0
 27673,   133,   39000000,   24680728,        0,  -14319272,          0
 27673,   134,   39000000,   25757931,        0,  -13242069,          0
 27673,   135,   39000000,   24962368,        0,  -14037632,          0
 27673,   136,   39000000,   24732230,        0,  -14267770,          0
 27673,   137,   39000000,   24702053,        0,  -14297947,          0
 27673,   138,   39000000,   26678214,        0,  -12321786,          0
 27673,   139,   39000000,   24691864,        0,  -14308136,          0
 27673,   140,   39000000,   24704741,        0,  -14295259,          0
 27673,   141,   39000000,   25017784,        0,  -13982216,          0
 27673,   142,   39000000,   25649561,        0,  -13350439,          0
 27673,   143,   39000000,   24783890,        0,  -14216110,          0
 27673,   144,   39000000,   24986800,        0,  -14013200,          0
 27673,   145,   39000000,   24687785,        0,  -14312215,          0
 27673,   146,   39000000,   24693377,        0,  -14306623,          0
 27673,   147,   39000000,   24779848,        0,  -14220152,          0
 27673,   148,   39000000,   24679030,        0,  -14320970,          0
 27673,   149,   39000000,   24713103,        0,  -14286897,          0
 27673,   150,   39000000,   24767753,        0,  -14232247,          0
 27673,   151,   39000000,   25097536,        0,  -13902464,          0
 27673,   152,   39000000,   24896925,        0,  -14103075,          0
 27673,   153,   39000000,   24685371,        0,  -14314629,          0
 27673,   154,   39000000,   25098935,        0,  -13901065,          0
 27673,   155,   39000000,   24862308,        0,  -14137692,          0
 27673,   156,   39000000,   24786103,        0,  -14213897,          0
 27673,   157,   39000000,   26158869,        0,  -12841131,          0
 27673,   158,   39000000,   25582195,        0,  -13417805,          0
 27673,   159,   39000000,   24795079,        0,  -14204921,          0
 27673,   160,   39000000,   24690172,        0,  -14309828,          0
 27673,   161,   39000000,   24674259,        0,  -14325741,          0
 27673,   162,   39000000,   24691452,        0,  -14308548,          0
 27673,   163,   39000000,   24698435,        0,  -14301565,          0
 27673,   164,   39000000,   24754104,        0,  -14245896,          0
 27673,   165,   39000000,   24693470,        0,  -14306530,          0
 27673,   166,   39000000,   24691181,        0,  -14308819,          0
 27673,   167,   39000000,   24988682,        0,  -14011318,          0
 27673,   168,   39000000,   24796534,        0,  -14203466,          0
 27673,   169,   39000000,   24755026,        0,  -14244974,          0
 27673,   170,   39000000,   24999366,        0,  -14000634,          0
 27673,   171,   39000000,   24686406,        0,  -14313594,          0
 27673,   172,   39000000,   24782421,        0,  -14217579,          0
 27673,   173,   39000000,   24973258,        0,  -14026742,          0
 27673,   174,   39000000,   24874869,        0,  -14125131,          0
 27673,   175,   39000000,   24786666,        0,  -14213334,          0
 27673,   176,   39000000,   24703365,        0,  -14296635,          0
 27673,   177,   39000000,   24763610,        0,  -14236390,          0
 27673,   178,   39000000,   24924761,        0,  -14075239,          0
 27673,   179,   39000000,   24674718,        0,  -14325282,          0
 27673,   180,   39000000,   24769428,        0,  -14230572,          0
 27673,   181,   39000000,   24704544,        0,  -14295456,          0
 27673,   182,   39000000,   24710106,        0,  -14289894,          0
 27673,   183,   39000000,   24989254,        0,  -14010746,          0
 27673,   184,   39000000,   24803374,        0,  -14196626,          0
 27673,   185,   39000000,   24790527,        0,  -14209473,          0
 27673,   186,   39000000,   25117062,        0,  -13882938,          0
 27673,   187,   39000000,   24682020,        0,  -14317980,          0
 27673,   188,   39000000,   24734946,        0,  -14265054,          0
 27673,   189,   39000000,   24972853,        0,  -14027147,          0
 27673,   190,   39000000,   24805222,        0,  -14194778,          0
 27673,   191,   39000000,   24773609,        0,  -14226391,          0
 27673,   192,   39000000,   24719028,        0,  -14280972,          0
 27673,   193,   39000000,   24832889,        0,  -14167111,          0
 27673,   194,   39000000,   24656020,        0,  -14343980,          0
 27673,   195,   39000000,   24700357,        0,  -14299643,          0
 27673,   196,   39000000,   24678015,        0,  -14321985,          0
 27673,   197,   39000000,   24805879,        0,  -14194121,          0
 27673,   198,   39000000,   24678082,        0,  -14321918,          0
 27673,   199,   39000000,   25982090,        0,  -13017910,          0
 27673,   200,   39000000,   24670385,        0,  -14329615,          0
 27673,   201,   39000000,   24810235,        0,  -14189765,          0
 27673,   202,   39000000,   24969650,        0,  -14030350,          0
 27673,   203,   39000000,   24813632,        0,  -14186368,          0
 27673,   204,   39000000,   24806548,        0,  -14193452,          0
 27673,   205,   39000000,   25004095,        0,  -13995905,          0
 27673,   206,   39000000,   24850419,        0,  -14149581,          0
 27673,   207,   39000000,   24794059,        0,  -14205941,          0
 27673,   208,   39000000,   24695971,        0,  -14304029,          0
 27673,   209,   39000000,   24799024,        0,  -14200976,          0
 27673,   210,   39000000,   24666125,        0,  -14333875,          0
 27673,   211,   39000000,   24763071,        0,  -14236929,          0
 27673,   212,   39000000,   24695495,        0,  -14304505,          0
 27673,   213,   39000000,   24659667,        0,  -14340333,          0
 27673,   214,   39000000,   24764771,        0,  -14235229,          0
 27673,   215,   39000000,   24947515,        0,  -14052485,          0
 27673,   216,   39000000,   24742402,        0,  -14257598,          0
 27673,   217,   39000000,   24671986,        0,  -14328014,          0
 27673,   218,   39000000,   25107086,        0,  -13892914,          0
 27673,   219,   39000000,   24713473,        0,  -14286527,          0
 27673,   220,   39000000,   24687436,        0,  -14312564,          0
 27673,   221,   39000000,   26072973,        0,  -12927027,          0
 27673,   222,   39000000,   25613419,        0,  -13386581,          0
 27673,   223,   39000000,   24741155,        0,  -14258845,          0
 27673,   224,   39000000,   24782285,        0,  -14217715,          0
 27673,   225,   39000000,   25742056,        0,  -13257944,          0
 27673,   226,   39000000,   24897092,        0,  -14102908,          0
 27673,   227,   39000000,   24994554,        0,  -14005446,          0
 27673,   228,   39000000,   24989019,        0,  -14010981,          0
 27673,   229,   39000000,   24802577,        0,  -14197423,          0
 27673,   230,   39000000,   24671663,        0,  -14328337,          0
 27673,   231,   39000000,   24975260,        0,  -14024740,          0
 27673,   232,   39000000,   24667741,        0,  -14332259,          0
 27673,   233,   39000000,   24690016,        0,  -14309984,          0
 27673,   234,   39000000,   25062813,        0,  -13937187,          0
 27673,   235,   39000000,   24780040,        0,  -14219960,          0
 27673,   236,   39000000,   24752546,        0,  -14247454,          0
 27673,   237,   39000000,   26136277,        0,  -12863723,          0
 27673,   238,   39000000,   24681440,        0,  -14318560,          0
 27673,   239,   39000000,   25059411,        0,  -13940589,          0
 27673,   240,   39000000,   24700171,        0,  -14299829,          0
 27673,   241,   39000000,   25667396,        0,  -13332604,          0
 27673,   242,   39000000,   24759605,        0,  -14240395,          0
 27673,   243,   39000000,   24769583,        0,  -14230417,          0
 27673,   244,   39000000,   24963261,        0,  -14036739,          0
 27673,   245,   39000000,   24703453,        0,  -14296547,          0
 27673,   246,   39000000,   26895713,        0,  -12104287,          0
 27673,   247,   39000000,   24949251,        0,  -14050749,          0
 27673,   248,   39000000,   24728939,        0,  -14271061,          0
 27673,   249,   39000000,   24710328,        0,  -14289672,          0
 27673,   250,   39000000,   24999105,        0,  -14000895,          0
 27673,   251,   39000000,   24681855,        0,  -14318145,          0
 27673,   252,   39000000,   24665450,        0,  -14334550,          0
 27673,   253,   39000000,   24666355,        0,  -14333645,          0
 27673,   254,   39000000,   24773758,        0,  -14226242,          0
 27673,   255,   39000000,   24673393,        0,  -14326607,          0
 27673,   256,   39000000,   24699339,        0,  -14300661,          0
 27673,   257,   39000000,   24699337,        0,  -14300663,          0
 27673,   258,   39000000,   25773799,        0,  -13226201,          0
 27673,   259,   39000000,   24675181,        0,  -14324819,          0
 27673,   260,   39000000,   25954889,        0,  -13045111,          0
