# Task,   Job,     Period,   Response, DL Miss?,   Lateness,  Tardiness
# task NAME=myapp PID=22388 COST=12687000 PERIOD=16000000 CPU=0
 22388,     2,   16000000,       6549,        0,  -15993451,          0
 22388,     3,   16000000,      44468,        0,  -15955532,          0
 22388,     4,   16000000,   13557944,        0,   -2442056,          0
 22388,     5,   16000000,   12423087,        0,   -3576913,          0
 22388,     6,   16000000,   12454370,        0,   -3545630,          0
 22388,     7,   16000000,   12443337,        0,   -3556663,          0
 22388,     8,   16000000,   12425143,        0,   -3574857,          0
 22388,     9,   16000000,   12768803,        0,   -3231197,          0
 22388,    10,   16000000,   12492028,        0,   -3507972,          0
 22388,    11,   16000000,   12438131,        0,   -3561869,          0
 22388,    12,   16000000,   12448864,        0,   -3551136,          0
 22388,    13,   16000000,   12447967,        0,   -3552033,          0
 22388,    14,   16000000,   12426497,        0,   -3573503,          0
 22388,    15,   16000000,   12544889,        0,   -3455111,          0
 22388,    16,   16000000,   12438061,        0,   -3561939,          0
 22388,    17,   16000000,   12731795,        0,   -3268205,          0
 22388,    18,   16000000,   12435896,        0,   -3564104,          0
 22388,    19,   16000000,   12435668,        0,   -3564332,          0
 22388,    20,   16000000,   12449524,        0,   -3550476,          0
 22388,    21,   16000000,   12437048,        0,   -3562952,          0
 22388,    22,   16000000,   12441782,        0,   -3558218,          0
 22388,    23,   16000000,   12474411,        0,   -3525589,          0
 22388,    24,   16000000,   12421933,        0,   -3578067,          0
 22388,    25,   16000000,   12736344,        0,   -3263656,          0
 22388,    26,   16000000,   12437316,        0,   -3562684,          0
 22388,    27,   16000000,   12497825,        0,   -3502175,          0
 22388,    28,   16000000,   12445247,        0,   -3554753,          0
 22388,    29,   16000000,   12447159,        0,   -3552841,          0
 22388,    30,   16000000,   12421800,        0,   -3578200,          0
 22388,    31,   16000000,   12446792,        0,   -3553208,          0
 22388,    32,   16000000,   12451055,        0,   -3548945,          0
 22388,    33,   16000000,   12701106,        0,   -3298894,          0
 22388,    34,   16000000,   12423035,        0,   -3576965,          0
 22388,    35,   16000000,   12420372,        0,   -3579628,          0
 22388,    36,   16000000,   12452784,        0,   -3547216,          0
 22388,    37,   16000000,   12445119,        0,   -3554881,          0
 22388,    38,   16000000,   12453027,        0,   -3546973,          0
 22388,    39,   16000000,   12434059,        0,   -3565941,          0
 22388,    40,   16000000,   12452000,        0,   -3548000,          0
 22388,    41,   16000000,   12428859,        0,   -3571141,          0
 22388,    42,   16000000,   12421598,        0,   -3578402,          0
 22388,    43,   16000000,   12506776,        0,   -3493224,          0
 22388,    44,   16000000,   12437264,        0,   -3562736,          0
 22388,    45,   16000000,   12444244,        0,   -3555756,          0
 22388,    46,   16000000,   12438090,        0,   -3561910,          0
 22388,    47,   16000000,   12448067,        0,   -3551933,          0
 22388,    48,   16000000,   12437443,        0,   -3562557,          0
 22388,    49,   16000000,   12455416,        0,   -3544584,          0
 22388,    50,   16000000,   12440897,        0,   -3559103,          0
 22388,    51,   16000000,   12480536,        0,   -3519464,          0
 22388,    52,   16000000,   12501497,        0,   -3498503,          0
 22388,    53,   16000000,   12506332,        0,   -3493668,          0
 22388,    54,   16000000,   12480361,        0,   -3519639,          0
 22388,    55,   16000000,   12481078,        0,   -3518922,          0
 22388,    56,   16000000,   12815236,        0,   -3184764,          0
 22388,    57,   16000000,   12493313,        0,   -3506687,          0
 22388,    58,   16000000,   12541038,        0,   -3458962,          0
 22388,    59,   16000000,   12492143,        0,   -3507857,          0
 22388,    60,   16000000,   12473674,        0,   -3526326,          0
 22388,    61,   16000000,   12485293,        0,   -3514707,          0
 22388,    62,   16000000,   12490203,        0,   -3509797,          0
 22388,    63,   16000000,   12432047,        0,   -3567953,          0
 22388,    64,   16000000,   12714257,        0,   -3285743,          0
 22388,    65,   16000000,   12418310,        0,   -3581690,          0
 22388,    66,   16000000,   12447553,        0,   -3552447,          0
 22388,    67,   16000000,   12529556,        0,   -3470444,          0
 22388,    68,   16000000,   12486662,        0,   -3513338,          0
 22388,    69,   16000000,   12544406,        0,   -3455594,          0
 22388,    70,   16000000,   12451282,        0,   -3548718,          0
 22388,    71,   16000000,   12434169,        0,   -3565831,          0
 22388,    72,   16000000,   12714980,        0,   -3285020,          0
 22388,    73,   16000000,   12510727,        0,   -3489273,          0
 22388,    74,   16000000,   12436713,        0,   -3563287,          0
 22388,    75,   16000000,   12429308,        0,   -3570692,          0
 22388,    76,   16000000,   12438221,        0,   -3561779,          0
 22388,    77,   16000000,   12435700,        0,   -3564300,          0
 22388,    78,   16000000,   12446380,        0,   -3553620,          0
 22388,    79,   16000000,   12504984,        0,   -3495016,          0
 22388,    80,   16000000,   12768370,        0,   -3231630,          0
 22388,    81,   16000000,   12501697,        0,   -3498303,          0
 22388,    82,   16000000,   12495102,        0,   -3504898,          0
 22388,    83,   16000000,   12481892,        0,   -3518108,          0
 22388,    84,   16000000,   12455072,        0,   -3544928,          0
 22388,    85,   16000000,   12481792,        0,   -3518208,          0
 22388,    86,   16000000,   12492390,        0,   -3507610,          0
 22388,    87,   16000000,   12425779,        0,   -3574221,          0
 22388,    88,   16000000,   12459653,        0,   -3540347,          0
 22388,    89,   16000000,   12436030,        0,   -3563970,          0
 22388,    90,   16000000,   12431208,        0,   -3568792,          0
 22388,    91,   16000000,   12487797,        0,   -3512203,          0
 22388,    92,   16000000,   12432625,        0,   -3567375,          0
 22388,    93,   16000000,   12437931,        0,   -3562069,          0
 22388,    94,   16000000,   12445231,        0,   -3554769,          0
 22388,    95,   16000000,   12709734,        0,   -3290266,          0
 22388,    96,   16000000,   12444929,        0,   -3555071,          0
 22388,    97,   16000000,   12445000,        0,   -3555000,          0
 22388,    98,   16000000,   12453568,        0,   -3546432,          0
 22388,    99,   16000000,   12468765,        0,   -3531235,          0
 22388,   100,   16000000,   12431040,        0,   -3568960,          0
 22388,   101,   16000000,   12432186,        0,   -3567814,          0
 22388,   102,   16000000,   12447476,        0,   -3552524,          0
 22388,   103,   16000000,   12711278,        0,   -3288722,          0
 22388,   104,   16000000,   12456830,        0,   -3543170,          0
 22388,   105,   16000000,   12430930,        0,   -3569070,          0
 22388,   106,   16000000,   12450261,        0,   -3549739,          0
 22388,   107,   16000000,   12450458,        0,   -3549542,          0
 22388,   108,   16000000,   12472526,        0,   -3527474,          0
 22388,   109,   16000000,   12426455,        0,   -3573545,          0
 22388,   110,   16000000,   12431799,        0,   -3568201,          0
 22388,   111,   16000000,   12711049,        0,   -3288951,          0
 22388,   112,   16000000,   12438271,        0,   -3561729,          0
 22388,   113,   16000000,   12451211,        0,   -3548789,          0
 22388,   114,   16000000,   12430833,        0,   -3569167,          0
 22388,   115,   16000000,   12447157,        0,   -3552843,          0
 22388,   116,   16000000,   12462928,        0,   -3537072,          0
 22388,   117,   16000000,   12483239,        0,   -3516761,          0
 22388,   118,   16000000,   12436325,        0,   -3563675,          0
 22388,   119,   16000000,   12720943,        0,   -3279057,          0
 22388,   120,   16000000,   12732289,        0,   -3267711,          0
 22388,   121,   16000000,   12456707,        0,   -3543293,          0
 22388,   122,   16000000,   12457706,        0,   -3542294,          0
 22388,   123,   16000000,   12431335,        0,   -3568665,          0
 22388,   124,   16000000,   12439710,        0,   -3560290,          0
 22388,   125,   16000000,   12433205,        0,   -3566795,          0
 22388,   126,   16000000,   12439249,        0,   -3560751,          0
 22388,   127,   16000000,   12448081,        0,   -3551919,          0
 22388,   128,   16000000,   12433600,        0,   -3566400,          0
 22388,   129,   16000000,   12464310,        0,   -3535690,          0
 22388,   130,   16000000,   12488129,        0,   -3511871,          0
 22388,   131,   16000000,   12446225,        0,   -3553775,          0
 22388,   132,   16000000,   12431832,        0,   -3568168,          0
 22388,   133,   16000000,   12454292,        0,   -3545708,          0
 22388,   134,   16000000,   12722267,        0,   -3277733,          0
 22388,   135,   16000000,   12442156,        0,   -3557844,          0
 22388,   136,   16000000,   12451382,        0,   -3548618,          0
 22388,   137,   16000000,   12449727,        0,   -3550273,          0
 22388,   138,   16000000,   12443090,        0,   -3556910,          0
 22388,   139,   16000000,   12451537,        0,   -3548463,          0
 22388,   140,   16000000,   12465917,        0,   -3534083,          0
 22388,   141,   16000000,   12426314,        0,   -3573686,          0
 22388,   142,   16000000,   12723145,        0,   -3276855,          0
 22388,   143,   16000000,   12518090,        0,   -3481910,          0
 22388,   144,   16000000,   12454564,        0,   -3545436,          0
 22388,   145,   16000000,   12442687,        0,   -3557313,          0
 22388,   146,   16000000,   12440866,        0,   -3559134,          0
 22388,   147,   16000000,   12432114,        0,   -3567886,          0
 22388,   148,   16000000,   12444086,        0,   -3555914,          0
 22388,   149,   16000000,   12443981,        0,   -3556019,          0
 22388,   150,   16000000,   12725077,        0,   -3274923,          0
 22388,   151,   16000000,   12454618,        0,   -3545382,          0
 22388,   152,   16000000,   12429361,        0,   -3570639,          0
 22388,   153,   16000000,   12449891,        0,   -3550109,          0
 22388,   154,   16000000,   12431084,        0,   -3568916,          0
 22388,   155,   16000000,   12446331,        0,   -3553669,          0
 22388,   156,   16000000,   12446735,        0,   -3553265,          0
 22388,   157,   16000000,   12446860,        0,   -3553140,          0
 22388,   158,   16000000,   12716397,        0,   -3283603,          0
 22388,   159,   16000000,   12478614,        0,   -3521386,          0
 22388,   160,   16000000,   12445745,        0,   -3554255,          0
 22388,   161,   16000000,   12479250,        0,   -3520750,          0
 22388,   162,   16000000,   12437195,        0,   -3562805,          0
 22388,   163,   16000000,   12442986,        0,   -3557014,          0
 22388,   164,   16000000,   12449553,        0,   -3550447,          0
 22388,   165,   16000000,   12462667,        0,   -3537333,          0
 22388,   166,   16000000,   12447979,        0,   -3552021,          0
 22388,   167,   16000000,   12478785,        0,   -3521215,          0
 22388,   168,   16000000,   12468179,        0,   -3531821,          0
 22388,   169,   16000000,   12431471,        0,   -3568529,          0
 22388,   170,   16000000,   12460241,        0,   -3539759,          0
 22388,   171,   16000000,   12443047,        0,   -3556953,          0
 22388,   172,   16000000,   12456015,        0,   -3543985,          0
 22388,   173,   16000000,   12437951,        0,   -3562049,          0
 22388,   174,   16000000,   12446966,        0,   -3553034,          0
 22388,   175,   16000000,   12511297,        0,   -3488703,          0
 22388,   176,   16000000,   12480582,        0,   -3519418,          0
 22388,   177,   16000000,   12464897,        0,   -3535103,          0
 22388,   178,   16000000,   12491496,        0,   -3508504,          0
 22388,   179,   16000000,   12520854,        0,   -3479146,          0
 22388,   180,   16000000,   12440337,        0,   -3559663,          0
 22388,   181,   16000000,   12738663,        0,   -3261337,          0
 22388,   182,   16000000,   12521890,        0,   -3478110,          0
 22388,   183,   16000000,   12499272,        0,   -3500728,          0
 22388,   184,   16000000,   12564502,        0,   -3435498,          0
 22388,   185,   16000000,   12514568,        0,   -3485432,          0
 22388,   186,   16000000,   12465298,        0,   -3534702,          0
 22388,   187,   16000000,   12537633,        0,   -3462367,          0
 22388,   188,   16000000,   12443088,        0,   -3556912,          0
 22388,   189,   16000000,   12715445,        0,   -3284555,          0
 22388,   190,   16000000,   12461558,        0,   -3538442,          0
 22388,   191,   16000000,   12441459,        0,   -3558541,          0
 22388,   192,   16000000,   12430751,        0,   -3569249,          0
 22388,   193,   16000000,   12444735,        0,   -3555265,          0
 22388,   194,   16000000,   12431918,        0,   -3568082,          0
 22388,   195,   16000000,   12434215,        0,   -3565785,          0
 22388,   196,   16000000,   12432430,        0,   -3567570,          0
 22388,   197,   16000000,   12716605,        0,   -3283395,          0
 22388,   198,   16000000,   12579540,        0,   -3420460,          0
 22388,   199,   16000000,   12429747,        0,   -3570253,          0
 22388,   200,   16000000,   12447803,        0,   -3552197,          0
 22388,   201,   16000000,   12455637,        0,   -3544363,          0
 22388,   202,   16000000,   12445919,        0,   -3554081,          0
 22388,   203,   16000000,   12472766,        0,   -3527234,          0
 22388,   204,   16000000,   12490916,        0,   -3509084,          0
 22388,   205,   16000000,   12725947,        0,   -3274053,          0
 22388,   206,   16000000,   12435206,        0,   -3564794,          0
 22388,   207,   16000000,   12429811,        0,   -3570189,          0
 22388,   208,   16000000,   12452546,        0,   -3547454,          0
 22388,   209,   16000000,   12435260,        0,   -3564740,          0
 22388,   210,   16000000,   12433823,        0,   -3566177,          0
 22388,   211,   16000000,   12484264,        0,   -3515736,          0
 22388,   212,   16000000,   12429680,        0,   -3570320,          0
 22388,   213,   16000000,   12512030,        0,   -3487970,          0
 22388,   214,   16000000,   12423423,        0,   -3576577,          0
 22388,   215,   16000000,   12432660,        0,   -3567340,          0
 22388,   216,   16000000,   12432868,        0,   -3567132,          0
 22388,   217,   16000000,   12441461,        0,   -3558539,          0
 22388,   218,   16000000,   12485144,        0,   -3514856,          0
 22388,   219,   16000000,   12436343,        0,   -3563657,          0
 22388,   220,   16000000,   12737661,        0,   -3262339,          0
 22388,   221,   16000000,   12493010,        0,   -3506990,          0
 22388,   222,   16000000,   12442718,        0,   -3557282,          0
 22388,   223,   16000000,   12444978,        0,   -3555022,          0
 22388,   224,   16000000,   12424511,        0,   -3575489,          0
 22388,   225,   16000000,   12436288,        0,   -3563712,          0
 22388,   226,   16000000,   12434653,        0,   -3565347,          0
 22388,   227,   16000000,   12421365,        0,   -3578635,          0
 22388,   228,   16000000,   12783619,        0,   -3216381,          0
 22388,   229,   16000000,   12468379,        0,   -3531621,          0
 22388,   230,   16000000,   12443984,        0,   -3556016,          0
 22388,   231,   16000000,   12429687,        0,   -3570313,          0
 22388,   232,   16000000,   12448898,        0,   -3551102,          0
 22388,   233,   16000000,   12424024,        0,   -3575976,          0
 22388,   234,   16000000,   12455977,        0,   -3544023,          0
 22388,   235,   16000000,   12425461,        0,   -3574539,          0
 22388,   236,   16000000,   12716357,        0,   -3283643,          0
 22388,   237,   16000000,   12438841,        0,   -3561159,          0
 22388,   238,   16000000,   12472843,        0,   -3527157,          0
 22388,   239,   16000000,   12446802,        0,   -3553198,          0
 22388,   240,   16000000,   12443033,        0,   -3556967,          0
 22388,   241,   16000000,   12498451,        0,   -3501549,          0
 22388,   242,   16000000,   12484654,        0,   -3515346,          0
 22388,   243,   16000000,   12447948,        0,   -3552052,          0
 22388,   244,   16000000,   12717238,        0,   -3282762,          0
 22388,   245,   16000000,   12427656,        0,   -3572344,          0
 22388,   246,   16000000,   12432374,        0,   -3567626,          0
 22388,   247,   16000000,   12432321,        0,   -3567679,          0
 22388,   248,   16000000,   12508461,        0,   -3491539,          0
 22388,   249,   16000000,   12491187,        0,   -3508813,          0
 22388,   250,   16000000,   12440550,        0,   -3559450,          0
 22388,   251,   16000000,   12429294,        0,   -3570706,          0
 22388,   252,   16000000,   12431334,        0,   -3568666,          0
 22388,   253,   16000000,   12435926,        0,   -3564074,          0
 22388,   254,   16000000,   12434440,        0,   -3565560,          0
 22388,   255,   16000000,   12433132,        0,   -3566868,          0
 22388,   256,   16000000,   12432768,        0,   -3567232,          0
 22388,   257,   16000000,   12431861,        0,   -3568139,          0
 22388,   258,   16000000,   12454335,        0,   -3545665,          0
 22388,   259,   16000000,   12794012,        0,   -3205988,          0
 22388,   260,   16000000,   12441393,        0,   -3558607,          0
 22388,   261,   16000000,   12434153,        0,   -3565847,          0
 22388,   262,   16000000,   12503026,        0,   -3496974,          0
 22388,   263,   16000000,   12426776,        0,   -3573224,          0
 22388,   264,   16000000,   12448043,        0,   -3551957,          0
 22388,   265,   16000000,   12448197,        0,   -3551803,          0
 22388,   266,   16000000,   12440450,        0,   -3559550,          0
 22388,   267,   16000000,   12700055,        0,   -3299945,          0
 22388,   268,   16000000,   12441979,        0,   -3558021,          0
 22388,   269,   16000000,   12457622,        0,   -3542378,          0
 22388,   270,   16000000,   12505873,        0,   -3494127,          0
 22388,   271,   16000000,   12443252,        0,   -3556748,          0
 22388,   272,   16000000,   12442673,        0,   -3557327,          0
 22388,   273,   16000000,   12453013,        0,   -3546987,          0
 22388,   274,   16000000,   12441782,        0,   -3558218,          0
 22388,   275,   16000000,   12710707,        0,   -3289293,          0
 22388,   276,   16000000,   12439649,        0,   -3560351,          0
 22388,   277,   16000000,   12441446,        0,   -3558554,          0
 22388,   278,   16000000,   12456357,        0,   -3543643,          0
 22388,   279,   16000000,   12437691,        0,   -3562309,          0
 22388,   280,   16000000,   12441329,        0,   -3558671,          0
 22388,   281,   16000000,   12458022,        0,   -3541978,          0
 22388,   282,   16000000,   12460876,        0,   -3539124,          0
 22388,   283,   16000000,   12727467,        0,   -3272533,          0
 22388,   284,   16000000,   12452047,        0,   -3547953,          0
 22388,   285,   16000000,   12434982,        0,   -3565018,          0
 22388,   286,   16000000,   12433818,        0,   -3566182,          0
 22388,   287,   16000000,   12430024,        0,   -3569976,          0
 22388,   288,   16000000,   12448531,        0,   -3551469,          0
 22388,   289,   16000000,   12435592,        0,   -3564408,          0
 22388,   290,   16000000,   12440893,        0,   -3559107,          0
 22388,   291,   16000000,   12432645,        0,   -3567355,          0
 22388,   292,   16000000,   12495146,        0,   -3504854,          0
 22388,   293,   16000000,   12465728,        0,   -3534272,          0
 22388,   294,   16000000,   12442273,        0,   -3557727,          0
 22388,   295,   16000000,   12575460,        0,   -3424540,          0
 22388,   296,   16000000,   12460753,        0,   -3539247,          0
 22388,   297,   16000000,   12454924,        0,   -3545076,          0
 22388,   298,   16000000,   12455369,        0,   -3544631,          0
 22388,   299,   16000000,   12447242,        0,   -3552758,          0
 22388,   300,   16000000,   12445622,        0,   -3554378,          0
 22388,   301,   16000000,   12461601,        0,   -3538399,          0
 22388,   302,   16000000,   12431416,        0,   -3568584,          0
 22388,   303,   16000000,   12444937,        0,   -3555063,          0
 22388,   304,   16000000,   12477065,        0,   -3522935,          0
 22388,   305,   16000000,   12496213,        0,   -3503787,          0
 22388,   306,   16000000,   12721812,        0,   -3278188,          0
 22388,   307,   16000000,   12454833,        0,   -3545167,          0
 22388,   308,   16000000,   12443646,        0,   -3556354,          0
 22388,   309,   16000000,   12443276,        0,   -3556724,          0
 22388,   310,   16000000,   12440894,        0,   -3559106,          0
 22388,   311,   16000000,   12468276,        0,   -3531724,          0
 22388,   312,   16000000,   13445585,        0,   -2554415,          0
 22388,   313,   16000000,   12445674,        0,   -3554326,          0
 22388,   314,   16000000,   12716167,        0,   -3283833,          0
 22388,   315,   16000000,   12426547,        0,   -3573453,          0
 22388,   316,   16000000,   12431570,        0,   -3568430,          0
 22388,   317,   16000000,   12462088,        0,   -3537912,          0
 22388,   318,   16000000,   12432276,        0,   -3567724,          0
 22388,   319,   16000000,   12425788,        0,   -3574212,          0
 22388,   320,   16000000,   12439678,        0,   -3560322,          0
 22388,   321,   16000000,   12461701,        0,   -3538299,          0
 22388,   322,   16000000,   12769823,        0,   -3230177,          0
 22388,   323,   16000000,   12529734,        0,   -3470266,          0
 22388,   324,   16000000,   12434366,        0,   -3565634,          0
 22388,   325,   16000000,   12458771,        0,   -3541229,          0
 22388,   326,   16000000,   12469113,        0,   -3530887,          0
 22388,   327,   16000000,   12457294,        0,   -3542706,          0
 22388,   328,   16000000,   12432593,        0,   -3567407,          0
 22388,   329,   16000000,   12448592,        0,   -3551408,          0
 22388,   330,   16000000,   12734491,        0,   -3265509,          0
 22388,   331,   16000000,   12458507,        0,   -3541493,          0
 22388,   332,   16000000,   12459860,        0,   -3540140,          0
 22388,   333,   16000000,   12496131,        0,   -3503869,          0
 22388,   334,   16000000,   12490527,        0,   -3509473,          0
 22388,   335,   16000000,   12525804,        0,   -3474196,          0
 22388,   336,   16000000,   12452132,        0,   -3547868,          0
 22388,   337,   16000000,   12433930,        0,   -3566070,          0
 22388,   338,   16000000,   12442122,        0,   -3557878,          0
 22388,   339,   16000000,   12422571,        0,   -3577429,          0
 22388,   340,   16000000,   12463804,        0,   -3536196,          0
 22388,   341,   16000000,   12435458,        0,   -3564542,          0
 22388,   342,   16000000,   12464524,        0,   -3535476,          0
 22388,   343,   16000000,   12517900,        0,   -3482100,          0
 22388,   344,   16000000,   12533975,        0,   -3466025,          0
 22388,   345,   16000000,   12730925,        0,   -3269075,          0
 22388,   346,   16000000,   12442574,        0,   -3557426,          0
 22388,   347,   16000000,   12438035,        0,   -3561965,          0
 22388,   348,   16000000,   12441646,        0,   -3558354,          0
 22388,   349,   16000000,   12443628,        0,   -3556372,          0
 22388,   350,   16000000,   12451825,        0,   -3548175,          0
 22388,   351,   16000000,   12441686,        0,   -3558314,          0
 22388,   352,   16000000,   12433463,        0,   -3566537,          0
 22388,   353,   16000000,   12750731,        0,   -3249269,          0
 22388,   354,   16000000,   12440107,        0,   -3559893,          0
 22388,   355,   16000000,   12433693,        0,   -3566307,          0
 22388,   356,   16000000,   12429384,        0,   -3570616,          0
 22388,   357,   16000000,   12434993,        0,   -3565007,          0
 22388,   358,   16000000,   12499884,        0,   -3500116,          0
 22388,   359,   16000000,   12474428,        0,   -3525572,          0
 22388,   360,   16000000,   12465306,        0,   -3534694,          0
 22388,   361,   16000000,   12715551,        0,   -3284449,          0
 22388,   362,   16000000,   12445230,        0,   -3554770,          0
 22388,   363,   16000000,   12433472,        0,   -3566528,          0
 22388,   364,   16000000,   12455774,        0,   -3544226,          0
 22388,   365,   16000000,   12449011,        0,   -3550989,          0
 22388,   366,   16000000,   12432368,        0,   -3567632,          0
 22388,   367,   16000000,   12439402,        0,   -3560598,          0
 22388,   368,   16000000,   12441318,        0,   -3558682,          0
 22388,   369,   16000000,   12703435,        0,   -3296565,          0
 22388,   370,   16000000,   12438971,        0,   -3561029,          0
 22388,   371,   16000000,   12435387,        0,   -3564613,          0
 22388,   372,   16000000,   12429468,        0,   -3570532,          0
 22388,   373,   16000000,   12439321,        0,   -3560679,          0
 22388,   374,   16000000,   12442529,        0,   -3557471,          0
 22388,   375,   16000000,   12558784,        0,   -3441216,          0
 22388,   376,   16000000,   12763259,        0,   -3236741,          0
 22388,   377,   16000000,   12478069,        0,   -3521931,          0
 22388,   378,   16000000,   12436510,        0,   -3563490,          0
 22388,   379,   16000000,   12420280,        0,   -3579720,          0
 22388,   380,   16000000,   12449855,        0,   -3550145,          0
 22388,   381,   16000000,   12451402,        0,   -3548598,          0
 22388,   382,   16000000,   12430325,        0,   -3569675,          0
 22388,   383,   16000000,   12434286,        0,   -3565714,          0
 22388,   384,   16000000,   12720891,        0,   -3279109,          0
 22388,   385,   16000000,   12427959,        0,   -3572041,          0
 22388,   386,   16000000,   12439874,        0,   -3560126,          0
 22388,   387,   16000000,   12439588,        0,   -3560412,          0
 22388,   388,   16000000,   12481182,        0,   -3518818,          0
 22388,   389,   16000000,   12490102,        0,   -3509898,          0
 22388,   390,   16000000,   12500388,        0,   -3499612,          0
 22388,   391,   16000000,   12426195,        0,   -3573805,          0
 22388,   392,   16000000,   12715115,        0,   -3284885,          0
 22388,   393,   16000000,   12479750,        0,   -3520250,          0
 22388,   394,   16000000,   12436835,        0,   -3563165,          0
 22388,   395,   16000000,   12442871,        0,   -3557129,          0
 22388,   396,   16000000,   12419007,        0,   -3580993,          0
 22388,   397,   16000000,   12433579,        0,   -3566421,          0
 22388,   398,   16000000,   12426006,        0,   -3573994,          0
 22388,   399,   16000000,   12426198,        0,   -3573802,          0
 22388,   400,   16000000,   12766534,        0,   -3233466,          0
 22388,   401,   16000000,   12444531,        0,   -3555469,          0
 22388,   402,   16000000,   12434779,        0,   -3565221,          0
 22388,   403,   16000000,   12444353,        0,   -3555647,          0
 22388,   404,   16000000,   12434820,        0,   -3565180,          0
 22388,   405,   16000000,   12461506,        0,   -3538494,          0
 22388,   406,   16000000,   12458438,        0,   -3541562,          0
 22388,   407,   16000000,   12529690,        0,   -3470310,          0
 22388,   408,   16000000,   12721843,        0,   -3278157,          0
 22388,   409,   16000000,   12435373,        0,   -3564627,          0
 22388,   410,   16000000,   12443583,        0,   -3556417,          0
 22388,   411,   16000000,   12424345,        0,   -3575655,          0
 22388,   412,   16000000,   12422768,        0,   -3577232,          0
 22388,   413,   16000000,   12442366,        0,   -3557634,          0
 22388,   414,   16000000,   12436763,        0,   -3563237,          0
 22388,   415,   16000000,   12435297,        0,   -3564703,          0
 22388,   416,   16000000,   12470690,        0,   -3529310,          0
 22388,   417,   16000000,   12440041,        0,   -3559959,          0
 22388,   418,   16000000,   12436211,        0,   -3563789,          0
 22388,   419,   16000000,   12445113,        0,   -3554887,          0
 22388,   420,   16000000,   12437173,        0,   -3562827,          0
 22388,   421,   16000000,   12448387,        0,   -3551613,          0
 22388,   422,   16000000,   12541352,        0,   -3458648,          0
 22388,   423,   16000000,   12524357,        0,   -3475643,          0
 22388,   424,   16000000,   12428886,        0,   -3571114,          0
 22388,   425,   16000000,   12442132,        0,   -3557868,          0
 22388,   426,   16000000,   12430502,        0,   -3569498,          0
 22388,   427,   16000000,   12495766,        0,   -3504234,          0
 22388,   428,   16000000,   12438305,        0,   -3561695,          0
 22388,   429,   16000000,   12489766,        0,   -3510234,          0
 22388,   430,   16000000,   12484146,        0,   -3515854,          0
 22388,   431,   16000000,   12727167,        0,   -3272833,          0
 22388,   432,   16000000,   12436918,        0,   -3563082,          0
 22388,   433,   16000000,   12441889,        0,   -3558111,          0
 22388,   434,   16000000,   12434851,        0,   -3565149,          0
 22388,   435,   16000000,   12428571,        0,   -3571429,          0
 22388,   436,   16000000,   12427558,        0,   -3572442,          0
 22388,   437,   16000000,   12450860,        0,   -3549140,          0
 22388,   438,   16000000,   12422611,        0,   -3577389,          0
 22388,   439,   16000000,   12720252,        0,   -3279748,          0
 22388,   440,   16000000,   12426652,        0,   -3573348,          0
 22388,   441,   16000000,   12425112,        0,   -3574888,          0
 22388,   442,   16000000,   12446620,        0,   -3553380,          0
 22388,   443,   16000000,   12431758,        0,   -3568242,          0
 22388,   444,   16000000,   12513264,        0,   -3486736,          0
 22388,   445,   16000000,   12482559,        0,   -3517441,          0
 22388,   446,   16000000,   12476453,        0,   -3523547,          0
 22388,   447,   16000000,   12758082,        0,   -3241918,          0
 22388,   448,   16000000,   12571983,        0,   -3428017,          0
 22388,   449,   16000000,   12454098,        0,   -3545902,          0
 22388,   450,   16000000,   12422885,        0,   -3577115,          0
 22388,   451,   16000000,   12459930,        0,   -3540070,          0
 22388,   452,   16000000,   12507596,        0,   -3492404,          0
 22388,   453,   16000000,   12468162,        0,   -3531838,          0
 22388,   454,   16000000,   12440215,        0,   -3559785,          0
 22388,   455,   16000000,   12744091,        0,   -3255909,          0
 22388,   456,   16000000,   12430227,        0,   -3569773,          0
 22388,   457,   16000000,   12442748,        0,   -3557252,          0
 22388,   458,   16000000,   12416918,        0,   -3583082,          0
 22388,   459,   16000000,   12446114,        0,   -3553886,          0
 22388,   460,   16000000,   12422349,        0,   -3577651,          0
 22388,   461,   16000000,   12432003,        0,   -3567997,          0
 22388,   462,   16000000,   12435228,        0,   -3564772,          0
 22388,   463,   16000000,   12501045,        0,   -3498955,          0
 22388,   464,   16000000,   12444652,        0,   -3555348,          0
 22388,   465,   16000000,   12421434,        0,   -3578566,          0
 22388,   466,   16000000,   12454045,        0,   -3545955,          0
 22388,   467,   16000000,   12464773,        0,   -3535227,          0
 22388,   468,   16000000,   12513374,        0,   -3486626,          0
 22388,   469,   16000000,   12435933,        0,   -3564067,          0
 22388,   470,   16000000,   12781757,        0,   -3218243,          0
 22388,   471,   16000000,   12491094,        0,   -3508906,          0
 22388,   472,   16000000,   12434393,        0,   -3565607,          0
 22388,   473,   16000000,   12433061,        0,   -3566939,          0
 22388,   474,   16000000,   12442059,        0,   -3557941,          0
 22388,   475,   16000000,   12450055,        0,   -3549945,          0
 22388,   476,   16000000,   12487545,        0,   -3512455,          0
 22388,   477,   16000000,   12455867,        0,   -3544133,          0
 22388,   478,   16000000,   12711345,        0,   -3288655,          0
 22388,   479,   16000000,   12435549,        0,   -3564451,          0
 22388,   480,   16000000,   12458351,        0,   -3541649,          0
 22388,   481,   16000000,   12434521,        0,   -3565479,          0
 22388,   482,   16000000,   12514404,        0,   -3485596,          0
 22388,   483,   16000000,   12432326,        0,   -3567674,          0
 22388,   484,   16000000,   12461873,        0,   -3538127,          0
 22388,   485,   16000000,   12425635,        0,   -3574365,          0
 22388,   486,   16000000,   12717300,        0,   -3282700,          0
 22388,   487,   16000000,   12470016,        0,   -3529984,          0
 22388,   488,   16000000,   12461533,        0,   -3538467,          0
 22388,   489,   16000000,   12455706,        0,   -3544294,          0
 22388,   490,   16000000,   12429503,        0,   -3570497,          0
 22388,   491,   16000000,   12467152,        0,   -3532848,          0
 22388,   492,   16000000,   12454551,        0,   -3545449,          0
 22388,   493,   16000000,   12443075,        0,   -3556925,          0
 22388,   494,   16000000,   12738988,        0,   -3261012,          0
 22388,   495,   16000000,   12486203,        0,   -3513797,          0
 22388,   496,   16000000,   12452470,        0,   -3547530,          0
 22388,   497,   16000000,   12435158,        0,   -3564842,          0
 22388,   498,   16000000,   12441641,        0,   -3558359,          0
 22388,   499,   16000000,   12455459,        0,   -3544541,          0
 22388,   500,   16000000,   12516691,        0,   -3483309,          0
 22388,   501,   16000000,   12516682,        0,   -3483318,          0
 22388,   502,   16000000,   12474235,        0,   -3525765,          0
 22388,   503,   16000000,   12488031,        0,   -3511969,          0
 22388,   504,   16000000,   12432959,        0,   -3567041,          0
 22388,   505,   16000000,   12453391,        0,   -3546609,          0
 22388,   506,   16000000,   12472048,        0,   -3527952,          0
 22388,   507,   16000000,   12454991,        0,   -3545009,          0
 22388,   508,   16000000,   12461617,        0,   -3538383,          0
 22388,   509,   16000000,   12742876,        0,   -3257124,          0
 22388,   510,   16000000,   12505001,        0,   -3494999,          0
 22388,   511,   16000000,   12449996,        0,   -3550004,          0
 22388,   512,   16000000,   12428258,        0,   -3571742,          0
 22388,   513,   16000000,   12432465,        0,   -3567535,          0
 22388,   514,   16000000,   12510583,        0,   -3489417,          0
 22388,   515,   16000000,   12480743,        0,   -3519257,          0
 22388,   516,   16000000,   12458506,        0,   -3541494,          0
 22388,   517,   16000000,   12742547,        0,   -3257453,          0
 22388,   518,   16000000,   12450036,        0,   -3549964,          0
 22388,   519,   16000000,   12453419,        0,   -3546581,          0
 22388,   520,   16000000,   12436069,        0,   -3563931,          0
 22388,   521,   16000000,   12485425,        0,   -3514575,          0
 22388,   522,   16000000,   12449176,        0,   -3550824,          0
 22388,   523,   16000000,   12432259,        0,   -3567741,          0
 22388,   524,   16000000,   12455471,        0,   -3544529,          0
 22388,   525,   16000000,   12745916,        0,   -3254084,          0
 22388,   526,   16000000,   12451661,        0,   -3548339,          0
 22388,   527,   16000000,   12488726,        0,   -3511274,          0
 22388,   528,   16000000,   12432179,        0,   -3567821,          0
 22388,   529,   16000000,   12443144,        0,   -3556856,          0
 22388,   530,   16000000,   12455434,        0,   -3544566,          0
 22388,   531,   16000000,   12498710,        0,   -3501290,          0
 22388,   532,   16000000,   12518785,        0,   -3481215,          0
 22388,   533,   16000000,   12728704,        0,   -3271296,          0
 22388,   534,   16000000,   12458442,        0,   -3541558,          0
 22388,   535,   16000000,   12435881,        0,   -3564119,          0
 22388,   536,   16000000,   12440726,        0,   -3559274,          0
 22388,   537,   16000000,   12431621,        0,   -3568379,          0
 22388,   538,   16000000,   12452472,        0,   -3547528,          0
 22388,   539,   16000000,   12441020,        0,   -3558980,          0
 22388,   540,   16000000,   12430767,        0,   -3569233,          0
 22388,   541,   16000000,   12569932,        0,   -3430068,          0
 22388,   542,   16000000,   12448300,        0,   -3551700,          0
 22388,   543,   16000000,   12519013,        0,   -3480987,          0
 22388,   544,   16000000,   12458459,        0,   -3541541,          0
 22388,   545,   16000000,   12441385,        0,   -3558615,          0
 22388,   546,   16000000,   12456378,        0,   -3543622,          0
 22388,   547,   16000000,   12443276,        0,   -3556724,          0
 22388,   548,   16000000,   12428997,        0,   -3571003,          0
 22388,   549,   16000000,   12432795,        0,   -3567205,          0
 22388,   550,   16000000,   12456264,        0,   -3543736,          0
 22388,   551,   16000000,   12440761,        0,   -3559239,          0
 22388,   552,   16000000,   12442225,        0,   -3557775,          0
 22388,   553,   16000000,   12441272,        0,   -3558728,          0
 22388,   554,   16000000,   12443615,        0,   -3556385,          0
 22388,   555,   16000000,   12441447,        0,   -3558553,          0
 22388,   556,   16000000,   12825747,        0,   -3174253,          0
 22388,   557,   16000000,   12516216,        0,   -3483784,          0
 22388,   558,   16000000,   12461415,        0,   -3538585,          0
 22388,   559,   16000000,   12449075,        0,   -3550925,          0
 22388,   560,   16000000,   12445700,        0,   -3554300,          0
 22388,   561,   16000000,   12442702,        0,   -3557298,          0
 22388,   562,   16000000,   12436330,        0,   -3563670,          0
 22388,   563,   16000000,   12448823,        0,   -3551177,          0
 22388,   564,   16000000,   12708905,        0,   -3291095,          0
 22388,   565,   16000000,   12448090,        0,   -3551910,          0
 22388,   566,   16000000,   12434621,        0,   -3565379,          0
 22388,   567,   16000000,   12460475,        0,   -3539525,          0
 22388,   568,   16000000,   12431267,        0,   -3568733,          0
 22388,   569,   16000000,   12442517,        0,   -3557483,          0
 22388,   570,   16000000,   12429738,        0,   -3570262,          0
 22388,   571,   16000000,   12435791,        0,   -3564209,          0
 22388,   572,   16000000,   12703984,        0,   -3296016,          0
 22388,   573,   16000000,   12529329,        0,   -3470671,          0
 22388,   574,   16000000,   12463011,        0,   -3536989,          0
 22388,   575,   16000000,   12439510,        0,   -3560490,          0
 22388,   576,   16000000,   12429826,        0,   -3570174,          0
 22388,   577,   16000000,   12435729,        0,   -3564271,          0
 22388,   578,   16000000,   12445756,        0,   -3554244,          0
 22388,   579,   16000000,   12453857,        0,   -3546143,          0
 22388,   580,   16000000,   12789586,        0,   -3210414,          0
 22388,   581,   16000000,   12480556,        0,   -3519444,          0
 22388,   582,   16000000,   12486167,        0,   -3513833,          0
 22388,   583,   16000000,   12475166,        0,   -3524834,          0
 22388,   584,   16000000,   12541362,        0,   -3458638,          0
 22388,   585,   16000000,   12492262,        0,   -3507738,          0
 22388,   586,   16000000,   12472038,        0,   -3527962,          0
 22388,   587,   16000000,   12445345,        0,   -3554655,          0
 22388,   588,   16000000,   12431828,        0,   -3568172,          0
 22388,   589,   16000000,   12445017,        0,   -3554983,          0
 22388,   590,   16000000,   12436273,        0,   -3563727,          0
 22388,   591,   16000000,   12437423,        0,   -3562577,          0
 22388,   592,   16000000,   12429088,        0,   -3570912,          0
 22388,   593,   16000000,   12423983,        0,   -3576017,          0
 22388,   594,   16000000,   12423028,        0,   -3576972,          0
 22388,   595,   16000000,   12704427,        0,   -3295573,          0
 22388,   596,   16000000,   12434774,        0,   -3565226,          0
 22388,   597,   16000000,   12436397,        0,   -3563603,          0
 22388,   598,   16000000,   12450113,        0,   -3549887,          0
 22388,   599,   16000000,   12452840,        0,   -3547160,          0
 22388,   600,   16000000,   12439183,        0,   -3560817,          0
 22388,   601,   16000000,   12453673,        0,   -3546327,          0
 22388,   602,   16000000,   12456933,        0,   -3543067,          0
 22388,   603,   16000000,   12711907,        0,   -3288093,          0
 22388,   604,   16000000,   12460314,        0,   -3539686,          0
 22388,   605,   16000000,   12463962,        0,   -3536038,          0
 22388,   606,   16000000,   12448362,        0,   -3551638,          0
 22388,   607,   16000000,   12418732,        0,   -3581268,          0
 22388,   608,   16000000,   12453817,        0,   -3546183,          0
 22388,   609,   16000000,   12474583,        0,   -3525417,          0
 22388,   610,   16000000,   12450722,        0,   -3549278,          0
 22388,   611,   16000000,   12733131,        0,   -3266869,          0
 22388,   612,   16000000,   12428688,        0,   -3571312,          0
 22388,   613,   16000000,   12446110,        0,   -3553890,          0
 22388,   614,   16000000,   12427176,        0,   -3572824,          0
 22388,   615,   16000000,   12455254,        0,   -3544746,          0
 22388,   616,   16000000,   12439925,        0,   -3560075,          0
 22388,   617,   16000000,   12456497,        0,   -3543503,          0
 22388,   618,   16000000,   12461709,        0,   -3538291,          0
 22388,   619,   16000000,   12711581,        0,   -3288419,          0
 22388,   620,   16000000,   12435386,        0,   -3564614,          0
 22388,   621,   16000000,   12435155,        0,   -3564845,          0
 22388,   622,   16000000,   12450545,        0,   -3549455,          0
 22388,   623,   16000000,   12439129,        0,   -3560871,          0
 22388,   624,   16000000,   12422466,        0,   -3577534,          0
 22388,   625,   16000000,   12464880,        0,   -3535120,          0
 22388,   626,   16000000,   12465472,        0,   -3534528,          0
 22388,   627,   16000000,   12427080,        0,   -3572920,          0
 22388,   628,   16000000,   12424989,        0,   -3575011,          0
 22388,   629,   16000000,   12433991,        0,   -3566009,          0
# task NAME=myapp PID=22391 COST=19256000 PERIOD=93000000 CPU=0
 22391,     2,   93000000,      15277,        0,  -92984723,          0
 22391,     3,   93000000,      98015,        0,  -92901985,          0
 22391,     4,   93000000,   20200918,        0,  -72799082,          0
 22391,     5,   93000000,   18883330,        0,  -74116670,          0
 22391,     6,   93000000,   18886978,        0,  -74113022,          0
 22391,     7,   93000000,   18880932,        0,  -74119068,          0
 22391,     8,   93000000,   19149085,        0,  -73850915,          0
 22391,     9,   93000000,   18964088,        0,  -74035912,          0
 22391,    10,   93000000,   18878290,        0,  -74121710,          0
 22391,    11,   93000000,   18864395,        0,  -74135605,          0
 22391,    12,   93000000,   18954837,        0,  -74045163,          0
 22391,    13,   93000000,   18882888,        0,  -74117112,          0
 22391,    14,   93000000,   18880202,        0,  -74119798,          0
 22391,    15,   93000000,   18951750,        0,  -74048250,          0
 22391,    16,   93000000,   18896096,        0,  -74103904,          0
 22391,    17,   93000000,   18892451,        0,  -74107549,          0
 22391,    18,   93000000,   18877748,        0,  -74122252,          0
 22391,    19,   93000000,   20912426,        0,  -72087574,          0
 22391,    20,   93000000,   18878908,        0,  -74121092,          0
 22391,    21,   93000000,   18901974,        0,  -74098026,          0
 22391,    22,   93000000,   18889176,        0,  -74110824,          0
 22391,    23,   93000000,   18857336,        0,  -74142664,          0
 22391,    24,   93000000,   18859906,        0,  -74140094,          0
 22391,    25,   93000000,   18852378,        0,  -74147622,          0
 22391,    26,   93000000,   18925291,        0,  -74074709,          0
 22391,    27,   93000000,   19144273,        0,  -73855727,          0
 22391,    28,   93000000,   18890164,        0,  -74109836,          0
 22391,    29,   93000000,   18862472,        0,  -74137528,          0
 22391,    30,   93000000,   18859155,        0,  -74140845,          0
 22391,    31,   93000000,   19150889,        0,  -73849111,          0
 22391,    32,   93000000,   18872591,        0,  -74127409,          0
 22391,    33,   93000000,   18933703,        0,  -74066297,          0
 22391,    34,   93000000,   18942496,        0,  -74057504,          0
 22391,    35,   93000000,   19184907,        0,  -73815093,          0
 22391,    36,   93000000,   18862911,        0,  -74137089,          0
 22391,    37,   93000000,   18950363,        0,  -74049637,          0
 22391,    38,   93000000,   18864567,        0,  -74135433,          0
 22391,    39,   93000000,   19227002,        0,  -73772998,          0
 22391,    40,   93000000,   18878554,        0,  -74121446,          0
 22391,    41,   93000000,   18865244,        0,  -74134756,          0
 22391,    42,   93000000,   18957867,        0,  -74042133,          0
 22391,    43,   93000000,   19162039,        0,  -73837961,          0
 22391,    44,   93000000,   18893368,        0,  -74106632,          0
 22391,    45,   93000000,   18888841,        0,  -74111159,          0
 22391,    46,   93000000,   18980999,        0,  -74019001,          0
 22391,    47,   93000000,   19214685,        0,  -73785315,          0
 22391,    48,   93000000,   18888832,        0,  -74111168,          0
 22391,    49,   93000000,   18892631,        0,  -74107369,          0
 22391,    50,   93000000,   18873627,        0,  -74126373,          0
 22391,    51,   93000000,   19291504,        0,  -73708496,          0
 22391,    52,   93000000,   18850794,        0,  -74149206,          0
 22391,    53,   93000000,   18875850,        0,  -74124150,          0
 22391,    54,   93000000,   18947162,        0,  -74052838,          0
 22391,    55,   93000000,   18891404,        0,  -74108596,          0
 22391,    56,   93000000,   18908574,        0,  -74091426,          0
 22391,    57,   93000000,   18862222,        0,  -74137778,          0
 22391,    58,   93000000,   18961019,        0,  -74038981,          0
 22391,    59,   93000000,   18868962,        0,  -74131038,          0
 22391,    60,   93000000,   18861885,        0,  -74138115,          0
 22391,    61,   93000000,   18857978,        0,  -74142022,          0
 22391,    62,   93000000,   18883801,        0,  -74116199,          0
 22391,    63,   93000000,   18854112,        0,  -74145888,          0
 22391,    64,   93000000,   18934655,        0,  -74065345,          0
 22391,    65,   93000000,   18876723,        0,  -74123277,          0
 22391,    66,   93000000,   18843929,        0,  -74156071,          0
 22391,    67,   93000000,   18927567,        0,  -74072433,          0
 22391,    68,   93000000,   18878234,        0,  -74121766,          0
 22391,    69,   93000000,   18874382,        0,  -74125618,          0
 22391,    70,   93000000,   19173842,        0,  -73826158,          0
 22391,    71,   93000000,   18914991,        0,  -74085009,          0
 22391,    72,   93000000,   18956953,        0,  -74043047,          0
 22391,    73,   93000000,   18857805,        0,  -74142195,          0
 22391,    74,   93000000,   19158244,        0,  -73841756,          0
 22391,    75,   93000000,   18896689,        0,  -74103311,          0
 22391,    76,   93000000,   18884712,        0,  -74115288,          0
 22391,    77,   93000000,   18963240,        0,  -74036760,          0
 22391,    78,   93000000,   19147788,        0,  -73852212,          0
 22391,    79,   93000000,   18870518,        0,  -74129482,          0
 22391,    80,   93000000,   18919672,        0,  -74080328,          0
 22391,    81,   93000000,   18902066,        0,  -74097934,          0
 22391,    82,   93000000,   19160892,        0,  -73839108,          0
 22391,    83,   93000000,   18924431,        0,  -74075569,          0
 22391,    84,   93000000,   18958846,        0,  -74041154,          0
 22391,    85,   93000000,   18873576,        0,  -74126424,          0
 22391,    86,   93000000,   19213913,        0,  -73786087,          0
 22391,    87,   93000000,   18881684,        0,  -74118316,          0
 22391,    88,   93000000,   18905372,        0,  -74094628,          0
 22391,    89,   93000000,   18942245,        0,  -74057755,          0
 22391,    90,   93000000,   19244644,        0,  -73755356,          0
 22391,    91,   93000000,   18890729,        0,  -74109271,          0
 22391,    92,   93000000,   18862809,        0,  -74137191,          0
 22391,    93,   93000000,   19782011,        0,  -73217989,          0
 22391,    94,   93000000,   18851772,        0,  -74148228,          0
 22391,    95,   93000000,   18851666,        0,  -74148334,          0
 22391,    96,   93000000,   18880155,        0,  -74119845,          0
 22391,    97,   93000000,   19161506,        0,  -73838494,          0
 22391,    98,   93000000,   18864293,        0,  -74135707,          0
 22391,    99,   93000000,   18876507,        0,  -74123493,          0
 22391,   100,   93000000,   18899291,        0,  -74100709,          0
 22391,   101,   93000000,   18962158,        0,  -74037842,          0
 22391,   102,   93000000,   18944480,        0,  -74055520,          0
 22391,   103,   93000000,   18870383,        0,  -74129617,          0
 22391,   104,   93000000,   18924636,        0,  -74075364,          0
 22391,   105,   93000000,   18880880,        0,  -74119120,          0
 22391,   106,   93000000,   18860846,        0,  -74139154,          0
 22391,   107,   93000000,   18899491,        0,  -74100509,          0
 22391,   108,   93000000,   18995768,        0,  -74004232,          0
 22391,   109,   93000000,   19143165,        0,  -73856835,          0
 22391,   110,   93000000,   18939660,        0,  -74060340,          0
 22391,   111,   93000000,   18882702,        0,  -74117298,          0
