106 106 0
130 130 0
111 111 0
247 247 0
106 106 0
139 139 0
232 232 0
774 774 0
245 245 0
128 128 0
422 422 0
189 189 0
196 196 0
136 136 0
129 129 0
775 775 0
154 154 0
316 316 0
222 222 0
262 262 0
505 505 0
200 200 0
159 159 0
108 108 0
156 156 0
116 116 0
285 285 0
122 122 0
839 839 0
327 327 0
132 132 0
507 507 0
224 224 0
1005 1005 0
140 140 0
124 124 0
226 226 0
308 308 0
328 328 0
116 116 0
109 109 0
112 112 0
142 142 0
226 226 0
840 840 0
131 131 0
253 253 0
595 595 0
137 137 0
327 327 0
214 214 0
307 307 0
171 171 0
348 348 0
350 350 0
156 156 0
361 361 0
331 331 0
441 441 0
112 112 0
773 773 0
129 129 0
133 133 0
145 145 0
216 216 0
255 255 0
154 154 0
142 142 0
274 274 0
175 175 0
181 181 0
594 594 0
109 109 0
189 189 0
186 186 0
208 208 0
153 153 0
156 156 0
229 229 0
137 137 0
109 109 0
124 124 0
181 181 0
118 118 0
297 297 0
119 119 0
206 206 0
404 404 0
226 226 0
118 118 0
390 390 0
196 196 0
309 309 0
128 128 0
175 175 0
633 633 0
316 316 0
180 180 0
131 131 0
289 289 0
116 116 0
120 120 0
108 108 0
719 719 0
243 243 0
168 168 0
350 350 0
113 113 0
135 135 0
133 133 0
565 565 0
559 559 0
261 261 0
300 300 0
836 836 0
109 109 0
124 124 0
176 176 0
136 136 0
189 189 0
114 114 0
107 107 0
154 154 0
266 266 0
837 837 0
127 127 0
160 160 0
150 150 0
143 143 0
531 531 0
168 168 0
388 388 0
164 164 0
113 113 0
138 138 0
133 133 0
139 139 0
1007 1007 0
131 131 0
593 593 0
123 123 0
1004 1004 0
283 283 0
137 137 0
114 114 0
214 214 0
149 149 0
154 154 0
