# Task,   Job,     Period,   Response, DL Miss?,   Lateness,  Tardiness
# task NAME=myapp PID=6556 COST=70596000 PERIOD=80000000 CPU=0
  6556,     2,   80000000,       8992,        0,  -79991008,          0
  6556,     3,   80000000,      56305,        0,  -79943695,          0
  6556,     4,   80000000,   70717592,        0,   -9282408,          0
  6556,     5,   80000000,   69313239,        0,  -10686761,          0
  6556,     6,   80000000,   69310262,        0,  -10689738,          0
  6556,     7,   80000000,   69594392,        0,  -10405608,          0
  6556,     8,   80000000,   69326640,        0,  -10673360,          0
  6556,     9,   80000000,   69615527,        0,  -10384473,          0
  6556,    10,   80000000,   69602363,        0,  -10397637,          0
  6556,    11,   80000000,   69380875,        0,  -10619125,          0
  6556,    12,   80000000,   69611107,        0,  -10388893,          0
  6556,    13,   80000000,   69590514,        0,  -10409486,          0
  6556,    14,   80000000,   69304920,        0,  -10695080,          0
  6556,    15,   80000000,   69611526,        0,  -10388474,          0
  6556,    16,   80000000,   69609944,        0,  -10390056,          0
  6556,    17,   80000000,   69397608,        0,  -10602392,          0
  6556,    18,   80000000,   69617717,        0,  -10382283,          0
  6556,    19,   80000000,   69331140,        0,  -10668860,          0
  6556,    20,   80000000,   69309019,        0,  -10690981,          0
  6556,    21,   80000000,   69592514,        0,  -10407486,          0
  6556,    22,   80000000,   69322752,        0,  -10677248,          0
  6556,    23,   80000000,   69680623,        0,  -10319377,          0
  6556,    24,   80000000,   69597278,        0,  -10402722,          0
  6556,    25,   80000000,   69322197,        0,  -10677803,          0
  6556,    26,   80000000,   69627444,        0,  -10372556,          0
  6556,    27,   80000000,   69567457,        0,  -10432543,          0
  6556,    28,   80000000,   69312989,        0,  -10687011,          0
  6556,    29,   80000000,   69606007,        0,  -10393993,          0
  6556,    30,   80000000,   69327066,        0,  -10672934,          0
  6556,    31,   80000000,   69332796,        0,  -10667204,          0
  6556,    32,   80000000,   69608004,        0,  -10391996,          0
  6556,    33,   80000000,   69315330,        0,  -10684670,          0
  6556,    34,   80000000,   69605732,        0,  -10394268,          0
  6556,    35,   80000000,   69611837,        0,  -10388163,          0
  6556,    36,   80000000,   69419451,        0,  -10580549,          0
  6556,    37,   80000000,   69603559,        0,  -10396441,          0
  6556,    38,   80000000,   69598623,        0,  -10401377,          0
  6556,    39,   80000000,   69322931,        0,  -10677069,          0
  6556,    40,   80000000,   69615568,        0,  -10384432,          0
  6556,    41,   80000000,   69577914,        0,  -10422086,          0
  6556,    42,   80000000,   69321415,        0,  -10678585,          0
  6556,    43,   80000000,   69613633,        0,  -10386367,          0
  6556,    44,   80000000,   69335420,        0,  -10664580,          0
  6556,    45,   80000000,   69338127,        0,  -10661873,          0
  6556,    46,   80000000,   69593830,        0,  -10406170,          0
  6556,    47,   80000000,   69310164,        0,  -10689836,          0
  6556,    48,   80000000,   69658462,        0,  -10341538,          0
  6556,    49,   80000000,   69606813,        0,  -10393187,          0
  6556,    50,   80000000,   69320122,        0,  -10679878,          0
  6556,    51,   80000000,   69587994,        0,  -10412006,          0
  6556,    52,   80000000,   69594241,        0,  -10405759,          0
  6556,    53,   80000000,   69385184,        0,  -10614816,          0
  6556,    54,   80000000,   69580853,        0,  -10419147,          0
  6556,    55,   80000000,   69320234,        0,  -10679766,          0
  6556,    56,   80000000,   69322762,        0,  -10677238,          0
  6556,    57,   80000000,   69589461,        0,  -10410539,          0
  6556,    58,   80000000,   69314532,        0,  -10685468,          0
  6556,    59,   80000000,   69570658,        0,  -10429342,          0
  6556,    60,   80000000,   69615112,        0,  -10384888,          0
  6556,    61,   80000000,   69369498,        0,  -10630502,          0
  6556,    62,   80000000,   69596753,        0,  -10403247,          0
  6556,    63,   80000000,   69621296,        0,  -10378704,          0
  6556,    64,   80000000,   69336509,        0,  -10663491,          0
  6556,    65,   80000000,   69620965,        0,  -10379035,          0
  6556,    66,   80000000,   69332983,        0,  -10667017,          0
  6556,    67,   80000000,   69325006,        0,  -10674994,          0
  6556,    68,   80000000,   69605456,        0,  -10394544,          0
  6556,    69,   80000000,   69312746,        0,  -10687254,          0
  6556,    70,   80000000,   69322957,        0,  -10677043,          0
  6556,    71,   80000000,   69600798,        0,  -10399202,          0
  6556,    72,   80000000,   69321541,        0,  -10678459,          0
  6556,    73,   80000000,   69691350,        0,  -10308650,          0
  6556,    74,   80000000,   69602420,        0,  -10397580,          0
  6556,    75,   80000000,   69327637,        0,  -10672363,          0
  6556,    76,   80000000,   69613099,        0,  -10386901,          0
  6556,    77,   80000000,   69664098,        0,  -10335902,          0
  6556,    78,   80000000,   69338898,        0,  -10661102,          0
  6556,    79,   80000000,   69600457,        0,  -10399543,          0
  6556,    80,   80000000,   69317146,        0,  -10682854,          0
  6556,    81,   80000000,   69316612,        0,  -10683388,          0
  6556,    82,   80000000,   69613015,        0,  -10386985,          0
  6556,    83,   80000000,   69302399,        0,  -10697601,          0
  6556,    84,   80000000,   69598606,        0,  -10401394,          0
  6556,    85,   80000000,   69575435,        0,  -10424565,          0
  6556,    86,   80000000,   69388518,        0,  -10611482,          0
  6556,    87,   80000000,   69610423,        0,  -10389577,          0
  6556,    88,   80000000,   69609142,        0,  -10390858,          0
  6556,    89,   80000000,   69311581,        0,  -10688419,          0
  6556,    90,   80000000,   69585620,        0,  -10414380,          0
  6556,    91,   80000000,   69333102,        0,  -10666898,          0
  6556,    92,   80000000,   69313664,        0,  -10686336,          0
  6556,    93,   80000000,   69590560,        0,  -10409440,          0
  6556,    94,   80000000,   69318580,        0,  -10681420,          0
  6556,    95,   80000000,   69334546,        0,  -10665454,          0
  6556,    96,   80000000,   69593647,        0,  -10406353,          0
  6556,    97,   80000000,   69321753,        0,  -10678247,          0
  6556,    98,   80000000,   69684291,        0,  -10315709,          0
  6556,    99,   80000000,   69616922,        0,  -10383078,          0
  6556,   100,   80000000,   69343420,        0,  -10656580,          0
  6556,   101,   80000000,   69566077,        0,  -10433923,          0
  6556,   102,   80000000,   69621048,        0,  -10378952,          0
  6556,   103,   80000000,   69339505,        0,  -10660495,          0
  6556,   104,   80000000,   69614165,        0,  -10385835,          0
  6556,   105,   80000000,   69314038,        0,  -10685962,          0
  6556,   106,   80000000,   69315628,        0,  -10684372,          0
  6556,   107,   80000000,   69607429,        0,  -10392571,          0
  6556,   108,   80000000,   69334333,        0,  -10665667,          0
  6556,   109,   80000000,   69610561,        0,  -10389439,          0
  6556,   110,   80000000,   69620935,        0,  -10379065,          0
  6556,   111,   80000000,   69424230,        0,  -10575770,          0
  6556,   112,   80000000,   69612522,        0,  -10387478,          0
  6556,   113,   80000000,   69610293,        0,  -10389707,          0
  6556,   114,   80000000,   69342701,        0,  -10657299,          0
  6556,   115,   80000000,   69600455,        0,  -10399545,          0
  6556,   116,   80000000,   69323537,        0,  -10676463,          0
  6556,   117,   80000000,   69330107,        0,  -10669893,          0
  6556,   118,   80000000,   69613087,        0,  -10386913,          0
  6556,   119,   80000000,   69334127,        0,  -10665873,          0
  6556,   120,   80000000,   69336951,        0,  -10663049,          0
  6556,   121,   80000000,   69605263,        0,  -10394737,          0
  6556,   122,   80000000,   69313499,        0,  -10686501,          0
  6556,   123,   80000000,   69677978,        0,  -10322022,          0
  6556,   124,   80000000,   69612324,        0,  -10387676,          0
  6556,   125,   80000000,   69323037,        0,  -10676963,          0
  6556,   126,   80000000,   69797499,        0,  -10202501,          0
  6556,   127,   80000000,   69604208,        0,  -10395792,          0
  6556,   128,   80000000,   69356336,        0,  -10643664,          0
  6556,   129,   80000000,   69600317,        0,  -10399683,          0
# task NAME=myapp PID=6559 COST=1645000 PERIOD=14000000 CPU=0
  6559,     2,   14000000,      13959,        0,  -13986041,          0
  6559,     3,   14000000,      52771,        0,  -13947229,          0
  6559,     4,   14000000,    2688856,        0,  -11311144,          0
  6559,     5,   14000000,    1653040,        0,  -12346960,          0
  6559,     6,   14000000,    1657176,        0,  -12342824,          0
  6559,     7,   14000000,    1654439,        0,  -12345561,          0
  6559,     8,   14000000,    1655856,        0,  -12344144,          0
  6559,     9,   14000000,    1628530,        0,  -12371470,          0
  6559,    10,   14000000,    1632922,        0,  -12367078,          0
  6559,    11,   14000000,    1629103,        0,  -12370897,          0
  6559,    12,   14000000,    1630309,        0,  -12369691,          0
  6559,    13,   14000000,    1631097,        0,  -12368903,          0
  6559,    14,   14000000,    1666344,        0,  -12333656,          0
  6559,    15,   14000000,    1629608,        0,  -12370392,          0
  6559,    16,   14000000,    1628124,        0,  -12371876,          0
  6559,    17,   14000000,    1631336,        0,  -12368664,          0
  6559,    18,   14000000,    1630287,        0,  -12369713,          0
  6559,    19,   14000000,    1628953,        0,  -12371047,          0
  6559,    20,   14000000,    1650552,        0,  -12349448,          0
  6559,    21,   14000000,    1633848,        0,  -12366152,          0
  6559,    22,   14000000,    1629042,        0,  -12370958,          0
  6559,    23,   14000000,    1629302,        0,  -12370698,          0
  6559,    24,   14000000,    1631383,        0,  -12368617,          0
  6559,    25,   14000000,    1629500,        0,  -12370500,          0
  6559,    26,   14000000,    1629191,        0,  -12370809,          0
  6559,    27,   14000000,    1629020,        0,  -12370980,          0
  6559,    28,   14000000,    1632658,        0,  -12367342,          0
  6559,    29,   14000000,    1630068,        0,  -12369932,          0
  6559,    30,   14000000,    1628957,        0,  -12371043,          0
  6559,    31,   14000000,    1660401,        0,  -12339599,          0
  6559,    32,   14000000,    1629371,        0,  -12370629,          0
  6559,    33,   14000000,    1628757,        0,  -12371243,          0
  6559,    34,   14000000,    1629713,        0,  -12370287,          0
  6559,    35,   14000000,    1633389,        0,  -12366611,          0
  6559,    36,   14000000,    1630013,        0,  -12369987,          0
  6559,    37,   14000000,    1664587,        0,  -12335413,          0
  6559,    38,   14000000,    1637873,        0,  -12362127,          0
  6559,    39,   14000000,    1630585,        0,  -12369415,          0
  6559,    40,   14000000,    1628652,        0,  -12371348,          0
  6559,    41,   14000000,    1630873,        0,  -12369127,          0
  6559,    42,   14000000,    1633547,        0,  -12366453,          0
  6559,    43,   14000000,    1653568,        0,  -12346432,          0
  6559,    44,   14000000,    1628799,        0,  -12371201,          0
  6559,    45,   14000000,    1633975,        0,  -12366025,          0
  6559,    46,   14000000,    1627910,        0,  -12372090,          0
  6559,    47,   14000000,    1628910,        0,  -12371090,          0
  6559,    48,   14000000,    1654396,        0,  -12345604,          0
  6559,    49,   14000000,    1629434,        0,  -12370566,          0
  6559,    50,   14000000,    1695997,        0,  -12304003,          0
  6559,    51,   14000000,    1628228,        0,  -12371772,          0
  6559,    52,   14000000,    1627956,        0,  -12372044,          0
  6559,    53,   14000000,    1627665,        0,  -12372335,          0
  6559,    54,   14000000,    1654693,        0,  -12345307,          0
  6559,    55,   14000000,    1626965,        0,  -12373035,          0
  6559,    56,   14000000,    1629102,        0,  -12370898,          0
  6559,    57,   14000000,    1628143,        0,  -12371857,          0
  6559,    58,   14000000,    1628397,        0,  -12371603,          0
  6559,    59,   14000000,    1628501,        0,  -12371499,          0
  6559,    60,   14000000,    1653302,        0,  -12346698,          0
  6559,    61,   14000000,    1629316,        0,  -12370684,          0
  6559,    62,   14000000,    1627225,        0,  -12372775,          0
  6559,    63,   14000000,    1629883,        0,  -12370117,          0
  6559,    64,   14000000,    1628459,        0,  -12371541,          0
  6559,    65,   14000000,    1628296,        0,  -12371704,          0
  6559,    66,   14000000,    1628157,        0,  -12371843,          0
  6559,    67,   14000000,    1627596,        0,  -12372404,          0
  6559,    68,   14000000,    1628102,        0,  -12371898,          0
  6559,    69,   14000000,    1627354,        0,  -12372646,          0
  6559,    70,   14000000,    1627815,        0,  -12372185,          0
  6559,    71,   14000000,    1653303,        0,  -12346697,          0
  6559,    72,   14000000,    1629747,        0,  -12370253,          0
  6559,    73,   14000000,    1628712,        0,  -12371288,          0
  6559,    74,   14000000,    1629120,        0,  -12370880,          0
  6559,    75,   14000000,    1629082,        0,  -12370918,          0
  6559,    76,   14000000,    1628701,        0,  -12371299,          0
  6559,    77,   14000000,    1652950,        0,  -12347050,          0
  6559,    78,   14000000,    1628900,        0,  -12371100,          0
  6559,    79,   14000000,    1629583,        0,  -12370417,          0
  6559,    80,   14000000,    1627747,        0,  -12372253,          0
  6559,    81,   14000000,    1628975,        0,  -12371025,          0
  6559,    82,   14000000,    1627640,        0,  -12372360,          0
  6559,    83,   14000000,    1653653,        0,  -12346347,          0
  6559,    84,   14000000,    1627557,        0,  -12372443,          0
  6559,    85,   14000000,    1636411,        0,  -12363589,          0
  6559,    86,   14000000,    1627207,        0,  -12372793,          0
  6559,    87,   14000000,    1627523,        0,  -12372477,          0
  6559,    88,   14000000,    1651610,        0,  -12348390,          0
  6559,    89,   14000000,    1627643,        0,  -12372357,          0
  6559,    90,   14000000,    1628917,        0,  -12371083,          0
  6559,    91,   14000000,    1627293,        0,  -12372707,          0
  6559,    92,   14000000,    1628389,        0,  -12371611,          0
  6559,    93,   14000000,    1628293,        0,  -12371707,          0
  6559,    94,   14000000,    1655405,        0,  -12344595,          0
  6559,    95,   14000000,    1629020,        0,  -12370980,          0
  6559,    96,   14000000,    1629931,        0,  -12370069,          0
  6559,    97,   14000000,    1629125,        0,  -12370875,          0
  6559,    98,   14000000,    1629524,        0,  -12370476,          0
  6559,    99,   14000000,    1628575,        0,  -12371425,          0
  6559,   100,   14000000,    1931167,        0,  -12068833,          0
  6559,   101,   14000000,    1629041,        0,  -12370959,          0
  6559,   102,   14000000,    1628548,        0,  -12371452,          0
  6559,   103,   14000000,    1628363,        0,  -12371637,          0
  6559,   104,   14000000,    1628400,        0,  -12371600,          0
  6559,   105,   14000000,    1629946,        0,  -12370054,          0
  6559,   106,   14000000,    1628321,        0,  -12371679,          0
  6559,   107,   14000000,    1630161,        0,  -12369839,          0
  6559,   108,   14000000,    1627823,        0,  -12372177,          0
  6559,   109,   14000000,    1906222,        0,  -12093778,          0
  6559,   110,   14000000,    1627578,        0,  -12372422,          0
  6559,   111,   14000000,    1651918,        0,  -12348082,          0
  6559,   112,   14000000,    1628501,        0,  -12371499,          0
  6559,   113,   14000000,    1628697,        0,  -12371303,          0
  6559,   114,   14000000,    1626638,        0,  -12373362,          0
  6559,   115,   14000000,    1628941,        0,  -12371059,          0
  6559,   116,   14000000,    1628243,        0,  -12371757,          0
  6559,   117,   14000000,    1651454,        0,  -12348546,          0
  6559,   118,   14000000,    1628242,        0,  -12371758,          0
  6559,   119,   14000000,    1628883,        0,  -12371117,          0
  6559,   120,   14000000,    1629787,        0,  -12370213,          0
  6559,   121,   14000000,    1628175,        0,  -12371825,          0
  6559,   122,   14000000,    1628328,        0,  -12371672,          0
  6559,   123,   14000000,    1655335,        0,  -12344665,          0
  6559,   124,   14000000,    1627745,        0,  -12372255,          0
  6559,   125,   14000000,    1626803,        0,  -12373197,          0
  6559,   126,   14000000,    1628827,        0,  -12371173,          0
  6559,   127,   14000000,    1628783,        0,  -12371217,          0
  6559,   128,   14000000,    1653908,        0,  -12346092,          0
  6559,   129,   14000000,    1627114,        0,  -12372886,          0
  6559,   130,   14000000,    1627883,        0,  -12372117,          0
  6559,   131,   14000000,    1628462,        0,  -12371538,          0
  6559,   132,   14000000,    1629717,        0,  -12370283,          0
  6559,   133,   14000000,    1626649,        0,  -12373351,          0
  6559,   134,   14000000,    1652169,        0,  -12347831,          0
  6559,   135,   14000000,    1627907,        0,  -12372093,          0
  6559,   136,   14000000,    1628586,        0,  -12371414,          0
  6559,   137,   14000000,    1628877,        0,  -12371123,          0
  6559,   138,   14000000,    1629335,        0,  -12370665,          0
  6559,   139,   14000000,    1627837,        0,  -12372163,          0
  6559,   140,   14000000,    1650311,        0,  -12349689,          0
  6559,   141,   14000000,    1628256,        0,  -12371744,          0
  6559,   142,   14000000,    1629248,        0,  -12370752,          0
  6559,   143,   14000000,    1628632,        0,  -12371368,          0
  6559,   144,   14000000,    1629608,        0,  -12370392,          0
  6559,   145,   14000000,    1628900,        0,  -12371100,          0
  6559,   146,   14000000,    1630619,        0,  -12369381,          0
  6559,   147,   14000000,    1629079,        0,  -12370921,          0
  6559,   148,   14000000,    1627802,        0,  -12372198,          0
  6559,   149,   14000000,    1627988,        0,  -12372012,          0
  6559,   150,   14000000,    1628126,        0,  -12371874,          0
  6559,   151,   14000000,    1654660,        0,  -12345340,          0
  6559,   152,   14000000,    1627896,        0,  -12372104,          0
  6559,   153,   14000000,    1628343,        0,  -12371657,          0
  6559,   154,   14000000,    1628818,        0,  -12371182,          0
  6559,   155,   14000000,    1628138,        0,  -12371862,          0
  6559,   156,   14000000,    1629495,        0,  -12370505,          0
  6559,   157,   14000000,    1649035,        0,  -12350965,          0
  6559,   158,   14000000,    1627142,        0,  -12372858,          0
  6559,   159,   14000000,    1628405,        0,  -12371595,          0
  6559,   160,   14000000,    1628122,        0,  -12371878,          0
  6559,   161,   14000000,    1626572,        0,  -12373428,          0
  6559,   162,   14000000,    1628851,        0,  -12371149,          0
  6559,   163,   14000000,    1656857,        0,  -12343143,          0
  6559,   164,   14000000,    1628270,        0,  -12371730,          0
  6559,   165,   14000000,    1627891,        0,  -12372109,          0
  6559,   166,   14000000,    1627967,        0,  -12372033,          0
  6559,   167,   14000000,    1628748,        0,  -12371252,          0
  6559,   168,   14000000,    1652899,        0,  -12347101,          0
  6559,   169,   14000000,    1625812,        0,  -12374188,          0
  6559,   170,   14000000,    1627626,        0,  -12372374,          0
  6559,   171,   14000000,    1628221,        0,  -12371779,          0
  6559,   172,   14000000,    1627451,        0,  -12372549,          0
  6559,   173,   14000000,    1629033,        0,  -12370967,          0
  6559,   174,   14000000,    1665122,        0,  -12334878,          0
  6559,   175,   14000000,    1627945,        0,  -12372055,          0
  6559,   176,   14000000,    1629240,        0,  -12370760,          0
  6559,   177,   14000000,    1627004,        0,  -12372996,          0
  6559,   178,   14000000,    1629151,        0,  -12370849,          0
  6559,   179,   14000000,    1628032,        0,  -12371968,          0
  6559,   180,   14000000,    1666780,        0,  -12333220,          0
  6559,   181,   14000000,    1629053,        0,  -12370947,          0
  6559,   182,   14000000,    1629077,        0,  -12370923,          0
  6559,   183,   14000000,    1629303,        0,  -12370697,          0
  6559,   184,   14000000,    1629371,        0,  -12370629,          0
  6559,   185,   14000000,    1629316,        0,  -12370684,          0
  6559,   186,   14000000,    1626896,        0,  -12373104,          0
  6559,   187,   14000000,    1627704,        0,  -12372296,          0
  6559,   188,   14000000,    1628070,        0,  -12371930,          0
  6559,   189,   14000000,    1628364,        0,  -12371636,          0
  6559,   190,   14000000,    1627522,        0,  -12372478,          0
  6559,   191,   14000000,    1654067,        0,  -12345933,          0
  6559,   192,   14000000,    1628638,        0,  -12371362,          0
  6559,   193,   14000000,    1650458,        0,  -12349542,          0
  6559,   194,   14000000,    1627944,        0,  -12372056,          0
  6559,   195,   14000000,    1627815,        0,  -12372185,          0
  6559,   196,   14000000,    1630435,        0,  -12369565,          0
  6559,   197,   14000000,    1662334,        0,  -12337666,          0
  6559,   198,   14000000,    1628786,        0,  -12371214,          0
  6559,   199,   14000000,    1628303,        0,  -12371697,          0
  6559,   200,   14000000,    1628426,        0,  -12371574,          0
  6559,   201,   14000000,    1627632,        0,  -12372368,          0
  6559,   202,   14000000,    1628390,        0,  -12371610,          0
  6559,   203,   14000000,    1654157,        0,  -12345843,          0
  6559,   204,   14000000,    1629157,        0,  -12370843,          0
  6559,   205,   14000000,    1627643,        0,  -12372357,          0
  6559,   206,   14000000,    1629475,        0,  -12370525,          0
  6559,   207,   14000000,    1628195,        0,  -12371805,          0
  6559,   208,   14000000,    1651923,        0,  -12348077,          0
  6559,   209,   14000000,    1627563,        0,  -12372437,          0
  6559,   210,   14000000,    1628250,        0,  -12371750,          0
  6559,   211,   14000000,    1627925,        0,  -12372075,          0
  6559,   212,   14000000,    1627351,        0,  -12372649,          0
  6559,   213,   14000000,    1628822,        0,  -12371178,          0
  6559,   214,   14000000,    1652829,        0,  -12347171,          0
  6559,   215,   14000000,    1627979,        0,  -12372021,          0
  6559,   216,   14000000,    1628187,        0,  -12371813,          0
  6559,   217,   14000000,    1629494,        0,  -12370506,          0
  6559,   218,   14000000,    1631442,        0,  -12368558,          0
  6559,   219,   14000000,    1628772,        0,  -12371228,          0
  6559,   220,   14000000,    1650914,        0,  -12349086,          0
  6559,   221,   14000000,    1627614,        0,  -12372386,          0
  6559,   222,   14000000,    1628520,        0,  -12371480,          0
  6559,   223,   14000000,    1628744,        0,  -12371256,          0
  6559,   224,   14000000,    1626783,        0,  -12373217,          0
  6559,   225,   14000000,    1890545,        0,  -12109455,          0
  6559,   226,   14000000,    1626830,        0,  -12373170,          0
  6559,   227,   14000000,    1627802,        0,  -12372198,          0
  6559,   228,   14000000,    1629524,        0,  -12370476,          0
  6559,   229,   14000000,    1629870,        0,  -12370130,          0
  6559,   230,   14000000,    1628468,        0,  -12371532,          0
  6559,   231,   14000000,    1656054,        0,  -12343946,          0
  6559,   232,   14000000,    1626367,        0,  -12373633,          0
  6559,   233,   14000000,    1627591,        0,  -12372409,          0
  6559,   234,   14000000,    1906317,        0,  -12093683,          0
  6559,   235,   14000000,    1627867,        0,  -12372133,          0
  6559,   236,   14000000,    1628448,        0,  -12371552,          0
  6559,   237,   14000000,    1649253,        0,  -12350747,          0
  6559,   238,   14000000,    1626901,        0,  -12373099,          0
  6559,   239,   14000000,    1627978,        0,  -12372022,          0
  6559,   240,   14000000,    1628498,        0,  -12371502,          0
  6559,   241,   14000000,    1627977,        0,  -12372023,          0
  6559,   242,   14000000,    1628702,        0,  -12371298,          0
  6559,   243,   14000000,    1654722,        0,  -12345278,          0
  6559,   244,   14000000,    1627152,        0,  -12372848,          0
  6559,   245,   14000000,    1630090,        0,  -12369910,          0
  6559,   246,   14000000,    1629037,        0,  -12370963,          0
  6559,   247,   14000000,    1629101,        0,  -12370899,          0
  6559,   248,   14000000,    1652240,        0,  -12347760,          0
  6559,   249,   14000000,    1627065,        0,  -12372935,          0
  6559,   250,   14000000,    1627127,        0,  -12372873,          0
  6559,   251,   14000000,    1628496,        0,  -12371504,          0
  6559,   252,   14000000,    1629909,        0,  -12370091,          0
  6559,   253,   14000000,    1628016,        0,  -12371984,          0
  6559,   254,   14000000,    1663969,        0,  -12336031,          0
  6559,   255,   14000000,    1627045,        0,  -12372955,          0
  6559,   256,   14000000,    1629172,        0,  -12370828,          0
  6559,   257,   14000000,    1628616,        0,  -12371384,          0
  6559,   258,   14000000,    1627785,        0,  -12372215,          0
  6559,   259,   14000000,    1627085,        0,  -12372915,          0
  6559,   260,   14000000,    1667836,        0,  -12332164,          0
  6559,   261,   14000000,    1628530,        0,  -12371470,          0
  6559,   262,   14000000,    1628076,        0,  -12371924,          0
  6559,   263,   14000000,    1627549,        0,  -12372451,          0
  6559,   264,   14000000,    1628022,        0,  -12371978,          0
  6559,   265,   14000000,    1628544,        0,  -12371456,          0
  6559,   266,   14000000,    1627439,        0,  -12372561,          0
  6559,   267,   14000000,    1628267,        0,  -12371733,          0
  6559,   268,   14000000,    1627968,        0,  -12372032,          0
  6559,   269,   14000000,    1629176,        0,  -12370824,          0
  6559,   270,   14000000,    1630076,        0,  -12369924,          0
  6559,   271,   14000000,    1653263,        0,  -12346737,          0
  6559,   272,   14000000,    1628115,        0,  -12371885,          0
  6559,   273,   14000000,    1629068,        0,  -12370932,          0
  6559,   274,   14000000,    1628615,        0,  -12371385,          0
  6559,   275,   14000000,    1628322,        0,  -12371678,          0
  6559,   276,   14000000,    1627864,        0,  -12372136,          0
  6559,   277,   14000000,    1655512,        0,  -12344488,          0
  6559,   278,   14000000,    1625801,        0,  -12374199,          0
  6559,   279,   14000000,    1627897,        0,  -12372103,          0
  6559,   280,   14000000,    1628416,        0,  -12371584,          0
  6559,   281,   14000000,    1627608,        0,  -12372392,          0
  6559,   282,   14000000,    1627553,        0,  -12372447,          0
  6559,   283,   14000000,    1655379,        0,  -12344621,          0
  6559,   284,   14000000,    1627739,        0,  -12372261,          0
  6559,   285,   14000000,    1628374,        0,  -12371626,          0
  6559,   286,   14000000,    1628143,        0,  -12371857,          0
  6559,   287,   14000000,    1627882,        0,  -12372118,          0
  6559,   288,   14000000,    1649840,        0,  -12350160,          0
  6559,   289,   14000000,    1626804,        0,  -12373196,          0
  6559,   290,   14000000,    1635222,        0,  -12364778,          0
  6559,   291,   14000000,    1637180,        0,  -12362820,          0
  6559,   292,   14000000,    1634281,        0,  -12365719,          0
  6559,   293,   14000000,    1634150,        0,  -12365850,          0
  6559,   294,   14000000,    1653324,        0,  -12346676,          0
  6559,   295,   14000000,    1627243,        0,  -12372757,          0
  6559,   296,   14000000,    1627407,        0,  -12372593,          0
  6559,   297,   14000000,    1627106,        0,  -12372894,          0
  6559,   298,   14000000,    1626979,        0,  -12373021,          0
  6559,   299,   14000000,    1627101,        0,  -12372899,          0
  6559,   300,   14000000,    1651028,        0,  -12348972,          0
  6559,   301,   14000000,    1626946,        0,  -12373054,          0
  6559,   302,   14000000,    1628263,        0,  -12371737,          0
  6559,   303,   14000000,    1627689,        0,  -12372311,          0
  6559,   304,   14000000,    1626879,        0,  -12373121,          0
  6559,   305,   14000000,    1626918,        0,  -12373082,          0
  6559,   306,   14000000,    1629731,        0,  -12370269,          0
  6559,   307,   14000000,    1627479,        0,  -12372521,          0
  6559,   308,   14000000,    1627697,        0,  -12372303,          0
  6559,   309,   14000000,    1627586,        0,  -12372414,          0
  6559,   310,   14000000,    1627016,        0,  -12372984,          0
  6559,   311,   14000000,    1652308,        0,  -12347692,          0
  6559,   312,   14000000,    1627693,        0,  -12372307,          0
  6559,   313,   14000000,    1630167,        0,  -12369833,          0
  6559,   314,   14000000,    1627291,        0,  -12372709,          0
  6559,   315,   14000000,    1628097,        0,  -12371903,          0
  6559,   316,   14000000,    1627443,        0,  -12372557,          0
  6559,   317,   14000000,    1659451,        0,  -12340549,          0
  6559,   318,   14000000,    1627332,        0,  -12372668,          0
  6559,   319,   14000000,    1628368,        0,  -12371632,          0
  6559,   320,   14000000,    1627425,        0,  -12372575,          0
  6559,   321,   14000000,    1628558,        0,  -12371442,          0
  6559,   322,   14000000,    1626113,        0,  -12373887,          0
  6559,   323,   14000000,    1656684,        0,  -12343316,          0
  6559,   324,   14000000,    1627334,        0,  -12372666,          0
  6559,   325,   14000000,    1628037,        0,  -12371963,          0
  6559,   326,   14000000,    1627772,        0,  -12372228,          0
  6559,   327,   14000000,    1627415,        0,  -12372585,          0
  6559,   328,   14000000,    1653745,        0,  -12346255,          0
  6559,   329,   14000000,    1628552,        0,  -12371448,          0
  6559,   330,   14000000,    1626840,        0,  -12373160,          0
  6559,   331,   14000000,    1627884,        0,  -12372116,          0
  6559,   332,   14000000,    1626971,        0,  -12373029,          0
  6559,   333,   14000000,    1628567,        0,  -12371433,          0
  6559,   334,   14000000,    1658897,        0,  -12341103,          0
  6559,   335,   14000000,    1628494,        0,  -12371506,          0
  6559,   336,   14000000,    1626109,        0,  -12373891,          0
  6559,   337,   14000000,    1627706,        0,  -12372294,          0
  6559,   338,   14000000,    1628022,        0,  -12371978,          0
  6559,   339,   14000000,    1627365,        0,  -12372635,          0
  6559,   340,   14000000,    1653186,        0,  -12346814,          0
  6559,   341,   14000000,    1627618,        0,  -12372382,          0
  6559,   342,   14000000,    1627095,        0,  -12372905,          0
  6559,   343,   14000000,    1626497,        0,  -12373503,          0
  6559,   344,   14000000,    1628056,        0,  -12371944,          0
  6559,   345,   14000000,    1629259,        0,  -12370741,          0
  6559,   346,   14000000,    1628077,        0,  -12371923,          0
  6559,   347,   14000000,    1627173,        0,  -12372827,          0
  6559,   348,   14000000,    1630655,        0,  -12369345,          0
  6559,   349,   14000000,    1627986,        0,  -12372014,          0
  6559,   350,   14000000,    1907878,        0,  -12092122,          0
  6559,   351,   14000000,    1652319,        0,  -12347681,          0
  6559,   352,   14000000,    1627431,        0,  -12372569,          0
  6559,   353,   14000000,    1629817,        0,  -12370183,          0
  6559,   354,   14000000,    1628188,        0,  -12371812,          0
  6559,   355,   14000000,    1627617,        0,  -12372383,          0
  6559,   356,   14000000,    1629048,        0,  -12370952,          0
  6559,   357,   14000000,    1661248,        0,  -12338752,          0
  6559,   358,   14000000,    1627545,        0,  -12372455,          0
  6559,   359,   14000000,    1908079,        0,  -12091921,          0
  6559,   360,   14000000,    1628793,        0,  -12371207,          0
  6559,   361,   14000000,    1629755,        0,  -12370245,          0
  6559,   362,   14000000,    1628422,        0,  -12371578,          0
  6559,   363,   14000000,    1652368,        0,  -12347632,          0
  6559,   364,   14000000,    1627735,        0,  -12372265,          0
  6559,   365,   14000000,    1625969,        0,  -12374031,          0
  6559,   366,   14000000,    1627167,        0,  -12372833,          0
  6559,   367,   14000000,    1627413,        0,  -12372587,          0
  6559,   368,   14000000,    1651737,        0,  -12348263,          0
  6559,   369,   14000000,    1625805,        0,  -12374195,          0
  6559,   370,   14000000,    1628940,        0,  -12371060,          0
  6559,   371,   14000000,    1627229,        0,  -12372771,          0
  6559,   372,   14000000,    1627748,        0,  -12372252,          0
  6559,   373,   14000000,    1627908,        0,  -12372092,          0
  6559,   374,   14000000,    1651205,        0,  -12348795,          0
  6559,   375,   14000000,    1626845,        0,  -12373155,          0
  6559,   376,   14000000,    1627500,        0,  -12372500,          0
  6559,   377,   14000000,    1628183,        0,  -12371817,          0
  6559,   378,   14000000,    1627854,        0,  -12372146,          0
  6559,   379,   14000000,    1627236,        0,  -12372764,          0
  6559,   380,   14000000,    1651706,        0,  -12348294,          0
  6559,   381,   14000000,    1628215,        0,  -12371785,          0
  6559,   382,   14000000,    1628426,        0,  -12371574,          0
  6559,   383,   14000000,    1628983,        0,  -12371017,          0
  6559,   384,   14000000,    1629960,        0,  -12370040,          0
  6559,   385,   14000000,    1628378,        0,  -12371622,          0
  6559,   386,   14000000,    1627837,        0,  -12372163,          0
  6559,   387,   14000000,    1627872,        0,  -12372128,          0
  6559,   388,   14000000,    1629428,        0,  -12370572,          0
  6559,   389,   14000000,    1628649,        0,  -12371351,          0
  6559,   390,   14000000,    1626498,        0,  -12373502,          0
  6559,   391,   14000000,    1650958,        0,  -12349042,          0
  6559,   392,   14000000,    1630599,        0,  -12369401,          0
  6559,   393,   14000000,    1626699,        0,  -12373301,          0
  6559,   394,   14000000,    1627653,        0,  -12372347,          0
  6559,   395,   14000000,    1628013,        0,  -12371987,          0
  6559,   396,   14000000,    1628372,        0,  -12371628,          0
  6559,   397,   14000000,    1661318,        0,  -12338682,          0
  6559,   398,   14000000,    1628189,        0,  -12371811,          0
  6559,   399,   14000000,    1627334,        0,  -12372666,          0
  6559,   400,   14000000,    1626843,        0,  -12373157,          0
  6559,   401,   14000000,    1627534,        0,  -12372466,          0
  6559,   402,   14000000,    1628405,        0,  -12371595,          0
  6559,   403,   14000000,    1656640,        0,  -12343360,          0
  6559,   404,   14000000,    1627124,        0,  -12372876,          0
  6559,   405,   14000000,    1626979,        0,  -12373021,          0
  6559,   406,   14000000,    1629208,        0,  -12370792,          0
  6559,   407,   14000000,    1627138,        0,  -12372862,          0
  6559,   408,   14000000,    1649944,        0,  -12350056,          0
  6559,   409,   14000000,    1628207,        0,  -12371793,          0
  6559,   410,   14000000,    1628113,        0,  -12371887,          0
  6559,   411,   14000000,    1629626,        0,  -12370374,          0
  6559,   412,   14000000,    1628160,        0,  -12371840,          0
  6559,   413,   14000000,    1629200,        0,  -12370800,          0
  6559,   414,   14000000,    1650388,        0,  -12349612,          0
  6559,   415,   14000000,    1626996,        0,  -12373004,          0
  6559,   416,   14000000,    1629518,        0,  -12370482,          0
  6559,   417,   14000000,    1627928,        0,  -12372072,          0
  6559,   418,   14000000,    1627729,        0,  -12372271,          0
  6559,   419,   14000000,    1627271,        0,  -12372729,          0
  6559,   420,   14000000,    1653185,        0,  -12346815,          0
  6559,   421,   14000000,    1628822,        0,  -12371178,          0
  6559,   422,   14000000,    1629124,        0,  -12370876,          0
  6559,   423,   14000000,    1627711,        0,  -12372289,          0
  6559,   424,   14000000,    1629633,        0,  -12370367,          0
  6559,   425,   14000000,    1628542,        0,  -12371458,          0
  6559,   426,   14000000,    1629195,        0,  -12370805,          0
  6559,   427,   14000000,    1627952,        0,  -12372048,          0
  6559,   428,   14000000,    1636612,        0,  -12363388,          0
  6559,   429,   14000000,    1630441,        0,  -12369559,          0
  6559,   430,   14000000,    1627413,        0,  -12372587,          0
  6559,   431,   14000000,    1654233,        0,  -12345767,          0
  6559,   432,   14000000,    1630115,        0,  -12369885,          0
  6559,   433,   14000000,    1628657,        0,  -12371343,          0
  6559,   434,   14000000,    1628195,        0,  -12371805,          0
  6559,   435,   14000000,    1629033,        0,  -12370967,          0
  6559,   436,   14000000,    1628485,        0,  -12371515,          0
  6559,   437,   14000000,    1662043,        0,  -12337957,          0
  6559,   438,   14000000,    1628039,        0,  -12371961,          0
  6559,   439,   14000000,    1628165,        0,  -12371835,          0
  6559,   440,   14000000,    1627674,        0,  -12372326,          0
  6559,   441,   14000000,    1627026,        0,  -12372974,          0
  6559,   442,   14000000,    1627272,        0,  -12372728,          0
  6559,   443,   14000000,    1654544,        0,  -12345456,          0
  6559,   444,   14000000,    1628291,        0,  -12371709,          0
  6559,   445,   14000000,    1627225,        0,  -12372775,          0
  6559,   446,   14000000,    1627230,        0,  -12372770,          0
  6559,   447,   14000000,    1628441,        0,  -12371559,          0
  6559,   448,   14000000,    1652028,        0,  -12347972,          0
  6559,   449,   14000000,    1627804,        0,  -12372196,          0
  6559,   450,   14000000,    1628323,        0,  -12371677,          0
  6559,   451,   14000000,    1629217,        0,  -12370783,          0
  6559,   452,   14000000,    1627783,        0,  -12372217,          0
  6559,   453,   14000000,    1629505,        0,  -12370495,          0
  6559,   454,   14000000,    1652188,        0,  -12347812,          0
  6559,   455,   14000000,    1630430,        0,  -12369570,          0
  6559,   456,   14000000,    1628094,        0,  -12371906,          0
  6559,   457,   14000000,    1627823,        0,  -12372177,          0
  6559,   458,   14000000,    1629553,        0,  -12370447,          0
  6559,   459,   14000000,    1625487,        0,  -12374513,          0
  6559,   460,   14000000,    1653204,        0,  -12346796,          0
  6559,   461,   14000000,    1629151,        0,  -12370849,          0
  6559,   462,   14000000,    1627937,        0,  -12372063,          0
  6559,   463,   14000000,    1629545,        0,  -12370455,          0
  6559,   464,   14000000,    1627864,        0,  -12372136,          0
  6559,   465,   14000000,    1627044,        0,  -12372956,          0
  6559,   466,   14000000,    1628275,        0,  -12371725,          0
  6559,   467,   14000000,    1629054,        0,  -12370946,          0
  6559,   468,   14000000,    1626896,        0,  -12373104,          0
  6559,   469,   14000000,    1627902,        0,  -12372098,          0
  6559,   470,   14000000,    1626860,        0,  -12373140,          0
  6559,   471,   14000000,    1654224,        0,  -12345776,          0
  6559,   472,   14000000,    1627596,        0,  -12372404,          0
  6559,   473,   14000000,    1627223,        0,  -12372777,          0
  6559,   474,   14000000,    1627898,        0,  -12372102,          0
  6559,   475,   14000000,    1890179,        0,  -12109821,          0
  6559,   476,   14000000,    1627469,        0,  -12372531,          0
  6559,   477,   14000000,    1662335,        0,  -12337665,          0
  6559,   478,   14000000,    1629047,        0,  -12370953,          0
  6559,   479,   14000000,    1627943,        0,  -12372057,          0
  6559,   480,   14000000,    1627353,        0,  -12372647,          0
  6559,   481,   14000000,    1629095,        0,  -12370905,          0
  6559,   482,   14000000,    1627936,        0,  -12372064,          0
  6559,   483,   14000000,    1652681,        0,  -12347319,          0
  6559,   484,   14000000,    1905348,        0,  -12094652,          0
  6559,   485,   14000000,    1627404,        0,  -12372596,          0
  6559,   486,   14000000,    1627303,        0,  -12372697,          0
  6559,   487,   14000000,    1627695,        0,  -12372305,          0
  6559,   488,   14000000,    1648970,        0,  -12351030,          0
  6559,   489,   14000000,    1628422,        0,  -12371578,          0
  6559,   490,   14000000,    1627730,        0,  -12372270,          0
  6559,   491,   14000000,    1627513,        0,  -12372487,          0
  6559,   492,   14000000,    1626595,        0,  -12373405,          0
  6559,   493,   14000000,    1629622,        0,  -12370378,          0
  6559,   494,   14000000,    1651207,        0,  -12348793,          0
  6559,   495,   14000000,    1628959,        0,  -12371041,          0
  6559,   496,   14000000,    1628197,        0,  -12371803,          0
  6559,   497,   14000000,    1626797,        0,  -12373203,          0
  6559,   498,   14000000,    1630179,        0,  -12369821,          0
  6559,   499,   14000000,    1627853,        0,  -12372147,          0
  6559,   500,   14000000,    1665602,        0,  -12334398,          0
  6559,   501,   14000000,    1628033,        0,  -12371967,          0
  6559,   502,   14000000,    1627102,        0,  -12372898,          0
  6559,   503,   14000000,    1627849,        0,  -12372151,          0
  6559,   504,   14000000,    1629040,        0,  -12370960,          0
  6559,   505,   14000000,    1627656,        0,  -12372344,          0
  6559,   506,   14000000,    1629600,        0,  -12370400,          0
  6559,   507,   14000000,    1627264,        0,  -12372736,          0
  6559,   508,   14000000,    1627747,        0,  -12372253,          0
  6559,   509,   14000000,    1627185,        0,  -12372815,          0
  6559,   510,   14000000,    1627834,        0,  -12372166,          0
  6559,   511,   14000000,    1650318,        0,  -12349682,          0
  6559,   512,   14000000,    1626849,        0,  -12373151,          0
  6559,   513,   14000000,    1628350,        0,  -12371650,          0
  6559,   514,   14000000,    1627253,        0,  -12372747,          0
  6559,   515,   14000000,    1627568,        0,  -12372432,          0
  6559,   516,   14000000,    1627200,        0,  -12372800,          0
  6559,   517,   14000000,    1664100,        0,  -12335900,          0
  6559,   518,   14000000,    1628294,        0,  -12371706,          0
  6559,   519,   14000000,    1627153,        0,  -12372847,          0
  6559,   520,   14000000,    1627010,        0,  -12372990,          0
  6559,   521,   14000000,    1627784,        0,  -12372216,          0
  6559,   522,   14000000,    1626781,        0,  -12373219,          0
  6559,   523,   14000000,    1652654,        0,  -12347346,          0
  6559,   524,   14000000,    1630251,        0,  -12369749,          0
  6559,   525,   14000000,    1627614,        0,  -12372386,          0
  6559,   526,   14000000,    1629759,        0,  -12370241,          0
  6559,   527,   14000000,    1627515,        0,  -12372485,          0
  6559,   528,   14000000,    1654661,        0,  -12345339,          0
  6559,   529,   14000000,    1629116,        0,  -12370884,          0
  6559,   530,   14000000,    1629101,        0,  -12370899,          0
  6559,   531,   14000000,    1627694,        0,  -12372306,          0
  6559,   532,   14000000,    1628752,        0,  -12371248,          0
  6559,   533,   14000000,    1627218,        0,  -12372782,          0
  6559,   534,   14000000,    1650330,        0,  -12349670,          0
  6559,   535,   14000000,    1628871,        0,  -12371129,          0
  6559,   536,   14000000,    1627599,        0,  -12372401,          0
  6559,   537,   14000000,    1628904,        0,  -12371096,          0
  6559,   538,   14000000,    1626969,        0,  -12373031,          0
  6559,   539,   14000000,    1627552,        0,  -12372448,          0
  6559,   540,   14000000,    1653590,        0,  -12346410,          0
  6559,   541,   14000000,    1627681,        0,  -12372319,          0
  6559,   542,   14000000,    1627779,        0,  -12372221,          0
  6559,   543,   14000000,    1628294,        0,  -12371706,          0
  6559,   544,   14000000,    1626898,        0,  -12373102,          0
  6559,   545,   14000000,    1628321,        0,  -12371679,          0
  6559,   546,   14000000,    1629592,        0,  -12370408,          0
  6559,   547,   14000000,    1626185,        0,  -12373815,          0
  6559,   548,   14000000,    1627883,        0,  -12372117,          0
  6559,   549,   14000000,    1626934,        0,  -12373066,          0
  6559,   550,   14000000,    1627548,        0,  -12372452,          0
  6559,   551,   14000000,    1653304,        0,  -12346696,          0
  6559,   552,   14000000,    1626240,        0,  -12373760,          0
  6559,   553,   14000000,    1626899,        0,  -12373101,          0
  6559,   554,   14000000,    1627564,        0,  -12372436,          0
  6559,   555,   14000000,    1628849,        0,  -12371151,          0
  6559,   556,   14000000,    1629436,        0,  -12370564,          0
  6559,   557,   14000000,    1663398,        0,  -12336602,          0
  6559,   558,   14000000,    1629467,        0,  -12370533,          0
  6559,   559,   14000000,    1626936,        0,  -12373064,          0
  6559,   560,   14000000,    1626308,        0,  -12373692,          0
  6559,   561,   14000000,    1627551,        0,  -12372449,          0
  6559,   562,   14000000,    1627863,        0,  -12372137,          0
  6559,   563,   14000000,    1655124,        0,  -12344876,          0
  6559,   564,   14000000,    1626874,        0,  -12373126,          0
  6559,   565,   14000000,    1628472,        0,  -12371528,          0
  6559,   566,   14000000,    1628491,        0,  -12371509,          0
  6559,   567,   14000000,    1625195,        0,  -12374805,          0
  6559,   568,   14000000,    1650982,        0,  -12349018,          0
  6559,   569,   14000000,    1627648,        0,  -12372352,          0
  6559,   570,   14000000,    1628139,        0,  -12371861,          0
  6559,   571,   14000000,    1628323,        0,  -12371677,          0
  6559,   572,   14000000,    1627731,        0,  -12372269,          0
  6559,   573,   14000000,    1628557,        0,  -12371443,          0
  6559,   574,   14000000,    1654157,        0,  -12345843,          0
  6559,   575,   14000000,    1627796,        0,  -12372204,          0
  6559,   576,   14000000,    1626903,        0,  -12373097,          0
  6559,   577,   14000000,    1626763,        0,  -12373237,          0
  6559,   578,   14000000,    1628021,        0,  -12371979,          0
  6559,   579,   14000000,    1627313,        0,  -12372687,          0
  6559,   580,   14000000,    1652723,        0,  -12347277,          0
  6559,   581,   14000000,    1628968,        0,  -12371032,          0
  6559,   582,   14000000,    1627382,        0,  -12372618,          0
  6559,   583,   14000000,    1627925,        0,  -12372075,          0
  6559,   584,   14000000,    1626730,        0,  -12373270,          0
  6559,   585,   14000000,    1627724,        0,  -12372276,          0
  6559,   586,   14000000,    1627427,        0,  -12372573,          0
  6559,   587,   14000000,    1628112,        0,  -12371888,          0
  6559,   588,   14000000,    1627584,        0,  -12372416,          0
  6559,   589,   14000000,    1627407,        0,  -12372593,          0
  6559,   590,   14000000,    1626930,        0,  -12373070,          0
  6559,   591,   14000000,    1653356,        0,  -12346644,          0
  6559,   592,   14000000,    1628010,        0,  -12371990,          0
  6559,   593,   14000000,    1629140,        0,  -12370860,          0
  6559,   594,   14000000,    1629222,        0,  -12370778,          0
  6559,   595,   14000000,    1628293,        0,  -12371707,          0
  6559,   596,   14000000,    1630077,        0,  -12369923,          0
  6559,   597,   14000000,    1662943,        0,  -12337057,          0
  6559,   598,   14000000,    1628468,        0,  -12371532,          0
  6559,   599,   14000000,    1627878,        0,  -12372122,          0
  6559,   600,   14000000,    1905393,        0,  -12094607,          0
  6559,   601,   14000000,    1627266,        0,  -12372734,          0
  6559,   602,   14000000,    1626678,        0,  -12373322,          0
  6559,   603,   14000000,    1657207,        0,  -12342793,          0
  6559,   604,   14000000,    1628706,        0,  -12371294,          0
  6559,   605,   14000000,    1629444,        0,  -12370556,          0
  6559,   606,   14000000,    1628353,        0,  -12371647,          0
  6559,   607,   14000000,    1627466,        0,  -12372534,          0
  6559,   608,   14000000,    1651543,        0,  -12348457,          0
  6559,   609,   14000000,    1907571,        0,  -12092429,          0
  6559,   610,   14000000,    1628279,        0,  -12371721,          0
  6559,   611,   14000000,    1627450,        0,  -12372550,          0
  6559,   612,   14000000,    1628098,        0,  -12371902,          0
  6559,   613,   14000000,    1627686,        0,  -12372314,          0
  6559,   614,   14000000,    1662852,        0,  -12337148,          0
  6559,   615,   14000000,    1628086,        0,  -12371914,          0
  6559,   616,   14000000,    1627619,        0,  -12372381,          0
  6559,   617,   14000000,    1627667,        0,  -12372333,          0
  6559,   618,   14000000,    1627776,        0,  -12372224,          0
  6559,   619,   14000000,    1628267,        0,  -12371733,          0
  6559,   620,   14000000,    1651709,        0,  -12348291,          0
  6559,   621,   14000000,    1628459,        0,  -12371541,          0
  6559,   622,   14000000,    1628596,        0,  -12371404,          0
  6559,   623,   14000000,    1627250,        0,  -12372750,          0
  6559,   624,   14000000,    1627725,        0,  -12372275,          0
  6559,   625,   14000000,    1627460,        0,  -12372540,          0
  6559,   626,   14000000,    1627153,        0,  -12372847,          0
  6559,   627,   14000000,    1626575,        0,  -12373425,          0
  6559,   628,   14000000,    1627162,        0,  -12372838,          0
  6559,   629,   14000000,    1627334,        0,  -12372666,          0
  6559,   630,   14000000,    1630052,        0,  -12369948,          0
  6559,   631,   14000000,    1652010,        0,  -12347990,          0
  6559,   632,   14000000,    1629025,        0,  -12370975,          0
  6559,   633,   14000000,    1629136,        0,  -12370864,          0
  6559,   634,   14000000,    1627843,        0,  -12372157,          0
  6559,   635,   14000000,    1627151,        0,  -12372849,          0
  6559,   636,   14000000,    1628504,        0,  -12371496,          0
  6559,   637,   14000000,    1660530,        0,  -12339470,          0
  6559,   638,   14000000,    1626997,        0,  -12373003,          0
  6559,   639,   14000000,    1628043,        0,  -12371957,          0
  6559,   640,   14000000,    1627259,        0,  -12372741,          0
  6559,   641,   14000000,    1627449,        0,  -12372551,          0
  6559,   642,   14000000,    1627465,        0,  -12372535,          0
  6559,   643,   14000000,    1653186,        0,  -12346814,          0
  6559,   644,   14000000,    1628745,        0,  -12371255,          0
  6559,   645,   14000000,    1628873,        0,  -12371127,          0
  6559,   646,   14000000,    1626565,        0,  -12373435,          0
  6559,   647,   14000000,    1628750,        0,  -12371250,          0
  6559,   648,   14000000,    1653099,        0,  -12346901,          0
  6559,   649,   14000000,    1626961,        0,  -12373039,          0
  6559,   650,   14000000,    1627213,        0,  -12372787,          0
  6559,   651,   14000000,    1627772,        0,  -12372228,          0
  6559,   652,   14000000,    1627619,        0,  -12372381,          0
  6559,   653,   14000000,    1627579,        0,  -12372421,          0
  6559,   654,   14000000,    1664005,        0,  -12335995,          0
  6559,   655,   14000000,    1626698,        0,  -12373302,          0
  6559,   656,   14000000,    1628323,        0,  -12371677,          0
  6559,   657,   14000000,    1628379,        0,  -12371621,          0
  6559,   658,   14000000,    1626207,        0,  -12373793,          0
  6559,   659,   14000000,    1627927,        0,  -12372073,          0
  6559,   660,   14000000,    1653285,        0,  -12346715,          0
  6559,   661,   14000000,    1627968,        0,  -12372032,          0
  6559,   662,   14000000,    1628423,        0,  -12371577,          0
  6559,   663,   14000000,    1627877,        0,  -12372123,          0
  6559,   664,   14000000,    1628863,        0,  -12371137,          0
  6559,   665,   14000000,    1629234,        0,  -12370766,          0
  6559,   666,   14000000,    1627311,        0,  -12372689,          0
  6559,   667,   14000000,    1628381,        0,  -12371619,          0
  6559,   668,   14000000,    1627164,        0,  -12372836,          0
  6559,   669,   14000000,    1628320,        0,  -12371680,          0
  6559,   670,   14000000,    1629645,        0,  -12370355,          0
  6559,   671,   14000000,    1653052,        0,  -12346948,          0
  6559,   672,   14000000,    1627399,        0,  -12372601,          0
  6559,   673,   14000000,    1627887,        0,  -12372113,          0
  6559,   674,   14000000,    1626888,        0,  -12373112,          0
  6559,   675,   14000000,    1628083,        0,  -12371917,          0
  6559,   676,   14000000,    1628728,        0,  -12371272,          0
  6559,   677,   14000000,    1659978,        0,  -12340022,          0
  6559,   678,   14000000,    1627687,        0,  -12372313,          0
  6559,   679,   14000000,    1627091,        0,  -12372909,          0
  6559,   680,   14000000,    1626854,        0,  -12373146,          0
  6559,   681,   14000000,    1629341,        0,  -12370659,          0
  6559,   682,   14000000,    1626891,        0,  -12373109,          0
  6559,   683,   14000000,    1655551,        0,  -12344449,          0
  6559,   684,   14000000,    1628456,        0,  -12371544,          0
  6559,   685,   14000000,    1628466,        0,  -12371534,          0
  6559,   686,   14000000,    1627583,        0,  -12372417,          0
  6559,   687,   14000000,    1627813,        0,  -12372187,          0
  6559,   688,   14000000,    1652778,        0,  -12347222,          0
  6559,   689,   14000000,    1628133,        0,  -12371867,          0
  6559,   690,   14000000,    1627231,        0,  -12372769,          0
  6559,   691,   14000000,    1627270,        0,  -12372730,          0
  6559,   692,   14000000,    1629008,        0,  -12370992,          0
  6559,   693,   14000000,    1692951,        0,  -12307049,          0
  6559,   694,   14000000,    1649304,        0,  -12350696,          0
  6559,   695,   14000000,    1629100,        0,  -12370900,          0
  6559,   696,   14000000,    1626990,        0,  -12373010,          0
  6559,   697,   14000000,    1626689,        0,  -12373311,          0
  6559,   698,   14000000,    1627781,        0,  -12372219,          0
  6559,   699,   14000000,    1628158,        0,  -12371842,          0
  6559,   700,   14000000,    1653179,        0,  -12346821,          0
  6559,   701,   14000000,    1627860,        0,  -12372140,          0
  6559,   702,   14000000,    1628423,        0,  -12371577,          0
  6559,   703,   14000000,    1628347,        0,  -12371653,          0
  6559,   704,   14000000,    1626402,        0,  -12373598,          0
  6559,   705,   14000000,    1626738,        0,  -12373262,          0
  6559,   706,   14000000,    1627768,        0,  -12372232,          0
  6559,   707,   14000000,    1626940,        0,  -12373060,          0
  6559,   708,   14000000,    1628283,        0,  -12371717,          0
  6559,   709,   14000000,    1626506,        0,  -12373494,          0
  6559,   710,   14000000,    1627213,        0,  -12372787,          0
  6559,   711,   14000000,    1652134,        0,  -12347866,          0
  6559,   712,   14000000,    1628096,        0,  -12371904,          0
  6559,   713,   14000000,    1628028,        0,  -12371972,          0
  6559,   714,   14000000,    1627460,        0,  -12372540,          0
  6559,   715,   14000000,    1628246,        0,  -12371754,          0
  6559,   716,   14000000,    1628189,        0,  -12371811,          0
  6559,   717,   14000000,    1661167,        0,  -12338833,          0
  6559,   718,   14000000,    1629890,        0,  -12370110,          0
