# Task,   Job,     Period,   Response, DL Miss?,   Lateness,  Tardiness
# task NAME=myapp PID=8991 COST=49177000 PERIOD=64000000 CPU=0
  8991,     2,   64000000,       8490,        0,  -63991510,          0
  8991,     3,   64000000,      59110,        0,  -63940890,          0
  8991,     4,   64000000,   49641268,        0,  -14358732,          0
  8991,     5,   64000000,   48549918,        0,  -15450082,          0
  8991,     6,   64000000,   48525663,        0,  -15474337,          0
  8991,     7,   64000000,   48279685,        0,  -15720315,          0
  8991,     8,   64000000,   48572149,        0,  -15427851,          0
  8991,     9,   64000000,   48273652,        0,  -15726348,          0
  8991,    10,   64000000,   48552289,        0,  -15447711,          0
  8991,    11,   64000000,   48298933,        0,  -15701067,          0
  8991,    12,   64000000,   48545119,        0,  -15454881,          0
  8991,    13,   64000000,   48348587,        0,  -15651413,          0
  8991,    14,   64000000,   48517421,        0,  -15482579,          0
  8991,    15,   64000000,   48247311,        0,  -15752689,          0
  8991,    16,   64000000,   48536163,        0,  -15463837,          0
  8991,    17,   64000000,   48282458,        0,  -15717542,          0
  8991,    18,   64000000,   48560943,        0,  -15439057,          0
  8991,    19,   64000000,   48251704,        0,  -15748296,          0
  8991,    20,   64000000,   48523295,        0,  -15476705,          0
  8991,    21,   64000000,   48227163,        0,  -15772837,          0
  8991,    22,   64000000,   48264934,        0,  -15735066,          0
  8991,    23,   64000000,   48221572,        0,  -15778428,          0
  8991,    24,   64000000,   48230676,        0,  -15769324,          0
  8991,    25,   64000000,   48246724,        0,  -15753276,          0
  8991,    26,   64000000,   48265219,        0,  -15734781,          0
  8991,    27,   64000000,   48261404,        0,  -15738596,          0
  8991,    28,   64000000,   48248065,        0,  -15751935,          0
  8991,    29,   64000000,   48327718,        0,  -15672282,          0
  8991,    30,   64000000,   48269848,        0,  -15730152,          0
  8991,    31,   64000000,   48561223,        0,  -15438777,          0
  8991,    32,   64000000,   48270354,        0,  -15729646,          0
  8991,    33,   64000000,   48522492,        0,  -15477508,          0
  8991,    34,   64000000,   48245979,        0,  -15754021,          0
  8991,    35,   64000000,   48506441,        0,  -15493559,          0
  8991,    36,   64000000,   48221867,        0,  -15778133,          0
  8991,    37,   64000000,   48523988,        0,  -15476012,          0
  8991,    38,   64000000,   48242062,        0,  -15757938,          0
  8991,    39,   64000000,   48526219,        0,  -15473781,          0
  8991,    40,   64000000,   48236835,        0,  -15763165,          0
  8991,    41,   64000000,   48525660,        0,  -15474340,          0
  8991,    42,   64000000,   48248259,        0,  -15751741,          0
  8991,    43,   64000000,   48525533,        0,  -15474467,          0
  8991,    44,   64000000,   48324972,        0,  -15675028,          0
  8991,    45,   64000000,   48552825,        0,  -15447175,          0
  8991,    46,   64000000,   48264247,        0,  -15735753,          0
  8991,    47,   64000000,   48527455,        0,  -15472545,          0
  8991,    48,   64000000,   48234114,        0,  -15765886,          0
  8991,    49,   64000000,   48599440,        0,  -15400560,          0
  8991,    50,   64000000,   48314010,        0,  -15685990,          0
  8991,    51,   64000000,   48597096,        0,  -15402904,          0
  8991,    52,   64000000,   48270403,        0,  -15729597,          0
  8991,    53,   64000000,   48566119,        0,  -15433881,          0
  8991,    54,   64000000,   48278349,        0,  -15721651,          0
  8991,    55,   64000000,   48557038,        0,  -15442962,          0
  8991,    56,   64000000,   48256580,        0,  -15743420,          0
  8991,    57,   64000000,   48522984,        0,  -15477016,          0
  8991,    58,   64000000,   48264037,        0,  -15735963,          0
  8991,    59,   64000000,   48569358,        0,  -15430642,          0
  8991,    60,   64000000,   48347720,        0,  -15652280,          0
  8991,    61,   64000000,   48535266,        0,  -15464734,          0
  8991,    62,   64000000,   48267075,        0,  -15732925,          0
  8991,    63,   64000000,   48391589,        0,  -15608411,          0
  8991,    64,   64000000,   48236425,        0,  -15763575,          0
  8991,    65,   64000000,   48252509,        0,  -15747491,          0
  8991,    66,   64000000,   48247103,        0,  -15752897,          0
  8991,    67,   64000000,   48247307,        0,  -15752693,          0
  8991,    68,   64000000,   48218124,        0,  -15781876,          0
  8991,    69,   64000000,   48247754,        0,  -15752246,          0
  8991,    70,   64000000,   48248692,        0,  -15751308,          0
  8991,    71,   64000000,   48258192,        0,  -15741808,          0
  8991,    72,   64000000,   48289793,        0,  -15710207,          0
  8991,    73,   64000000,   48296179,        0,  -15703821,          0
  8991,    74,   64000000,   48531107,        0,  -15468893,          0
  8991,    75,   64000000,   48243146,        0,  -15756854,          0
  8991,    76,   64000000,   48515578,        0,  -15484422,          0
  8991,    77,   64000000,   48275656,        0,  -15724344,          0
  8991,    78,   64000000,   48516170,        0,  -15483830,          0
  8991,    79,   64000000,   48250693,        0,  -15749307,          0
  8991,    80,   64000000,   48535497,        0,  -15464503,          0
  8991,    81,   64000000,   48243832,        0,  -15756168,          0
  8991,    82,   64000000,   48526637,        0,  -15473363,          0
  8991,    83,   64000000,   48241538,        0,  -15758462,          0
  8991,    84,   64000000,   48527280,        0,  -15472720,          0
  8991,    85,   64000000,   48258161,        0,  -15741839,          0
  8991,    86,   64000000,   48564777,        0,  -15435223,          0
  8991,    87,   64000000,   48270936,        0,  -15729064,          0
  8991,    88,   64000000,   48542922,        0,  -15457078,          0
  8991,    89,   64000000,   48238813,        0,  -15761187,          0
  8991,    90,   64000000,   48524962,        0,  -15475038,          0
  8991,    91,   64000000,   48338158,        0,  -15661842,          0
  8991,    92,   64000000,   48519221,        0,  -15480779,          0
  8991,    93,   64000000,   48221355,        0,  -15778645,          0
  8991,    94,   64000000,   48531451,        0,  -15468549,          0
  8991,    95,   64000000,   48309462,        0,  -15690538,          0
  8991,    96,   64000000,   48528716,        0,  -15471284,          0
  8991,    97,   64000000,   48252921,        0,  -15747079,          0
  8991,    98,   64000000,   48550978,        0,  -15449022,          0
  8991,    99,   64000000,   48249337,        0,  -15750663,          0
  8991,   100,   64000000,   48575514,        0,  -15424486,          0
  8991,   101,   64000000,   48278901,        0,  -15721099,          0
  8991,   102,   64000000,   48543689,        0,  -15456311,          0
  8991,   103,   64000000,   48241186,        0,  -15758814,          0
  8991,   104,   64000000,   48531804,        0,  -15468196,          0
  8991,   105,   64000000,   48264226,        0,  -15735774,          0
  8991,   106,   64000000,   48246574,        0,  -15753426,          0
  8991,   107,   64000000,   48322395,        0,  -15677605,          0
  8991,   108,   64000000,   48227330,        0,  -15772670,          0
  8991,   109,   64000000,   48229720,        0,  -15770280,          0
  8991,   110,   64000000,   48227428,        0,  -15772572,          0
  8991,   111,   64000000,   48248500,        0,  -15751500,          0
  8991,   112,   64000000,   48263683,        0,  -15736317,          0
  8991,   113,   64000000,   48250985,        0,  -15749015,          0
  8991,   114,   64000000,   48274661,        0,  -15725339,          0
  8991,   115,   64000000,   48568330,        0,  -15431670,          0
  8991,   116,   64000000,   48233842,        0,  -15766158,          0
  8991,   117,   64000000,   48518769,        0,  -15481231,          0
  8991,   118,   64000000,   48317397,        0,  -15682603,          0
  8991,   119,   64000000,   48543423,        0,  -15456577,          0
  8991,   120,   64000000,   48275193,        0,  -15724807,          0
  8991,   121,   64000000,   48555573,        0,  -15444427,          0
  8991,   122,   64000000,   48261714,        0,  -15738286,          0
  8991,   123,   64000000,   48560688,        0,  -15439312,          0
  8991,   124,   64000000,   48280630,        0,  -15719370,          0
  8991,   125,   64000000,   48537161,        0,  -15462839,          0
  8991,   126,   64000000,   48261536,        0,  -15738464,          0
  8991,   127,   64000000,   48560364,        0,  -15439636,          0
  8991,   128,   64000000,   48279897,        0,  -15720103,          0
  8991,   129,   64000000,   48553009,        0,  -15446991,          0
  8991,   130,   64000000,   48249694,        0,  -15750306,          0
  8991,   131,   64000000,   48532556,        0,  -15467444,          0
  8991,   132,   64000000,   48269745,        0,  -15730255,          0
  8991,   133,   64000000,   48516266,        0,  -15483734,          0
  8991,   134,   64000000,   48235571,        0,  -15764429,          0
  8991,   135,   64000000,   48542840,        0,  -15457160,          0
  8991,   136,   64000000,   48222665,        0,  -15777335,          0
  8991,   137,   64000000,   48517864,        0,  -15482136,          0
  8991,   138,   64000000,   48303589,        0,  -15696411,          0
  8991,   139,   64000000,   48523844,        0,  -15476156,          0
  8991,   140,   64000000,   48247974,        0,  -15752026,          0
  8991,   141,   64000000,   48565686,        0,  -15434314,          0
  8991,   142,   64000000,   48282427,        0,  -15717573,          0
  8991,   143,   64000000,   48518483,        0,  -15481517,          0
  8991,   144,   64000000,   48253064,        0,  -15746936,          0
  8991,   145,   64000000,   48511935,        0,  -15488065,          0
  8991,   146,   64000000,   48257264,        0,  -15742736,          0
  8991,   147,   64000000,   48225636,        0,  -15774364,          0
  8991,   148,   64000000,   48222438,        0,  -15777562,          0
  8991,   149,   64000000,   48225647,        0,  -15774353,          0
  8991,   150,   64000000,   48234754,        0,  -15765246,          0
  8991,   151,   64000000,   48226169,        0,  -15773831,          0
  8991,   152,   64000000,   48223106,        0,  -15776894,          0
  8991,   153,   64000000,   48225060,        0,  -15774940,          0
  8991,   154,   64000000,   48315229,        0,  -15684771,          0
  8991,   155,   64000000,   48292458,        0,  -15707542,          0
  8991,   156,   64000000,   48575825,        0,  -15424175,          0
  8991,   157,   64000000,   48240798,        0,  -15759202,          0
  8991,   158,   64000000,   48525647,        0,  -15474353,          0
  8991,   159,   64000000,   48263411,        0,  -15736589,          0
  8991,   160,   64000000,   48481019,        0,  -15518981,          0
# task NAME=myapp PID=8994 COST=42664000 PERIOD=69000000 CPU=0
  8994,     2,   69000000,       6213,        0,  -68993787,          0
  8994,     3,   69000000,      51394,        0,  -68948606,          0
  8994,     4,   69000000,   42149073,        0,  -26850927,          0
  8994,     5,   69000000,   42135476,        0,  -26864524,          0
  8994,     6,   69000000,   42161285,        0,  -26838715,          0
  8994,     7,   69000000,   41841254,        0,  -27158746,          0
  8994,     8,   69000000,   41875088,        0,  -27124912,          0
  8994,     9,   69000000,   41848731,        0,  -27151269,          0
  8994,    10,   69000000,   41946293,        0,  -27053707,          0
  8994,    11,   69000000,   42134772,        0,  -26865228,          0
  8994,    12,   69000000,   41864283,        0,  -27135717,          0
  8994,    13,   69000000,   42204365,        0,  -26795635,          0
  8994,    14,   69000000,   41907163,        0,  -27092837,          0
  8994,    15,   69000000,   42227010,        0,  -26772990,          0
  8994,    16,   69000000,   41886278,        0,  -27113722,          0
  8994,    17,   69000000,   41906626,        0,  -27093374,          0
  8994,    18,   69000000,   41859506,        0,  -27140494,          0
  8994,    19,   69000000,   41898147,        0,  -27101853,          0
  8994,    20,   69000000,   42158882,        0,  -26841118,          0
  8994,    21,   69000000,   41894177,        0,  -27105823,          0
  8994,    22,   69000000,   42141786,        0,  -26858214,          0
  8994,    23,   69000000,   41887017,        0,  -27112983,          0
  8994,    24,   69000000,   42145358,        0,  -26854642,          0
  8994,    25,   69000000,   41855108,        0,  -27144892,          0
  8994,    26,   69000000,   42212784,        0,  -26787216,          0
  8994,    27,   69000000,   41979737,        0,  -27020263,          0
  8994,    28,   69000000,   41915788,        0,  -27084212,          0
  8994,    29,   69000000,   41893026,        0,  -27106974,          0
  8994,    30,   69000000,   41893033,        0,  -27106967,          0
  8994,    31,   69000000,   42152238,        0,  -26847762,          0
  8994,    32,   69000000,   41889061,        0,  -27110939,          0
  8994,    33,   69000000,   42146193,        0,  -26853807,          0
  8994,    34,   69000000,   41888158,        0,  -27111842,          0
  8994,    35,   69000000,   42143841,        0,  -26856159,          0
  8994,    36,   69000000,   41892373,        0,  -27107627,          0
  8994,    37,   69000000,   41851612,        0,  -27148388,          0
  8994,    38,   69000000,   41879714,        0,  -27120286,          0
  8994,    39,   69000000,   41893054,        0,  -27106946,          0
  8994,    40,   69000000,   42203356,        0,  -26796644,          0
  8994,    41,   69000000,   41904973,        0,  -27095027,          0
  8994,    42,   69000000,   42177289,        0,  -26822711,          0
  8994,    43,   69000000,   41876859,        0,  -27123141,          0
  8994,    44,   69000000,   42202448,        0,  -26797552,          0
  8994,    45,   69000000,   41853787,        0,  -27146213,          0
  8994,    46,   69000000,   41865286,        0,  -27134714,          0
  8994,    47,   69000000,   41877825,        0,  -27122175,          0
  8994,    48,   69000000,   41866756,        0,  -27133244,          0
  8994,    49,   69000000,   42152874,        0,  -26847126,          0
  8994,    50,   69000000,   41873089,        0,  -27126911,          0
  8994,    51,   69000000,   42162387,        0,  -26837613,          0
  8994,    52,   69000000,   41920966,        0,  -27079034,          0
  8994,    53,   69000000,   42187909,        0,  -26812091,          0
  8994,    54,   69000000,   41939808,        0,  -27060192,          0
  8994,    55,   69000000,   42167648,        0,  -26832352,          0
  8994,    56,   69000000,   41958193,        0,  -27041807,          0
  8994,    57,   69000000,   41889030,        0,  -27110970,          0
  8994,    58,   69000000,   41898073,        0,  -27101927,          0
  8994,    59,   69000000,   41865966,        0,  -27134034,          0
  8994,    60,   69000000,   42175280,        0,  -26824720,          0
  8994,    61,   69000000,   41856039,        0,  -27143961,          0
  8994,    62,   69000000,   42180414,        0,  -26819586,          0
  8994,    63,   69000000,   41864773,        0,  -27135227,          0
  8994,    64,   69000000,   42215228,        0,  -26784772,          0
  8994,    65,   69000000,   41896813,        0,  -27103187,          0
  8994,    66,   69000000,   41927868,        0,  -27072132,          0
  8994,    67,   69000000,   41899813,        0,  -27100187,          0
  8994,    68,   69000000,   41900398,        0,  -27099602,          0
  8994,    69,   69000000,   42162873,        0,  -26837127,          0
  8994,    70,   69000000,   41972642,        0,  -27027358,          0
  8994,    71,   69000000,   42152440,        0,  -26847560,          0
  8994,    72,   69000000,   41882978,        0,  -27117022,          0
  8994,    73,   69000000,   42153961,        0,  -26846039,          0
  8994,    74,   69000000,   41897846,        0,  -27102154,          0
  8994,    75,   69000000,   41843228,        0,  -27156772,          0
  8994,    76,   69000000,   41891087,        0,  -27108913,          0
  8994,    77,   69000000,   41875734,        0,  -27124266,          0
  8994,    78,   69000000,   42205155,        0,  -26794845,          0
  8994,    79,   69000000,   41900621,        0,  -27099379,          0
  8994,    80,   69000000,   42181698,        0,  -26818302,          0
  8994,    81,   69000000,   41874436,        0,  -27125564,          0
  8994,    82,   69000000,   42189367,        0,  -26810633,          0
  8994,    83,   69000000,   41858022,        0,  -27141978,          0
  8994,    84,   69000000,   42185720,        0,  -26814280,          0
  8994,    85,   69000000,   41921580,        0,  -27078420,          0
  8994,    86,   69000000,   41875495,        0,  -27124505,          0
  8994,    87,   69000000,   41874725,        0,  -27125275,          0
  8994,    88,   69000000,   41887537,        0,  -27112463,          0
  8994,    89,   69000000,   42156881,        0,  -26843119,          0
  8994,    90,   69000000,   41931615,        0,  -27068385,          0
  8994,    91,   69000000,   42179441,        0,  -26820559,          0
  8994,    92,   69000000,   41924233,        0,  -27075767,          0
  8994,    93,   69000000,   42166724,        0,  -26833276,          0
  8994,    94,   69000000,   41888050,        0,  -27111950,          0
  8994,    95,   69000000,   41858910,        0,  -27141090,          0
  8994,    96,   69000000,   41897498,        0,  -27102502,          0
  8994,    97,   69000000,   41862359,        0,  -27137641,          0
  8994,    98,   69000000,   42176716,        0,  -26823284,          0
  8994,    99,   69000000,   41926429,        0,  -27073571,          0
  8994,   100,   69000000,   42186724,        0,  -26813276,          0
  8994,   101,   69000000,   41872540,        0,  -27127460,          0
  8994,   102,   69000000,   42197682,        0,  -26802318,          0
  8994,   103,   69000000,   41886275,        0,  -27113725,          0
  8994,   104,   69000000,   41929263,        0,  -27070737,          0
  8994,   105,   69000000,   41894045,        0,  -27105955,          0
  8994,   106,   69000000,   41904500,        0,  -27095500,          0
  8994,   107,   69000000,   42171914,        0,  -26828086,          0
  8994,   108,   69000000,   41885808,        0,  -27114192,          0
  8994,   109,   69000000,   42168808,        0,  -26831192,          0
  8994,   110,   69000000,   41858224,        0,  -27141776,          0
  8994,   111,   69000000,   42165678,        0,  -26834322,          0
  8994,   112,   69000000,   41857190,        0,  -27142810,          0
  8994,   113,   69000000,   42136010,        0,  -26863990,          0
  8994,   114,   69000000,   41931081,        0,  -27068919,          0
  8994,   115,   69000000,   41876346,        0,  -27123654,          0
  8994,   116,   69000000,   41919838,        0,  -27080162,          0
  8994,   117,   69000000,   41907239,        0,  -27092761,          0
  8994,   118,   69000000,   42216279,        0,  -26783721,          0
  8994,   119,   69000000,   41870491,        0,  -27129509,          0
  8994,   120,   69000000,   42174418,        0,  -26825582,          0
  8994,   121,   69000000,   41844025,        0,  -27155975,          0
  8994,   122,   69000000,   42186559,        0,  -26813441,          0
  8994,   123,   69000000,   41866267,        0,  -27133733,          0
  8994,   124,   69000000,   41899139,        0,  -27100861,          0
  8994,   125,   69000000,   41849049,        0,  -27150951,          0
  8994,   126,   69000000,   41896923,        0,  -27103077,          0
  8994,   127,   69000000,   42147239,        0,  -26852761,          0
  8994,   128,   69000000,   41964150,        0,  -27035850,          0
  8994,   129,   69000000,   42173944,        0,  -26826056,          0
  8994,   130,   69000000,   41913398,        0,  -27086602,          0
  8994,   131,   69000000,   42187180,        0,  -26812820,          0
  8994,   132,   69000000,   41884501,        0,  -27115499,          0
  8994,   133,   69000000,   41851542,        0,  -27148458,          0
  8994,   134,   69000000,   41890558,        0,  -27109442,          0
  8994,   135,   69000000,   41859085,        0,  -27140915,          0
  8994,   136,   69000000,   42164133,        0,  -26835867,          0
  8994,   137,   69000000,   41851077,        0,  -27148923,          0
  8994,   138,   69000000,   42164255,        0,  -26835745,          0
  8994,   139,   69000000,   41864582,        0,  -27135418,          0
  8994,   140,   69000000,   42180270,        0,  -26819730,          0
  8994,   141,   69000000,   41892803,        0,  -27107197,          0
  8994,   142,   69000000,   41894633,        0,  -27105367,          0
  8994,   143,   69000000,   41954481,        0,  -27045519,          0
  8994,   144,   69000000,   41905087,        0,  -27094913,          0
  8994,   145,   69000000,   41874135,        0,  -27125865,          0
  8994,   146,   69000000,   41903176,        0,  -27096824,          0
  8994,   147,   69000000,   42137560,        0,  -26862440,          0
  8994,   148,   69000000,   41902062,        0,  -27097938,          0
# task NAME=myapp PID=8998 COST=14105000 PERIOD=23000000 CPU=0
  8998,     2,   23000000,      14869,        0,  -22985131,          0
  8998,     3,   23000000,      55247,        0,  -22944753,          0
  8998,     4,   23000000,   14908015,        0,   -8091985,          0
  8998,     5,   23000000,   13866016,        0,   -9133984,          0
  8998,     6,   23000000,   15875565,        0,   -7124435,          0
  8998,     7,   23000000,   13843793,        0,   -9156207,          0
  8998,     8,   23000000,   13856527,        0,   -9143473,          0
  8998,     9,   23000000,   14149221,        0,   -8850779,          0
  8998,    10,   23000000,   13854699,        0,   -9145301,          0
  8998,    11,   23000000,   13870931,        0,   -9129069,          0
  8998,    12,   23000000,   14152565,        0,   -8847435,          0
  8998,    13,   23000000,   13855314,        0,   -9144686,          0
  8998,    14,   23000000,   13873368,        0,   -9126632,          0
  8998,    15,   23000000,   13869346,        0,   -9130654,          0
  8998,    16,   23000000,   13855957,        0,   -9144043,          0
  8998,    17,   23000000,   13864220,        0,   -9135780,          0
  8998,    18,   23000000,   13865546,        0,   -9134454,          0
  8998,    19,   23000000,   13857208,        0,   -9142792,          0
  8998,    20,   23000000,   13854773,        0,   -9145227,          0
  8998,    21,   23000000,   13882384,        0,   -9117616,          0
  8998,    22,   23000000,   13844361,        0,   -9155639,          0
  8998,    23,   23000000,   14142486,        0,   -8857514,          0
  8998,    24,   23000000,   13874866,        0,   -9125134,          0
  8998,    25,   23000000,   13914407,        0,   -9085593,          0
  8998,    26,   23000000,   13859794,        0,   -9140206,          0
  8998,    27,   23000000,   13861985,        0,   -9138015,          0
  8998,    28,   23000000,   13859458,        0,   -9140542,          0
  8998,    29,   23000000,   13849391,        0,   -9150609,          0
  8998,    30,   23000000,   13858001,        0,   -9141999,          0
  8998,    31,   23000000,   13858289,        0,   -9141711,          0
  8998,    32,   23000000,   13848696,        0,   -9151304,          0
  8998,    33,   23000000,   13894674,        0,   -9105326,          0
  8998,    34,   23000000,   14145104,        0,   -8854896,          0
  8998,    35,   23000000,   13845002,        0,   -9154998,          0
  8998,    36,   23000000,   13894151,        0,   -9105849,          0
  8998,    37,   23000000,   13860985,        0,   -9139015,          0
  8998,    38,   23000000,   13855914,        0,   -9144086,          0
  8998,    39,   23000000,   14188620,        0,   -8811380,          0
  8998,    40,   23000000,   13859852,        0,   -9140148,          0
  8998,    41,   23000000,   13841361,        0,   -9158639,          0
  8998,    42,   23000000,   13875592,        0,   -9124408,          0
  8998,    43,   23000000,   13862133,        0,   -9137867,          0
  8998,    44,   23000000,   13847623,        0,   -9152377,          0
  8998,    45,   23000000,   13875840,        0,   -9124160,          0
  8998,    46,   23000000,   13858786,        0,   -9141214,          0
  8998,    47,   23000000,   13855023,        0,   -9144977,          0
  8998,    48,   23000000,   13871609,        0,   -9128391,          0
  8998,    49,   23000000,   13860211,        0,   -9139789,          0
  8998,    50,   23000000,   14178645,        0,   -8821355,          0
  8998,    51,   23000000,   13873852,        0,   -9126148,          0
  8998,    52,   23000000,   13865918,        0,   -9134082,          0
  8998,    53,   23000000,   13869069,        0,   -9130931,          0
  8998,    54,   23000000,   13871356,        0,   -9128644,          0
  8998,    55,   23000000,   13861469,        0,   -9138531,          0
  8998,    56,   23000000,   13857106,        0,   -9142894,          0
  8998,    57,   23000000,   13873492,        0,   -9126508,          0
  8998,    58,   23000000,   13859314,        0,   -9140686,          0
  8998,    59,   23000000,   13848718,        0,   -9151282,          0
  8998,    60,   23000000,   13871112,        0,   -9128888,          0
  8998,    61,   23000000,   14150186,        0,   -8849814,          0
  8998,    62,   23000000,   13863731,        0,   -9136269,          0
  8998,    63,   23000000,   13874670,        0,   -9125330,          0
  8998,    64,   23000000,   13850298,        0,   -9149702,          0
  8998,    65,   23000000,   13851568,        0,   -9148432,          0
  8998,    66,   23000000,   13872753,        0,   -9127247,          0
  8998,    67,   23000000,   13865475,        0,   -9134525,          0
  8998,    68,   23000000,   13850948,        0,   -9149052,          0
  8998,    69,   23000000,   13867007,        0,   -9132993,          0
  8998,    70,   23000000,   13866832,        0,   -9133168,          0
  8998,    71,   23000000,   13849817,        0,   -9150183,          0
  8998,    72,   23000000,   14183344,        0,   -8816656,          0
  8998,    73,   23000000,   13859761,        0,   -9140239,          0
  8998,    74,   23000000,   13852535,        0,   -9147465,          0
  8998,    75,   23000000,   13968355,        0,   -9031645,          0
  8998,    76,   23000000,   13863909,        0,   -9136091,          0
  8998,    77,   23000000,   14137589,        0,   -8862411,          0
  8998,    78,   23000000,   13899988,        0,   -9100012,          0
  8998,    79,   23000000,   13860382,        0,   -9139618,          0
  8998,    80,   23000000,   13838598,        0,   -9161402,          0
  8998,    81,   23000000,   13872287,        0,   -9127713,          0
  8998,    82,   23000000,   13865478,        0,   -9134522,          0
  8998,    83,   23000000,   13930316,        0,   -9069684,          0
  8998,    84,   23000000,   13876625,        0,   -9123375,          0
  8998,    85,   23000000,   13857134,        0,   -9142866,          0
  8998,    86,   23000000,   13855116,        0,   -9144884,          0
  8998,    87,   23000000,   13872920,        0,   -9127080,          0
  8998,    88,   23000000,   14164510,        0,   -8835490,          0
  8998,    89,   23000000,   13884051,        0,   -9115949,          0
  8998,    90,   23000000,   13870482,        0,   -9129518,          0
  8998,    91,   23000000,   13857406,        0,   -9142594,          0
  8998,    92,   23000000,   13878088,        0,   -9121912,          0
  8998,    93,   23000000,   13875834,        0,   -9124166,          0
  8998,    94,   23000000,   13861862,        0,   -9138138,          0
  8998,    95,   23000000,   13852747,        0,   -9147253,          0
  8998,    96,   23000000,   13869256,        0,   -9130744,          0
  8998,    97,   23000000,   13858403,        0,   -9141597,          0
  8998,    98,   23000000,   13845466,        0,   -9154534,          0
  8998,    99,   23000000,   14177696,        0,   -8822304,          0
  8998,   100,   23000000,   13858988,        0,   -9141012,          0
  8998,   101,   23000000,   13861932,        0,   -9138068,          0
  8998,   102,   23000000,   13872056,        0,   -9127944,          0
  8998,   103,   23000000,   13859780,        0,   -9140220,          0
  8998,   104,   23000000,   13849847,        0,   -9150153,          0
  8998,   105,   23000000,   13869607,        0,   -9130393,          0
  8998,   106,   23000000,   13860946,        0,   -9139054,          0
  8998,   107,   23000000,   13860985,        0,   -9139015,          0
  8998,   108,   23000000,   13864761,        0,   -9135239,          0
  8998,   109,   23000000,   13865605,        0,   -9134395,          0
  8998,   110,   23000000,   14130282,        0,   -8869718,          0
  8998,   111,   23000000,   13894951,        0,   -9105049,          0
  8998,   112,   23000000,   13864050,        0,   -9135950,          0
  8998,   113,   23000000,   13857640,        0,   -9142360,          0
  8998,   114,   23000000,   13903222,        0,   -9096778,          0
  8998,   115,   23000000,   14142119,        0,   -8857881,          0
  8998,   116,   23000000,   13845088,        0,   -9154912,          0
  8998,   117,   23000000,   13906584,        0,   -9093416,          0
  8998,   118,   23000000,   13862793,        0,   -9137207,          0
  8998,   119,   23000000,   13857787,        0,   -9142213,          0
  8998,   120,   23000000,   13873682,        0,   -9126318,          0
  8998,   121,   23000000,   14142582,        0,   -8857418,          0
  8998,   122,   23000000,   13862614,        0,   -9137386,          0
  8998,   123,   23000000,   13868413,        0,   -9131587,          0
  8998,   124,   23000000,   13861131,        0,   -9138869,          0
  8998,   125,   23000000,   13880825,        0,   -9119175,          0
  8998,   126,   23000000,   14158684,        0,   -8841316,          0
  8998,   127,   23000000,   13861548,        0,   -9138452,          0
  8998,   128,   23000000,   13865685,        0,   -9134315,          0
  8998,   129,   23000000,   13870056,        0,   -9129944,          0
  8998,   130,   23000000,   13870376,        0,   -9129624,          0
  8998,   131,   23000000,   13895584,        0,   -9104416,          0
  8998,   132,   23000000,   13868586,        0,   -9131414,          0
  8998,   133,   23000000,   13844913,        0,   -9155087,          0
  8998,   134,   23000000,   13849738,        0,   -9150262,          0
  8998,   135,   23000000,   13861768,        0,   -9138232,          0
  8998,   136,   23000000,   13850448,        0,   -9149552,          0
  8998,   137,   23000000,   14145915,        0,   -8854085,          0
  8998,   138,   23000000,   13870580,        0,   -9129420,          0
  8998,   139,   23000000,   13849259,        0,   -9150741,          0
  8998,   140,   23000000,   13856385,        0,   -9143615,          0
  8998,   141,   23000000,   13875313,        0,   -9124687,          0
  8998,   142,   23000000,   13850343,        0,   -9149657,          0
  8998,   143,   23000000,   13843730,        0,   -9156270,          0
  8998,   144,   23000000,   13866045,        0,   -9133955,          0
  8998,   145,   23000000,   13862726,        0,   -9137274,          0
  8998,   146,   23000000,   13853650,        0,   -9146350,          0
  8998,   147,   23000000,   13862323,        0,   -9137677,          0
  8998,   148,   23000000,   14151929,        0,   -8848071,          0
  8998,   149,   23000000,   13859379,        0,   -9140621,          0
  8998,   150,   23000000,   13893557,        0,   -9106443,          0
  8998,   151,   23000000,   13856536,        0,   -9143464,          0
  8998,   152,   23000000,   13848599,        0,   -9151401,          0
  8998,   153,   23000000,   13900197,        0,   -9099803,          0
  8998,   154,   23000000,   13854772,        0,   -9145228,          0
  8998,   155,   23000000,   13860208,        0,   -9139792,          0
  8998,   156,   23000000,   13896718,        0,   -9103282,          0
  8998,   157,   23000000,   13862199,        0,   -9137801,          0
  8998,   158,   23000000,   13835350,        0,   -9164650,          0
  8998,   159,   23000000,   14161316,        0,   -8838684,          0
  8998,   160,   23000000,   13871996,        0,   -9128004,          0
  8998,   161,   23000000,   13874974,        0,   -9125026,          0
  8998,   162,   23000000,   13945127,        0,   -9054873,          0
  8998,   163,   23000000,   13860346,        0,   -9139654,          0
  8998,   164,   23000000,   14144452,        0,   -8855548,          0
  8998,   165,   23000000,   13878347,        0,   -9121653,          0
  8998,   166,   23000000,   13863555,        0,   -9136445,          0
  8998,   167,   23000000,   13882018,        0,   -9117982,          0
  8998,   168,   23000000,   13889247,        0,   -9110753,          0
  8998,   169,   23000000,   13860736,        0,   -9139264,          0
  8998,   170,   23000000,   13857690,        0,   -9142310,          0
  8998,   171,   23000000,   13878144,        0,   -9121856,          0
  8998,   172,   23000000,   13856167,        0,   -9143833,          0
  8998,   173,   23000000,   13859602,        0,   -9140398,          0
  8998,   174,   23000000,   13870058,        0,   -9129942,          0
  8998,   175,   23000000,   14142192,        0,   -8857808,          0
  8998,   176,   23000000,   13852675,        0,   -9147325,          0
  8998,   177,   23000000,   13871329,        0,   -9128671,          0
  8998,   178,   23000000,   13857136,        0,   -9142864,          0
  8998,   179,   23000000,   13858206,        0,   -9141794,          0
  8998,   180,   23000000,   13873995,        0,   -9126005,          0
  8998,   181,   23000000,   13857258,        0,   -9142742,          0
  8998,   182,   23000000,   13849394,        0,   -9150606,          0
  8998,   183,   23000000,   13868850,        0,   -9131150,          0
  8998,   184,   23000000,   13854022,        0,   -9145978,          0
  8998,   185,   23000000,   13859129,        0,   -9140871,          0
  8998,   186,   23000000,   14178962,        0,   -8821038,          0
  8998,   187,   23000000,   13855687,        0,   -9144313,          0
  8998,   188,   23000000,   13844434,        0,   -9155566,          0
  8998,   189,   23000000,   13900356,        0,   -9099644,          0
  8998,   190,   23000000,   13865175,        0,   -9134825,          0
  8998,   191,   23000000,   13863817,        0,   -9136183,          0
  8998,   192,   23000000,   13898401,        0,   -9101599,          0
  8998,   193,   23000000,   13856735,        0,   -9143265,          0
  8998,   194,   23000000,   13856073,        0,   -9143927,          0
  8998,   195,   23000000,   13896576,        0,   -9103424,          0
  8998,   196,   23000000,   13863691,        0,   -9136309,          0
  8998,   197,   23000000,   14149868,        0,   -8850132,          0
  8998,   198,   23000000,   13873126,        0,   -9126874,          0
  8998,   199,   23000000,   13858761,        0,   -9141239,          0
  8998,   200,   23000000,   13852726,        0,   -9147274,          0
  8998,   201,   23000000,   13878603,        0,   -9121397,          0
  8998,   202,   23000000,   14145917,        0,   -8854083,          0
  8998,   203,   23000000,   13890934,        0,   -9109066,          0
  8998,   204,   23000000,   13873382,        0,   -9126618,          0
  8998,   205,   23000000,   13856094,        0,   -9143906,          0
  8998,   206,   23000000,   13865671,        0,   -9134329,          0
  8998,   207,   23000000,   13868617,        0,   -9131383,          0
  8998,   208,   23000000,   14085350,        0,   -8914650,          0
  8998,   209,   23000000,   13860736,        0,   -9139264,          0
  8998,   210,   23000000,   13866940,        0,   -9133060,          0
  8998,   211,   23000000,   13860334,        0,   -9139666,          0
  8998,   212,   23000000,   13846705,        0,   -9153295,          0
  8998,   213,   23000000,   14165377,        0,   -8834623,          0
  8998,   214,   23000000,   13861614,        0,   -9138386,          0
  8998,   215,   23000000,   13856724,        0,   -9143276,          0
  8998,   216,   23000000,   13870614,        0,   -9129386,          0
  8998,   217,   23000000,   13848755,        0,   -9151245,          0
  8998,   218,   23000000,   13840086,        0,   -9159914,          0
  8998,   219,   23000000,   13874461,        0,   -9125539,          0
  8998,   220,   23000000,   13855742,        0,   -9144258,          0
  8998,   221,   23000000,   13857447,        0,   -9142553,          0
  8998,   222,   23000000,   13864204,        0,   -9135796,          0
  8998,   223,   23000000,   13858580,        0,   -9141420,          0
  8998,   224,   23000000,   14129605,        0,   -8870395,          0
  8998,   225,   23000000,   13900647,        0,   -9099353,          0
  8998,   226,   23000000,   13856835,        0,   -9143165,          0
  8998,   227,   23000000,   13858348,        0,   -9141652,          0
  8998,   228,   23000000,   13890718,        0,   -9109282,          0
  8998,   229,   23000000,   13856803,        0,   -9143197,          0
  8998,   230,   23000000,   13841700,        0,   -9158300,          0
  8998,   231,   23000000,   13912229,        0,   -9087771,          0
  8998,   232,   23000000,   13857578,        0,   -9142422,          0
  8998,   233,   23000000,   13850110,        0,   -9149890,          0
  8998,   234,   23000000,   13872795,        0,   -9127205,          0
  8998,   235,   23000000,   14152184,        0,   -8847816,          0
  8998,   236,   23000000,   13841823,        0,   -9158177,          0
  8998,   237,   23000000,   13873442,        0,   -9126558,          0
  8998,   238,   23000000,   13861348,        0,   -9138652,          0
  8998,   239,   23000000,   13864930,        0,   -9135070,          0
  8998,   240,   23000000,   13875988,        0,   -9124012,          0
  8998,   241,   23000000,   13855404,        0,   -9144596,          0
  8998,   242,   23000000,   13863526,        0,   -9136474,          0
  8998,   243,   23000000,   13871597,        0,   -9128403,          0
  8998,   244,   23000000,   13860203,        0,   -9139797,          0
  8998,   245,   23000000,   13894379,        0,   -9105621,          0
  8998,   246,   23000000,   14159346,        0,   -8840654,          0
  8998,   247,   23000000,   13856369,        0,   -9143631,          0
  8998,   248,   23000000,   13849873,        0,   -9150127,          0
  8998,   249,   23000000,   13943749,        0,   -9056251,          0
  8998,   250,   23000000,   13860023,        0,   -9139977,          0
  8998,   251,   23000000,   14147226,        0,   -8852774,          0
  8998,   252,   23000000,   13870458,        0,   -9129542,          0
  8998,   253,   23000000,   13857312,        0,   -9142688,          0
  8998,   254,   23000000,   13843069,        0,   -9156931,          0
  8998,   255,   23000000,   13872757,        0,   -9127243,          0
  8998,   256,   23000000,   13863234,        0,   -9136766,          0
  8998,   257,   23000000,   13859113,        0,   -9140887,          0
  8998,   258,   23000000,   13866688,        0,   -9133312,          0
  8998,   259,   23000000,   13870368,        0,   -9129632,          0
  8998,   260,   23000000,   13844532,        0,   -9155468,          0
  8998,   261,   23000000,   13875399,        0,   -9124601,          0
  8998,   262,   23000000,   14156842,        0,   -8843158,          0
  8998,   263,   23000000,   13856069,        0,   -9143931,          0
  8998,   264,   23000000,   13895424,        0,   -9104576,          0
  8998,   265,   23000000,   13860889,        0,   -9139111,          0
  8998,   266,   23000000,   13842861,        0,   -9157139,          0
  8998,   267,   23000000,   13898713,        0,   -9101287,          0
  8998,   268,   23000000,   13861879,        0,   -9138121,          0
  8998,   269,   23000000,   13862231,        0,   -9137769,          0
  8998,   270,   23000000,   13890401,        0,   -9109599,          0
  8998,   271,   23000000,   13858589,        0,   -9141411,          0
  8998,   272,   23000000,   13837149,        0,   -9162851,          0
  8998,   273,   23000000,   14170835,        0,   -8829165,          0
  8998,   274,   23000000,   13862510,        0,   -9137490,          0
  8998,   275,   23000000,   13847794,        0,   -9152206,          0
  8998,   276,   23000000,   13879514,        0,   -9120486,          0
  8998,   277,   23000000,   13863319,        0,   -9136681,          0
  8998,   278,   23000000,   13863567,        0,   -9136433,          0
  8998,   279,   23000000,   13869851,        0,   -9130149,          0
  8998,   280,   23000000,   13859341,        0,   -9140659,          0
  8998,   281,   23000000,   13877650,        0,   -9122350,          0
  8998,   282,   23000000,   13867986,        0,   -9132014,          0
  8998,   283,   23000000,   13853689,        0,   -9146311,          0
  8998,   284,   23000000,   14170678,        0,   -8829322,          0
  8998,   285,   23000000,   13872589,        0,   -9127411,          0
  8998,   286,   23000000,   13862750,        0,   -9137250,          0
  8998,   287,   23000000,   13862160,        0,   -9137840,          0
  8998,   288,   23000000,   13873917,        0,   -9126083,          0
  8998,   289,   23000000,   14138768,        0,   -8861232,          0
  8998,   290,   23000000,   13844592,        0,   -9155408,          0
  8998,   291,   23000000,   13873227,        0,   -9126773,          0
  8998,   292,   23000000,   13862878,        0,   -9137122,          0
  8998,   293,   23000000,   13849721,        0,   -9150279,          0
  8998,   294,   23000000,   13866687,        0,   -9133313,          0
  8998,   295,   23000000,   13861995,        0,   -9138005,          0
  8998,   296,   23000000,   13839537,        0,   -9160463,          0
  8998,   297,   23000000,   13877837,        0,   -9122163,          0
  8998,   298,   23000000,   13865054,        0,   -9134946,          0
  8998,   299,   23000000,   13855177,        0,   -9144823,          0
  8998,   300,   23000000,   14151096,        0,   -8848904,          0
  8998,   301,   23000000,   13864127,        0,   -9135873,          0
  8998,   302,   23000000,   13852693,        0,   -9147307,          0
  8998,   303,   23000000,   13885737,        0,   -9114263,          0
  8998,   304,   23000000,   13862900,        0,   -9137100,          0
  8998,   305,   23000000,   13859834,        0,   -9140166,          0
  8998,   306,   23000000,   13890885,        0,   -9109115,          0
  8998,   307,   23000000,   13862135,        0,   -9137865,          0
  8998,   308,   23000000,   13838418,        0,   -9161582,          0
  8998,   309,   23000000,   13907779,        0,   -9092221,          0
  8998,   310,   23000000,   13863739,        0,   -9136261,          0
  8998,   311,   23000000,   14146680,        0,   -8853320,          0
  8998,   312,   23000000,   13868920,        0,   -9131080,          0
  8998,   313,   23000000,   13865200,        0,   -9134800,          0
  8998,   314,   23000000,   13853559,        0,   -9146441,          0
  8998,   315,   23000000,   13865110,        0,   -9134890,          0
  8998,   316,   23000000,   13859305,        0,   -9140695,          0
  8998,   317,   23000000,   13875754,        0,   -9124246,          0
  8998,   318,   23000000,   13870394,        0,   -9129606,          0
  8998,   319,   23000000,   13860740,        0,   -9139260,          0
  8998,   320,   23000000,   13869280,        0,   -9130720,          0
  8998,   321,   23000000,   13870901,        0,   -9129099,          0
  8998,   322,   23000000,   14159750,        0,   -8840250,          0
  8998,   323,   23000000,   13898136,        0,   -9101864,          0
  8998,   324,   23000000,   13868385,        0,   -9131615,          0
  8998,   325,   23000000,   13849286,        0,   -9150714,          0
  8998,   326,   23000000,   13857541,        0,   -9142459,          0
  8998,   327,   23000000,   14159973,        0,   -8840027,          0
  8998,   328,   23000000,   13846982,        0,   -9153018,          0
  8998,   329,   23000000,   13850147,        0,   -9149853,          0
  8998,   330,   23000000,   13874957,        0,   -9125043,          0
  8998,   331,   23000000,   13840791,        0,   -9159209,          0
  8998,   332,   23000000,   13849641,        0,   -9150359,          0
  8998,   333,   23000000,   14152779,        0,   -8847221,          0
  8998,   334,   23000000,   13858756,        0,   -9141244,          0
  8998,   335,   23000000,   13842837,        0,   -9157163,          0
  8998,   336,   23000000,   13924258,        0,   -9075742,          0
  8998,   337,   23000000,   13857949,        0,   -9142051,          0
  8998,   338,   23000000,   14145140,        0,   -8854860,          0
  8998,   339,   23000000,   13863046,        0,   -9136954,          0
  8998,   340,   23000000,   13864222,        0,   -9135778,          0
  8998,   341,   23000000,   13857717,        0,   -9142283,          0
  8998,   342,   23000000,   13898933,        0,   -9101067,          0
  8998,   343,   23000000,   13861517,        0,   -9138483,          0
  8998,   344,   23000000,   13842302,        0,   -9157698,          0
  8998,   345,   23000000,   13906687,        0,   -9093313,          0
  8998,   346,   23000000,   13857960,        0,   -9142040,          0
  8998,   347,   23000000,   13853567,        0,   -9146433,          0
  8998,   348,   23000000,   13896055,        0,   -9103945,          0
  8998,   349,   23000000,   14147192,        0,   -8852808,          0
  8998,   350,   23000000,   13847053,        0,   -9152947,          0
  8998,   351,   23000000,   13875020,        0,   -9124980,          0
  8998,   352,   23000000,   13861485,        0,   -9138515,          0
  8998,   353,   23000000,   13871274,        0,   -9128726,          0
  8998,   354,   23000000,   13870928,        0,   -9129072,          0
  8998,   355,   23000000,   13856822,        0,   -9143178,          0
  8998,   356,   23000000,   13869050,        0,   -9130950,          0
  8998,   357,   23000000,   13867488,        0,   -9132512,          0
  8998,   358,   23000000,   13856940,        0,   -9143060,          0
  8998,   359,   23000000,   13891042,        0,   -9108958,          0
  8998,   360,   23000000,   14154966,        0,   -8845034,          0
  8998,   361,   23000000,   13853720,        0,   -9146280,          0
  8998,   362,   23000000,   13844890,        0,   -9155110,          0
  8998,   363,   23000000,   13876564,        0,   -9123436,          0
  8998,   364,   23000000,   13862033,        0,   -9137967,          0
  8998,   365,   23000000,   13854220,        0,   -9145780,          0
  8998,   366,   23000000,   13874449,        0,   -9125551,          0
  8998,   367,   23000000,   13847610,        0,   -9152390,          0
  8998,   368,   23000000,   13840663,        0,   -9159337,          0
  8998,   369,   23000000,   13873915,        0,   -9126085,          0
  8998,   370,   23000000,   13863698,        0,   -9136302,          0
  8998,   371,   23000000,   14154510,        0,   -8845490,          0
  8998,   372,   23000000,   13863091,        0,   -9136909,          0
  8998,   373,   23000000,   13850610,        0,   -9149390,          0
  8998,   374,   23000000,   13840590,        0,   -9159410,          0
  8998,   375,   23000000,   13874355,        0,   -9125645,          0
  8998,   376,   23000000,   14150160,        0,   -8849840,          0
  8998,   377,   23000000,   13862620,        0,   -9137380,          0
  8998,   378,   23000000,   13884601,        0,   -9115399,          0
  8998,   379,   23000000,   13857769,        0,   -9142231,          0
  8998,   380,   23000000,   13844496,        0,   -9155504,          0
  8998,   381,   23000000,   13899669,        0,   -9100331,          0
  8998,   382,   23000000,   13853665,        0,   -9146335,          0
  8998,   383,   23000000,   13858411,        0,   -9141589,          0
  8998,   384,   23000000,   13888755,        0,   -9111245,          0
  8998,   385,   23000000,   13859735,        0,   -9140265,          0
  8998,   386,   23000000,   13836992,        0,   -9163008,          0
  8998,   387,   23000000,   14193496,        0,   -8806504,          0
  8998,   388,   23000000,   13857278,        0,   -9142722,          0
  8998,   389,   23000000,   13851857,        0,   -9148143,          0
  8998,   390,   23000000,   13869297,        0,   -9130703,          0
  8998,   391,   23000000,   13858477,        0,   -9141523,          0
  8998,   392,   23000000,   13863370,        0,   -9136630,          0
  8998,   393,   23000000,   13859403,        0,   -9140597,          0
  8998,   394,   23000000,   13861937,        0,   -9138063,          0
  8998,   395,   23000000,   13877162,        0,   -9122838,          0
  8998,   396,   23000000,   13868833,        0,   -9131167,          0
  8998,   397,   23000000,   13857935,        0,   -9142065,          0
  8998,   398,   23000000,   14166286,        0,   -8833714,          0
  8998,   399,   23000000,   13869408,        0,   -9130592,          0
  8998,   400,   23000000,   13862643,        0,   -9137357,          0
  8998,   401,   23000000,   13858976,        0,   -9141024,          0
  8998,   402,   23000000,   13868544,        0,   -9131456,          0
  8998,   403,   23000000,   13854881,        0,   -9145119,          0
  8998,   404,   23000000,   13847889,        0,   -9152111,          0
  8998,   405,   23000000,   13876565,        0,   -9123435,          0
  8998,   406,   23000000,   13858729,        0,   -9141271,          0
  8998,   407,   23000000,   13862796,        0,   -9137204,          0
  8998,   408,   23000000,   13870011,        0,   -9129989,          0
  8998,   409,   23000000,   14136593,        0,   -8863407,          0
  8998,   410,   23000000,   13840894,        0,   -9159106,          0
  8998,   411,   23000000,   13873200,        0,   -9126800,          0
  8998,   412,   23000000,   13856653,        0,   -9143347,          0
  8998,   413,   23000000,   13855550,        0,   -9144450,          0
  8998,   414,   23000000,   14143200,        0,   -8856800,          0
  8998,   415,   23000000,   13860222,        0,   -9139778,          0
  8998,   416,   23000000,   13846686,        0,   -9153314,          0
  8998,   417,   23000000,   13892954,        0,   -9107046,          0
  8998,   418,   23000000,   13863242,        0,   -9136758,          0
  8998,   419,   23000000,   13856369,        0,   -9143631,          0
  8998,   420,   23000000,   13892923,        0,   -9107077,          0
  8998,   421,   23000000,   13856805,        0,   -9143195,          0
  8998,   422,   23000000,   13838849,        0,   -9161151,          0
  8998,   423,   23000000,   13958979,        0,   -9041021,          0
  8998,   424,   23000000,   13860225,        0,   -9139775,          0
  8998,   425,   23000000,   14148030,        0,   -8851970,          0
  8998,   426,   23000000,   13866440,        0,   -9133560,          0
  8998,   427,   23000000,   13854371,        0,   -9145629,          0
  8998,   428,   23000000,   13834276,        0,   -9165724,          0
  8998,   429,   23000000,   13872338,        0,   -9127662,          0
  8998,   430,   23000000,   13864015,        0,   -9135985,          0
  8998,   431,   23000000,   13877941,        0,   -9122059,          0
  8998,   432,   23000000,   13871229,        0,   -9128771,          0
  8998,   433,   23000000,   13853554,        0,   -9146446,          0
  8998,   434,   23000000,   13869098,        0,   -9130902,          0
  8998,   435,   23000000,   13873570,        0,   -9126430,          0
  8998,   436,   23000000,   14157020,        0,   -8842980,          0
  8998,   437,   23000000,   13891864,        0,   -9108136,          0
  8998,   438,   23000000,   13862992,        0,   -9137008,          0
