350 350 0
327 327 0
209 209 0
505 505 0
117 117 0
503 503 0
111 111 0
116 116 0
112 112 0
1005 1005 0
206 206 0
139 139 0
145 145 0
260 260 0
457 457 0
112 112 0
144 144 0
171 171 0
134 134 0
116 116 0
1004 1004 0
116 116 0
127 127 0
132 132 0
298 298 0
136 136 0
326 326 0
629 629 0
162 162 0
132 132 0
184 184 0
1006 1006 0
149 149 0
120 120 0
115 115 0
184 184 0
125 125 0
374 374 0
772 772 0
155 155 0
592 592 0
117 117 0
670 670 0
211 211 0
165 165 0
387 387 0
914 914 0
140 140 0
167 167 0
107 107 0
116 116 0
147 147 0
273 273 0
220 220 0
105 105 0
347 347 0
157 157 0
173 173 0
374 374 0
135 135 0
124 124 0
836 836 0
120 120 0
360 360 0
106 106 0
913 913 0
150 150 0
275 275 0
120 120 0
317 317 0
594 594 0
458 458 0
281 281 0
144 144 0
180 180 0
262 262 0
226 226 0
170 170 0
113 113 0
165 165 0
383 383 0
204 204 0
599 599 0
250 250 0
179 179 0
181 181 0
108 108 0
124 124 0
438 438 0
222 222 0
339 339 0
154 154 0
107 107 0
125 125 0
288 288 0
189 189 0
104 104 0
107 107 0
204 204 0
347 347 0
108 108 0
306 306 0
481 481 0
179 179 0
159 159 0
460 460 0
503 503 0
126 126 0
109 109 0
162 162 0
292 292 0
225 225 0
531 531 0
115 115 0
132 132 0
134 134 0
405 405 0
717 717 0
139 139 0
404 404 0
111 111 0
232 232 0
128 128 0
364 364 0
184 184 0
123 123 0
159 159 0
125 125 0
114 114 0
121 121 0
139 139 0
532 532 0
134 134 0
208 208 0
191 191 0
