134 45 89
127 41 86
120 39 81
195 63 132
131 38 93
591 186 405
175 52 123
144 41 103
157 45 112
128 39 89
185 54 131
138 40 98
175 50 125
126 39 87
338 112 226
531 178 353
301 97 204
108 32 76
125 39 86
130 42 88
267 90 177
837 278 559
1004 337 667
132 36 96
109 31 78
129 37 92
170 50 120
129 40 89
422 135 287
124 33 91
202 66 136
166 54 112
288 92 196
1003 332 671
325 107 218
374 116 258
191 61 130
420 141 279
119 29 90
132 41 91
181 57 124
531 171 360
308 99 209
159 44 115
117 32 85
209 66 143
669 221 448
132 43 89
254 79 175
269 85 184
504 169 335
159 46 113
120 39 81
110 27 83
117 26 91
104 31 73
135 41 94
275 79 196
191 54 137
144 42 102
110 26 84
160 50 110
207 61 146
195 63 132
773 261 512
203 68 135
204 64 140
719 246 473
439 154 285
120 35 85
107 29 78
132 40 92
299 98 201
303 101 202
110 30 80
193 58 135
134 37 97
593 193 400
199 56 143
149 45 104
337 111 226
138 44 94
189 63 126
