225 225 0
184 184 0
167 167 0
389 389 0
227 227 0
481 481 0
273 273 0
188 188 0
111 111 0
141 141 0
111 111 0
350 350 0
129 129 0
127 127 0
235 235 0
138 138 0
774 774 0
187 187 0
127 127 0
290 290 0
207 207 0
112 112 0
145 145 0
106 106 0
176 176 0
107 107 0
327 327 0
119 119 0
112 112 0
151 151 0
325 325 0
129 129 0
213 213 0
309 309 0
171 171 0
216 216 0
108 108 0
298 298 0
115 115 0
148 148 0
480 480 0
276 276 0
309 309 0
318 318 0
503 503 0
348 348 0
244 244 0
170 170 0
315 315 0
109 109 0
221 221 0
200 200 0
110 110 0
117 117 0
837 837 0
144 144 0
1008 1008 0
405 405 0
152 152 0
263 263 0
481 481 0
131 131 0
283 283 0
129 129 0
144 144 0
482 482 0
115 115 0
130 130 0
440 440 0
140 140 0
252 252 0
127 127 0
128 128 0
164 164 0
482 482 0
114 114 0
482 482 0
166 166 0
126 126 0
1004 1004 0
142 142 0
215 215 0
110 110 0
130 130 0
159 159 0
169 169 0
262 262 0
406 406 0
298 298 0
106 106 0
144 144 0
181 181 0
105 105 0
227 227 0
129 129 0
124 124 0
