# Task,   Job,     Period,   Response, DL Miss?,   Lateness,  Tardiness
# task NAME=myapp PID=20141 COST=16800000 PERIOD=42000000 CPU=0
 20141,     2,   42000000,      11616,        0,  -41988384,          0
 20141,     3,   42000000,      38668,        0,  -41961332,          0
 20141,     4,   42000000,   18565573,        0,  -23434427,          0
 20141,     5,   42000000,   16739871,        0,  -25260129,          0
 20141,     6,   42000000,   16448756,        0,  -25551244,          0
 20141,     7,   42000000,   16455798,        0,  -25544202,          0
 20141,     8,   42000000,   16745024,        0,  -25254976,          0
 20141,     9,   42000000,   16453181,        0,  -25546819,          0
 20141,    10,   42000000,   16462747,        0,  -25537253,          0
 20141,    11,   42000000,   16793229,        0,  -25206771,          0
 20141,    12,   42000000,   16507617,        0,  -25492383,          0
 20141,    13,   42000000,   16470683,        0,  -25529317,          0
 20141,    14,   42000000,   16762511,        0,  -25237489,          0
 20141,    15,   42000000,   16465784,        0,  -25534216,          0
 20141,    16,   42000000,   16466164,        0,  -25533836,          0
 20141,    17,   42000000,   16747263,        0,  -25252737,          0
 20141,    18,   42000000,   16459602,        0,  -25540398,          0
 20141,    19,   42000000,   16444632,        0,  -25555368,          0
 20141,    20,   42000000,   16765564,        0,  -25234436,          0
 20141,    21,   42000000,   16500890,        0,  -25499110,          0
 20141,    22,   42000000,   16583108,        0,  -25416892,          0
 20141,    23,   42000000,   16808769,        0,  -25191231,          0
 20141,    24,   42000000,   16462096,        0,  -25537904,          0
 20141,    25,   42000000,   16516863,        0,  -25483137,          0
 20141,    26,   42000000,   16876536,        0,  -25123464,          0
 20141,    27,   42000000,   16517113,        0,  -25482887,          0
 20141,    28,   42000000,   16481859,        0,  -25518141,          0
 20141,    29,   42000000,   16732192,        0,  -25267808,          0
 20141,    30,   42000000,   16495392,        0,  -25504608,          0
 20141,    31,   42000000,   16457549,        0,  -25542451,          0
 20141,    32,   42000000,   16727798,        0,  -25272202,          0
 20141,    33,   42000000,   16517101,        0,  -25482899,          0
 20141,    34,   42000000,   16466441,        0,  -25533559,          0
 20141,    35,   42000000,   16740878,        0,  -25259122,          0
 20141,    36,   42000000,   16572055,        0,  -25427945,          0
 20141,    37,   42000000,   16441807,        0,  -25558193,          0
 20141,    38,   42000000,   16810281,        0,  -25189719,          0
 20141,    39,   42000000,   16455593,        0,  -25544407,          0
 20141,    40,   42000000,   16521495,        0,  -25478505,          0
 20141,    41,   42000000,   16754992,        0,  -25245008,          0
 20141,    42,   42000000,   16452534,        0,  -25547466,          0
 20141,    43,   42000000,   16468030,        0,  -25531970,          0
 20141,    44,   42000000,   16630431,        0,  -25369569,          0
 20141,    45,   42000000,   16472520,        0,  -25527480,          0
 20141,    46,   42000000,   16483335,        0,  -25516665,          0
 20141,    47,   42000000,   16446342,        0,  -25553658,          0
 20141,    48,   42000000,   16450754,        0,  -25549246,          0
 20141,    49,   42000000,   16454755,        0,  -25545245,          0
 20141,    50,   42000000,   16488645,        0,  -25511355,          0
 20141,    51,   42000000,   16482161,        0,  -25517839,          0
 20141,    52,   42000000,   16528526,        0,  -25471474,          0
 20141,    53,   42000000,   16462273,        0,  -25537727,          0
 20141,    54,   42000000,   16471283,        0,  -25528717,          0
 20141,    55,   42000000,   16530471,        0,  -25469529,          0
 20141,    56,   42000000,   16443478,        0,  -25556522,          0
 20141,    57,   42000000,   16452447,        0,  -25547553,          0
 20141,    58,   42000000,   16539174,        0,  -25460826,          0
 20141,    59,   42000000,   16454076,        0,  -25545924,          0
 20141,    60,   42000000,   16522538,        0,  -25477462,          0
 20141,    61,   42000000,   16469814,        0,  -25530186,          0
 20141,    62,   42000000,   16511139,        0,  -25488861,          0
 20141,    63,   42000000,   16522650,        0,  -25477350,          0
 20141,    64,   42000000,   16446090,        0,  -25553910,          0
 20141,    65,   42000000,   16524762,        0,  -25475238,          0
 20141,    66,   42000000,   16519501,        0,  -25480499,          0
 20141,    67,   42000000,   16453776,        0,  -25546224,          0
 20141,    68,   42000000,   16523660,        0,  -25476340,          0
 20141,    69,   42000000,   16478805,        0,  -25521195,          0
 20141,    70,   42000000,   16467178,        0,  -25532822,          0
 20141,    71,   42000000,   16453307,        0,  -25546693,          0
 20141,    72,   42000000,   16480471,        0,  -25519529,          0
 20141,    73,   42000000,   16452482,        0,  -25547518,          0
 20141,    74,   42000000,   16489659,        0,  -25510341,          0
 20141,    75,   42000000,   16450534,        0,  -25549466,          0
 20141,    76,   42000000,   16464819,        0,  -25535181,          0
 20141,    77,   42000000,   16458756,        0,  -25541244,          0
 20141,    78,   42000000,   16468800,        0,  -25531200,          0
 20141,    79,   42000000,   16467552,        0,  -25532448,          0
 20141,    80,   42000000,   16484331,        0,  -25515669,          0
 20141,    81,   42000000,   16543898,        0,  -25456102,          0
 20141,    82,   42000000,   16547868,        0,  -25452132,          0
 20141,    83,   42000000,   16527981,        0,  -25472019,          0
 20141,    84,   42000000,   16455845,        0,  -25544155,          0
 20141,    85,   42000000,   16450768,        0,  -25549232,          0
 20141,    86,   42000000,   16462119,        0,  -25537881,          0
 20141,    87,   42000000,   16523758,        0,  -25476242,          0
 20141,    88,   42000000,   16442200,        0,  -25557800,          0
 20141,    89,   42000000,   16449764,        0,  -25550236,          0
 20141,    90,   42000000,   16475550,        0,  -25524450,          0
 20141,    91,   42000000,   16470862,        0,  -25529138,          0
 20141,    92,   42000000,   16480743,        0,  -25519257,          0
 20141,    93,   42000000,   16462237,        0,  -25537763,          0
 20141,    94,   42000000,   16478926,        0,  -25521074,          0
 20141,    95,   42000000,   16467564,        0,  -25532436,          0
 20141,    96,   42000000,   16506685,        0,  -25493315,          0
 20141,    97,   42000000,   16471621,        0,  -25528379,          0
 20141,    98,   42000000,   16511890,        0,  -25488110,          0
 20141,    99,   42000000,   16462626,        0,  -25537374,          0
 20141,   100,   42000000,   16463893,        0,  -25536107,          0
 20141,   101,   42000000,   16465829,        0,  -25534171,          0
 20141,   102,   42000000,   16454054,        0,  -25545946,          0
 20141,   103,   42000000,   16465216,        0,  -25534784,          0
 20141,   104,   42000000,   16454534,        0,  -25545466,          0
 20141,   105,   42000000,   16453692,        0,  -25546308,          0
 20141,   106,   42000000,   16532981,        0,  -25467019,          0
 20141,   107,   42000000,   16469218,        0,  -25530782,          0
 20141,   108,   42000000,   16452191,        0,  -25547809,          0
 20141,   109,   42000000,   16478011,        0,  -25521989,          0
 20141,   110,   42000000,   16479396,        0,  -25520604,          0
 20141,   111,   42000000,   16456012,        0,  -25543988,          0
 20141,   112,   42000000,   16452266,        0,  -25547734,          0
 20141,   113,   42000000,   16478504,        0,  -25521496,          0
 20141,   114,   42000000,   16453781,        0,  -25546219,          0
 20141,   115,   42000000,   16472240,        0,  -25527760,          0
 20141,   116,   42000000,   16467847,        0,  -25532153,          0
 20141,   117,   42000000,   16482423,        0,  -25517577,          0
 20141,   118,   42000000,   16541665,        0,  -25458335,          0
 20141,   119,   42000000,   16498955,        0,  -25501045,          0
 20141,   120,   42000000,   16510412,        0,  -25489588,          0
 20141,   121,   42000000,   16727795,        0,  -25272205,          0
 20141,   122,   42000000,   16444749,        0,  -25555251,          0
 20141,   123,   42000000,   16460786,        0,  -25539214,          0
 20141,   124,   42000000,   16738402,        0,  -25261598,          0
 20141,   125,   42000000,   16476266,        0,  -25523734,          0
 20141,   126,   42000000,   16476891,        0,  -25523109,          0
 20141,   127,   42000000,   16744331,        0,  -25255669,          0
 20141,   128,   42000000,   16469031,        0,  -25530969,          0
 20141,   129,   42000000,   16542611,        0,  -25457389,          0
 20141,   130,   42000000,   16727094,        0,  -25272906,          0
 20141,   131,   42000000,   16463225,        0,  -25536775,          0
 20141,   132,   42000000,   16503256,        0,  -25496744,          0
 20141,   133,   42000000,   16739664,        0,  -25260336,          0
 20141,   134,   42000000,   16586506,        0,  -25413494,          0
 20141,   135,   42000000,   16470963,        0,  -25529037,          0
 20141,   136,   42000000,   16745680,        0,  -25254320,          0
 20141,   137,   42000000,   16550739,        0,  -25449261,          0
 20141,   138,   42000000,   16447761,        0,  -25552239,          0
 20141,   139,   42000000,   16741583,        0,  -25258417,          0
 20141,   140,   42000000,   16601001,        0,  -25398999,          0
 20141,   141,   42000000,   16568453,        0,  -25431547,          0
 20141,   142,   42000000,   16788873,        0,  -25211127,          0
 20141,   143,   42000000,   16544541,        0,  -25455459,          0
 20141,   144,   42000000,   16467877,        0,  -25532123,          0
 20141,   145,   42000000,   16798078,        0,  -25201922,          0
 20141,   146,   42000000,   16478196,        0,  -25521804,          0
 20141,   147,   42000000,   16489246,        0,  -25510754,          0
 20141,   148,   42000000,   16772311,        0,  -25227689,          0
 20141,   149,   42000000,   16450312,        0,  -25549688,          0
 20141,   150,   42000000,   16448215,        0,  -25551785,          0
 20141,   151,   42000000,   16760715,        0,  -25239285,          0
 20141,   152,   42000000,   16469855,        0,  -25530145,          0
 20141,   153,   42000000,   16507043,        0,  -25492957,          0
 20141,   154,   42000000,   16731761,        0,  -25268239,          0
 20141,   155,   42000000,   16471872,        0,  -25528128,          0
 20141,   156,   42000000,   16457409,        0,  -25542591,          0
 20141,   157,   42000000,   16768256,        0,  -25231744,          0
 20141,   158,   42000000,   16476772,        0,  -25523228,          0
 20141,   159,   42000000,   16470260,        0,  -25529740,          0
 20141,   160,   42000000,   16801629,        0,  -25198371,          0
 20141,   161,   42000000,   16468727,        0,  -25531273,          0
 20141,   162,   42000000,   16472295,        0,  -25527705,          0
 20141,   163,   42000000,   16747148,        0,  -25252852,          0
 20141,   164,   42000000,   16528868,        0,  -25471132,          0
 20141,   165,   42000000,   16478618,        0,  -25521382,          0
 20141,   166,   42000000,   16791215,        0,  -25208785,          0
 20141,   167,   42000000,   16508586,        0,  -25491414,          0
 20141,   168,   42000000,   16458007,        0,  -25541993,          0
 20141,   169,   42000000,   16720495,        0,  -25279505,          0
 20141,   170,   42000000,   16469010,        0,  -25530990,          0
 20141,   171,   42000000,   16452470,        0,  -25547530,          0
 20141,   172,   42000000,   16483145,        0,  -25516855,          0
 20141,   173,   42000000,   16511912,        0,  -25488088,          0
 20141,   174,   42000000,   16509592,        0,  -25490408,          0
 20141,   175,   42000000,   16470198,        0,  -25529802,          0
 20141,   176,   42000000,   16556498,        0,  -25443502,          0
 20141,   177,   42000000,   16528078,        0,  -25471922,          0
 20141,   178,   42000000,   16450841,        0,  -25549159,          0
 20141,   179,   42000000,   16458757,        0,  -25541243,          0
 20141,   180,   42000000,   16450770,        0,  -25549230,          0
 20141,   181,   42000000,   16446337,        0,  -25553663,          0
 20141,   182,   42000000,   16482955,        0,  -25517045,          0
 20141,   183,   42000000,   16500989,        0,  -25499011,          0
 20141,   184,   42000000,   16483275,        0,  -25516725,          0
 20141,   185,   42000000,   16451292,        0,  -25548708,          0
 20141,   186,   42000000,   16479617,        0,  -25520383,          0
 20141,   187,   42000000,   16469450,        0,  -25530550,          0
 20141,   188,   42000000,   16465921,        0,  -25534079,          0
 20141,   189,   42000000,   16456135,        0,  -25543865,          0
 20141,   190,   42000000,   16442983,        0,  -25557017,          0
 20141,   191,   42000000,   16465190,        0,  -25534810,          0
 20141,   192,   42000000,   16473683,        0,  -25526317,          0
 20141,   193,   42000000,   16477073,        0,  -25522927,          0
 20141,   194,   42000000,   16479790,        0,  -25520210,          0
 20141,   195,   42000000,   16463379,        0,  -25536621,          0
 20141,   196,   42000000,   16446673,        0,  -25553327,          0
 20141,   197,   42000000,   16520964,        0,  -25479036,          0
 20141,   198,   42000000,   16468782,        0,  -25531218,          0
 20141,   199,   42000000,   16507720,        0,  -25492280,          0
 20141,   200,   42000000,   16525938,        0,  -25474062,          0
 20141,   201,   42000000,   16634548,        0,  -25365452,          0
 20141,   202,   42000000,   16532076,        0,  -25467924,          0
 20141,   203,   42000000,   16470307,        0,  -25529693,          0
 20141,   204,   42000000,   16525624,        0,  -25474376,          0
 20141,   205,   42000000,   16448035,        0,  -25551965,          0
 20141,   206,   42000000,   16459632,        0,  -25540368,          0
 20141,   207,   42000000,   16466877,        0,  -25533123,          0
 20141,   208,   42000000,   16452317,        0,  -25547683,          0
 20141,   209,   42000000,   16465560,        0,  -25534440,          0
 20141,   210,   42000000,   16442246,        0,  -25557754,          0
 20141,   211,   42000000,   16445834,        0,  -25554166,          0
 20141,   212,   42000000,   16470360,        0,  -25529640,          0
 20141,   213,   42000000,   16535011,        0,  -25464989,          0
 20141,   214,   42000000,   16477812,        0,  -25522188,          0
 20141,   215,   42000000,   16462662,        0,  -25537338,          0
 20141,   216,   42000000,   16495872,        0,  -25504128,          0
 20141,   217,   42000000,   16449929,        0,  -25550071,          0
 20141,   218,   42000000,   16447089,        0,  -25552911,          0
 20141,   219,   42000000,   16463107,        0,  -25536893,          0
 20141,   220,   42000000,   16459662,        0,  -25540338,          0
 20141,   221,   42000000,   16463597,        0,  -25536403,          0
 20141,   222,   42000000,   16520000,        0,  -25480000,          0
 20141,   223,   42000000,   16461254,        0,  -25538746,          0
 20141,   224,   42000000,   16464471,        0,  -25535529,          0
 20141,   225,   42000000,   16540659,        0,  -25459341,          0
 20141,   226,   42000000,   16466244,        0,  -25533756,          0
 20141,   227,   42000000,   16451965,        0,  -25548035,          0
 20141,   228,   42000000,   16537006,        0,  -25462994,          0
 20141,   229,   42000000,   16453089,        0,  -25546911,          0
 20141,   230,   42000000,   16537835,        0,  -25462165,          0
 20141,   231,   42000000,   16519533,        0,  -25480467,          0
 20141,   232,   42000000,   16566975,        0,  -25433025,          0
 20141,   233,   42000000,   16554521,        0,  -25445479,          0
 20141,   234,   42000000,   16451233,        0,  -25548767,          0
 20141,   235,   42000000,   16450439,        0,  -25549561,          0
 20141,   236,   42000000,   16447846,        0,  -25552154,          0
 20141,   237,   42000000,   16463332,        0,  -25536668,          0
 20141,   238,   42000000,   16449725,        0,  -25550275,          0
 20141,   239,   42000000,   16460715,        0,  -25539285,          0
 20141,   240,   42000000,   16467210,        0,  -25532790,          0
 20141,   241,   42000000,   16453082,        0,  -25546918,          0
 20141,   242,   42000000,   16471062,        0,  -25528938,          0
