248 248 0
413 413 0
158 158 0
174 174 0
466 466 0
122 122 0
394 394 0
171 171 0
535 535 0
221 221 0
298 298 0
383 383 0
149 149 0
235 235 0
134 134 0
430 430 0
156 156 0
180 180 0
443 443 0
209 209 0
308 308 0
281 281 0
309 309 0
771 771 0
120 120 0
228 228 0
250 250 0
116 116 0
271 271 0
205 205 0
216 216 0
356 356 0
154 154 0
308 308 0
121 121 0
123 123 0
116 116 0
242 242 0
1007 1007 0
313 313 0
145 145 0
217 217 0
197 197 0
129 129 0
304 304 0
121 121 0
343 343 0
150 150 0
666 666 0
130 130 0
156 156 0
171 171 0
172 172 0
197 197 0
120 120 0
129 129 0
148 148 0
274 274 0
