2726 2728 0
3052 3054 0
5424 5432 0
1866 1873 0
2992 3000 0
3325 3327 0
3773 3780 0
4656 4704 0
2654 2662 0
3994 4010 0
3258 3260 0
2573 2573 1
2690 2692 0
3732 3750 0
3617 3617 1
2641 2641 1
3362 3399 0
2704 2704 1
2713 2763 0
4102 4104 0
2788 2810 0
3914 4011 0
2992 2992 1
2917 2934 0
3063 3077 0
 
2683 2683 1
3841 3891 0
5899 5970 0
2607 2629 0
2646 2667 0
3686 3808 0
3548 3564 0
3114 3120 0
3479 3479 1
3260 3266 0
3020 3020 1
6091 6172 0
6150 6257 0
3589 3623 0
3727 3732 0
4320 4492 0
3381 3381 1
3147 3149 0
5806 5847 0
3447 3468 0
3536 3547 0
3611 3612 0
3224 3224 1
2853 2855 0
2531 2531 1
 
4145 4396 0
4054 4118 0
3577 3583 0
3421 3448 0
4816 4872 0
4396 4577 0
5714 5921 0
4730 4807 0
2994 3031 0
3731 4146 0
4557 4754 0
4111 4299 0
3796 3847 0
4523 4671 0
3461 3465 0
3808 3892 0
4198 4400 0
4811 4985 0
5270 5297 0
4183 4235 0
5648 5779 0
4048 4171 0
4141 4157 0
4598 4815 0
4991 5270 0
 
===
