# Task,   Job,     Period,   Response, DL Miss?,   Lateness,  Tardiness
# task NAME=myapp PID=28866 COST=62985000 PERIOD=73000000 CPU=0
 28866,     2,   73000000,       8556,        0,  -72991444,          0
 28866,     3,   73000000,      47120,        0,  -72952880,          0
 28866,     4,   73000000,   63133897,        0,   -9866103,          0
 28866,     5,   73000000,   61784118,        0,  -11215882,          0
 28866,     6,   73000000,   63328415,        0,   -9671585,          0
 28866,     7,   73000000,   62782038,        0,  -10217962,          0
 28866,     8,   73000000,   62216527,        0,  -10783473,          0
 28866,     9,   73000000,   62042360,        0,  -10957640,          0
 28866,    10,   73000000,   61699542,        0,  -11300458,          0
 28866,    11,   73000000,   61978589,        0,  -11021411,          0
 28866,    12,   73000000,   61692119,        0,  -11307881,          0
 28866,    13,   73000000,   61924581,        0,  -11075419,          0
 28866,    14,   73000000,   61671951,        0,  -11328049,          0
 28866,    15,   73000000,   62523092,        0,  -10476908,          0
 28866,    16,   73000000,   61982785,        0,  -11017215,          0
 28866,    17,   73000000,   61685303,        0,  -11314697,          0
 28866,    18,   73000000,   61974791,        0,  -11025209,          0
 28866,    19,   73000000,   61896695,        0,  -11103305,          0
 28866,    20,   73000000,   63484836,        0,   -9515164,          0
 28866,    21,   73000000,   62094267,        0,  -10905733,          0
 28866,    22,   73000000,   61694081,        0,  -11305919,          0
 28866,    23,   73000000,   62094620,        0,  -10905380,          0
 28866,    24,   73000000,   61659183,        0,  -11340817,          0
 28866,    25,   73000000,   62020631,        0,  -10979369,          0
 28866,    26,   73000000,   61983108,        0,  -11016892,          0
 28866,    27,   73000000,   61705655,        0,  -11294345,          0
 28866,    28,   73000000,   61964260,        0,  -11035740,          0
 28866,    29,   73000000,   61700088,        0,  -11299912,          0
 28866,    30,   73000000,   61961662,        0,  -11038338,          0
 28866,    31,   73000000,   61654645,        0,  -11345355,          0
 28866,    32,   73000000,   61677669,        0,  -11322331,          0
 28866,    33,   73000000,   61957228,        0,  -11042772,          0
 28866,    34,   73000000,   61796646,        0,  -11203354,          0
 28866,    35,   73000000,   61957050,        0,  -11042950,          0
 28866,    36,   73000000,   61641290,        0,  -11358710,          0
 28866,    37,   73000000,   63257409,        0,   -9742591,          0
 28866,    38,   73000000,   62819199,        0,  -10180801,          0
 28866,    39,   73000000,   62250850,        0,  -10749150,          0
 28866,    40,   73000000,   62258309,        0,  -10741691,          0
 28866,    41,   73000000,   61668714,        0,  -11331286,          0
 28866,    42,   73000000,   62206898,        0,  -10793102,          0
 28866,    43,   73000000,   61933629,        0,  -11066371,          0
 28866,    44,   73000000,   62463225,        0,  -10536775,          0
 28866,    45,   73000000,   61990889,        0,  -11009111,          0
 28866,    46,   73000000,   61815226,        0,  -11184774,          0
 28866,    47,   73000000,   62009396,        0,  -10990604,          0
 28866,    48,   73000000,   61768119,        0,  -11231881,          0
 28866,    49,   73000000,   61995289,        0,  -11004711,          0
 28866,    50,   73000000,   61964712,        0,  -11035288,          0
 28866,    51,   73000000,   61700536,        0,  -11299464,          0
 28866,    52,   73000000,   62453452,        0,  -10546548,          0
 28866,    53,   73000000,   61746921,        0,  -11253079,          0
 28866,    54,   73000000,   61928403,        0,  -11071597,          0
 28866,    55,   73000000,   61793592,        0,  -11206408,          0
 28866,    56,   73000000,   61921004,        0,  -11078996,          0
 28866,    57,   73000000,   62858622,        0,  -10141378,          0
 28866,    58,   73000000,   61716880,        0,  -11283120,          0
 28866,    59,   73000000,   61990278,        0,  -11009722,          0
 28866,    60,   73000000,   61660002,        0,  -11339998,          0
 28866,    61,   73000000,   62110115,        0,  -10889885,          0
 28866,    62,   73000000,   62053467,        0,  -10946533,          0
 28866,    63,   73000000,   61713955,        0,  -11286045,          0
 28866,    64,   73000000,   62868465,        0,  -10131535,          0
 28866,    65,   73000000,   61686067,        0,  -11313933,          0
 28866,    66,   73000000,   61995252,        0,  -11004748,          0
 28866,    67,   73000000,   61656951,        0,  -11343049,          0
 28866,    68,   73000000,   62019322,        0,  -10980678,          0
 28866,    69,   73000000,   61967364,        0,  -11032636,          0
 28866,    70,   73000000,   62678575,        0,  -10321425,          0
 28866,    71,   73000000,   61994493,        0,  -11005507,          0
 28866,    72,   73000000,   61662222,        0,  -11337778,          0
 28866,    73,   73000000,   61982513,        0,  -11017487,          0
 28866,    74,   73000000,   62856255,        0,  -10143745,          0
 28866,    75,   73000000,   62202558,        0,  -10797442,          0
 28866,    76,   73000000,   62054774,        0,  -10945226,          0
 28866,    77,   73000000,   65021195,        0,   -7978805,          0
 28866,    78,   73000000,   61942218,        0,  -11057782,          0
 28866,    79,   73000000,   61684632,        0,  -11315368,          0
 28866,    80,   73000000,   62796840,        0,  -10203160,          0
 28866,    81,   73000000,   62090762,        0,  -10909238,          0
 28866,    82,   73000000,   61668707,        0,  -11331293,          0
 28866,    83,   73000000,   63078075,        0,   -9921925,          0
 28866,    84,   73000000,   61854626,        0,  -11145374,          0
 28866,    85,   73000000,   62039632,        0,  -10960368,          0
 28866,    86,   73000000,   61987037,        0,  -11012963,          0
 28866,    87,   73000000,   62643397,        0,  -10356603,          0
 28866,    88,   73000000,   62135334,        0,  -10864666,          0
 28866,    89,   73000000,   62202174,        0,  -10797826,          0
 28866,    90,   73000000,   62140355,        0,  -10859645,          0
 28866,    91,   73000000,   61912151,        0,  -11087849,          0
 28866,    92,   73000000,   61913700,        0,  -11086300,          0
 28866,    93,   73000000,   63875201,        0,   -9124799,          0
 28866,    94,   73000000,   61730903,        0,  -11269097,          0
 28866,    95,   73000000,   61957021,        0,  -11042979,          0
 28866,    96,   73000000,   61681691,        0,  -11318309,          0
 28866,    97,   73000000,   62006605,        0,  -10993395,          0
 28866,    98,   73000000,   61997158,        0,  -11002842,          0
 28866,    99,   73000000,   61663961,        0,  -11336039,          0
 28866,   100,   73000000,   61934706,        0,  -11065294,          0
 28866,   101,   73000000,   61642340,        0,  -11357660,          0
 28866,   102,   73000000,   62077179,        0,  -10922821,          0
 28866,   103,   73000000,   61826353,        0,  -11173647,          0
 28866,   104,   73000000,   61689630,        0,  -11310370,          0
 28866,   105,   73000000,   62136005,        0,  -10863995,          0
 28866,   106,   73000000,   61689425,        0,  -11310575,          0
 28866,   107,   73000000,   62218319,        0,  -10781681,          0
 28866,   108,   73000000,   61773186,        0,  -11226814,          0
 28866,   109,   73000000,   62045505,        0,  -10954495,          0
 28866,   110,   73000000,   61988285,        0,  -11011715,          0
 28866,   111,   73000000,   61972639,        0,  -11027361,          0
 28866,   112,   73000000,   62197047,        0,  -10802953,          0
 28866,   113,   73000000,   61676437,        0,  -11323563,          0
 28866,   114,   73000000,   61923194,        0,  -11076806,          0
 28866,   115,   73000000,   62471736,        0,  -10528264,          0
 28866,   116,   73000000,   61704039,        0,  -11295961,          0
 28866,   117,   73000000,   63315096,        0,   -9684904,          0
 28866,   118,   73000000,   61730957,        0,  -11269043,          0
 28866,   119,   73000000,   61935620,        0,  -11064380,          0
 28866,   120,   73000000,   63072061,        0,   -9927939,          0
 28866,   121,   73000000,   62040411,        0,  -10959589,          0
 28866,   122,   73000000,   61963390,        0,  -11036610,          0
 28866,   123,   73000000,   61657844,        0,  -11342156,          0
 28866,   124,   73000000,   62313802,        0,  -10686198,          0
 28866,   125,   73000000,   61915037,        0,  -11084963,          0
 28866,   126,   73000000,   64193933,        0,   -8806067,          0
 28866,   127,   73000000,   61742561,        0,  -11257439,          0
 28866,   128,   73000000,   61692990,        0,  -11307010,          0
 28866,   129,   73000000,   62032074,        0,  -10967926,          0
 28866,   130,   73000000,   61830175,        0,  -11169825,          0
 28866,   131,   73000000,   61953711,        0,  -11046289,          0
 28866,   132,   73000000,   61678830,        0,  -11321170,          0
 28866,   133,   73000000,   62642073,        0,  -10357927,          0
 28866,   134,   73000000,   61942845,        0,  -11057155,          0
 28866,   135,   73000000,   61660096,        0,  -11339904,          0
 28866,   136,   73000000,   61977985,        0,  -11022015,          0
 28866,   137,   73000000,   62134179,        0,  -10865821,          0
 28866,   138,   73000000,   61961184,        0,  -11038816,          0
 28866,   139,   73000000,   61941407,        0,  -11058593,          0
 28866,   140,   73000000,   61960375,        0,  -11039625,          0
# task NAME=myapp PID=28869 COST=32275000 PERIOD=41000000 CPU=0
 28869,     2,   41000000,       8315,        0,  -40991685,          0
 28869,     3,   41000000,      41067,        0,  -40958933,          0
 28869,     4,   41000000,   32621684,        0,   -8378316,          0
 28869,     5,   41000000,   31746044,        0,   -9253956,          0
 28869,     6,   41000000,   31742517,        0,   -9257483,          0
 28869,     7,   41000000,   31640672,        0,   -9359328,          0
 28869,     8,   41000000,   32662245,        0,   -8337755,          0
 28869,     9,   41000000,   31607790,        0,   -9392210,          0
 28869,    10,   41000000,   31615708,        0,   -9384292,          0
 28869,    11,   41000000,   31847118,        0,   -9152882,          0
 28869,    12,   41000000,   31624677,        0,   -9375323,          0
 28869,    13,   41000000,   31602257,        0,   -9397743,          0
 28869,    14,   41000000,   31616223,        0,   -9383777,          0
 28869,    15,   41000000,   31787106,        0,   -9212894,          0
 28869,    16,   41000000,   32385865,        0,   -8614135,          0
 28869,    17,   41000000,   31638724,        0,   -9361276,          0
 28869,    18,   41000000,   31912526,        0,   -9087474,          0
 28869,    19,   41000000,   32114547,        0,   -8885453,          0
 28869,    20,   41000000,   31623972,        0,   -9376028,          0
 28869,    21,   41000000,   31903356,        0,   -9096644,          0
 28869,    22,   41000000,   31613890,        0,   -9386110,          0
 28869,    23,   41000000,   31926224,        0,   -9073776,          0
 28869,    24,   41000000,   31900978,        0,   -9099022,          0
 28869,    25,   41000000,   31647638,        0,   -9352362,          0
 28869,    26,   41000000,   31730375,        0,   -9269625,          0
 28869,    27,   41000000,   32913539,        0,   -8086461,          0
 28869,    28,   41000000,   31618109,        0,   -9381891,          0
 28869,    29,   41000000,   32622685,        0,   -8377315,          0
 28869,    30,   41000000,   31917173,        0,   -9082827,          0
 28869,    31,   41000000,   31615348,        0,   -9384652,          0
 28869,    32,   41000000,   31647351,        0,   -9352649,          0
 28869,    33,   41000000,   31942955,        0,   -9057045,          0
 28869,    34,   41000000,   32748730,        0,   -8251270,          0
 28869,    35,   41000000,   31759143,        0,   -9240857,          0
 28869,    36,   41000000,   31886938,        0,   -9113062,          0
 28869,    37,   41000000,   33792852,        0,   -7207148,          0
 28869,    38,   41000000,   31774451,        0,   -9225549,          0
 28869,    39,   41000000,   32036809,        0,   -8963191,          0
 28869,    40,   41000000,   31620943,        0,   -9379057,          0
 28869,    41,   41000000,   31641016,        0,   -9358984,          0
 28869,    42,   41000000,   31882660,        0,   -9117340,          0
 28869,    43,   41000000,   31812471,        0,   -9187529,          0
 28869,    44,   41000000,   32644738,        0,   -8355262,          0
 28869,    45,   41000000,   31891970,        0,   -9108030,          0
 28869,    46,   41000000,   31699131,        0,   -9300869,          0
 28869,    47,   41000000,   31831143,        0,   -9168857,          0
 28869,    48,   41000000,   32252238,        0,   -8747762,          0
 28869,    49,   41000000,   31615759,        0,   -9384241,          0
 28869,    50,   41000000,   31656482,        0,   -9343518,          0
 28869,    51,   41000000,   31954964,        0,   -9045036,          0
 28869,    52,   41000000,   31667080,        0,   -9332920,          0
 28869,    53,   41000000,   31621368,        0,   -9378632,          0
 28869,    54,   41000000,   33937408,        0,   -7062592,          0
 28869,    55,   41000000,   31737677,        0,   -9262323,          0
 28869,    56,   41000000,   32870363,        0,   -8129637,          0
 28869,    57,   41000000,   32937527,        0,   -8062473,          0
 28869,    58,   41000000,   31624225,        0,   -9375775,          0
 28869,    59,   41000000,   32218490,        0,   -8781510,          0
 28869,    60,   41000000,   31920349,        0,   -9079651,          0
 28869,    61,   41000000,   32073672,        0,   -8926328,          0
 28869,    62,   41000000,   31769438,        0,   -9230562,          0
 28869,    63,   41000000,   32044223,        0,   -8955777,          0
 28869,    64,   41000000,   31656552,        0,   -9343448,          0
 28869,    65,   41000000,   31650184,        0,   -9349816,          0
 28869,    66,   41000000,   31682317,        0,   -9317683,          0
 28869,    67,   41000000,   31634287,        0,   -9365713,          0
 28869,    68,   41000000,   31625044,        0,   -9374956,          0
 28869,    69,   41000000,   32479480,        0,   -8520520,          0
 28869,    70,   41000000,   33356457,        0,   -7643543,          0
 28869,    71,   41000000,   31617818,        0,   -9382182,          0
 28869,    72,   41000000,   31772642,        0,   -9227358,          0
 28869,    73,   41000000,   32679755,        0,   -8320245,          0
 28869,    74,   41000000,   31623012,        0,   -9376988,          0
 28869,    75,   41000000,   31637387,        0,   -9362613,          0
 28869,    76,   41000000,   32708930,        0,   -8291070,          0
 28869,    77,   41000000,   31628303,        0,   -9371697,          0
 28869,    78,   41000000,   32724938,        0,   -8275062,          0
 28869,    79,   41000000,   31622528,        0,   -9377472,          0
 28869,    80,   41000000,   31625115,        0,   -9374885,          0
 28869,    81,   41000000,   31637935,        0,   -9362065,          0
 28869,    82,   41000000,   31949581,        0,   -9050419,          0
 28869,    83,   41000000,   31672360,        0,   -9327640,          0
 28869,    84,   41000000,   31734096,        0,   -9265904,          0
 28869,    85,   41000000,   31920539,        0,   -9079461,          0
 28869,    86,   41000000,   32571663,        0,   -8428337,          0
 28869,    87,   41000000,   32452203,        0,   -8547797,          0
 28869,    88,   41000000,   32129885,        0,   -8870115,          0
 28869,    89,   41000000,   32931833,        0,   -8068167,          0
 28869,    90,   41000000,   31619068,        0,   -9380932,          0
 28869,    91,   41000000,   33106381,        0,   -7893619,          0
 28869,    92,   41000000,   31618352,        0,   -9381648,          0
 28869,    93,   41000000,   31774421,        0,   -9225579,          0
 28869,    94,   41000000,   32124758,        0,   -8875242,          0
 28869,    95,   41000000,   31936177,        0,   -9063823,          0
 28869,    96,   41000000,   31627921,        0,   -9372079,          0
 28869,    97,   41000000,   31946873,        0,   -9053127,          0
 28869,    98,   41000000,   31628609,        0,   -9371391,          0
 28869,    99,   41000000,   31620238,        0,   -9379762,          0
 28869,   100,   41000000,   31916127,        0,   -9083873,          0
 28869,   101,   41000000,   31812194,        0,   -9187806,          0
 28869,   102,   41000000,   31606625,        0,   -9393375,          0
 28869,   103,   41000000,   32524464,        0,   -8475536,          0
 28869,   104,   41000000,   31603023,        0,   -9396977,          0
 28869,   105,   41000000,   31769703,        0,   -9230297,          0
 28869,   106,   41000000,   31901818,        0,   -9098182,          0
 28869,   107,   41000000,   32820053,        0,   -8179947,          0
 28869,   108,   41000000,   31693100,        0,   -9306900,          0
 28869,   109,   41000000,   31964519,        0,   -9035481,          0
 28869,   110,   41000000,   31914185,        0,   -9085815,          0
 28869,   111,   41000000,   31627133,        0,   -9372867,          0
 28869,   112,   41000000,   32086369,        0,   -8913631,          0
 28869,   113,   41000000,   31736851,        0,   -9263149,          0
 28869,   114,   41000000,   33178739,        0,   -7821261,          0
 28869,   115,   41000000,   31914449,        0,   -9085551,          0
 28869,   116,   41000000,   31862100,        0,   -9137900,          0
 28869,   117,   41000000,   31612001,        0,   -9387999,          0
 28869,   118,   41000000,   32817653,        0,   -8182347,          0
 28869,   119,   41000000,   31635369,        0,   -9364631,          0
 28869,   120,   41000000,   31631208,        0,   -9368792,          0
 28869,   121,   41000000,   32161726,        0,   -8838274,          0
 28869,   122,   41000000,   31708714,        0,   -9291286,          0
 28869,   123,   41000000,   31654184,        0,   -9345816,          0
 28869,   124,   41000000,   31908511,        0,   -9091489,          0
 28869,   125,   41000000,   33737930,        0,   -7262070,          0
 28869,   126,   41000000,   31596036,        0,   -9403964,          0
 28869,   127,   41000000,   32144474,        0,   -8855526,          0
 28869,   128,   41000000,   31609826,        0,   -9390174,          0
 28869,   129,   41000000,   32751504,        0,   -8248496,          0
 28869,   130,   41000000,   31735272,        0,   -9264728,          0
 28869,   131,   41000000,   31713804,        0,   -9286196,          0
 28869,   132,   41000000,   31665250,        0,   -9334750,          0
 28869,   133,   41000000,   32858534,        0,   -8141466,          0
 28869,   134,   41000000,   31613014,        0,   -9386986,          0
 28869,   135,   41000000,   31648000,        0,   -9352000,          0
 28869,   136,   41000000,   31604123,        0,   -9395877,          0
 28869,   137,   41000000,   31716050,        0,   -9283950,          0
 28869,   138,   41000000,   31740577,        0,   -9259423,          0
 28869,   139,   41000000,   31780670,        0,   -9219330,          0
 28869,   140,   41000000,   31684823,        0,   -9315177,          0
 28869,   141,   41000000,   33547146,        0,   -7452854,          0
 28869,   142,   41000000,   31670014,        0,   -9329986,          0
 28869,   143,   41000000,   31907445,        0,   -9092555,          0
 28869,   144,   41000000,   31764050,        0,   -9235950,          0
 28869,   145,   41000000,   31866708,        0,   -9133292,          0
 28869,   146,   41000000,   32290739,        0,   -8709261,          0
 28869,   147,   41000000,   31617704,        0,   -9382296,          0
 28869,   148,   41000000,   33521738,        0,   -7478262,          0
 28869,   149,   41000000,   32030990,        0,   -8969010,          0
 28869,   150,   41000000,   31667702,        0,   -9332298,          0
 28869,   151,   41000000,   31623424,        0,   -9376576,          0
 28869,   152,   41000000,   32044223,        0,   -8955777,          0
 28869,   153,   41000000,   31658848,        0,   -9341152,          0
 28869,   154,   41000000,   32651921,        0,   -8348079,          0
 28869,   155,   41000000,   31886859,        0,   -9113141,          0
 28869,   156,   41000000,   31789176,        0,   -9210824,          0
 28869,   157,   41000000,   31975795,        0,   -9024205,          0
 28869,   158,   41000000,   31921167,        0,   -9078833,          0
 28869,   159,   41000000,   31739870,        0,   -9260130,          0
 28869,   160,   41000000,   31611807,        0,   -9388193,          0
 28869,   161,   41000000,   31915450,        0,   -9084550,          0
 28869,   162,   41000000,   31647752,        0,   -9352248,          0
 28869,   163,   41000000,   31748711,        0,   -9251289,          0
 28869,   164,   41000000,   32020525,        0,   -8979475,          0
 28869,   165,   41000000,   31913390,        0,   -9086610,          0
 28869,   166,   41000000,   31606399,        0,   -9393601,          0
 28869,   167,   41000000,   31928879,        0,   -9071121,          0
 28869,   168,   41000000,   31628060,        0,   -9371940,          0
 28869,   169,   41000000,   31669887,        0,   -9330113,          0
 28869,   170,   41000000,   31935119,        0,   -9064881,          0
 28869,   171,   41000000,   31816880,        0,   -9183120,          0
 28869,   172,   41000000,   31596382,        0,   -9403618,          0
 28869,   173,   41000000,   32160102,        0,   -8839898,          0
 28869,   174,   41000000,   31692847,        0,   -9307153,          0
 28869,   175,   41000000,   32442895,        0,   -8557105,          0
 28869,   176,   41000000,   31907552,        0,   -9092448,          0
 28869,   177,   41000000,   31638870,        0,   -9361130,          0
 28869,   178,   41000000,   31654221,        0,   -9345779,          0
 28869,   179,   41000000,   31935789,        0,   -9064211,          0
 28869,   180,   41000000,   31622154,        0,   -9377846,          0
 28869,   181,   41000000,   31696238,        0,   -9303762,          0
 28869,   182,   41000000,   32074984,        0,   -8925016,          0
 28869,   183,   41000000,   31635876,        0,   -9364124,          0
 28869,   184,   41000000,   32420149,        0,   -8579851,          0
 28869,   185,   41000000,   31934747,        0,   -9065253,          0
 28869,   186,   41000000,   32590165,        0,   -8409835,          0
 28869,   187,   41000000,   31630233,        0,   -9369767,          0
 28869,   188,   41000000,   32962719,        0,   -8037281,          0
 28869,   189,   41000000,   32593522,        0,   -8406478,          0
 28869,   190,   41000000,   31643614,        0,   -9356386,          0
 28869,   191,   41000000,   31773308,        0,   -9226692,          0
 28869,   192,   41000000,   32080362,        0,   -8919638,          0
 28869,   193,   41000000,   31624710,        0,   -9375290,          0
 28869,   194,   41000000,   31886059,        0,   -9113941,          0
 28869,   195,   41000000,   31772830,        0,   -9227170,          0
 28869,   196,   41000000,   31638779,        0,   -9361221,          0
 28869,   197,   41000000,   31762373,        0,   -9237627,          0
 28869,   198,   41000000,   31621077,        0,   -9378923,          0
 28869,   199,   41000000,   31637082,        0,   -9362918,          0
 28869,   200,   41000000,   31761141,        0,   -9238859,          0
 28869,   201,   41000000,   31619585,        0,   -9380415,          0
 28869,   202,   41000000,   31751976,        0,   -9248024,          0
 28869,   203,   41000000,   33362566,        0,   -7637434,          0
 28869,   204,   41000000,   31616529,        0,   -9383471,          0
 28869,   205,   41000000,   32681777,        0,   -8318223,          0
 28869,   206,   41000000,   32143331,        0,   -8856669,          0
 28869,   207,   41000000,   31900005,        0,   -9099995,          0
 28869,   208,   41000000,   32551109,        0,   -8448891,          0
 28869,   209,   41000000,   31628559,        0,   -9371441,          0
 28869,   210,   41000000,   31896823,        0,   -9103177,          0
 28869,   211,   41000000,   31738382,        0,   -9261618,          0
 28869,   212,   41000000,   31752759,        0,   -9247241,          0
 28869,   213,   41000000,   31877227,        0,   -9122773,          0
 28869,   214,   41000000,   31701798,        0,   -9298202,          0
 28869,   215,   41000000,   31613127,        0,   -9386873,          0
 28869,   216,   41000000,   32640245,        0,   -8359755,          0
 28869,   217,   41000000,   31624292,        0,   -9375708,          0
 28869,   218,   41000000,   31615286,        0,   -9384714,          0
 28869,   219,   41000000,   31876651,        0,   -9123349,          0
 28869,   220,   41000000,   31677371,        0,   -9322629,          0
 28869,   221,   41000000,   31619100,        0,   -9380900,          0
 28869,   222,   41000000,   33397049,        0,   -7602951,          0
 28869,   223,   41000000,   31934478,        0,   -9065522,          0
 28869,   224,   41000000,   31672853,        0,   -9327147,          0
 28869,   225,   41000000,   33787881,        0,   -7212119,          0
 28869,   226,   41000000,   31646623,        0,   -9353377,          0
 28869,   227,   41000000,   31658239,        0,   -9341761,          0
 28869,   228,   41000000,   32809032,        0,   -8190968,          0
 28869,   229,   41000000,   31647995,        0,   -9352005,          0
 28869,   230,   41000000,   31725176,        0,   -9274824,          0
 28869,   231,   41000000,   31921198,        0,   -9078802,          0
 28869,   232,   41000000,   31629525,        0,   -9370475,          0
 28869,   233,   41000000,   32661699,        0,   -8338301,          0
 28869,   234,   41000000,   31867169,        0,   -9132831,          0
 28869,   235,   41000000,   32114288,        0,   -8885712,          0
 28869,   236,   41000000,   31608040,        0,   -9391960,          0
 28869,   237,   41000000,   31944520,        0,   -9055480,          0
 28869,   238,   41000000,   31628461,        0,   -9371539,          0
 28869,   239,   41000000,   31635944,        0,   -9364056,          0
 28869,   240,   41000000,   31882029,        0,   -9117971,          0
 28869,   241,   41000000,   31617065,        0,   -9382935,          0
 28869,   242,   41000000,   31628010,        0,   -9371990,          0
 28869,   243,   41000000,   31927039,        0,   -9072961,          0
 28869,   244,   41000000,   32875468,        0,   -8124532,          0
 28869,   245,   41000000,   31668353,        0,   -9331647,          0
 28869,   246,   41000000,   31894020,        0,   -9105980,          0
 28869,   247,   41000000,   31690456,        0,   -9309544,          0
# task NAME=myapp PID=28873 COST=59339000 PERIOD=87000000 CPU=0
 28873,     2,   87000000,       8988,        0,  -86991012,          0
 28873,     3,   87000000,      51272,        0,  -86948728,          0
 28873,     4,   87000000,   61496166,        0,  -25503834,          0
 28873,     5,   87000000,   58113987,        0,  -28886013,          0
 28873,     6,   87000000,   58109255,        0,  -28890745,          0
 28873,     7,   87000000,   58423444,        0,  -28576556,          0
 28873,     8,   87000000,   58536676,        0,  -28463324,          0
 28873,     9,   87000000,   58093033,        0,  -28906967,          0
 28873,    10,   87000000,   58399695,        0,  -28600305,          0
 28873,    11,   87000000,   58606501,        0,  -28393499,          0
 28873,    12,   87000000,   58327808,        0,  -28672192,          0
 28873,    13,   87000000,   58121979,        0,  -28878021,          0
 28873,    14,   87000000,   59391088,        0,  -27608912,          0
 28873,    15,   87000000,   61041948,        0,  -25958052,          0
 28873,    16,   87000000,   58248018,        0,  -28751982,          0
 28873,    17,   87000000,   58464774,        0,  -28535226,          0
 28873,    18,   87000000,   58465269,        0,  -28534731,          0
 28873,    19,   87000000,   58107121,        0,  -28892879,          0
 28873,    20,   87000000,   58406521,        0,  -28593479,          0
 28873,    21,   87000000,   58662428,        0,  -28337572,          0
 28873,    22,   87000000,   58514623,        0,  -28485377,          0
 28873,    23,   87000000,   58438272,        0,  -28561728,          0
 28873,    24,   87000000,   59037096,        0,  -27962904,          0
 28873,    25,   87000000,   58210298,        0,  -28789702,          0
 28873,    26,   87000000,   58158285,        0,  -28841715,          0
 28873,    27,   87000000,   58451125,        0,  -28548875,          0
 28873,    28,   87000000,   59089369,        0,  -27910631,          0
 28873,    29,   87000000,   58177373,        0,  -28822627,          0
 28873,    30,   87000000,   58848040,        0,  -28151960,          0
 28873,    31,   87000000,   58721191,        0,  -28278809,          0
 28873,    32,   87000000,   58124810,        0,  -28875190,          0
 28873,    33,   87000000,   59106164,        0,  -27893836,          0
 28873,    34,   87000000,   58441724,        0,  -28558276,          0
 28873,    35,   87000000,   58108940,        0,  -28891060,          0
 28873,    36,   87000000,   59473186,        0,  -27526814,          0
 28873,    37,   87000000,   58355412,        0,  -28644588,          0
 28873,    38,   87000000,   58120280,        0,  -28879720,          0
 28873,    39,   87000000,   58138708,        0,  -28861292,          0
 28873,    40,   87000000,   59313857,        0,  -27686143,          0
 28873,    41,   87000000,   58392309,        0,  -28607691,          0
 28873,    42,   87000000,   58344094,        0,  -28655906,          0
 28873,    43,   87000000,   58415447,        0,  -28584553,          0
 28873,    44,   87000000,   58435910,        0,  -28564090,          0
 28873,    45,   87000000,   58283093,        0,  -28716907,          0
 28873,    46,   87000000,   58369758,        0,  -28630242,          0
 28873,    47,   87000000,   58738641,        0,  -28261359,          0
 28873,    48,   87000000,   58640647,        0,  -28359353,          0
 28873,    49,   87000000,   58278674,        0,  -28721326,          0
 28873,    50,   87000000,   58573140,        0,  -28426860,          0
 28873,    51,   87000000,   58434166,        0,  -28565834,          0
 28873,    52,   87000000,   58203400,        0,  -28796600,          0
 28873,    53,   87000000,   59101702,        0,  -27898298,          0
 28873,    54,   87000000,   58601447,        0,  -28398553,          0
 28873,    55,   87000000,   58187996,        0,  -28812004,          0
 28873,    56,   87000000,   61381873,        0,  -25618127,          0
 28873,    57,   87000000,   59504072,        0,  -27495928,          0
 28873,    58,   87000000,   58198543,        0,  -28801457,          0
 28873,    59,   87000000,   58342021,        0,  -28657979,          0
 28873,    60,   87000000,   58477352,        0,  -28522648,          0
 28873,    61,   87000000,   58255928,        0,  -28744072,          0
 28873,    62,   87000000,   58130803,        0,  -28869197,          0
 28873,    63,   87000000,   59077300,        0,  -27922700,          0
 28873,    64,   87000000,   58236106,        0,  -28763894,          0
 28873,    65,   87000000,   58364896,        0,  -28635104,          0
 28873,    66,   87000000,   58979526,        0,  -28020474,          0
 28873,    67,   87000000,   58585727,        0,  -28414273,          0
 28873,    68,   87000000,   58125666,        0,  -28874334,          0
 28873,    69,   87000000,   58773909,        0,  -28226091,          0
 28873,    70,   87000000,   58531586,        0,  -28468414,          0
 28873,    71,   87000000,   60033304,        0,  -26966696,          0
 28873,    72,   87000000,   58463572,        0,  -28536428,          0
 28873,    73,   87000000,   58381012,        0,  -28618988,          0
 28873,    74,   87000000,   58097522,        0,  -28902478,          0
 28873,    75,   87000000,   58112022,        0,  -28887978,          0
 28873,    76,   87000000,   58418245,        0,  -28581755,          0
 28873,    77,   87000000,   58432857,        0,  -28567143,          0
 28873,    78,   87000000,   58712292,        0,  -28287708,          0
 28873,    79,   87000000,   58475278,        0,  -28524722,          0
 28873,    80,   87000000,   58751980,        0,  -28248020,          0
 28873,    81,   87000000,   58225982,        0,  -28774018,          0
 28873,    82,   87000000,   58353913,        0,  -28646087,          0
 28873,    83,   87000000,   58447834,        0,  -28552166,          0
 28873,    84,   87000000,   58337726,        0,  -28662274,          0
 28873,    85,   87000000,   58125124,        0,  -28874876,          0
 28873,    86,   87000000,   58402754,        0,  -28597246,          0
 28873,    87,   87000000,   58775324,        0,  -28224676,          0
 28873,    88,   87000000,   58210235,        0,  -28789765,          0
 28873,    89,   87000000,   58510078,        0,  -28489922,          0
 28873,    90,   87000000,   59746978,        0,  -27253022,          0
 28873,    91,   87000000,   58120714,        0,  -28879286,          0
 28873,    92,   87000000,   58089145,        0,  -28910855,          0
 28873,    93,   87000000,   58718658,        0,  -28281342,          0
 28873,    94,   87000000,   58125138,        0,  -28874862,          0
 28873,    95,   87000000,   59608369,        0,  -27391631,          0
 28873,    96,   87000000,   58459533,        0,  -28540467,          0
 28873,    97,   87000000,   58121892,        0,  -28878108,          0
 28873,    98,   87000000,   58111792,        0,  -28888208,          0
 28873,    99,   87000000,   58730981,        0,  -28269019,          0
 28873,   100,   87000000,   58380132,        0,  -28619868,          0
 28873,   101,   87000000,   58116663,        0,  -28883337,          0
 28873,   102,   87000000,   58396615,        0,  -28603385,          0
 28873,   103,   87000000,   58456675,        0,  -28543325,          0
 28873,   104,   87000000,   59284551,        0,  -27715449,          0
 28873,   105,   87000000,   58267277,        0,  -28732723,          0
 28873,   106,   87000000,   60162734,        0,  -26837266,          0
 28873,   107,   87000000,   58126114,        0,  -28873886,          0
 28873,   108,   87000000,   58132072,        0,  -28867928,          0
 28873,   109,   87000000,   58455557,        0,  -28544443,          0
 28873,   110,   87000000,   58829334,        0,  -28170666,          0
 28873,   111,   87000000,   58322702,        0,  -28677298,          0
 28873,   112,   87000000,   58616090,        0,  -28383910,          0
 28873,   113,   87000000,   58833958,        0,  -28166042,          0
 28873,   114,   87000000,   59275085,        0,  -27724915,          0
 28873,   115,   87000000,   58333489,        0,  -28666511,          0
 28873,   116,   87000000,   58635761,        0,  -28364239,          0
 28873,   117,   87000000,   58134749,        0,  -28865251,          0
 28873,   118,   87000000,   58161915,        0,  -28838085,          0
# task NAME=myapp PID=28877 COST=43416000 PERIOD=65000000 CPU=0
 28877,     2,   65000000,      15145,        0,  -64984855,          0
 28877,     3,   65000000,      73717,        0,  -64926283,          0
 28877,     4,   65000000,   43746463,        0,  -21253537,          0
 28877,     5,   65000000,   42593507,        0,  -22406493,          0
 28877,     6,   65000000,   42539045,        0,  -22460955,          0
 28877,     7,   65000000,   42534444,        0,  -22465556,          0
 28877,     8,   65000000,   42917319,        0,  -22082681,          0
 28877,     9,   65000000,   42530229,        0,  -22469771,          0
 28877,    10,   65000000,   43019601,        0,  -21980399,          0
 28877,    11,   65000000,   43265778,        0,  -21734222,          0
 28877,    12,   65000000,   43013891,        0,  -21986109,          0
 28877,    13,   65000000,   42528907,        0,  -22471093,          0
 28877,    14,   65000000,   43143556,        0,  -21856444,          0
 28877,    15,   65000000,   42608385,        0,  -22391615,          0
 28877,    16,   65000000,   42928539,        0,  -22071461,          0
 28877,    17,   65000000,   43373215,        0,  -21626785,          0
 28877,    18,   65000000,   42864034,        0,  -22135966,          0
 28877,    19,   65000000,   42540323,        0,  -22459677,          0
 28877,    20,   65000000,   42821064,        0,  -22178936,          0
 28877,    21,   65000000,   42551759,        0,  -22448241,          0
 28877,    22,   65000000,   43047364,        0,  -21952636,          0
 28877,    23,   65000000,   42724840,        0,  -22275160,          0
 28877,    24,   65000000,   43062498,        0,  -21937502,          0
 28877,    25,   65000000,   42609183,        0,  -22390817,          0
 28877,    26,   65000000,   42570317,        0,  -22429683,          0
 28877,    27,   65000000,   42550710,        0,  -22449290,          0
 28877,    28,   65000000,   42532567,        0,  -22467433,          0
 28877,    29,   65000000,   42700007,        0,  -22299993,          0
 28877,    30,   65000000,   42609175,        0,  -22390825,          0
 28877,    31,   65000000,   42538678,        0,  -22461322,          0
 28877,    32,   65000000,   42625084,        0,  -22374916,          0
 28877,    33,   65000000,   44749936,        0,  -20250064,          0
 28877,    34,   65000000,   43993239,        0,  -21006761,          0
 28877,    35,   65000000,   43004551,        0,  -21995449,          0
 28877,    36,   65000000,   42790361,        0,  -22209639,          0
 28877,    37,   65000000,   42834280,        0,  -22165720,          0
 28877,    38,   65000000,   42591254,        0,  -22408746,          0
 28877,    39,   65000000,   42845961,        0,  -22154039,          0
 28877,    40,   65000000,   42535251,        0,  -22464749,          0
 28877,    41,   65000000,   42838381,        0,  -22161619,          0
 28877,    42,   65000000,   42545621,        0,  -22454379,          0
 28877,    43,   65000000,   42820404,        0,  -22179596,          0
 28877,    44,   65000000,   45479667,        0,  -19520333,          0
 28877,    45,   65000000,   43860214,        0,  -21139786,          0
 28877,    46,   65000000,   46736376,        0,  -18263624,          0
 28877,    47,   65000000,   42820696,        0,  -22179304,          0
 28877,    48,   65000000,   42705433,        0,  -22294567,          0
 28877,    49,   65000000,   42930177,        0,  -22069823,          0
 28877,    50,   65000000,   42745377,        0,  -22254623,          0
 28877,    51,   65000000,   43319201,        0,  -21680799,          0
 28877,    52,   65000000,   42698043,        0,  -22301957,          0
 28877,    53,   65000000,   42674532,        0,  -22325468,          0
 28877,    54,   65000000,   42621663,        0,  -22378337,          0
 28877,    55,   65000000,   42680804,        0,  -22319196,          0
 28877,    56,   65000000,   42547190,        0,  -22452810,          0
 28877,    57,   65000000,   45757961,        0,  -19242039,          0
 28877,    58,   65000000,   43198765,        0,  -21801235,          0
 28877,    59,   65000000,   42530316,        0,  -22469684,          0
 28877,    60,   65000000,   42818055,        0,  -22181945,          0
 28877,    61,   65000000,   43277604,        0,  -21722396,          0
 28877,    62,   65000000,   42783779,        0,  -22216221,          0
 28877,    63,   65000000,   42769813,        0,  -22230187,          0
 28877,    64,   65000000,   43031280,        0,  -21968720,          0
 28877,    65,   65000000,   44592449,        0,  -20407551,          0
 28877,    66,   65000000,   42840261,        0,  -22159739,          0
 28877,    67,   65000000,   42533411,        0,  -22466589,          0
 28877,    68,   65000000,   42899992,        0,  -22100008,          0
 28877,    69,   65000000,   42502059,        0,  -22497941,          0
 28877,    70,   65000000,   42995477,        0,  -22004523,          0
 28877,    71,   65000000,   42521210,        0,  -22478790,          0
 28877,    72,   65000000,   42796703,        0,  -22203297,          0
 28877,    73,   65000000,   46207798,        0,  -18792202,          0
 28877,    74,   65000000,   42783351,        0,  -22216649,          0
 28877,    75,   65000000,   42750245,        0,  -22249755,          0
 28877,    76,   65000000,   42553000,        0,  -22447000,          0
 28877,    77,   65000000,   42694805,        0,  -22305195,          0
 28877,    78,   65000000,   42618823,        0,  -22381177,          0
 28877,    79,   65000000,   42542754,        0,  -22457246,          0
 28877,    80,   65000000,   42706038,        0,  -22293962,          0
 28877,    81,   65000000,   42719861,        0,  -22280139,          0
 28877,    82,   65000000,   44516903,        0,  -20483097,          0
 28877,    83,   65000000,   42804213,        0,  -22195787,          0
 28877,    84,   65000000,   42577025,        0,  -22422975,          0
 28877,    85,   65000000,   43815257,        0,  -21184743,          0
 28877,    86,   65000000,   42533878,        0,  -22466122,          0
 28877,    87,   65000000,   42983369,        0,  -22016631,          0
 28877,    88,   65000000,   42693468,        0,  -22306532,          0
 28877,    89,   65000000,   43886782,        0,  -21113218,          0
 28877,    90,   65000000,   42551789,        0,  -22448211,          0
 28877,    91,   65000000,   42828033,        0,  -22171967,          0
 28877,    92,   65000000,   42539636,        0,  -22460364,          0
 28877,    93,   65000000,   44847361,        0,  -20152639,          0
 28877,    94,   65000000,   43849359,        0,  -21150641,          0
 28877,    95,   65000000,   42800032,        0,  -22199968,          0
 28877,    96,   65000000,   42642984,        0,  -22357016,          0
 28877,    97,   65000000,   44894921,        0,  -20105079,          0
 28877,    98,   65000000,   42575181,        0,  -22424819,          0
 28877,    99,   65000000,   43235061,        0,  -21764939,          0
 28877,   100,   65000000,   42612380,        0,  -22387620,          0
 28877,   101,   65000000,   43480410,        0,  -21519590,          0
 28877,   102,   65000000,   42546427,        0,  -22453573,          0
 28877,   103,   65000000,   42585208,        0,  -22414792,          0
 28877,   104,   65000000,   42518404,        0,  -22481596,          0
 28877,   105,   65000000,   42619697,        0,  -22380303,          0
 28877,   106,   65000000,   42527647,        0,  -22472353,          0
 28877,   107,   65000000,   42533328,        0,  -22466672,          0
 28877,   108,   65000000,   44464546,        0,  -20535454,          0
 28877,   109,   65000000,   42640594,        0,  -22359406,          0
 28877,   110,   65000000,   42963396,        0,  -22036604,          0
 28877,   111,   65000000,   42550760,        0,  -22449240,          0
 28877,   112,   65000000,   42793775,        0,  -22206225,          0
 28877,   113,   65000000,   42688019,        0,  -22311981,          0
 28877,   114,   65000000,   42889855,        0,  -22110145,          0
 28877,   115,   65000000,   42613512,        0,  -22386488,          0
 28877,   116,   65000000,   42828066,        0,  -22171934,          0
 28877,   117,   65000000,   42565526,        0,  -22434474,          0
 28877,   118,   65000000,   43846375,        0,  -21153625,          0
 28877,   119,   65000000,   42706766,        0,  -22293234,          0
 28877,   120,   65000000,   43881646,        0,  -21118354,          0
 28877,   121,   65000000,   42560385,        0,  -22439615,          0
 28877,   122,   65000000,   42910348,        0,  -22089652,          0
 28877,   123,   65000000,   42563690,        0,  -22436310,          0
 28877,   124,   65000000,   42782027,        0,  -22217973,          0
 28877,   125,   65000000,   42521588,        0,  -22478412,          0
 28877,   126,   65000000,   42543091,        0,  -22456909,          0
 28877,   127,   65000000,   42567223,        0,  -22432777,          0
 28877,   128,   65000000,   42677496,        0,  -22322504,          0
 28877,   129,   65000000,   42556457,        0,  -22443543,          0
 28877,   130,   65000000,   42718729,        0,  -22281271,          0
 28877,   131,   65000000,   42924111,        0,  -22075889,          0
 28877,   132,   65000000,   42554437,        0,  -22445563,          0
 28877,   133,   65000000,   42930504,        0,  -22069496,          0
 28877,   134,   65000000,   42745911,        0,  -22254089,          0
 28877,   135,   65000000,   43256770,        0,  -21743230,          0
 28877,   136,   65000000,   42702921,        0,  -22297079,          0
 28877,   137,   65000000,   43583470,        0,  -21416530,          0
 28877,   138,   65000000,   42542642,        0,  -22457358,          0
 28877,   139,   65000000,   42952361,        0,  -22047639,          0
 28877,   140,   65000000,   43510161,        0,  -21489839,          0
 28877,   141,   65000000,   42859041,        0,  -22140959,          0
 28877,   142,   65000000,   42622901,        0,  -22377099,          0
 28877,   143,   65000000,   43019062,        0,  -21980938,          0
 28877,   144,   65000000,   43634463,        0,  -21365537,          0
 28877,   145,   65000000,   44034013,        0,  -20965987,          0
 28877,   146,   65000000,   42629530,        0,  -22370470,          0
 28877,   147,   65000000,   42963315,        0,  -22036685,          0
 28877,   148,   65000000,   42694885,        0,  -22305115,          0
 28877,   149,   65000000,   44063968,        0,  -20936032,          0
 28877,   150,   65000000,   42680787,        0,  -22319213,          0
 28877,   151,   65000000,   42696549,        0,  -22303451,          0
 28877,   152,   65000000,   42528471,        0,  -22471529,          0
 28877,   153,   65000000,   42534847,        0,  -22465153,          0
 28877,   154,   65000000,   43398683,        0,  -21601317,          0
 28877,   155,   65000000,   42527804,        0,  -22472196,          0
 28877,   156,   65000000,   43979881,        0,  -21020119,          0
 28877,   157,   65000000,   42573023,        0,  -22426977,          0
