# Task,   Job,     Period,   Response, DL Miss?,   Lateness,  Tardiness
# task NAME=myapp PID=20748 COST=28263000 PERIOD=84000000 CPU=0
 20748,     2,   84000000,       6593,        0,  -83993407,          0
 20748,     3,   84000000,      54927,        0,  -83945073,          0
 20748,     4,   84000000,   28852216,        0,  -55147784,          0
 20748,     5,   84000000,   27966411,        0,  -56033589,          0
 20748,     6,   84000000,   27685757,        0,  -56314243,          0
 20748,     7,   84000000,   27699888,        0,  -56300112,          0
 20748,     8,   84000000,   27959101,        0,  -56040899,          0
 20748,     9,   84000000,   27690531,        0,  -56309469,          0
 20748,    10,   84000000,   27665677,        0,  -56334323,          0
 20748,    11,   84000000,   27976772,        0,  -56023228,          0
 20748,    12,   84000000,   27796978,        0,  -56203022,          0
 20748,    13,   84000000,   27808494,        0,  -56191506,          0
 20748,    14,   84000000,   27956432,        0,  -56043568,          0
 20748,    15,   84000000,   27666726,        0,  -56333274,          0
 20748,    16,   84000000,   27678915,        0,  -56321085,          0
 20748,    17,   84000000,   27806948,        0,  -56193052,          0
 20748,    18,   84000000,   27665246,        0,  -56334754,          0
 20748,    19,   84000000,   27672991,        0,  -56327009,          0
 20748,    20,   84000000,   27689066,        0,  -56310934,          0
 20748,    21,   84000000,   27691411,        0,  -56308589,          0
 20748,    22,   84000000,   27699786,        0,  -56300214,          0
 20748,    23,   84000000,   27708471,        0,  -56291529,          0
 20748,    24,   84000000,   27737439,        0,  -56262561,          0
 20748,    25,   84000000,   27721219,        0,  -56278781,          0
 20748,    26,   84000000,   28715104,        0,  -55284896,          0
 20748,    27,   84000000,   27664799,        0,  -56335201,          0
 20748,    28,   84000000,   27658368,        0,  -56341632,          0
 20748,    29,   84000000,   27682011,        0,  -56317989,          0
 20748,    30,   84000000,   27818875,        0,  -56181125,          0
 20748,    31,   84000000,   27692871,        0,  -56307129,          0
 20748,    32,   84000000,   27653338,        0,  -56346662,          0
 20748,    33,   84000000,   27759545,        0,  -56240455,          0
 20748,    34,   84000000,   27792139,        0,  -56207861,          0
 20748,    35,   84000000,   27798585,        0,  -56201415,          0
 20748,    36,   84000000,   27660976,        0,  -56339024,          0
 20748,    37,   84000000,   27656945,        0,  -56343055,          0
 20748,    38,   84000000,   27770746,        0,  -56229254,          0
 20748,    39,   84000000,   28060458,        0,  -55939542,          0
 20748,    40,   84000000,   27806687,        0,  -56193313,          0
 20748,    41,   84000000,   27749151,        0,  -56250849,          0
 20748,    42,   84000000,   27970902,        0,  -56029098,          0
 20748,    43,   84000000,   27670434,        0,  -56329566,          0
 20748,    44,   84000000,   27683103,        0,  -56316897,          0
 20748,    45,   84000000,   27963715,        0,  -56036285,          0
 20748,    46,   84000000,   27782783,        0,  -56217217,          0
 20748,    47,   84000000,   27665858,        0,  -56334142,          0
 20748,    48,   84000000,   27970339,        0,  -56029661,          0
 20748,    49,   84000000,   27708722,        0,  -56291278,          0
 20748,    50,   84000000,   27698384,        0,  -56301616,          0
 20748,    51,   84000000,   27965711,        0,  -56034289,          0
 20748,    52,   84000000,   27719295,        0,  -56280705,          0
 20748,    53,   84000000,   27673415,        0,  -56326585,          0
 20748,    54,   84000000,   27998459,        0,  -56001541,          0
 20748,    55,   84000000,   27680508,        0,  -56319492,          0
 20748,    56,   84000000,   27685861,        0,  -56314139,          0
 20748,    57,   84000000,   27980802,        0,  -56019198,          0
 20748,    58,   84000000,   27785594,        0,  -56214406,          0
 20748,    59,   84000000,   27678324,        0,  -56321676,          0
 20748,    60,   84000000,   27962842,        0,  -56037158,          0
 20748,    61,   84000000,   27698856,        0,  -56301144,          0
 20748,    62,   84000000,   27665610,        0,  -56334390,          0
 20748,    63,   84000000,   27976487,        0,  -56023513,          0
 20748,    64,   84000000,   27695826,        0,  -56304174,          0
 20748,    65,   84000000,   27765487,        0,  -56234513,          0
 20748,    66,   84000000,   27963303,        0,  -56036697,          0
 20748,    67,   84000000,   27674367,        0,  -56325633,          0
 20748,    68,   84000000,   27793753,        0,  -56206247,          0
 20748,    69,   84000000,   27962554,        0,  -56037446,          0
 20748,    70,   84000000,   27720992,        0,  -56279008,          0
 20748,    71,   84000000,   27700626,        0,  -56299374,          0
 20748,    72,   84000000,   27957827,        0,  -56042173,          0
 20748,    73,   84000000,   27661628,        0,  -56338372,          0
 20748,    74,   84000000,   27674385,        0,  -56325615,          0
 20748,    75,   84000000,   28075216,        0,  -55924784,          0
 20748,    76,   84000000,   27758947,        0,  -56241053,          0
 20748,    77,   84000000,   27762868,        0,  -56237132,          0
 20748,    78,   84000000,   27948326,        0,  -56051674,          0
 20748,    79,   84000000,   27662613,        0,  -56337387,          0
 20748,    80,   84000000,   27695819,        0,  -56304181,          0
 20748,    81,   84000000,   27669054,        0,  -56330946,          0
 20748,    82,   84000000,   27976815,        0,  -56023185,          0
 20748,    83,   84000000,   27688155,        0,  -56311845,          0
 20748,    84,   84000000,   27671653,        0,  -56328347,          0
 20748,    85,   84000000,   27695581,        0,  -56304419,          0
 20748,    86,   84000000,   27669983,        0,  -56330017,          0
 20748,    87,   84000000,   27661425,        0,  -56338575,          0
 20748,    88,   84000000,   27679429,        0,  -56320571,          0
 20748,    89,   84000000,   27736047,        0,  -56263953,          0
 20748,    90,   84000000,   27660102,        0,  -56339898,          0
 20748,    91,   84000000,   27654355,        0,  -56345645,          0
 20748,    92,   84000000,   27676144,        0,  -56323856,          0
 20748,    93,   84000000,   27674294,        0,  -56325706,          0
 20748,    94,   84000000,   27654027,        0,  -56345973,          0
 20748,    95,   84000000,   27695642,        0,  -56304358,          0
 20748,    96,   84000000,   27685421,        0,  -56314579,          0
 20748,    97,   84000000,   27781526,        0,  -56218474,          0
 20748,    98,   84000000,   27720458,        0,  -56279542,          0
 20748,    99,   84000000,   27670853,        0,  -56329147,          0
 20748,   100,   84000000,   27676926,        0,  -56323074,          0
 20748,   101,   84000000,   27732993,        0,  -56267007,          0
 20748,   102,   84000000,   27706052,        0,  -56293948,          0
 20748,   103,   84000000,   27995251,        0,  -56004749,          0
 20748,   104,   84000000,   27713978,        0,  -56286022,          0
 20748,   105,   84000000,   27673894,        0,  -56326106,          0
 20748,   106,   84000000,   28092199,        0,  -55907801,          0
 20748,   107,   84000000,   27685275,        0,  -56314725,          0
 20748,   108,   84000000,   27688704,        0,  -56311296,          0
 20748,   109,   84000000,   27945007,        0,  -56054993,          0
 20748,   110,   84000000,   27684475,        0,  -56315525,          0
 20748,   111,   84000000,   27678330,        0,  -56321670,          0
 20748,   112,   84000000,   27962408,        0,  -56037592,          0
 20748,   113,   84000000,   27694207,        0,  -56305793,          0
 20748,   114,   84000000,   27684533,        0,  -56315467,          0
 20748,   115,   84000000,   27972529,        0,  -56027471,          0
 20748,   116,   84000000,   27682871,        0,  -56317129,          0
 20748,   117,   84000000,   27796323,        0,  -56203677,          0
 20748,   118,   84000000,   27987479,        0,  -56012521,          0
 20748,   119,   84000000,   27666448,        0,  -56333552,          0
 20748,   120,   84000000,   27662903,        0,  -56337097,          0
 20748,   121,   84000000,   28117356,        0,  -55882644,          0
 20748,   122,   84000000,   27725826,        0,  -56274174,          0
 20748,   123,   84000000,   27758364,        0,  -56241636,          0
# task NAME=myapp PID=20751 COST=1461000 PERIOD=23000000 CPU=0
 20751,     2,   23000000,      15512,        0,  -22984488,          0
 20751,     3,   23000000,      48327,        0,  -22951673,          0
 20751,     4,   23000000,    2492384,        0,  -20507616,          0
 20751,     5,   23000000,    1459634,        0,  -21540366,          0
 20751,     6,   23000000,    1463376,        0,  -21536624,          0
 20751,     7,   23000000,    1457525,        0,  -21542475,          0
 20751,     8,   23000000,    1455227,        0,  -21544773,          0
 20751,     9,   23000000,    1458168,        0,  -21541832,          0
 20751,    10,   23000000,    1456078,        0,  -21543922,          0
 20751,    11,   23000000,    1486441,        0,  -21513559,          0
 20751,    12,   23000000,    1466820,        0,  -21533180,          0
 20751,    13,   23000000,    1462685,        0,  -21537315,          0
 20751,    14,   23000000,    1540447,        0,  -21459553,          0
 20751,    15,   23000000,    1477909,        0,  -21522091,          0
 20751,    16,   23000000,    1474447,        0,  -21525553,          0
 20751,    17,   23000000,    1449783,        0,  -21550217,          0
 20751,    18,   23000000,    1474872,        0,  -21525128,          0
 20751,    19,   23000000,    1447862,        0,  -21552138,          0
 20751,    20,   23000000,    1505975,        0,  -21494025,          0
 20751,    21,   23000000,    1469901,        0,  -21530099,          0
 20751,    22,   23000000,    1517946,        0,  -21482054,          0
 20751,    23,   23000000,    1447396,        0,  -21552604,          0
 20751,    24,   23000000,    1471360,        0,  -21528640,          0
 20751,    25,   23000000,    1465520,        0,  -21534480,          0
 20751,    26,   23000000,    1466856,        0,  -21533144,          0
 20751,    27,   23000000,    1467337,        0,  -21532663,          0
 20751,    28,   23000000,    1452587,        0,  -21547413,          0
 20751,    29,   23000000,    1460976,        0,  -21539024,          0
 20751,    30,   23000000,    1448269,        0,  -21551731,          0
 20751,    31,   23000000,    1452711,        0,  -21547289,          0
 20751,    32,   23000000,    1523695,        0,  -21476305,          0
 20751,    33,   23000000,    1498386,        0,  -21501614,          0
 20751,    34,   23000000,    1463355,        0,  -21536645,          0
 20751,    35,   23000000,    1478123,        0,  -21521877,          0
 20751,    36,   23000000,    1457437,        0,  -21542563,          0
 20751,    37,   23000000,    1491419,        0,  -21508581,          0
 20751,    38,   23000000,    1458164,        0,  -21541836,          0
 20751,    39,   23000000,    1480999,        0,  -21519001,          0
 20751,    40,   23000000,    1455071,        0,  -21544929,          0
 20751,    41,   23000000,    1451548,        0,  -21548452,          0
 20751,    42,   23000000,    1572061,        0,  -21427939,          0
 20751,    43,   23000000,    1464852,        0,  -21535148,          0
 20751,    44,   23000000,    1454389,        0,  -21545611,          0
 20751,    45,   23000000,    1475873,        0,  -21524127,          0
 20751,    46,   23000000,    1460989,        0,  -21539011,          0
 20751,    47,   23000000,    1497714,        0,  -21502286,          0
 20751,    48,   23000000,    1494868,        0,  -21505132,          0
 20751,    49,   23000000,    1465833,        0,  -21534167,          0
 20751,    50,   23000000,    1451590,        0,  -21548410,          0
 20751,    51,   23000000,    1471759,        0,  -21528241,          0
 20751,    52,   23000000,    1458331,        0,  -21541669,          0
 20751,    53,   23000000,    1461145,        0,  -21538855,          0
 20751,    54,   23000000,    1456227,        0,  -21543773,          0
 20751,    55,   23000000,    1506435,        0,  -21493565,          0
 20751,    56,   23000000,    1466592,        0,  -21533408,          0
 20751,    57,   23000000,    1460426,        0,  -21539574,          0
 20751,    58,   23000000,    1454365,        0,  -21545635,          0
 20751,    59,   23000000,    1450646,        0,  -21549354,          0
 20751,    60,   23000000,    1470312,        0,  -21529688,          0
 20751,    61,   23000000,    1474409,        0,  -21525591,          0
 20751,    62,   23000000,    1484402,        0,  -21515598,          0
 20751,    63,   23000000,    1473732,        0,  -21526268,          0
 20751,    64,   23000000,    1467811,        0,  -21532189,          0
 20751,    65,   23000000,    1649610,        0,  -21350390,          0
 20751,    66,   23000000,    1561338,        0,  -21438662,          0
 20751,    67,   23000000,    1456206,        0,  -21543794,          0
 20751,    68,   23000000,    1453224,        0,  -21546776,          0
 20751,    69,   23000000,    1469853,        0,  -21530147,          0
 20751,    70,   23000000,    1450841,        0,  -21549159,          0
 20751,    71,   23000000,    1468771,        0,  -21531229,          0
 20751,    72,   23000000,    1492186,        0,  -21507814,          0
 20751,    73,   23000000,    1457830,        0,  -21542170,          0
 20751,    74,   23000000,    1451374,        0,  -21548626,          0
 20751,    75,   23000000,    1487014,        0,  -21512986,          0
 20751,    76,   23000000,    1555133,        0,  -21444867,          0
 20751,    77,   23000000,    1455008,        0,  -21544992,          0
 20751,    78,   23000000,    1492669,        0,  -21507331,          0
 20751,    79,   23000000,    1455486,        0,  -21544514,          0
 20751,    80,   23000000,    1455315,        0,  -21544685,          0
 20751,    81,   23000000,    1458342,        0,  -21541658,          0
 20751,    82,   23000000,    1475608,        0,  -21524392,          0
 20751,    83,   23000000,    1463308,        0,  -21536692,          0
 20751,    84,   23000000,    1471317,        0,  -21528683,          0
 20751,    85,   23000000,    1459179,        0,  -21540821,          0
 20751,    86,   23000000,    1453282,        0,  -21546718,          0
 20751,    87,   23000000,    1471094,        0,  -21528906,          0
 20751,    88,   23000000,    1495040,        0,  -21504960,          0
 20751,    89,   23000000,    1468980,        0,  -21531020,          0
 20751,    90,   23000000,    1458935,        0,  -21541065,          0
 20751,    91,   23000000,    1485818,        0,  -21514182,          0
 20751,    92,   23000000,    1459028,        0,  -21540972,          0
 20751,    93,   23000000,    1472453,        0,  -21527547,          0
 20751,    94,   23000000,    1468249,        0,  -21531751,          0
 20751,    95,   23000000,    1459433,        0,  -21540567,          0
 20751,    96,   23000000,    1451762,        0,  -21548238,          0
 20751,    97,   23000000,    1477236,        0,  -21522764,          0
 20751,    98,   23000000,    1507541,        0,  -21492459,          0
 20751,    99,   23000000,    1528087,        0,  -21471913,          0
 20751,   100,   23000000,    1481910,        0,  -21518090,          0
 20751,   101,   23000000,    1500262,        0,  -21499738,          0
 20751,   102,   23000000,    1452996,        0,  -21547004,          0
 20751,   103,   23000000,    1749196,        0,  -21250804,          0
 20751,   104,   23000000,    1472451,        0,  -21527549,          0
 20751,   105,   23000000,    1457755,        0,  -21542245,          0
 20751,   106,   23000000,    1451868,        0,  -21548132,          0
 20751,   107,   23000000,    1476913,        0,  -21523087,          0
 20751,   108,   23000000,    1450500,        0,  -21549500,          0
 20751,   109,   23000000,    1546280,        0,  -21453720,          0
 20751,   110,   23000000,    1468375,        0,  -21531625,          0
 20751,   111,   23000000,    1511027,        0,  -21488973,          0
 20751,   112,   23000000,    1450395,        0,  -21549605,          0
 20751,   113,   23000000,    1461214,        0,  -21538786,          0
 20751,   114,   23000000,    1452408,        0,  -21547592,          0
 20751,   115,   23000000,    1459420,        0,  -21540580,          0
 20751,   116,   23000000,    1492498,        0,  -21507502,          0
 20751,   117,   23000000,    1472294,        0,  -21527706,          0
 20751,   118,   23000000,    1486318,        0,  -21513682,          0
 20751,   119,   23000000,    1506600,        0,  -21493400,          0
 20751,   120,   23000000,    1450612,        0,  -21549388,          0
 20751,   121,   23000000,    1458422,        0,  -21541578,          0
 20751,   122,   23000000,    1469117,        0,  -21530883,          0
 20751,   123,   23000000,    1451486,        0,  -21548514,          0
 20751,   124,   23000000,    1475747,        0,  -21524253,          0
 20751,   125,   23000000,    1469474,        0,  -21530526,          0
 20751,   126,   23000000,    1458259,        0,  -21541741,          0
 20751,   127,   23000000,    1450173,        0,  -21549827,          0
 20751,   128,   23000000,    1483521,        0,  -21516479,          0
 20751,   129,   23000000,    1458613,        0,  -21541387,          0
 20751,   130,   23000000,    1458749,        0,  -21541251,          0
 20751,   131,   23000000,    1452614,        0,  -21547386,          0
 20751,   132,   23000000,    1450208,        0,  -21549792,          0
 20751,   133,   23000000,    1471497,        0,  -21528503,          0
 20751,   134,   23000000,    1458211,        0,  -21541789,          0
 20751,   135,   23000000,    1456635,        0,  -21543365,          0
 20751,   136,   23000000,    1459096,        0,  -21540904,          0
 20751,   137,   23000000,    1473814,        0,  -21526186,          0
 20751,   138,   23000000,    1467739,        0,  -21532261,          0
 20751,   139,   23000000,    1484705,        0,  -21515295,          0
 20751,   140,   23000000,    1495748,        0,  -21504252,          0
 20751,   141,   23000000,    1467719,        0,  -21532281,          0
 20751,   142,   23000000,    1488113,        0,  -21511887,          0
 20751,   143,   23000000,    1476910,        0,  -21523090,          0
 20751,   144,   23000000,    1490872,        0,  -21509128,          0
 20751,   145,   23000000,    1488319,        0,  -21511681,          0
 20751,   146,   23000000,    1457578,        0,  -21542422,          0
 20751,   147,   23000000,    1482456,        0,  -21517544,          0
 20751,   148,   23000000,    1468783,        0,  -21531217,          0
 20751,   149,   23000000,    1485953,        0,  -21514047,          0
 20751,   150,   23000000,    1469556,        0,  -21530444,          0
 20751,   151,   23000000,    1450578,        0,  -21549422,          0
 20751,   152,   23000000,    1466493,        0,  -21533507,          0
 20751,   153,   23000000,    1484499,        0,  -21515501,          0
 20751,   154,   23000000,    1469794,        0,  -21530206,          0
 20751,   155,   23000000,    1487084,        0,  -21512916,          0
 20751,   156,   23000000,    1458115,        0,  -21541885,          0
 20751,   157,   23000000,    1457023,        0,  -21542977,          0
 20751,   158,   23000000,    1477509,        0,  -21522491,          0
 20751,   159,   23000000,    1582847,        0,  -21417153,          0
 20751,   160,   23000000,    1472528,        0,  -21527472,          0
 20751,   161,   23000000,    1450624,        0,  -21549376,          0
 20751,   162,   23000000,    1485139,        0,  -21514861,          0
 20751,   163,   23000000,    1457176,        0,  -21542824,          0
 20751,   164,   23000000,    1459705,        0,  -21540295,          0
 20751,   165,   23000000,    1469097,        0,  -21530903,          0
 20751,   166,   23000000,    1469619,        0,  -21530381,          0
 20751,   167,   23000000,    1459368,        0,  -21540632,          0
 20751,   168,   23000000,    1457443,        0,  -21542557,          0
 20751,   169,   23000000,    1459910,        0,  -21540090,          0
 20751,   170,   23000000,    1483502,        0,  -21516498,          0
 20751,   171,   23000000,    1478808,        0,  -21521192,          0
 20751,   172,   23000000,    1472809,        0,  -21527191,          0
 20751,   173,   23000000,    1448561,        0,  -21551439,          0
 20751,   174,   23000000,    1473419,        0,  -21526581,          0
 20751,   175,   23000000,    1470588,        0,  -21529412,          0
 20751,   176,   23000000,    1457681,        0,  -21542319,          0
 20751,   177,   23000000,    1488182,        0,  -21511818,          0
 20751,   178,   23000000,    1457463,        0,  -21542537,          0
 20751,   179,   23000000,    1476694,        0,  -21523306,          0
 20751,   180,   23000000,    1449108,        0,  -21550892,          0
 20751,   181,   23000000,    1448004,        0,  -21551996,          0
 20751,   182,   23000000,    1462586,        0,  -21537414,          0
 20751,   183,   23000000,    1462961,        0,  -21537039,          0
 20751,   184,   23000000,    1502628,        0,  -21497372,          0
 20751,   185,   23000000,    1454535,        0,  -21545465,          0
 20751,   186,   23000000,    1503673,        0,  -21496327,          0
 20751,   187,   23000000,    1479441,        0,  -21520559,          0
 20751,   188,   23000000,    1460151,        0,  -21539849,          0
 20751,   189,   23000000,    1496891,        0,  -21503109,          0
 20751,   190,   23000000,    1766187,        0,  -21233813,          0
 20751,   191,   23000000,    1463569,        0,  -21536431,          0
 20751,   192,   23000000,    1496863,        0,  -21503137,          0
 20751,   193,   23000000,    1458056,        0,  -21541944,          0
 20751,   194,   23000000,    1457717,        0,  -21542283,          0
 20751,   195,   23000000,    1447777,        0,  -21552223,          0
 20751,   196,   23000000,    1480131,        0,  -21519869,          0
 20751,   197,   23000000,    1461141,        0,  -21538859,          0
 20751,   198,   23000000,    1472058,        0,  -21527942,          0
 20751,   199,   23000000,    1475911,        0,  -21524089,          0
 20751,   200,   23000000,    1481676,        0,  -21518324,          0
 20751,   201,   23000000,    1452692,        0,  -21547308,          0
 20751,   202,   23000000,    1468155,        0,  -21531845,          0
 20751,   203,   23000000,    1530377,        0,  -21469623,          0
 20751,   204,   23000000,    1462223,        0,  -21537777,          0
 20751,   205,   23000000,    1458113,        0,  -21541887,          0
 20751,   206,   23000000,    1448600,        0,  -21551400,          0
 20751,   207,   23000000,    1516606,        0,  -21483394,          0
 20751,   208,   23000000,    1490512,        0,  -21509488,          0
 20751,   209,   23000000,    1448265,        0,  -21551735,          0
 20751,   210,   23000000,    1480731,        0,  -21519269,          0
 20751,   211,   23000000,    1499256,        0,  -21500744,          0
 20751,   212,   23000000,    1459379,        0,  -21540621,          0
 20751,   213,   23000000,    1449421,        0,  -21550579,          0
 20751,   214,   23000000,    1559423,        0,  -21440577,          0
 20751,   215,   23000000,    1459014,        0,  -21540986,          0
 20751,   216,   23000000,    1458781,        0,  -21541219,          0
 20751,   217,   23000000,    1465114,        0,  -21534886,          0
 20751,   218,   23000000,    1495234,        0,  -21504766,          0
 20751,   219,   23000000,    1478021,        0,  -21521979,          0
 20751,   220,   23000000,    1461232,        0,  -21538768,          0
 20751,   221,   23000000,    1454682,        0,  -21545318,          0
 20751,   222,   23000000,    1466852,        0,  -21533148,          0
 20751,   223,   23000000,    1471028,        0,  -21528972,          0
 20751,   224,   23000000,    1485989,        0,  -21514011,          0
 20751,   225,   23000000,    1479452,        0,  -21520548,          0
 20751,   226,   23000000,    1509784,        0,  -21490216,          0
 20751,   227,   23000000,    1498837,        0,  -21501163,          0
 20751,   228,   23000000,    1746480,        0,  -21253520,          0
 20751,   229,   23000000,    1464272,        0,  -21535728,          0
 20751,   230,   23000000,    1504757,        0,  -21495243,          0
 20751,   231,   23000000,    1458524,        0,  -21541476,          0
 20751,   232,   23000000,    1466376,        0,  -21533624,          0
 20751,   233,   23000000,    1470303,        0,  -21529697,          0
 20751,   234,   23000000,    1563840,        0,  -21436160,          0
 20751,   235,   23000000,    1458201,        0,  -21541799,          0
 20751,   236,   23000000,    1448178,        0,  -21551822,          0
 20751,   237,   23000000,    1475062,        0,  -21524938,          0
 20751,   238,   23000000,    1449831,        0,  -21550169,          0
 20751,   239,   23000000,    1478224,        0,  -21521776,          0
 20751,   240,   23000000,    1459280,        0,  -21540720,          0
 20751,   241,   23000000,    1504431,        0,  -21495569,          0
 20751,   242,   23000000,    1495930,        0,  -21504070,          0
 20751,   243,   23000000,    1461888,        0,  -21538112,          0
 20751,   244,   23000000,    1464598,        0,  -21535402,          0
 20751,   245,   23000000,    1468264,        0,  -21531736,          0
 20751,   246,   23000000,    1532674,        0,  -21467326,          0
 20751,   247,   23000000,    1487487,        0,  -21512513,          0
 20751,   248,   23000000,    1486596,        0,  -21513404,          0
 20751,   249,   23000000,    1449846,        0,  -21550154,          0
 20751,   250,   23000000,    1475999,        0,  -21524001,          0
 20751,   251,   23000000,    1447547,        0,  -21552453,          0
 20751,   252,   23000000,    1491633,        0,  -21508367,          0
 20751,   253,   23000000,    1495313,        0,  -21504687,          0
 20751,   254,   23000000,    1482669,        0,  -21517331,          0
 20751,   255,   23000000,    1475300,        0,  -21524700,          0
 20751,   256,   23000000,    1472593,        0,  -21527407,          0
 20751,   257,   23000000,    1477969,        0,  -21522031,          0
 20751,   258,   23000000,    1459489,        0,  -21540511,          0
 20751,   259,   23000000,    1460946,        0,  -21539054,          0
 20751,   260,   23000000,    1450172,        0,  -21549828,          0
 20751,   261,   23000000,    1457476,        0,  -21542524,          0
 20751,   262,   23000000,    1458364,        0,  -21541636,          0
 20751,   263,   23000000,    1450312,        0,  -21549688,          0
 20751,   264,   23000000,    1456129,        0,  -21543871,          0
 20751,   265,   23000000,    1459442,        0,  -21540558,          0
 20751,   266,   23000000,    1450482,        0,  -21549518,          0
 20751,   267,   23000000,    1472514,        0,  -21527486,          0
 20751,   268,   23000000,    1450637,        0,  -21549363,          0
 20751,   269,   23000000,    1456018,        0,  -21543982,          0
 20751,   270,   23000000,    1500895,        0,  -21499105,          0
 20751,   271,   23000000,    1457883,        0,  -21542117,          0
 20751,   272,   23000000,    1478088,        0,  -21521912,          0
 20751,   273,   23000000,    1457579,        0,  -21542421,          0
 20751,   274,   23000000,    1468869,        0,  -21531131,          0
 20751,   275,   23000000,    1504186,        0,  -21495814,          0
 20751,   276,   23000000,    1518758,        0,  -21481242,          0
 20751,   277,   23000000,    1548625,        0,  -21451375,          0
 20751,   278,   23000000,    1460186,        0,  -21539814,          0
 20751,   279,   23000000,    1528038,        0,  -21471962,          0
 20751,   280,   23000000,    1449477,        0,  -21550523,          0
 20751,   281,   23000000,    1519589,        0,  -21480411,          0
 20751,   282,   23000000,    1459805,        0,  -21540195,          0
 20751,   283,   23000000,    1471357,        0,  -21528643,          0
 20751,   284,   23000000,    1452127,        0,  -21547873,          0
 20751,   285,   23000000,    1487751,        0,  -21512249,          0
 20751,   286,   23000000,    1474709,        0,  -21525291,          0
 20751,   287,   23000000,    1453019,        0,  -21546981,          0
 20751,   288,   23000000,    1486628,        0,  -21513372,          0
 20751,   289,   23000000,    1492067,        0,  -21507933,          0
 20751,   290,   23000000,    1507162,        0,  -21492838,          0
 20751,   291,   23000000,    1457551,        0,  -21542449,          0
 20751,   292,   23000000,    1456965,        0,  -21543035,          0
 20751,   293,   23000000,    1473360,        0,  -21526640,          0
 20751,   294,   23000000,    1483411,        0,  -21516589,          0
 20751,   295,   23000000,    1463306,        0,  -21536694,          0
 20751,   296,   23000000,    1485126,        0,  -21514874,          0
 20751,   297,   23000000,    1472812,        0,  -21527188,          0
 20751,   298,   23000000,    1467687,        0,  -21532313,          0
 20751,   299,   23000000,    1457803,        0,  -21542197,          0
 20751,   300,   23000000,    1461142,        0,  -21538858,          0
 20751,   301,   23000000,    1460392,        0,  -21539608,          0
 20751,   302,   23000000,    1484396,        0,  -21515604,          0
 20751,   303,   23000000,    1458440,        0,  -21541560,          0
 20751,   304,   23000000,    1462884,        0,  -21537116,          0
 20751,   305,   23000000,    1477299,        0,  -21522701,          0
 20751,   306,   23000000,    1529123,        0,  -21470877,          0
 20751,   307,   23000000,    1461661,        0,  -21538339,          0
 20751,   308,   23000000,    1472756,        0,  -21527244,          0
 20751,   309,   23000000,    1474532,        0,  -21525468,          0
 20751,   310,   23000000,    1449781,        0,  -21550219,          0
 20751,   311,   23000000,    1472161,        0,  -21527839,          0
 20751,   312,   23000000,    1465408,        0,  -21534592,          0
 20751,   313,   23000000,    1462892,        0,  -21537108,          0
 20751,   314,   23000000,    1452897,        0,  -21547103,          0
 20751,   315,   23000000,    1759530,        0,  -21240470,          0
 20751,   316,   23000000,    1450015,        0,  -21549985,          0
 20751,   317,   23000000,    1464485,        0,  -21535515,          0
 20751,   318,   23000000,    1471065,        0,  -21528935,          0
 20751,   319,   23000000,    1462029,        0,  -21537971,          0
 20751,   320,   23000000,    1470258,        0,  -21529742,          0
 20751,   321,   23000000,    1520943,        0,  -21479057,          0
 20751,   322,   23000000,    1450004,        0,  -21549996,          0
 20751,   323,   23000000,    1482114,        0,  -21517886,          0
 20751,   324,   23000000,    1533034,        0,  -21466966,          0
 20751,   325,   23000000,    1496314,        0,  -21503686,          0
 20751,   326,   23000000,    1458189,        0,  -21541811,          0
 20751,   327,   23000000,    1465478,        0,  -21534522,          0
 20751,   328,   23000000,    1460275,        0,  -21539725,          0
 20751,   329,   23000000,    1479576,        0,  -21520424,          0
 20751,   330,   23000000,    1466767,        0,  -21533233,          0
 20751,   331,   23000000,    1456620,        0,  -21543380,          0
 20751,   332,   23000000,    1488401,        0,  -21511599,          0
 20751,   333,   23000000,    1457886,        0,  -21542114,          0
 20751,   334,   23000000,    1468623,        0,  -21531377,          0
 20751,   335,   23000000,    1454721,        0,  -21545279,          0
 20751,   336,   23000000,    1482129,        0,  -21517871,          0
 20751,   337,   23000000,    1462965,        0,  -21537035,          0
 20751,   338,   23000000,    1470350,        0,  -21529650,          0
 20751,   339,   23000000,    1472200,        0,  -21527800,          0
 20751,   340,   23000000,    1504370,        0,  -21495630,          0
 20751,   341,   23000000,    1454962,        0,  -21545038,          0
 20751,   342,   23000000,    1451038,        0,  -21548962,          0
 20751,   343,   23000000,    1461173,        0,  -21538827,          0
 20751,   344,   23000000,    1478632,        0,  -21521368,          0
 20751,   345,   23000000,    1447818,        0,  -21552182,          0
 20751,   346,   23000000,    1455923,        0,  -21544077,          0
 20751,   347,   23000000,    1447133,        0,  -21552867,          0
 20751,   348,   23000000,    1457760,        0,  -21542240,          0
 20751,   349,   23000000,    1474966,        0,  -21525034,          0
 20751,   350,   23000000,    1469595,        0,  -21530405,          0
 20751,   351,   23000000,    1496678,        0,  -21503322,          0
 20751,   352,   23000000,    1456157,        0,  -21543843,          0
 20751,   353,   23000000,    1754591,        0,  -21245409,          0
 20751,   354,   23000000,    1494952,        0,  -21505048,          0
 20751,   355,   23000000,    1454786,        0,  -21545214,          0
 20751,   356,   23000000,    1485986,        0,  -21514014,          0
 20751,   357,   23000000,    1458061,        0,  -21541939,          0
 20751,   358,   23000000,    1457336,        0,  -21542664,          0
 20751,   359,   23000000,    1467654,        0,  -21532346,          0
 20751,   360,   23000000,    1450820,        0,  -21549180,          0
 20751,   361,   23000000,    1455675,        0,  -21544325,          0
 20751,   362,   23000000,    1471103,        0,  -21528897,          0
 20751,   363,   23000000,    1450740,        0,  -21549260,          0
 20751,   364,   23000000,    1462879,        0,  -21537121,          0
 20751,   365,   23000000,    1466306,        0,  -21533694,          0
 20751,   366,   23000000,    1460287,        0,  -21539713,          0
 20751,   367,   23000000,    1452700,        0,  -21547300,          0
 20751,   368,   23000000,    1460625,        0,  -21539375,          0
 20751,   369,   23000000,    1486884,        0,  -21513116,          0
 20751,   370,   23000000,    1471297,        0,  -21528703,          0
 20751,   371,   23000000,    1458959,        0,  -21541041,          0
 20751,   372,   23000000,    1460303,        0,  -21539697,          0
 20751,   373,   23000000,    1458793,        0,  -21541207,          0
 20751,   374,   23000000,    1448907,        0,  -21551093,          0
 20751,   375,   23000000,    1457204,        0,  -21542796,          0
 20751,   376,   23000000,    1451937,        0,  -21548063,          0
 20751,   377,   23000000,    1459510,        0,  -21540490,          0
 20751,   378,   23000000,    1468016,        0,  -21531984,          0
 20751,   379,   23000000,    1461582,        0,  -21538418,          0
 20751,   380,   23000000,    1471639,        0,  -21528361,          0
 20751,   381,   23000000,    1479950,        0,  -21520050,          0
 20751,   382,   23000000,    1454928,        0,  -21545072,          0
 20751,   383,   23000000,    1456627,        0,  -21543373,          0
 20751,   384,   23000000,    1558316,        0,  -21441684,          0
 20751,   385,   23000000,    1462362,        0,  -21537638,          0
 20751,   386,   23000000,    1455862,        0,  -21544138,          0
 20751,   387,   23000000,    1466570,        0,  -21533430,          0
 20751,   388,   23000000,    1468352,        0,  -21531648,          0
 20751,   389,   23000000,    1459049,        0,  -21540951,          0
 20751,   390,   23000000,    1458660,        0,  -21541340,          0
 20751,   391,   23000000,    1456618,        0,  -21543382,          0
 20751,   392,   23000000,    1457886,        0,  -21542114,          0
 20751,   393,   23000000,    1449301,        0,  -21550699,          0
 20751,   394,   23000000,    1471435,        0,  -21528565,          0
 20751,   395,   23000000,    1459703,        0,  -21540297,          0
 20751,   396,   23000000,    1479521,        0,  -21520479,          0
 20751,   397,   23000000,    1484919,        0,  -21515081,          0
 20751,   398,   23000000,    1464286,        0,  -21535714,          0
 20751,   399,   23000000,    1456336,        0,  -21543664,          0
 20751,   400,   23000000,    1450085,        0,  -21549915,          0
 20751,   401,   23000000,    1453316,        0,  -21546684,          0
 20751,   402,   23000000,    1531992,        0,  -21468008,          0
 20751,   403,   23000000,    1458256,        0,  -21541744,          0
 20751,   404,   23000000,    1459753,        0,  -21540247,          0
 20751,   405,   23000000,    1457237,        0,  -21542763,          0
 20751,   406,   23000000,    1473855,        0,  -21526145,          0
 20751,   407,   23000000,    1498142,        0,  -21501858,          0
 20751,   408,   23000000,    1448183,        0,  -21551817,          0
 20751,   409,   23000000,    1504414,        0,  -21495586,          0
 20751,   410,   23000000,    1457446,        0,  -21542554,          0
 20751,   411,   23000000,    1476302,        0,  -21523698,          0
 20751,   412,   23000000,    1457513,        0,  -21542487,          0
 20751,   413,   23000000,    1478578,        0,  -21521422,          0
 20751,   414,   23000000,    1538191,        0,  -21461809,          0
 20751,   415,   23000000,    1495002,        0,  -21504998,          0
 20751,   416,   23000000,    1451805,        0,  -21548195,          0
 20751,   417,   23000000,    1483732,        0,  -21516268,          0
 20751,   418,   23000000,    1452282,        0,  -21547718,          0
 20751,   419,   23000000,    1483233,        0,  -21516767,          0
 20751,   420,   23000000,    1452413,        0,  -21547587,          0
 20751,   421,   23000000,    1460777,        0,  -21539223,          0
 20751,   422,   23000000,    1489458,        0,  -21510542,          0
 20751,   423,   23000000,    1497615,        0,  -21502385,          0
 20751,   424,   23000000,    1485475,        0,  -21514525,          0
 20751,   425,   23000000,    1495390,        0,  -21504610,          0
 20751,   426,   23000000,    1451630,        0,  -21548370,          0
 20751,   427,   23000000,    1469574,        0,  -21530426,          0
 20751,   428,   23000000,    1465052,        0,  -21534948,          0
 20751,   429,   23000000,    1448189,        0,  -21551811,          0
 20751,   430,   23000000,    1482007,        0,  -21517993,          0
 20751,   431,   23000000,    1458408,        0,  -21541592,          0
 20751,   432,   23000000,    1477393,        0,  -21522607,          0
 20751,   433,   23000000,    1459175,        0,  -21540825,          0
 20751,   434,   23000000,    1458276,        0,  -21541724,          0
 20751,   435,   23000000,    1490085,        0,  -21509915,          0
 20751,   436,   23000000,    1460548,        0,  -21539452,          0
 20751,   437,   23000000,    1453733,        0,  -21546267,          0
 20751,   438,   23000000,    1490312,        0,  -21509688,          0
