155 155 0
164 164 0
912 912 0
150 150 0
192 192 0
140 140 0
773 773 0
721 721 0
109 109 0
273 273 0
131 131 0
438 438 0
189 189 0
109 109 0
419 419 0
338 338 0
307 307 0
561 561 0
504 504 0
125 125 0
166 166 0
270 270 0
197 197 0
912 912 0
177 177 0
1005 1005 0
177 177 0
235 235 0
106 106 0
236 236 0
628 628 0
190 190 0
267 267 0
773 773 0
162 162 0
281 281 0
182 182 0
308 308 0
480 480 0
259 259 0
175 175 0
235 235 0
629 629 0
230 230 0
121 121 0
164 164 0
507 507 0
336 336 0
268 268 0
389 389 0
165 165 0
126 126 0
148 148 0
134 134 0
