# Task,   Job,     Period,   Response, DL Miss?,   Lateness,  Tardiness
# task NAME=myapp PID=5474 COST=33600000 PERIOD=84000000 CPU=0
  5474,     2,   84000000,      10258,        0,  -83989742,          0
  5474,     3,   84000000,      25813,        0,  -83974187,          0
  5474,     4,   84000000,   33960365,        0,  -50039635,          0
  5474,     5,   84000000,   32884119,        0,  -51115881,          0
  5474,     6,   84000000,   33175363,        0,  -50824637,          0
  5474,     7,   84000000,   32894824,        0,  -51105176,          0
  5474,     8,   84000000,   32872823,        0,  -51127177,          0
  5474,     9,   84000000,   33195491,        0,  -50804509,          0
  5474,    10,   84000000,   32875741,        0,  -51124259,          0
  5474,    11,   84000000,   33036796,        0,  -50963204,          0
  5474,    12,   84000000,   33339176,        0,  -50660824,          0
  5474,    13,   84000000,   33008232,        0,  -50991768,          0
  5474,    14,   84000000,   32886943,        0,  -51113057,          0
  5474,    15,   84000000,   33147702,        0,  -50852298,          0
  5474,    16,   84000000,   32914963,        0,  -51085037,          0
  5474,    17,   84000000,   32912352,        0,  -51087648,          0
  5474,    18,   84000000,   33147348,        0,  -50852652,          0
  5474,    19,   84000000,   32892917,        0,  -51107083,          0
  5474,    20,   84000000,   33018673,        0,  -50981327,          0
  5474,    21,   84000000,   33270579,        0,  -50729421,          0
  5474,    22,   84000000,   33063966,        0,  -50936034,          0
  5474,    23,   84000000,   32987558,        0,  -51012442,          0
  5474,    24,   84000000,   33165373,        0,  -50834627,          0
  5474,    25,   84000000,   32869467,        0,  -51130533,          0
  5474,    26,   84000000,   32897268,        0,  -51102732,          0
  5474,    27,   84000000,   33176710,        0,  -50823290,          0
  5474,    28,   84000000,   32893481,        0,  -51106519,          0
  5474,    29,   84000000,   32952879,        0,  -51047121,          0
  5474,    30,   84000000,   33192929,        0,  -50807071,          0
  5474,    31,   84000000,   32927763,        0,  -51072237,          0
  5474,    32,   84000000,   32899791,        0,  -51100209,          0
  5474,    33,   84000000,   33210730,        0,  -50789270,          0
  5474,    34,   84000000,   32869040,        0,  -51130960,          0
  5474,    35,   84000000,   33112320,        0,  -50887680,          0
  5474,    36,   84000000,   33192960,        0,  -50807040,          0
  5474,    37,   84000000,   32887236,        0,  -51112764,          0
  5474,    38,   84000000,   32871672,        0,  -51128328,          0
  5474,    39,   84000000,   33193344,        0,  -50806656,          0
  5474,    40,   84000000,   32896705,        0,  -51103295,          0
  5474,    41,   84000000,   32874836,        0,  -51125164,          0
  5474,    42,   84000000,   33302453,        0,  -50697547,          0
  5474,    43,   84000000,   32878360,        0,  -51121640,          0
  5474,    44,   84000000,   32876200,        0,  -51123800,          0
  5474,    45,   84000000,   33197906,        0,  -50802094,          0
  5474,    46,   84000000,   32988281,        0,  -51011719,          0
  5474,    47,   84000000,   32974476,        0,  -51025524,          0
  5474,    48,   84000000,   33021984,        0,  -50978016,          0
  5474,    49,   84000000,   32881231,        0,  -51118769,          0
  5474,    50,   84000000,   32907969,        0,  -51092031,          0
  5474,    51,   84000000,   33023235,        0,  -50976765,          0
  5474,    52,   84000000,   32882097,        0,  -51117903,          0
  5474,    53,   84000000,   32878991,        0,  -51121009,          0
  5474,    54,   84000000,   32954340,        0,  -51045660,          0
  5474,    55,   84000000,   33020885,        0,  -50979115,          0
  5474,    56,   84000000,   32892375,        0,  -51107625,          0
  5474,    57,   84000000,   32883016,        0,  -51116984,          0
  5474,    58,   84000000,   32892583,        0,  -51107417,          0
  5474,    59,   84000000,   33046876,        0,  -50953124,          0
  5474,    60,   84000000,   32962932,        0,  -51037068,          0
  5474,    61,   84000000,   33297985,        0,  -50702015,          0
  5474,    62,   84000000,   33010671,        0,  -50989329,          0
  5474,    63,   84000000,   32889312,        0,  -51110688,          0
  5474,    64,   84000000,   33307222,        0,  -50692778,          0
  5474,    65,   84000000,   32950677,        0,  -51049323,          0
  5474,    66,   84000000,   32926390,        0,  -51073610,          0
  5474,    67,   84000000,   33234065,        0,  -50765935,          0
  5474,    68,   84000000,   33029841,        0,  -50970159,          0
  5474,    69,   84000000,   32996186,        0,  -51003814,          0
  5474,    70,   84000000,   33322024,        0,  -50677976,          0
  5474,    71,   84000000,   33034148,        0,  -50965852,          0
  5474,    72,   84000000,   33048228,        0,  -50951772,          0
  5474,    73,   84000000,   33200909,        0,  -50799091,          0
  5474,    74,   84000000,   32947024,        0,  -51052976,          0
  5474,    75,   84000000,   32903571,        0,  -51096429,          0
  5474,    76,   84000000,   33244393,        0,  -50755607,          0
  5474,    77,   84000000,   33426927,        0,  -50573073,          0
  5474,    78,   84000000,   33023655,        0,  -50976345,          0
  5474,    79,   84000000,   33180582,        0,  -50819418,          0
  5474,    80,   84000000,   32872688,        0,  -51127312,          0
  5474,    81,   84000000,   32887959,        0,  -51112041,          0
  5474,    82,   84000000,   33186362,        0,  -50813638,          0
  5474,    83,   84000000,   32903613,        0,  -51096387,          0
  5474,    84,   84000000,   32892060,        0,  -51107940,          0
  5474,    85,   84000000,   33175385,        0,  -50824615,          0
  5474,    86,   84000000,   32921169,        0,  -51078831,          0
  5474,    87,   84000000,   32905528,        0,  -51094472,          0
  5474,    88,   84000000,   33332436,        0,  -50667564,          0
  5474,    89,   84000000,   32876586,        0,  -51123414,          0
  5474,    90,   84000000,   32880708,        0,  -51119292,          0
  5474,    91,   84000000,   33213615,        0,  -50786385,          0
  5474,    92,   84000000,   32965236,        0,  -51034764,          0
  5474,    93,   84000000,   32898852,        0,  -51101148,          0
  5474,    94,   84000000,   33373539,        0,  -50626461,          0
  5474,    95,   84000000,   33022898,        0,  -50977102,          0
  5474,    96,   84000000,   33011825,        0,  -50988175,          0
  5474,    97,   84000000,   33165811,        0,  -50834189,          0
  5474,    98,   84000000,   32926644,        0,  -51073356,          0
  5474,    99,   84000000,   32900680,        0,  -51099320,          0
  5474,   100,   84000000,   33175948,        0,  -50824052,          0
  5474,   101,   84000000,   32948144,        0,  -51051856,          0
  5474,   102,   84000000,   33893459,        0,  -50106541,          0
  5474,   103,   84000000,   33234399,        0,  -50765601,          0
  5474,   104,   84000000,   32875815,        0,  -51124185,          0
  5474,   105,   84000000,   32906196,        0,  -51093804,          0
  5474,   106,   84000000,   33179928,        0,  -50820072,          0
  5474,   107,   84000000,   32894368,        0,  -51105632,          0
  5474,   108,   84000000,   32898164,        0,  -51101836,          0
  5474,   109,   84000000,   33242446,        0,  -50757554,          0
  5474,   110,   84000000,   32881338,        0,  -51118662,          0
  5474,   111,   84000000,   32914556,        0,  -51085444,          0
  5474,   112,   84000000,   32893745,        0,  -51106255,          0
  5474,   113,   84000000,   32874743,        0,  -51125257,          0
  5474,   114,   84000000,   32901563,        0,  -51098437,          0
  5474,   115,   84000000,   32888752,        0,  -51111248,          0
  5474,   116,   84000000,   32869278,        0,  -51130722,          0
  5474,   117,   84000000,   32923019,        0,  -51076981,          0
  5474,   118,   84000000,   32922138,        0,  -51077862,          0
  5474,   119,   84000000,   33017607,        0,  -50982393,          0
  5474,   120,   84000000,   33027315,        0,  -50972685,          0
  5474,   121,   84000000,   33038902,        0,  -50961098,          0
  5474,   122,   84000000,   32871419,        0,  -51128581,          0
  5474,   123,   84000000,   33012066,        0,  -50987934,          0
