# Task,   Job,     Period,   Response, DL Miss?,   Lateness,  Tardiness
# task NAME=myapp PID=2187 COST=54879000 PERIOD=67000000 CPU=0
  2187,     2,   67000000,       9138,        0,  -66990862,          0
  2187,     3,   67000000,     162668,        0,  -66837332,          0
  2187,     4,   67000000,   68217691,        1,    1217691,    1217691
  2187,     5,   67000000,   70732831,        1,    3732831,    3732831
  2187,     6,   67000000,   71571406,        1,    4571406,    4571406
  2187,     7,   67000000,   73954699,        1,    6954699,    6954699
  2187,     8,   67000000,   74270524,        1,    7270524,    7270524
  2187,     9,   67000000,   77808947,        1,   10808947,   10808947
  2187,    10,   67000000,   76877230,        1,    9877230,    9877230
  2187,    11,   67000000,   78545584,        1,   11545584,   11545584
  2187,    12,   67000000,   80498117,        1,   13498117,   13498117
  2187,    13,   67000000,   82142900,        1,   15142900,   15142900
  2187,    14,   67000000,   82605848,        1,   15605848,   15605848
  2187,    15,   67000000,   86956158,        1,   19956158,   19956158
  2187,    16,   67000000,   88385083,        1,   21385083,   21385083
  2187,    17,   67000000,   91563777,        1,   24563777,   24563777
  2187,    18,   67000000,   93546438,        1,   26546438,   26546438
  2187,    19,   67000000,   97918644,        1,   30918644,   30918644
  2187,    20,   67000000,  104893556,        1,   37893556,   37893556
  2187,    21,   67000000,  108851417,        1,   41851417,   41851417
  2187,    22,   67000000,  111607589,        1,   44607589,   44607589
  2187,    23,   67000000,  114131605,        1,   47131605,   47131605
  2187,    24,   67000000,  115571098,        1,   48571098,   48571098
  2187,    25,   67000000,  117914910,        1,   50914910,   50914910
  2187,    26,   67000000,  118971241,        1,   51971241,   51971241
  2187,    27,   67000000,  121966328,        1,   54966328,   54966328
  2187,    28,   67000000,  124833621,        1,   57833621,   57833621
  2187,    29,   67000000,  127340879,        1,   60340879,   60340879
  2187,    30,   67000000,  128737868,        1,   61737868,   61737868
  2187,    31,   67000000,  132074525,        1,   65074525,   65074525
  2187,    32,   67000000,  132097579,        1,   65097579,   65097579
  2187,    33,   67000000,  136571332,        1,   69571332,   69571332
  2187,    34,   67000000,  137180831,        1,   70180831,   70180831
  2187,    35,   67000000,  141158473,        1,   74158473,   74158473
  2187,    36,   67000000,  143372290,        1,   76372290,   76372290
  2187,    37,   67000000,  146811318,        1,   79811318,   79811318
  2187,    38,   67000000,  151309517,        1,   84309517,   84309517
  2187,    39,   67000000,  153422938,        1,   86422938,   86422938
  2187,    40,   67000000,  157470189,        1,   90470189,   90470189
  2187,    41,   67000000,  158804231,        1,   91804231,   91804231
  2187,    42,   67000000,  157322600,        1,   90322600,   90322600
  2187,    43,   67000000,  158913660,        1,   91913660,   91913660
  2187,    44,   67000000,  162120906,        1,   95120906,   95120906
  2187,    45,   67000000,  164819585,        1,   97819585,   97819585
  2187,    46,   67000000,  166214063,        1,   99214063,   99214063
  2187,    47,   67000000,  169315596,        1,  102315596,  102315596
  2187,    48,   67000000,  170861379,        1,  103861379,  103861379
  2187,    49,   67000000,  171705238,        1,  104705238,  104705238
  2187,    50,   67000000,  174487989,        1,  107487989,  107487989
  2187,    51,   67000000,  176127522,        1,  109127522,  109127522
  2187,    52,   67000000,  177714848,        1,  110714848,  110714848
  2187,    53,   67000000,  180059670,        1,  113059670,  113059670
  2187,    54,   67000000,  181874043,        1,  114874043,  114874043
  2187,    55,   67000000,  185211789,        1,  118211789,  118211789
  2187,    56,   67000000,  191116384,        1,  124116384,  124116384
  2187,    57,   67000000,  193359535,        1,  126359535,  126359535
  2187,    58,   67000000,  192785597,        1,  125785597,  125785597
  2187,    59,   67000000,  195768950,        1,  128768950,  128768950
  2187,    60,   67000000,  197725045,        1,  130725045,  130725045
  2187,    61,   67000000,  197691273,        1,  130691273,  130691273
  2187,    62,   67000000,  199881348,        1,  132881348,  132881348
  2187,    63,   67000000,  202063742,        1,  135063742,  135063742
  2187,    64,   67000000,  205998460,        1,  138998460,  138998460
  2187,    65,   67000000,  208218388,        1,  141218388,  141218388
  2187,    66,   67000000,  211240351,        1,  144240351,  144240351
  2187,    67,   67000000,  214510206,        1,  147510206,  147510206
  2187,    68,   67000000,  216969391,        1,  149969391,  149969391
  2187,    69,   67000000,  217316831,        1,  150316831,  150316831
  2187,    70,   67000000,  217146775,        1,  150146775,  150146775
  2187,    71,   67000000,  217218685,        1,  150218685,  150218685
  2187,    72,   67000000,  222030670,        1,  155030670,  155030670
  2187,    73,   67000000,  222756403,        1,  155756403,  155756403
  2187,    74,   67000000,  225219899,        1,  158219899,  158219899
  2187,    75,   67000000,  227863317,        1,  160863317,  160863317
  2187,    76,   67000000,  229266042,        1,  162266042,  162266042
  2187,    77,   67000000,  231343432,        1,  164343432,  164343432
  2187,    78,   67000000,  235256931,        1,  168256931,  168256931
  2187,    79,   67000000,  240109456,        1,  173109456,  173109456
  2187,    80,   67000000,  241589477,        1,  174589477,  174589477
  2187,    81,   67000000,  242427088,        1,  175427088,  175427088
  2187,    82,   67000000,  250333479,        1,  183333479,  183333479
  2187,    83,   67000000,  252703892,        1,  185703892,  185703892
  2187,    84,   67000000,  256678805,        1,  189678805,  189678805
  2187,    85,   67000000,  257391145,        1,  190391145,  190391145
  2187,    86,   67000000,  260864143,        1,  193864143,  193864143
  2187,    87,   67000000,  266681068,        1,  199681068,  199681068
  2187,    88,   67000000,  270796114,        1,  203796114,  203796114
  2187,    89,   67000000,  272060998,        1,  205060998,  205060998
  2187,    90,   67000000,  272934355,        1,  205934355,  205934355
  2187,    91,   67000000,  274981138,        1,  207981138,  207981138
  2187,    92,   67000000,  276654778,        1,  209654778,  209654778
  2187,    93,   67000000,  277421653,        1,  210421653,  210421653
  2187,    94,   67000000,  280573860,        1,  213573860,  213573860
  2187,    95,   67000000,  282669713,        1,  215669713,  215669713
  2187,    96,   67000000,  281781786,        1,  214781786,  214781786
  2187,    97,   67000000,  286189287,        1,  219189287,  219189287
  2187,    98,   67000000,  287834104,        1,  220834104,  220834104
  2187,    99,   67000000,  289309125,        1,  222309125,  222309125
  2187,   100,   67000000,  293215590,        1,  226215590,  226215590
  2187,   101,   67000000,  296893883,        1,  229893883,  229893883
  2187,   102,   67000000,  296927751,        1,  229927751,  229927751
  2187,   103,   67000000,  303350586,        1,  236350586,  236350586
  2187,   104,   67000000,  306783892,        1,  239783892,  239783892
  2187,   105,   67000000,  308791029,        1,  241791029,  241791029
  2187,   106,   67000000,  314678363,        1,  247678363,  247678363
  2187,   107,   67000000,  316754850,        1,  249754850,  249754850
  2187,   108,   67000000,  317187697,        1,  250187697,  250187697
  2187,   109,   67000000,  318954652,        1,  251954652,  251954652
  2187,   110,   67000000,  321550931,        1,  254550931,  254550931
  2187,   111,   67000000,  327291651,        1,  260291651,  260291651
  2187,   112,   67000000,  330928622,        1,  263928622,  263928622
  2187,   113,   67000000,  336584024,        1,  269584024,  269584024
  2187,   114,   67000000,  338701140,        1,  271701140,  271701140
  2187,   115,   67000000,  339960894,        1,  272960894,  272960894
  2187,   116,   67000000,  341146127,        1,  274146127,  274146127
  2187,   117,   67000000,  343815712,        1,  276815712,  276815712
  2187,   118,   67000000,  346295422,        1,  279295422,  279295422
  2187,   119,   67000000,  347719509,        1,  280719509,  280719509
  2187,   120,   67000000,  350144155,        1,  283144155,  283144155
  2187,   121,   67000000,  354059846,        1,  287059846,  287059846
  2187,   122,   67000000,  355800541,        1,  288800541,  288800541
  2187,   123,   67000000,  357164869,        1,  290164869,  290164869
  2187,   124,   67000000,  361560231,        1,  294560231,  294560231
  2187,   125,   67000000,  363428927,        1,  296428927,  296428927
  2187,   126,   67000000,  363917692,        1,  296917692,  296917692
  2187,   127,   67000000,  365633065,        1,  298633065,  298633065
  2187,   128,   67000000,  366698426,        1,  299698426,  299698426
  2187,   129,   67000000,  369678174,        1,  302678174,  302678174
  2187,   130,   67000000,  373440557,        1,  306440557,  306440557
  2187,   131,   67000000,  375875485,        1,  308875485,  308875485
  2187,   132,   67000000,  378061155,        1,  311061155,  311061155
  2187,   133,   67000000,  379824059,        1,  312824059,  312824059
  2187,   134,   67000000,  381196179,        1,  314196179,  314196179
  2187,   135,   67000000,  381925681,        1,  314925681,  314925681
  2187,   136,   67000000,  383944663,        1,  316944663,  316944663
  2187,   137,   67000000,  386362081,        1,  319362081,  319362081
  2187,   138,   67000000,  388963742,        1,  321963742,  321963742
  2187,   139,   67000000,  393042703,        1,  326042703,  326042703
  2187,   140,   67000000,  394219011,        1,  327219011,  327219011
  2187,   141,   67000000,  394308356,        1,  327308356,  327308356
  2187,   142,   67000000,  396810253,        1,  329810253,  329810253
  2187,   143,   67000000,  397154834,        1,  330154834,  330154834
  2187,   144,   67000000,  397702224,        1,  330702224,  330702224
  2187,   145,   67000000,  401032971,        1,  334032971,  334032971
  2187,   146,   67000000,  401220062,        1,  334220062,  334220062
  2187,   147,   67000000,  404783042,        1,  337783042,  337783042
  2187,   148,   67000000,  396936834,        1,  329936834,  329936834
  2187,   149,   67000000,  383889390,        1,  316889390,  316889390
  2187,   150,   67000000,  371143603,        1,  304143603,  304143603
  2187,   151,   67000000,  358107466,        1,  291107466,  291107466
  2187,   152,   67000000,  345337391,        1,  278337391,  278337391
  2187,   153,   67000000,  332295409,        1,  265295409,  265295409
# task NAME=myapp PID=2190 COST=32521000 PERIOD=42000000 CPU=0
  2190,     2,   42000000,       6267,        0,  -41993733,          0
  2190,     3,   42000000,     122594,        0,  -41877406,          0
  2190,     4,   42000000,   34246220,        0,   -7753780,          0
  2190,     5,   42000000,   35980580,        0,   -6019420,          0
  2190,     6,   42000000,   42968222,        1,     968222,     968222
  2190,     7,   42000000,   42414179,        1,     414179,     414179
  2190,     8,   42000000,   39216657,        0,   -2783343,          0
  2190,     9,   42000000,   42181199,        1,     181199,     181199
  2190,    10,   42000000,   43304830,        1,    1304830,    1304830
  2190,    11,   42000000,   39016174,        0,   -2983826,          0
  2190,    12,   42000000,   41228558,        0,    -771442,          0
  2190,    13,   42000000,   43304946,        1,    1304946,    1304946
  2190,    14,   42000000,   41729522,        0,    -270478,          0
  2190,    15,   42000000,   42546003,        1,     546003,     546003
  2190,    16,   42000000,   42960215,        1,     960215,     960215
  2190,    17,   42000000,   40115121,        0,   -1884879,          0
  2190,    18,   42000000,   41345936,        0,    -654064,          0
  2190,    19,   42000000,   40001897,        0,   -1998103,          0
  2190,    20,   42000000,   38633679,        0,   -3366321,          0
  2190,    21,   42000000,   42498539,        1,     498539,     498539
  2190,    22,   42000000,   42078091,        1,      78091,      78091
  2190,    23,   42000000,   41888649,        0,    -111351,          0
  2190,    24,   42000000,   38800610,        0,   -3199390,          0
  2190,    25,   42000000,   42044533,        1,      44533,      44533
  2190,    26,   42000000,   41732332,        0,    -267668,          0
  2190,    27,   42000000,   38281724,        0,   -3718276,          0
  2190,    28,   42000000,   42646514,        1,     646514,     646514
  2190,    29,   42000000,   41742491,        0,    -257509,          0
  2190,    30,   42000000,   41474757,        0,    -525243,          0
  2190,    31,   42000000,   40865515,        0,   -1134485,          0
  2190,    32,   42000000,   40274171,        0,   -1725829,          0
  2190,    33,   42000000,   38520194,        0,   -3479806,          0
  2190,    34,   42000000,   41508723,        0,    -491277,          0
  2190,    35,   42000000,   45185740,        1,    3185740,    3185740
  2190,    36,   42000000,   43056468,        1,    1056468,    1056468
  2190,    37,   42000000,   41974704,        0,     -25296,          0
  2190,    38,   42000000,   44461608,        1,    2461608,    2461608
  2190,    39,   42000000,   42758821,        1,     758821,     758821
  2190,    40,   42000000,   43975714,        1,    1975714,    1975714
  2190,    41,   42000000,   44959078,        1,    2959078,    2959078
  2190,    42,   42000000,   42524528,        1,     524528,     524528
  2190,    43,   42000000,   40525405,        0,   -1474595,          0
  2190,    44,   42000000,   43037145,        1,    1037145,    1037145
  2190,    45,   42000000,   39634255,        0,   -2365745,          0
  2190,    46,   42000000,   40610080,        0,   -1389920,          0
  2190,    47,   42000000,   39962653,        0,   -2037347,          0
  2190,    48,   42000000,   38630551,        0,   -3369449,          0
  2190,    49,   42000000,   38691571,        0,   -3308429,          0
  2190,    50,   42000000,   42343295,        1,     343295,     343295
  2190,    51,   42000000,   40321755,        0,   -1678245,          0
  2190,    52,   42000000,   41392741,        0,    -607259,          0
  2190,    53,   42000000,   42193410,        1,     193410,     193410
  2190,    54,   42000000,   39578572,        0,   -2421428,          0
  2190,    55,   42000000,   39676005,        0,   -2323995,          0
  2190,    56,   42000000,   42066790,        1,      66790,      66790
  2190,    57,   42000000,   39310581,        0,   -2689419,          0
  2190,    58,   42000000,   38338524,        0,   -3661476,          0
  2190,    59,   42000000,   42018506,        1,      18506,      18506
  2190,    60,   42000000,   39785417,        0,   -2214583,          0
  2190,    61,   42000000,   40134706,        0,   -1865294,          0
  2190,    62,   42000000,   40930203,        0,   -1069797,          0
  2190,    63,   42000000,   44497583,        1,    2497583,    2497583
  2190,    64,   42000000,   43567518,        1,    1567518,    1567518
  2190,    65,   42000000,   42991906,        1,     991906,     991906
  2190,    66,   42000000,   43054977,        1,    1054977,    1054977
  2190,    67,   42000000,   40360007,        0,   -1639993,          0
  2190,    68,   42000000,   41525447,        0,    -474553,          0
  2190,    69,   42000000,   41378344,        0,    -621656,          0
  2190,    70,   42000000,   40030572,        0,   -1969428,          0
  2190,    71,   42000000,   41477075,        0,    -522925,          0
  2190,    72,   42000000,   40189883,        0,   -1810117,          0
  2190,    73,   42000000,   37490998,        0,   -4509002,          0
  2190,    74,   42000000,   39746349,        0,   -2253651,          0
  2190,    75,   42000000,   41009034,        0,    -990966,          0
  2190,    76,   42000000,   40923030,        0,   -1076970,          0
  2190,    77,   42000000,   38911441,        0,   -3088559,          0
  2190,    78,   42000000,   41453008,        0,    -546992,          0
  2190,    79,   42000000,   37753613,        0,   -4246387,          0
  2190,    80,   42000000,   40126734,        0,   -1873266,          0
  2190,    81,   42000000,   41342169,        0,    -657831,          0
  2190,    82,   42000000,   41678815,        0,    -321185,          0
  2190,    83,   42000000,   38486293,        0,   -3513707,          0
  2190,    84,   42000000,   42676046,        1,     676046,     676046
  2190,    85,   42000000,   40437628,        0,   -1562372,          0
  2190,    86,   42000000,   42110443,        1,     110443,     110443
  2190,    87,   42000000,   41313366,        0,    -686634,          0
  2190,    88,   42000000,   41156429,        0,    -843571,          0
  2190,    89,   42000000,   39409821,        0,   -2590179,          0
  2190,    90,   42000000,   41633127,        0,    -366873,          0
  2190,    91,   42000000,   41058559,        0,    -941441,          0
  2190,    92,   42000000,   38861308,        0,   -3138692,          0
  2190,    93,   42000000,   40850827,        0,   -1149173,          0
  2190,    94,   42000000,   40425730,        0,   -1574270,          0
  2190,    95,   42000000,   39775319,        0,   -2224681,          0
  2190,    96,   42000000,   40497852,        0,   -1502148,          0
  2190,    97,   42000000,   40114340,        0,   -1885660,          0
  2190,    98,   42000000,   37381987,        0,   -4618013,          0
  2190,    99,   42000000,   40863630,        0,   -1136370,          0
  2190,   100,   42000000,   41057483,        0,    -942517,          0
  2190,   101,   42000000,   38347949,        0,   -3652051,          0
  2190,   102,   42000000,   40357470,        0,   -1642530,          0
  2190,   103,   42000000,   43689187,        1,    1689187,    1689187
  2190,   104,   42000000,   45695578,        1,    3695578,    3695578
  2190,   105,   42000000,   46375889,        1,    4375889,    4375889
  2190,   106,   42000000,   45448611,        1,    3448611,    3448611
  2190,   107,   42000000,   43236420,        1,    1236420,    1236420
  2190,   108,   42000000,   40598575,        0,   -1401425,          0
  2190,   109,   42000000,   40360287,        0,   -1639713,          0
  2190,   110,   42000000,   37699767,        0,   -4300233,          0
  2190,   111,   42000000,   40785254,        0,   -1214746,          0
  2190,   112,   42000000,   42206950,        1,     206950,     206950
  2190,   113,   42000000,   39227325,        0,   -2772675,          0
  2190,   114,   42000000,   39111782,        0,   -2888218,          0
  2190,   115,   42000000,   40975347,        0,   -1024653,          0
  2190,   116,   42000000,   42068668,        1,      68668,      68668
  2190,   117,   42000000,   41402830,        0,    -597170,          0
  2190,   118,   42000000,   41113938,        0,    -886062,          0
  2190,   119,   42000000,   39149152,        0,   -2850848,          0
  2190,   120,   42000000,   38666741,        0,   -3333259,          0
  2190,   121,   42000000,   40276680,        0,   -1723320,          0
  2190,   122,   42000000,   38008262,        0,   -3991738,          0
  2190,   123,   42000000,   39065014,        0,   -2934986,          0
  2190,   124,   42000000,   42161614,        1,     161614,     161614
  2190,   125,   42000000,   41989469,        0,     -10531,          0
  2190,   126,   42000000,   39650156,        0,   -2349844,          0
  2190,   127,   42000000,   41161231,        0,    -838769,          0
  2190,   128,   42000000,   40531685,        0,   -1468315,          0
  2190,   129,   42000000,   39563547,        0,   -2436453,          0
  2190,   130,   42000000,   42288154,        1,     288154,     288154
  2190,   131,   42000000,   44364231,        1,    2364231,    2364231
  2190,   132,   42000000,   41300851,        0,    -699149,          0
  2190,   133,   42000000,   41607227,        0,    -392773,          0
  2190,   134,   42000000,   44472759,        1,    2472759,    2472759
  2190,   135,   42000000,   40460640,        0,   -1539360,          0
  2190,   136,   42000000,   41052448,        0,    -947552,          0
  2190,   137,   42000000,   41089383,        0,    -910617,          0
  2190,   138,   42000000,   40158410,        0,   -1841590,          0
  2190,   139,   42000000,   39898943,        0,   -2101057,          0
  2190,   140,   42000000,   43194719,        1,    1194719,    1194719
  2190,   141,   42000000,   39879675,        0,   -2120325,          0
  2190,   142,   42000000,   38547147,        0,   -3452853,          0
  2190,   143,   42000000,   43034913,        1,    1034913,    1034913
  2190,   144,   42000000,   41056561,        0,    -943439,          0
  2190,   145,   42000000,   39172116,        0,   -2827884,          0
  2190,   146,   42000000,   44641204,        1,    2641204,    2641204
  2190,   147,   42000000,   43691628,        1,    1691628,    1691628
  2190,   148,   42000000,   41989983,        0,     -10017,          0
  2190,   149,   42000000,   42673811,        1,     673811,     673811
  2190,   150,   42000000,   42399740,        1,     399740,     399740
  2190,   151,   42000000,   40385443,        0,   -1614557,          0
  2190,   152,   42000000,   40602635,        0,   -1397365,          0
  2190,   153,   42000000,   41238293,        0,    -761707,          0
  2190,   154,   42000000,   38859541,        0,   -3140459,          0
  2190,   155,   42000000,   41058463,        0,    -941537,          0
  2190,   156,   42000000,   40385228,        0,   -1614772,          0
  2190,   157,   42000000,   39324559,        0,   -2675441,          0
  2190,   158,   42000000,   43765596,        1,    1765596,    1765596
  2190,   159,   42000000,   44270221,        1,    2270221,    2270221
  2190,   160,   42000000,   41383169,        0,    -616831,          0
  2190,   161,   42000000,   42930235,        1,     930235,     930235
  2190,   162,   42000000,   42149554,        1,     149554,     149554
  2190,   163,   42000000,   38320967,        0,   -3679033,          0
  2190,   164,   42000000,   42208619,        1,     208619,     208619
  2190,   165,   42000000,   39883154,        0,   -2116846,          0
  2190,   166,   42000000,   37824054,        0,   -4175946,          0
  2190,   167,   42000000,   40144230,        0,   -1855770,          0
  2190,   168,   42000000,   42464307,        1,     464307,     464307
  2190,   169,   42000000,   38445587,        0,   -3554413,          0
  2190,   170,   42000000,   40886207,        0,   -1113793,          0
  2190,   171,   42000000,   41940680,        0,     -59320,          0
  2190,   172,   42000000,   40763849,        0,   -1236151,          0
  2190,   173,   42000000,   41121744,        0,    -878256,          0
  2190,   174,   42000000,   40631710,        0,   -1368290,          0
  2190,   175,   42000000,   42345239,        1,     345239,     345239
  2190,   176,   42000000,   41375448,        0,    -624552,          0
  2190,   177,   42000000,   40764999,        0,   -1235001,          0
  2190,   178,   42000000,   42038658,        1,      38658,      38658
  2190,   179,   42000000,   38376465,        0,   -3623535,          0
  2190,   180,   42000000,   40290999,        0,   -1709001,          0
  2190,   181,   42000000,   41440461,        0,    -559539,          0
  2190,   182,   42000000,   41311922,        0,    -688078,          0
  2190,   183,   42000000,   42909874,        1,     909874,     909874
  2190,   184,   42000000,   43302803,        1,    1302803,    1302803
  2190,   185,   42000000,   40946665,        0,   -1053335,          0
  2190,   186,   42000000,   42890035,        1,     890035,     890035
  2190,   187,   42000000,   41224748,        0,    -775252,          0
  2190,   188,   42000000,   41326821,        0,    -673179,          0
  2190,   189,   42000000,   42038822,        1,      38822,      38822
  2190,   190,   42000000,   39944104,        0,   -2055896,          0
  2190,   191,   42000000,   40087979,        0,   -1912021,          0
  2190,   192,   42000000,   41400576,        0,    -599424,          0
  2190,   193,   42000000,   42201854,        1,     201854,     201854
  2190,   194,   42000000,   38491955,        0,   -3508045,          0
  2190,   195,   42000000,   40132667,        0,   -1867333,          0
  2190,   196,   42000000,   40248056,        0,   -1751944,          0
  2190,   197,   42000000,   37227155,        0,   -4772845,          0
  2190,   198,   42000000,   40354058,        0,   -1645942,          0
  2190,   199,   42000000,   41487813,        0,    -512187,          0
  2190,   200,   42000000,   39178925,        0,   -2821075,          0
  2190,   201,   42000000,   40246247,        0,   -1753753,          0
  2190,   202,   42000000,   39290060,        0,   -2709940,          0
  2190,   203,   42000000,   40115625,        0,   -1884375,          0
  2190,   204,   42000000,   41987876,        0,     -12124,          0
  2190,   205,   42000000,   42605268,        1,     605268,     605268
  2190,   206,   42000000,   41845188,        0,    -154812,          0
  2190,   207,   42000000,   39625480,        0,   -2374520,          0
  2190,   208,   42000000,   43344907,        1,    1344907,    1344907
  2190,   209,   42000000,   40774312,        0,   -1225688,          0
  2190,   210,   42000000,   41981249,        0,     -18751,          0
  2190,   211,   42000000,   40179257,        0,   -1820743,          0
  2190,   212,   42000000,   38268758,        0,   -3731242,          0
  2190,   213,   42000000,   38807536,        0,   -3192464,          0
  2190,   214,   42000000,   41747805,        0,    -252195,          0
  2190,   215,   42000000,   39380702,        0,   -2619298,          0
  2190,   216,   42000000,   39691078,        0,   -2308922,          0
  2190,   217,   42000000,   42615114,        1,     615114,     615114
  2190,   218,   42000000,   42555438,        1,     555438,     555438
  2190,   219,   42000000,   40345597,        0,   -1654403,          0
  2190,   220,   42000000,   41279576,        0,    -720424,          0
  2190,   221,   42000000,   42909520,        1,     909520,     909520
  2190,   222,   42000000,   39228918,        0,   -2771082,          0
  2190,   223,   42000000,   41921225,        0,     -78775,          0
  2190,   224,   42000000,   44268058,        1,    2268058,    2268058
  2190,   225,   42000000,   41877933,        0,    -122067,          0
  2190,   226,   42000000,   41207163,        0,    -792837,          0
  2190,   227,   42000000,   42686124,        1,     686124,     686124
  2190,   228,   42000000,   39994091,        0,   -2005909,          0
  2190,   229,   42000000,   42066615,        1,      66615,      66615
  2190,   230,   42000000,   40439007,        0,   -1560993,          0
  2190,   231,   42000000,   39704845,        0,   -2295155,          0
  2190,   232,   42000000,   39661060,        0,   -2338940,          0
  2190,   233,   42000000,   42951452,        1,     951452,     951452
  2190,   234,   42000000,   41288955,        0,    -711045,          0
  2190,   235,   42000000,   42247025,        1,     247025,     247025
  2190,   236,   42000000,   43376971,        1,    1376971,    1376971
  2190,   237,   42000000,   41449482,        0,    -550518,          0
  2190,   238,   42000000,   41738804,        0,    -261196,          0
  2190,   239,   42000000,   41866619,        0,    -133381,          0
  2190,   240,   42000000,   45783835,        1,    3783835,    3783835
  2190,   241,   42000000,   44118051,        1,    2118051,    2118051
  2190,   242,   42000000,   42091665,        1,      91665,      91665
# task NAME=myapp PID=2195 COST=64227999 PERIOD=77000000 CPU=0
  2195,     2,   77000000,       8176,        0,  -76991824,          0
  2195,     3,   77000000,     182763,        0,  -76817237,          0
  2195,     4,   77000000,   79285928,        1,    2285928,    2285928
  2195,     5,   77000000,   85759099,        1,    8759099,    8759099
  2195,     6,   77000000,   89525960,        1,   12525960,   12525960
  2195,     7,   77000000,   94080996,        1,   17080996,   17080996
  2195,     8,   77000000,   98670328,        1,   21670328,   21670328
  2195,     9,   77000000,  104149861,        1,   27149861,   27149861
  2195,    10,   77000000,  109592987,        1,   32592987,   32592987
  2195,    11,   77000000,  113566578,        1,   36566578,   36566578
  2195,    12,   77000000,  115412532,        1,   38412532,   38412532
  2195,    13,   77000000,  121799767,        1,   44799767,   44799767
  2195,    14,   77000000,  125542471,        1,   48542471,   48542471
  2195,    15,   77000000,  125510728,        1,   48510728,   48510728
  2195,    16,   77000000,  131225774,        1,   54225774,   54225774
  2195,    17,   77000000,  139255284,        1,   62255284,   62255284
  2195,    18,   77000000,  140864756,        1,   63864756,   63864756
  2195,    19,   77000000,  144184154,        1,   67184154,   67184154
  2195,    20,   77000000,  152735121,        1,   75735121,   75735121
  2195,    21,   77000000,  157196817,        1,   80196817,   80196817
  2195,    22,   77000000,  167891635,        1,   90891635,   90891635
  2195,    23,   77000000,  171837256,        1,   94837256,   94837256
  2195,    24,   77000000,  173938633,        1,   96938633,   96938633
  2195,    25,   77000000,  180453982,        1,  103453982,  103453982
  2195,    26,   77000000,  186077805,        1,  109077805,  109077805
  2195,    27,   77000000,  186518563,        1,  109518563,  109518563
  2195,    28,   77000000,  190994560,        1,  113994560,  113994560
  2195,    29,   77000000,  195891816,        1,  118891816,  118891816
  2195,    30,   77000000,  196700353,        1,  119700353,  119700353
  2195,    31,   77000000,  201048910,        1,  124048910,  124048910
  2195,    32,   77000000,  209933765,        1,  132933765,  132933765
  2195,    33,   77000000,  210302795,        1,  133302795,  133302795
  2195,    34,   77000000,  214276162,        1,  137276162,  137276162
  2195,    35,   77000000,  220349949,        1,  143349949,  143349949
  2195,    36,   77000000,  221902176,        1,  144902176,  144902176
  2195,    37,   77000000,  225256206,        1,  148256206,  148256206
  2195,    38,   77000000,  229019191,        1,  152019191,  152019191
  2195,    39,   77000000,  231959692,        1,  154959692,  154959692
  2195,    40,   77000000,  238156515,        1,  161156515,  161156515
  2195,    41,   77000000,  242828846,        1,  165828846,  165828846
  2195,    42,   77000000,  246771380,        1,  169771380,  169771380
  2195,    43,   77000000,  247878819,        1,  170878819,  170878819
  2195,    44,   77000000,  251422705,        1,  174422705,  174422705
  2195,    45,   77000000,  255495452,        1,  178495452,  178495452
  2195,    46,   77000000,  261787562,        1,  184787562,  184787562
  2195,    47,   77000000,  265404327,        1,  188404327,  188404327
  2195,    48,   77000000,  272071177,        1,  195071177,  195071177
  2195,    49,   77000000,  273566333,        1,  196566333,  196566333
  2195,    50,   77000000,  275242107,        1,  198242107,  198242107
  2195,    51,   77000000,  281701237,        1,  204701237,  204701237
  2195,    52,   77000000,  285650324,        1,  208650324,  208650324
  2195,    53,   77000000,  287996789,        1,  210996789,  210996789
  2195,    54,   77000000,  291501000,        1,  214501000,  214501000
  2195,    55,   77000000,  298239190,        1,  221239190,  221239190
  2195,    56,   77000000,  302317752,        1,  225317752,  225317752
  2195,    57,   77000000,  304716954,        1,  227716954,  227716954
  2195,    58,   77000000,  309597131,        1,  232597131,  232597131
  2195,    59,   77000000,  314097081,        1,  237097081,  237097081
  2195,    60,   77000000,  317153423,        1,  240153423,  240153423
  2195,    61,   77000000,  323763859,        1,  246763859,  246763859
  2195,    62,   77000000,  326878761,        1,  249878761,  249878761
  2195,    63,   77000000,  329674573,        1,  252674573,  252674573
  2195,    64,   77000000,  336816232,        1,  259816232,  259816232
  2195,    65,   77000000,  339392035,        1,  262392035,  262392035
  2195,    66,   77000000,  342282978,        1,  265282978,  265282978
  2195,    67,   77000000,  344273881,        1,  267273881,  267273881
  2195,    68,   77000000,  350833598,        1,  273833598,  273833598
  2195,    69,   77000000,  353973996,        1,  276973996,  276973996
  2195,    70,   77000000,  357804334,        1,  280804334,  280804334
  2195,    71,   77000000,  367169616,        1,  290169616,  290169616
  2195,    72,   77000000,  371869783,        1,  294869783,  294869783
  2195,    73,   77000000,  376062869,        1,  299062869,  299062869
  2195,    74,   77000000,  383908502,        1,  306908502,  306908502
  2195,    75,   77000000,  389707207,        1,  312707207,  312707207
  2195,    76,   77000000,  390359535,        1,  313359535,  313359535
  2195,    77,   77000000,  395265358,        1,  318265358,  318265358
  2195,    78,   77000000,  398077008,        1,  321077008,  321077008
  2195,    79,   77000000,  400820694,        1,  323820694,  323820694
  2195,    80,   77000000,  404332893,        1,  327332893,  327332893
  2195,    81,   77000000,  407675070,        1,  330675070,  330675070
  2195,    82,   77000000,  412887968,        1,  335887968,  335887968
  2195,    83,   77000000,  418675442,        1,  341675442,  341675442
  2195,    84,   77000000,  424805351,        1,  347805351,  347805351
  2195,    85,   77000000,  426878724,        1,  349878724,  349878724
  2195,    86,   77000000,  430773244,        1,  353773244,  353773244
  2195,    87,   77000000,  436635031,        1,  359635031,  359635031
  2195,    88,   77000000,  440503336,        1,  363503336,  363503336
  2195,    89,   77000000,  442795787,        1,  365795787,  365795787
  2195,    90,   77000000,  448628298,        1,  371628298,  371628298
  2195,    91,   77000000,  452039417,        1,  375039417,  375039417
  2195,    92,   77000000,  453975164,        1,  376975164,  376975164
  2195,    93,   77000000,  458255258,        1,  381255258,  381255258
  2195,    94,   77000000,  465561175,        1,  388561175,  388561175
  2195,    95,   77000000,  469273715,        1,  392273715,  392273715
  2195,    96,   77000000,  473870992,        1,  396870992,  396870992
  2195,    97,   77000000,  481314605,        1,  404314605,  404314605
  2195,    98,   77000000,  486573185,        1,  409573185,  409573185
  2195,    99,   77000000,  487893472,        1,  410893472,  410893472
  2195,   100,   77000000,  494566571,        1,  417566571,  417566571
  2195,   101,   77000000,  499238034,        1,  422238034,  422238034
  2195,   102,   77000000,  503973725,        1,  426973725,  426973725
  2195,   103,   77000000,  511392988,        1,  434392988,  434392988
  2195,   104,   77000000,  514636225,        1,  437636225,  437636225
  2195,   105,   77000000,  518194102,        1,  441194102,  441194102
  2195,   106,   77000000,  522647769,        1,  445647769,  445647769
  2195,   107,   77000000,  528075129,        1,  451075129,  451075129
  2195,   108,   77000000,  530243759,        1,  453243759,  453243759
  2195,   109,   77000000,  534226299,        1,  457226299,  457226299
  2195,   110,   77000000,  538292989,        1,  461292989,  461292989
  2195,   111,   77000000,  543386329,        1,  466386329,  466386329
  2195,   112,   77000000,  545030630,        1,  468030630,  468030630
  2195,   113,   77000000,  551468973,        1,  474468973,  474468973
  2195,   114,   77000000,  554079707,        1,  477079707,  477079707
  2195,   115,   77000000,  555320665,        1,  478320665,  478320665
  2195,   116,   77000000,  560335477,        1,  483335477,  483335477
  2195,   117,   77000000,  564744078,        1,  487744078,  487744078
  2195,   118,   77000000,  567626116,        1,  490626116,  490626116
  2195,   119,   77000000,  573913912,        1,  496913912,  496913912
  2195,   120,   77000000,  579826068,        1,  502826068,  502826068
  2195,   121,   77000000,  581122746,        1,  504122746,  504122746
  2195,   122,   77000000,  587868394,        1,  510868394,  510868394
  2195,   123,   77000000,  592989517,        1,  515989517,  515989517
  2195,   124,   77000000,  598715131,        1,  521715131,  521715131
  2195,   125,   77000000,  605476247,        1,  528476247,  528476247
  2195,   126,   77000000,  606702320,        1,  529702320,  529702320
  2195,   127,   77000000,  592618215,        1,  515618215,  515618215
  2195,   128,   77000000,  578783193,        1,  501783193,  501783193
  2195,   129,   77000000,  564612662,        1,  487612662,  487612662
  2195,   130,   77000000,  550774701,        1,  473774701,  473774701
  2195,   131,   77000000,  536670425,        1,  459670425,  459670425
  2195,   132,   77000000,  522874339,        1,  445874339,  445874339
  2195,   133,   77000000,  508732887,        1,  431732887,  431732887
# task NAME=myapp PID=2199 COST=40232000 PERIOD=51000000 CPU=0
  2199,     2,   51000000,       7899,        0,  -50992101,          0
  2199,     3,   51000000,     212738,        0,  -50787262,          0
  2199,     4,   51000000,   45831395,        0,   -5168605,          0
  2199,     5,   51000000,   56191180,        1,    5191180,    5191180
  2199,     6,   51000000,   56723385,        1,    5723385,    5723385
  2199,     7,   51000000,   53854060,        1,    2854060,    2854060
  2199,     8,   51000000,   53475759,        1,    2475759,    2475759
  2199,     9,   51000000,   54305048,        1,    3305048,    3305048
  2199,    10,   51000000,   56698962,        1,    5698962,    5698962
  2199,    11,   51000000,   55525500,        1,    4525500,    4525500
  2199,    12,   51000000,   56843300,        1,    5843300,    5843300
  2199,    13,   51000000,   54485046,        1,    3485046,    3485046
  2199,    14,   51000000,   54356114,        1,    3356114,    3356114
  2199,    15,   51000000,   55741884,        1,    4741884,    4741884
  2199,    16,   51000000,   57032841,        1,    6032841,    6032841
  2199,    17,   51000000,   55455846,        1,    4455846,    4455846
  2199,    18,   51000000,   56449951,        1,    5449951,    5449951
  2199,    19,   51000000,   54773420,        1,    3773420,    3773420
  2199,    20,   51000000,   53255846,        1,    2255846,    2255846
  2199,    21,   51000000,   54396362,        1,    3396362,    3396362
  2199,    22,   51000000,   55143609,        1,    4143609,    4143609
  2199,    23,   51000000,   54720024,        1,    3720024,    3720024
  2199,    24,   51000000,   56001501,        1,    5001501,    5001501
  2199,    25,   51000000,   55836157,        1,    4836157,    4836157
  2199,    26,   51000000,   54099714,        1,    3099714,    3099714
  2199,    27,   51000000,   55434867,        1,    4434867,    4434867
  2199,    28,   51000000,   55215086,        1,    4215086,    4215086
  2199,    29,   51000000,   54737081,        1,    3737081,    3737081
  2199,    30,   51000000,   53634088,        1,    2634088,    2634088
  2199,    31,   51000000,   52951152,        1,    1951152,    1951152
  2199,    32,   51000000,   53071696,        1,    2071696,    2071696
  2199,    33,   51000000,   51233670,        1,     233670,     233670
  2199,    34,   51000000,   51533809,        1,     533809,     533809
  2199,    35,   51000000,   47539846,        0,   -3460154,          0
  2199,    36,   51000000,   50455413,        0,    -544587,          0
  2199,    37,   51000000,   49689969,        0,   -1310031,          0
  2199,    38,   51000000,   52931167,        1,    1931167,    1931167
  2199,    39,   51000000,   51637668,        1,     637668,     637668
  2199,    40,   51000000,   52480699,        1,    1480699,    1480699
  2199,    41,   51000000,   52052946,        1,    1052946,    1052946
  2199,    42,   51000000,   49627444,        0,   -1372556,          0
  2199,    43,   51000000,   53292070,        1,    2292070,    2292070
  2199,    44,   51000000,   52374027,        1,    1374027,    1374027
  2199,    45,   51000000,   51971654,        1,     971654,     971654
  2199,    46,   51000000,   52190265,        1,    1190265,    1190265
  2199,    47,   51000000,   48280280,        0,   -2719720,          0
  2199,    48,   51000000,   49180406,        0,   -1819594,          0
  2199,    49,   51000000,   50185540,        0,    -814460,          0
  2199,    50,   51000000,   49264054,        0,   -1735946,          0
  2199,    51,   51000000,   50958279,        0,     -41721,          0
  2199,    52,   51000000,   49165266,        0,   -1834734,          0
  2199,    53,   51000000,   48272594,        0,   -2727406,          0
  2199,    54,   51000000,   50787822,        0,    -212178,          0
  2199,    55,   51000000,   49425652,        0,   -1574348,          0
  2199,    56,   51000000,   52471889,        1,    1471889,    1471889
  2199,    57,   51000000,   53775823,        1,    2775823,    2775823
  2199,    58,   51000000,   54052349,        1,    3052349,    3052349
  2199,    59,   51000000,   51514469,        1,     514469,     514469
  2199,    60,   51000000,   53114671,        1,    2114671,    2114671
  2199,    61,   51000000,   52795100,        1,    1795100,    1795100
  2199,    62,   51000000,   51631890,        1,     631890,     631890
  2199,    63,   51000000,   51718242,        1,     718242,     718242
  2199,    64,   51000000,   52671778,        1,    1671778,    1671778
  2199,    65,   51000000,   52021259,        1,    1021259,    1021259
  2199,    66,   51000000,   51426149,        1,     426149,     426149
  2199,    67,   51000000,   53764447,        1,    2764447,    2764447
  2199,    68,   51000000,   54695570,        1,    3695570,    3695570
  2199,    69,   51000000,   52759961,        1,    1759961,    1759961
  2199,    70,   51000000,   51901457,        1,     901457,     901457
  2199,    71,   51000000,   50619883,        0,    -380117,          0
  2199,    72,   51000000,   51809367,        1,     809367,     809367
  2199,    73,   51000000,   54390304,        1,    3390304,    3390304
  2199,    74,   51000000,   53003396,        1,    2003396,    2003396
  2199,    75,   51000000,   49476117,        0,   -1523883,          0
  2199,    76,   51000000,   53420524,        1,    2420524,    2420524
  2199,    77,   51000000,   54365472,        1,    3365472,    3365472
  2199,    78,   51000000,   53911339,        1,    2911339,    2911339
  2199,    79,   51000000,   55535707,        1,    4535707,    4535707
  2199,    80,   51000000,   56387159,        1,    5387159,    5387159
  2199,    81,   51000000,   59045055,        1,    8045055,    8045055
  2199,    82,   51000000,   58818951,        1,    7818951,    7818951
  2199,    83,   51000000,   58450716,        1,    7450716,    7450716
  2199,    84,   51000000,   59460068,        1,    8460068,    8460068
  2199,    85,   51000000,   58573371,        1,    7573371,    7573371
  2199,    86,   51000000,   59838206,        1,    8838206,    8838206
  2199,    87,   51000000,   56889066,        1,    5889066,    5889066
  2199,    88,   51000000,   55795117,        1,    4795117,    4795117
  2199,    89,   51000000,   55094203,        1,    4094203,    4094203
  2199,    90,   51000000,   56806331,        1,    5806331,    5806331
  2199,    91,   51000000,   55618279,        1,    4618279,    4618279
  2199,    92,   51000000,   54617145,        1,    3617145,    3617145
  2199,    93,   51000000,   54829400,        1,    3829400,    3829400
  2199,    94,   51000000,   59279504,        1,    8279504,    8279504
  2199,    95,   51000000,   57475879,        1,    6475879,    6475879
  2199,    96,   51000000,   58218788,        1,    7218788,    7218788
  2199,    97,   51000000,   57820339,        1,    6820339,    6820339
  2199,    98,   51000000,   59899061,        1,    8899061,    8899061
  2199,    99,   51000000,   63632306,        1,   12632306,   12632306
  2199,   100,   51000000,   61326945,        1,   10326945,   10326945
  2199,   101,   51000000,   67151739,        1,   16151739,   16151739
  2199,   102,   51000000,   63708353,        1,   12708353,   12708353
  2199,   103,   51000000,   65305879,        1,   14305879,   14305879
  2199,   104,   51000000,   64892324,        1,   13892324,   13892324
  2199,   105,   51000000,   64491275,        1,   13491275,   13491275
  2199,   106,   51000000,   65640706,        1,   14640706,   14640706
  2199,   107,   51000000,   67608838,        1,   16608838,   16608838
  2199,   108,   51000000,   67028126,        1,   16028126,   16028126
  2199,   109,   51000000,   66950988,        1,   15950988,   15950988
  2199,   110,   51000000,   64889044,        1,   13889044,   13889044
  2199,   111,   51000000,   64141197,        1,   13141197,   13141197
  2199,   112,   51000000,   65671826,        1,   14671826,   14671826
  2199,   113,   51000000,   66862914,        1,   15862914,   15862914
  2199,   114,   51000000,   66968826,        1,   15968826,   15968826
  2199,   115,   51000000,   66585737,        1,   15585737,   15585737
  2199,   116,   51000000,   66823341,        1,   15823341,   15823341
  2199,   117,   51000000,   64947792,        1,   13947792,   13947792
  2199,   118,   51000000,   65478062,        1,   14478062,   14478062
  2199,   119,   51000000,   64543582,        1,   13543582,   13543582
  2199,   120,   51000000,   63099181,        1,   12099181,   12099181
  2199,   121,   51000000,   61909078,        1,   10909078,   10909078
  2199,   122,   51000000,   60466236,        1,    9466236,    9466236
  2199,   123,   51000000,   61119546,        1,   10119546,   10119546
  2199,   124,   51000000,   60212464,        1,    9212464,    9212464
  2199,   125,   51000000,   60887468,        1,    9887468,    9887468
  2199,   126,   51000000,   58923307,        1,    7923307,    7923307
  2199,   127,   51000000,   58001628,        1,    7001628,    7001628
  2199,   128,   51000000,   58725321,        1,    7725321,    7725321
  2199,   129,   51000000,   57875238,        1,    6875238,    6875238
  2199,   130,   51000000,   55565280,        1,    4565280,    4565280
  2199,   131,   51000000,   53682610,        1,    2682610,    2682610
  2199,   132,   51000000,   54540825,        1,    3540825,    3540825
  2199,   133,   51000000,   53436994,        1,    2436994,    2436994
  2199,   134,   51000000,   57536053,        1,    6536053,    6536053
  2199,   135,   51000000,   54897802,        1,    3897802,    3897802
  2199,   136,   51000000,   56839689,        1,    5839689,    5839689
  2199,   137,   51000000,   56930225,        1,    5930225,    5930225
  2199,   138,   51000000,   54937032,        1,    3937032,    3937032
  2199,   139,   51000000,   58547197,        1,    7547197,    7547197
  2199,   140,   51000000,   55999469,        1,    4999469,    4999469
  2199,   141,   51000000,   59172641,        1,    8172641,    8172641
  2199,   142,   51000000,   58031609,        1,    7031609,    7031609
  2199,   143,   51000000,   56747900,        1,    5747900,    5747900
  2199,   144,   51000000,   55099161,        1,    4099161,    4099161
  2199,   145,   51000000,   58637742,        1,    7637742,    7637742
  2199,   146,   51000000,   56420989,        1,    5420989,    5420989
  2199,   147,   51000000,   56166606,        1,    5166606,    5166606
  2199,   148,   51000000,   53754424,        1,    2754424,    2754424
  2199,   149,   51000000,   52617283,        1,    1617283,    1617283
  2199,   150,   51000000,   56071918,        1,    5071918,    5071918
  2199,   151,   51000000,   55944420,        1,    4944420,    4944420
  2199,   152,   51000000,   56662197,        1,    5662197,    5662197
  2199,   153,   51000000,   57036373,        1,    6036373,    6036373
  2199,   154,   51000000,   53767116,        1,    2767116,    2767116
  2199,   155,   51000000,   54611022,        1,    3611022,    3611022
  2199,   156,   51000000,   54369714,        1,    3369714,    3369714
  2199,   157,   51000000,   54101827,        1,    3101827,    3101827
  2199,   158,   51000000,   52043267,        1,    1043267,    1043267
  2199,   159,   51000000,   50405286,        0,    -594714,          0
  2199,   160,   51000000,   47855124,        0,   -3144876,          0
  2199,   161,   51000000,   49255359,        0,   -1744641,          0
  2199,   162,   51000000,   48169314,        0,   -2830686,          0
  2199,   163,   51000000,   50254938,        0,    -745062,          0
  2199,   164,   51000000,   47901676,        0,   -3098324,          0
  2199,   165,   51000000,   48743080,        0,   -2256920,          0
  2199,   166,   51000000,   49891581,        0,   -1108419,          0
  2199,   167,   51000000,   53136586,        1,    2136586,    2136586
  2199,   168,   51000000,   51166400,        1,     166400,     166400
  2199,   169,   51000000,   52271413,        1,    1271413,    1271413
  2199,   170,   51000000,   52667413,        1,    1667413,    1667413
  2199,   171,   51000000,   49069119,        0,   -1930881,          0
  2199,   172,   51000000,   51981763,        1,     981763,     981763
  2199,   173,   51000000,   49037743,        0,   -1962257,          0
  2199,   174,   51000000,   51643918,        1,     643918,     643918
  2199,   175,   51000000,   55444844,        1,    4444844,    4444844
  2199,   176,   51000000,   51696836,        1,     696836,     696836
  2199,   177,   51000000,   49716791,        0,   -1283209,          0
  2199,   178,   51000000,   52529500,        1,    1529500,    1529500
  2199,   179,   51000000,   51821425,        1,     821425,     821425
  2199,   180,   51000000,   51896732,        1,     896732,     896732
  2199,   181,   51000000,   52565713,        1,    1565713,    1565713
  2199,   182,   51000000,   50059522,        0,    -940478,          0
  2199,   183,   51000000,   50788494,        0,    -211506,          0
  2199,   184,   51000000,   51990740,        1,     990740,     990740
  2199,   185,   51000000,   53283341,        1,    2283341,    2283341
  2199,   186,   51000000,   52733862,        1,    1733862,    1733862
  2199,   187,   51000000,   53548867,        1,    2548867,    2548867
  2199,   188,   51000000,   51498416,        1,     498416,     498416
  2199,   189,   51000000,   53505193,        1,    2505193,    2505193
  2199,   190,   51000000,   53678446,        1,    2678446,    2678446
  2199,   191,   51000000,   54774108,        1,    3774108,    3774108
  2199,   192,   51000000,   54213957,        1,    3213957,    3213957
  2199,   193,   51000000,   53231713,        1,    2231713,    2231713
  2199,   194,   51000000,   51741943,        1,     741943,     741943
  2199,   195,   51000000,   50886169,        0,    -113831,          0
  2199,   196,   51000000,   49765990,        0,   -1234010,          0
  2199,   197,   51000000,   50077407,        0,    -922593,          0
  2199,   198,   51000000,   49713972,        0,   -1286028,          0
  2199,   199,   51000000,   51394007,        1,     394007,     394007
  2199,   200,   51000000,   45354109,        0,   -5645891,          0
# task NAME=myapp PID=2202 COST=19870000 PERIOD=35000000 CPU=0
  2202,     2,   35000000,       8657,        0,  -34991343,          0
  2202,     3,   35000000,      99808,        0,  -34900192,          0
  2202,     4,   35000000,   20891648,        0,  -14108352,          0
  2202,     5,   35000000,   23364406,        0,  -11635594,          0
  2202,     6,   35000000,   27710894,        0,   -7289106,          0
  2202,     7,   35000000,   23588572,        0,  -11411428,          0
  2202,     8,   35000000,   28706442,        0,   -6293558,          0
  2202,     9,   35000000,   25435664,        0,   -9564336,          0
  2202,    10,   35000000,   29726465,        0,   -5273535,          0
  2202,    11,   35000000,   25330680,        0,   -9669320,          0
  2202,    12,   35000000,   25897894,        0,   -9102106,          0
  2202,    13,   35000000,   25318838,        0,   -9681162,          0
  2202,    14,   35000000,   25735961,        0,   -9264039,          0
  2202,    15,   35000000,   25745881,        0,   -9254119,          0
  2202,    16,   35000000,   25213888,        0,   -9786112,          0
  2202,    17,   35000000,   27459911,        0,   -7540089,          0
  2202,    18,   35000000,   25942272,        0,   -9057728,          0
  2202,    19,   35000000,   26518292,        0,   -8481708,          0
  2202,    20,   35000000,   24583680,        0,  -10416320,          0
  2202,    21,   35000000,   24649711,        0,  -10350289,          0
  2202,    22,   35000000,   26792724,        0,   -8207276,          0
  2202,    23,   35000000,   24723797,        0,  -10276203,          0
  2202,    24,   35000000,   26566628,        0,   -8433372,          0
  2202,    25,   35000000,   24563506,        0,  -10436494,          0
  2202,    26,   35000000,   28256055,        0,   -6743945,          0
  2202,    27,   35000000,   26668644,        0,   -8331356,          0
  2202,    28,   35000000,   25712695,        0,   -9287305,          0
  2202,    29,   35000000,   24105383,        0,  -10894617,          0
  2202,    30,   35000000,   26484270,        0,   -8515730,          0
  2202,    31,   35000000,   25058174,        0,   -9941826,          0
  2202,    32,   35000000,   23185212,        0,  -11814788,          0
  2202,    33,   35000000,   29163937,        0,   -5836063,          0
  2202,    34,   35000000,   24431377,        0,  -10568623,          0
  2202,    35,   35000000,   27342747,        0,   -7657253,          0
  2202,    36,   35000000,   25117086,        0,   -9882914,          0
  2202,    37,   35000000,   26323277,        0,   -8676723,          0
  2202,    38,   35000000,   27665001,        0,   -7334999,          0
  2202,    39,   35000000,   24692077,        0,  -10307923,          0
  2202,    40,   35000000,   27007850,        0,   -7992150,          0
  2202,    41,   35000000,   23395490,        0,  -11604510,          0
  2202,    42,   35000000,   27636127,        0,   -7363873,          0
  2202,    43,   35000000,   23726802,        0,  -11273198,          0
  2202,    44,   35000000,   25366779,        0,   -9633221,          0
  2202,    45,   35000000,   24248393,        0,  -10751607,          0
  2202,    46,   35000000,   24764246,        0,  -10235754,          0
  2202,    47,   35000000,   27719318,        0,   -7280682,          0
  2202,    48,   35000000,   26629057,        0,   -8370943,          0
  2202,    49,   35000000,   27678110,        0,   -7321890,          0
  2202,    50,   35000000,   25051611,        0,   -9948389,          0
  2202,    51,   35000000,   27884857,        0,   -7115143,          0
  2202,    52,   35000000,   27632133,        0,   -7367867,          0
  2202,    53,   35000000,   25497550,        0,   -9502450,          0
  2202,    54,   35000000,   27061069,        0,   -7938931,          0
  2202,    55,   35000000,   25775552,        0,   -9224448,          0
  2202,    56,   35000000,   26722019,        0,   -8277981,          0
  2202,    57,   35000000,   22834052,        0,  -12165948,          0
  2202,    58,   35000000,   26296674,        0,   -8703326,          0
  2202,    59,   35000000,   23924022,        0,  -11075978,          0
  2202,    60,   35000000,   25480925,        0,   -9519075,          0
  2202,    61,   35000000,   29107441,        0,   -5892559,          0
  2202,    62,   35000000,   26677452,        0,   -8322548,          0
  2202,    63,   35000000,   27830070,        0,   -7169930,          0
  2202,    64,   35000000,   22819913,        0,  -12180087,          0
  2202,    65,   35000000,   28464110,        0,   -6535890,          0
  2202,    66,   35000000,   25119914,        0,   -9880086,          0
  2202,    67,   35000000,   25166349,        0,   -9833651,          0
  2202,    68,   35000000,   27572945,        0,   -7427055,          0
  2202,    69,   35000000,   24547383,        0,  -10452617,          0
  2202,    70,   35000000,   24676583,        0,  -10323417,          0
  2202,    71,   35000000,   23857617,        0,  -11142383,          0
  2202,    72,   35000000,   26353592,        0,   -8646408,          0
  2202,    73,   35000000,   25541607,        0,   -9458393,          0
  2202,    74,   35000000,   26207227,        0,   -8792773,          0
  2202,    75,   35000000,   24611283,        0,  -10388717,          0
  2202,    76,   35000000,   25985265,        0,   -9014735,          0
  2202,    77,   35000000,   25881143,        0,   -9118857,          0
  2202,    78,   35000000,   23788981,        0,  -11211019,          0
  2202,    79,   35000000,   28994373,        0,   -6005627,          0
  2202,    80,   35000000,   24292145,        0,  -10707855,          0
  2202,    81,   35000000,   27220413,        0,   -7779587,          0
  2202,    82,   35000000,   24597809,        0,  -10402191,          0
  2202,    83,   35000000,   26269243,        0,   -8730757,          0
  2202,    84,   35000000,   25471606,        0,   -9528394,          0
  2202,    85,   35000000,   25653880,        0,   -9346120,          0
  2202,    86,   35000000,   26155888,        0,   -8844112,          0
  2202,    87,   35000000,   24225069,        0,  -10774931,          0
  2202,    88,   35000000,   27329274,        0,   -7670726,          0
  2202,    89,   35000000,   25723347,        0,   -9276653,          0
  2202,    90,   35000000,   26061978,        0,   -8938022,          0
  2202,    91,   35000000,   26799695,        0,   -8200305,          0
  2202,    92,   35000000,   25735215,        0,   -9264785,          0
  2202,    93,   35000000,   27724696,        0,   -7275304,          0
  2202,    94,   35000000,   25269503,        0,   -9730497,          0
  2202,    95,   35000000,   26765108,        0,   -8234892,          0
  2202,    96,   35000000,   25464359,        0,   -9535641,          0
  2202,    97,   35000000,   27068149,        0,   -7931851,          0
  2202,    98,   35000000,   27436440,        0,   -7563560,          0
  2202,    99,   35000000,   24531510,        0,  -10468490,          0
  2202,   100,   35000000,   25660185,        0,   -9339815,          0
  2202,   101,   35000000,   25514605,        0,   -9485395,          0
  2202,   102,   35000000,   26799151,        0,   -8200849,          0
  2202,   103,   35000000,   25401080,        0,   -9598920,          0
  2202,   104,   35000000,   26532684,        0,   -8467316,          0
  2202,   105,   35000000,   24683053,        0,  -10316947,          0
  2202,   106,   35000000,   24955525,        0,  -10044475,          0
  2202,   107,   35000000,   25043927,        0,   -9956073,          0
  2202,   108,   35000000,   26063030,        0,   -8936970,          0
  2202,   109,   35000000,   26719523,        0,   -8280477,          0
  2202,   110,   35000000,   26781828,        0,   -8218172,          0
  2202,   111,   35000000,   27265671,        0,   -7734329,          0
  2202,   112,   35000000,   25150643,        0,   -9849357,          0
  2202,   113,   35000000,   25134056,        0,   -9865944,          0
  2202,   114,   35000000,   25789901,        0,   -9210099,          0
  2202,   115,   35000000,   25569189,        0,   -9430811,          0
  2202,   116,   35000000,   27141548,        0,   -7858452,          0
  2202,   117,   35000000,   25436715,        0,   -9563285,          0
  2202,   118,   35000000,   26687852,        0,   -8312148,          0
  2202,   119,   35000000,   25566433,        0,   -9433567,          0
  2202,   120,   35000000,   26911836,        0,   -8088164,          0
  2202,   121,   35000000,   25522748,        0,   -9477252,          0
  2202,   122,   35000000,   26261327,        0,   -8738673,          0
  2202,   123,   35000000,   28157126,        0,   -6842874,          0
  2202,   124,   35000000,   25731128,        0,   -9268872,          0
  2202,   125,   35000000,   27672312,        0,   -7327688,          0
  2202,   126,   35000000,   23803128,        0,  -11196872,          0
  2202,   127,   35000000,   28300529,        0,   -6699471,          0
  2202,   128,   35000000,   24636349,        0,  -10363651,          0
  2202,   129,   35000000,   25914439,        0,   -9085561,          0
  2202,   130,   35000000,   25998817,        0,   -9001183,          0
  2202,   131,   35000000,   26410829,        0,   -8589171,          0
  2202,   132,   35000000,   27105472,        0,   -7894528,          0
  2202,   133,   35000000,   23721099,        0,  -11278901,          0
  2202,   134,   35000000,   26784632,        0,   -8215368,          0
  2202,   135,   35000000,   24825413,        0,  -10174587,          0
  2202,   136,   35000000,   27682675,        0,   -7317325,          0
  2202,   137,   35000000,   23296362,        0,  -11703638,          0
  2202,   138,   35000000,   26333476,        0,   -8666524,          0
  2202,   139,   35000000,   28313344,        0,   -6686656,          0
  2202,   140,   35000000,   25949213,        0,   -9050787,          0
  2202,   141,   35000000,   27446380,        0,   -7553620,          0
  2202,   142,   35000000,   25484467,        0,   -9515533,          0
  2202,   143,   35000000,   27527092,        0,   -7472908,          0
  2202,   144,   35000000,   23631064,        0,  -11368936,          0
  2202,   145,   35000000,   26615137,        0,   -8384863,          0
  2202,   146,   35000000,   26771292,        0,   -8228708,          0
  2202,   147,   35000000,   24828701,        0,  -10171299,          0
  2202,   148,   35000000,   24796313,        0,  -10203687,          0
  2202,   149,   35000000,   23797471,        0,  -11202529,          0
  2202,   150,   35000000,   29925091,        0,   -5074909,          0
  2202,   151,   35000000,   24359853,        0,  -10640147,          0
  2202,   152,   35000000,   27702372,        0,   -7297628,          0
  2202,   153,   35000000,   23711321,        0,  -11288679,          0
  2202,   154,   35000000,   26229867,        0,   -8770133,          0
  2202,   155,   35000000,   26585632,        0,   -8414368,          0
  2202,   156,   35000000,   26227460,        0,   -8772540,          0
  2202,   157,   35000000,   26875851,        0,   -8124149,          0
  2202,   158,   35000000,   24615262,        0,  -10384738,          0
  2202,   159,   35000000,   26306140,        0,   -8693860,          0
  2202,   160,   35000000,   24946027,        0,  -10053973,          0
  2202,   161,   35000000,   26893584,        0,   -8106416,          0
  2202,   162,   35000000,   27537122,        0,   -7462878,          0
  2202,   163,   35000000,   24631404,        0,  -10368596,          0
  2202,   164,   35000000,   28460784,        0,   -6539216,          0
  2202,   165,   35000000,   24805630,        0,  -10194370,          0
  2202,   166,   35000000,   27804303,        0,   -7195697,          0
  2202,   167,   35000000,   25651318,        0,   -9348682,          0
  2202,   168,   35000000,   25488730,        0,   -9511270,          0
  2202,   169,   35000000,   24684393,        0,  -10315607,          0
  2202,   170,   35000000,   25672292,        0,   -9327708,          0
  2202,   171,   35000000,   28381664,        0,   -6618336,          0
  2202,   172,   35000000,   25487285,        0,   -9512715,          0
  2202,   173,   35000000,   26729185,        0,   -8270815,          0
  2202,   174,   35000000,   24716998,        0,  -10283002,          0
  2202,   175,   35000000,   26615257,        0,   -8384743,          0
  2202,   176,   35000000,   24392709,        0,  -10607291,          0
  2202,   177,   35000000,   25759573,        0,   -9240427,          0
  2202,   178,   35000000,   28476129,        0,   -6523871,          0
  2202,   179,   35000000,   24576910,        0,  -10423090,          0
  2202,   180,   35000000,   26750131,        0,   -8249869,          0
  2202,   181,   35000000,   25750793,        0,   -9249207,          0
  2202,   182,   35000000,   26357716,        0,   -8642284,          0
  2202,   183,   35000000,   23653137,        0,  -11346863,          0
  2202,   184,   35000000,   25760700,        0,   -9239300,          0
  2202,   185,   35000000,   24658966,        0,  -10341034,          0
  2202,   186,   35000000,   24578195,        0,  -10421805,          0
  2202,   187,   35000000,   26729072,        0,   -8270928,          0
  2202,   188,   35000000,   24517911,        0,  -10482089,          0
  2202,   189,   35000000,   27050787,        0,   -7949213,          0
  2202,   190,   35000000,   26874883,        0,   -8125117,          0
  2202,   191,   35000000,   25792222,        0,   -9207778,          0
  2202,   192,   35000000,   24031859,        0,  -10968141,          0
  2202,   193,   35000000,   24577747,        0,  -10422253,          0
  2202,   194,   35000000,   27566451,        0,   -7433549,          0
  2202,   195,   35000000,   24281880,        0,  -10718120,          0
  2202,   196,   35000000,   26825263,        0,   -8174737,          0
  2202,   197,   35000000,   25874813,        0,   -9125187,          0
  2202,   198,   35000000,   26053127,        0,   -8946873,          0
  2202,   199,   35000000,   24879430,        0,  -10120570,          0
  2202,   200,   35000000,   24421076,        0,  -10578924,          0
  2202,   201,   35000000,   25692116,        0,   -9307884,          0
  2202,   202,   35000000,   25009767,        0,   -9990233,          0
  2202,   203,   35000000,   26757957,        0,   -8242043,          0
  2202,   204,   35000000,   25973221,        0,   -9026779,          0
  2202,   205,   35000000,   28495039,        0,   -6504961,          0
  2202,   206,   35000000,   25243869,        0,   -9756131,          0
  2202,   207,   35000000,   26751912,        0,   -8248088,          0
  2202,   208,   35000000,   24635432,        0,  -10364568,          0
  2202,   209,   35000000,   24962730,        0,  -10037270,          0
  2202,   210,   35000000,   27595462,        0,   -7404538,          0
  2202,   211,   35000000,   25029967,        0,   -9970033,          0
  2202,   212,   35000000,   28584637,        0,   -6415363,          0
  2202,   213,   35000000,   26866533,        0,   -8133467,          0
  2202,   214,   35000000,   26608247,        0,   -8391753,          0
  2202,   215,   35000000,   25328320,        0,   -9671680,          0
  2202,   216,   35000000,   24354906,        0,  -10645094,          0
  2202,   217,   35000000,   27332020,        0,   -7667980,          0
  2202,   218,   35000000,   27292114,        0,   -7707886,          0
  2202,   219,   35000000,   28438603,        0,   -6561397,          0
  2202,   220,   35000000,   23612802,        0,  -11387198,          0
  2202,   221,   35000000,   27488995,        0,   -7511005,          0
  2202,   222,   35000000,   24124789,        0,  -10875211,          0
  2202,   223,   35000000,   25613957,        0,   -9386043,          0
  2202,   224,   35000000,   25993116,        0,   -9006884,          0
  2202,   225,   35000000,   23789676,        0,  -11210324,          0
  2202,   226,   35000000,   26719417,        0,   -8280583,          0
  2202,   227,   35000000,   25566533,        0,   -9433467,          0
  2202,   228,   35000000,   28970893,        0,   -6029107,          0
  2202,   229,   35000000,   25552250,        0,   -9447750,          0
  2202,   230,   35000000,   28155280,        0,   -6844720,          0
  2202,   231,   35000000,   26657995,        0,   -8342005,          0
  2202,   232,   35000000,   25094574,        0,   -9905426,          0
  2202,   233,   35000000,   25944054,        0,   -9055946,          0
  2202,   234,   35000000,   24869294,        0,  -10130706,          0
  2202,   235,   35000000,   26556864,        0,   -8443136,          0
  2202,   236,   35000000,   25941644,        0,   -9058356,          0
  2202,   237,   35000000,   26488194,        0,   -8511806,          0
  2202,   238,   35000000,   26315547,        0,   -8684453,          0
  2202,   239,   35000000,   24664239,        0,  -10335761,          0
  2202,   240,   35000000,   26914952,        0,   -8085048,          0
  2202,   241,   35000000,   25623174,        0,   -9376826,          0
  2202,   242,   35000000,   28772376,        0,   -6227624,          0
  2202,   243,   35000000,   24164849,        0,  -10835151,          0
  2202,   244,   35000000,   26437064,        0,   -8562936,          0
  2202,   245,   35000000,   23613194,        0,  -11386806,          0
  2202,   246,   35000000,   24722577,        0,  -10277423,          0
  2202,   247,   35000000,   25793397,        0,   -9206603,          0
  2202,   248,   35000000,   23635952,        0,  -11364048,          0
  2202,   249,   35000000,   26694136,        0,   -8305864,          0
  2202,   250,   35000000,   23413474,        0,  -11586526,          0
  2202,   251,   35000000,   27321908,        0,   -7678092,          0
  2202,   252,   35000000,   25403430,        0,   -9596570,          0
  2202,   253,   35000000,   25587531,        0,   -9412469,          0
  2202,   254,   35000000,   26010664,        0,   -8989336,          0
  2202,   255,   35000000,   27212751,        0,   -7787249,          0
  2202,   256,   35000000,   26350232,        0,   -8649768,          0
  2202,   257,   35000000,   24629734,        0,  -10370266,          0
  2202,   258,   35000000,   29204041,        0,   -5795959,          0
  2202,   259,   35000000,   25378001,        0,   -9621999,          0
  2202,   260,   35000000,   26636198,        0,   -8363802,          0
  2202,   261,   35000000,   22918870,        0,  -12081130,          0
  2202,   262,   35000000,   25406709,        0,   -9593291,          0
  2202,   263,   35000000,   26093917,        0,   -8906083,          0
  2202,   264,   35000000,   24825412,        0,  -10174588,          0
  2202,   265,   35000000,   28187123,        0,   -6812877,          0
  2202,   266,   35000000,   24633895,        0,  -10366105,          0
  2202,   267,   35000000,   28462091,        0,   -6537909,          0
  2202,   268,   35000000,   25133215,        0,   -9866785,          0
  2202,   269,   35000000,   24651931,        0,  -10348069,          0
  2202,   270,   35000000,   26994989,        0,   -8005011,          0
  2202,   271,   35000000,   23672941,        0,  -11327059,          0
  2202,   272,   35000000,   28152086,        0,   -6847914,          0
  2202,   273,   35000000,   24435826,        0,  -10564174,          0
  2202,   274,   35000000,   27786437,        0,   -7213563,          0
  2202,   275,   35000000,   22916425,        0,  -12083575,          0
  2202,   276,   35000000,   25290954,        0,   -9709046,          0
  2202,   277,   35000000,   24802153,        0,  -10197847,          0
  2202,   278,   35000000,   26276683,        0,   -8723317,          0
  2202,   279,   35000000,   27110468,        0,   -7889532,          0
  2202,   280,   35000000,   24227945,        0,  -10772055,          0
  2202,   281,   35000000,   28842575,        0,   -6157425,          0
  2202,   282,   35000000,   24725287,        0,  -10274713,          0
  2202,   283,   35000000,   25793017,        0,   -9206983,          0
  2202,   284,   35000000,   25154097,        0,   -9845903,          0
  2202,   285,   35000000,   25202887,        0,   -9797113,          0
  2202,   286,   35000000,   26426620,        0,   -8573380,          0
  2202,   287,   35000000,   24362366,        0,  -10637634,          0
  2202,   288,   35000000,   25247232,        0,   -9752768,          0
  2202,   289,   35000000,   26617821,        0,   -8382179,          0
# task NAME=myapp PID=2206 COST=13385000 PERIOD=62000000 CPU=0
  2206,     2,   62000000,      15134,        0,  -61984866,          0
  2206,     3,   62000000,     142951,        0,  -61857049,          0
  2206,     4,   62000000,   15978935,        0,  -46021065,          0
  2206,     5,   62000000,   18071769,        0,  -43928231,          0
  2206,     6,   62000000,   21367273,        0,  -40632727,          0
  2206,     7,   62000000,   20562963,        0,  -41437037,          0
  2206,     8,   62000000,   19619041,        0,  -42380959,          0
  2206,     9,   62000000,   18220465,        0,  -43779535,          0
  2206,    10,   62000000,   18245063,        0,  -43754937,          0
  2206,    11,   62000000,   19224021,        0,  -42775979,          0
  2206,    12,   62000000,   19973697,        0,  -42026303,          0
  2206,    13,   62000000,   17268287,        0,  -44731713,          0
  2206,    14,   62000000,   17335723,        0,  -44664277,          0
  2206,    15,   62000000,   18836707,        0,  -43163293,          0
  2206,    16,   62000000,   22555842,        0,  -39444158,          0
  2206,    17,   62000000,   16501702,        0,  -45498298,          0
  2206,    18,   62000000,   19746255,        0,  -42253745,          0
  2206,    19,   62000000,   18396324,        0,  -43603676,          0
  2206,    20,   62000000,   19865405,        0,  -42134595,          0
  2206,    21,   62000000,   18201054,        0,  -43798946,          0
  2206,    22,   62000000,   17538510,        0,  -44461490,          0
  2206,    23,   62000000,   18329294,        0,  -43670706,          0
  2206,    24,   62000000,   20134493,        0,  -41865507,          0
  2206,    25,   62000000,   20175187,        0,  -41824813,          0
  2206,    26,   62000000,   18291215,        0,  -43708785,          0
  2206,    27,   62000000,   16674048,        0,  -45325952,          0
  2206,    28,   62000000,   18443638,        0,  -43556362,          0
  2206,    29,   62000000,   19314123,        0,  -42685877,          0
  2206,    30,   62000000,   18991684,        0,  -43008316,          0
  2206,    31,   62000000,   17292064,        0,  -44707936,          0
  2206,    32,   62000000,   18959020,        0,  -43040980,          0
  2206,    33,   62000000,   19474362,        0,  -42525638,          0
  2206,    34,   62000000,   18431035,        0,  -43568965,          0
  2206,    35,   62000000,   17884328,        0,  -44115672,          0
  2206,    36,   62000000,   18560951,        0,  -43439049,          0
  2206,    37,   62000000,   18055554,        0,  -43944446,          0
  2206,    38,   62000000,   21630771,        0,  -40369229,          0
  2206,    39,   62000000,   20824290,        0,  -41175710,          0
  2206,    40,   62000000,   19285479,        0,  -42714521,          0
  2206,    41,   62000000,   18284492,        0,  -43715508,          0
  2206,    42,   62000000,   18505735,        0,  -43494265,          0
  2206,    43,   62000000,   19262397,        0,  -42737603,          0
  2206,    44,   62000000,   19730190,        0,  -42269810,          0
  2206,    45,   62000000,   19526256,        0,  -42473744,          0
  2206,    46,   62000000,   18975700,        0,  -43024300,          0
  2206,    47,   62000000,   19241933,        0,  -42758067,          0
  2206,    48,   62000000,   17463741,        0,  -44536259,          0
  2206,    49,   62000000,   18523264,        0,  -43476736,          0
  2206,    50,   62000000,   20548873,        0,  -41451127,          0
  2206,    51,   62000000,   18777000,        0,  -43223000,          0
  2206,    52,   62000000,   19967365,        0,  -42032635,          0
  2206,    53,   62000000,   19144834,        0,  -42855166,          0
  2206,    54,   62000000,   18604426,        0,  -43395574,          0
  2206,    55,   62000000,   18728925,        0,  -43271075,          0
  2206,    56,   62000000,   18833747,        0,  -43166253,          0
  2206,    57,   62000000,   21071446,        0,  -40928554,          0
  2206,    58,   62000000,   18542139,        0,  -43457861,          0
  2206,    59,   62000000,   18156934,        0,  -43843066,          0
  2206,    60,   62000000,   18517260,        0,  -43482740,          0
  2206,    61,   62000000,   17313220,        0,  -44686780,          0
  2206,    62,   62000000,   18649891,        0,  -43350109,          0
  2206,    63,   62000000,   17949493,        0,  -44050507,          0
  2206,    64,   62000000,   20590662,        0,  -41409338,          0
  2206,    65,   62000000,   18103879,        0,  -43896121,          0
  2206,    66,   62000000,   18152173,        0,  -43847827,          0
  2206,    67,   62000000,   17567975,        0,  -44432025,          0
  2206,    68,   62000000,   18467619,        0,  -43532381,          0
  2206,    69,   62000000,   18335098,        0,  -43664902,          0
  2206,    70,   62000000,   17528631,        0,  -44471369,          0
  2206,    71,   62000000,   18175748,        0,  -43824252,          0
  2206,    72,   62000000,   19317697,        0,  -42682303,          0
  2206,    73,   62000000,   20231136,        0,  -41768864,          0
  2206,    74,   62000000,   18266657,        0,  -43733343,          0
  2206,    75,   62000000,   18389772,        0,  -43610228,          0
  2206,    76,   62000000,   20367193,        0,  -41632807,          0
  2206,    77,   62000000,   19241851,        0,  -42758149,          0
  2206,    78,   62000000,   18250629,        0,  -43749371,          0
  2206,    79,   62000000,   18382197,        0,  -43617803,          0
  2206,    80,   62000000,   18916061,        0,  -43083939,          0
  2206,    81,   62000000,   20427495,        0,  -41572505,          0
  2206,    82,   62000000,   18468068,        0,  -43531932,          0
  2206,    83,   62000000,   20106699,        0,  -41893301,          0
  2206,    84,   62000000,   17611067,        0,  -44388933,          0
  2206,    85,   62000000,   20321322,        0,  -41678678,          0
  2206,    86,   62000000,   18221180,        0,  -43778820,          0
  2206,    87,   62000000,   17859417,        0,  -44140583,          0
  2206,    88,   62000000,   17345538,        0,  -44654462,          0
  2206,    89,   62000000,   19098112,        0,  -42901888,          0
  2206,    90,   62000000,   18485530,        0,  -43514470,          0
  2206,    91,   62000000,   19782501,        0,  -42217499,          0
  2206,    92,   62000000,   17892024,        0,  -44107976,          0
  2206,    93,   62000000,   17128063,        0,  -44871937,          0
  2206,    94,   62000000,   19119828,        0,  -42880172,          0
  2206,    95,   62000000,   17849454,        0,  -44150546,          0
  2206,    96,   62000000,   18457513,        0,  -43542487,          0
  2206,    97,   62000000,   18369819,        0,  -43630181,          0
  2206,    98,   62000000,   18506386,        0,  -43493614,          0
  2206,    99,   62000000,   20722906,        0,  -41277094,          0
  2206,   100,   62000000,   18871943,        0,  -43128057,          0
  2206,   101,   62000000,   18784730,        0,  -43215270,          0
  2206,   102,   62000000,   20319872,        0,  -41680128,          0
  2206,   103,   62000000,   20224261,        0,  -41775739,          0
  2206,   104,   62000000,   22057714,        0,  -39942286,          0
  2206,   105,   62000000,   19209822,        0,  -42790178,          0
  2206,   106,   62000000,   17314892,        0,  -44685108,          0
  2206,   107,   62000000,   18301249,        0,  -43698751,          0
  2206,   108,   62000000,   18276921,        0,  -43723079,          0
  2206,   109,   62000000,   17236769,        0,  -44763231,          0
  2206,   110,   62000000,   16105964,        0,  -45894036,          0
  2206,   111,   62000000,   19778196,        0,  -42221804,          0
  2206,   112,   62000000,   17438852,        0,  -44561148,          0
  2206,   113,   62000000,   18436457,        0,  -43563543,          0
  2206,   114,   62000000,   19153327,        0,  -42846673,          0
  2206,   115,   62000000,   21158762,        0,  -40841238,          0
  2206,   116,   62000000,   21224462,        0,  -40775538,          0
  2206,   117,   62000000,   18551286,        0,  -43448714,          0
  2206,   118,   62000000,   16951513,        0,  -45048487,          0
  2206,   119,   62000000,   16656330,        0,  -45343670,          0
  2206,   120,   62000000,   19057043,        0,  -42942957,          0
  2206,   121,   62000000,   18471725,        0,  -43528275,          0
  2206,   122,   62000000,   16339075,        0,  -45660925,          0
  2206,   123,   62000000,   18267053,        0,  -43732947,          0
  2206,   124,   62000000,   20405724,        0,  -41594276,          0
  2206,   125,   62000000,   18387149,        0,  -43612851,          0
  2206,   126,   62000000,   21527082,        0,  -40472918,          0
  2206,   127,   62000000,   17325869,        0,  -44674131,          0
  2206,   128,   62000000,   18231868,        0,  -43768132,          0
  2206,   129,   62000000,   19239352,        0,  -42760648,          0
  2206,   130,   62000000,   18886561,        0,  -43113439,          0
  2206,   131,   62000000,   19747371,        0,  -42252629,          0
  2206,   132,   62000000,   17372487,        0,  -44627513,          0
  2206,   133,   62000000,   18382186,        0,  -43617814,          0
  2206,   134,   62000000,   20271474,        0,  -41728526,          0
  2206,   135,   62000000,   18442022,        0,  -43557978,          0
  2206,   136,   62000000,   16931348,        0,  -45068652,          0
  2206,   137,   62000000,   19405880,        0,  -42594120,          0
  2206,   138,   62000000,   18798589,        0,  -43201411,          0
  2206,   139,   62000000,   19989634,        0,  -42010366,          0
  2206,   140,   62000000,   18096771,        0,  -43903229,          0
  2206,   141,   62000000,   18179397,        0,  -43820603,          0
  2206,   142,   62000000,   19930335,        0,  -42069665,          0
  2206,   143,   62000000,   19246238,        0,  -42753762,          0
  2206,   144,   62000000,   18235987,        0,  -43764013,          0
  2206,   145,   62000000,   17399753,        0,  -44600247,          0
  2206,   146,   62000000,   19270577,        0,  -42729423,          0
  2206,   147,   62000000,   20802398,        0,  -41197602,          0
  2206,   148,   62000000,   20485889,        0,  -41514111,          0
  2206,   149,   62000000,   17243988,        0,  -44756012,          0
  2206,   150,   62000000,   18582838,        0,  -43417162,          0
  2206,   151,   62000000,   17949622,        0,  -44050378,          0
  2206,   152,   62000000,   18699182,        0,  -43300818,          0
  2206,   153,   62000000,   18226883,        0,  -43773117,          0
  2206,   154,   62000000,   18306773,        0,  -43693227,          0
  2206,   155,   62000000,   19116873,        0,  -42883127,          0
  2206,   156,   62000000,   21171501,        0,  -40828499,          0
  2206,   157,   62000000,   21289112,        0,  -40710888,          0
  2206,   158,   62000000,   17974192,        0,  -44025808,          0
  2206,   159,   62000000,   18690565,        0,  -43309435,          0
  2206,   160,   62000000,   19290067,        0,  -42709933,          0
  2206,   161,   62000000,   19383252,        0,  -42616748,          0
  2206,   162,   62000000,   19500708,        0,  -42499292,          0
  2206,   163,   62000000,   18478415,        0,  -43521585,          0
  2206,   164,   62000000,   19170913,        0,  -42829087,          0
  2206,   165,   62000000,   17600005,        0,  -44399995,          0
