137 137 0
938 938 0
135 135 0
435 435 0
227 227 0
291 291 0
295 295 0
649 649 0
305 305 0
197 197 0
140 140 0
130 130 0
141 141 0
182 182 0
188 188 0
163 163 0
257 257 0
294 294 0
156 156 0
269 269 0
144 144 0
738 738 0
311 311 0
479 479 0
284 284 0
183 183 0
308 308 0
141 141 0
240 240 0
191 191 0
157 157 0
146 146 0
933 933 0
388 388 0
476 476 0
124 124 0
196 196 0
197 197 0
171 171 0
137 137 0
135 135 0
172 172 0
159 159 0
428 428 0
150 150 0
131 131 0
126 126 0
135 135 0
475 475 0
323 323 0
360 360 0
292 292 0
163 163 0
228 228 0
527 527 0
639 639 0
405 405 0
189 189 0
198 198 0
345 345 0
260 260 0
270 270 0
865 865 0
127 127 0
143 143 0
132 132 0
128 128 0
149 149 0
222 222 0
169 169 0
247 247 0
241 241 0
233 233 0
206 206 0
131 131 0
645 645 0
132 132 0
464 464 0
235 235 0
164 164 0
795 795 0
147 147 0
410 410 0
172 172 0
226 226 0
155 155 0
207 207 0
162 162 0
120 120 0
228 228 0
198 198 0
152 152 0
587 587 0
166 166 0
340 340 0
186 186 0
946 946 0
152 152 0
140 140 0
159 159 0
273 273 0
485 485 0
148 148 0
524 524 0
141 141 0
191 191 0
147 147 0
146 146 0
124 124 0
296 296 0
304 304 0
155 155 0
225 225 0
195 195 0
136 136 0
553 553 0
136 136 0
173 173 0
162 162 0
433 433 0
252 252 0
166 166 0
397 397 0
252 252 0
335 335 0
140 140 0
161 161 0
614 614 0
176 176 0
131 131 0
288 288 0
147 147 0
292 292 0
204 204 0
194 194 0
130 130 0
259 259 0
