131 131 0
695 695 0
807 807 0
550 550 0
111 111 0
103 103 0
280 280 0
375 375 0
840 840 0
106 106 0
120 120 0
361 361 0
220 220 0
104 104 0
181 181 0
170 170 0
481 481 0
299 299 0
159 159 0
124 124 0
244 244 0
126 126 0
166 166 0
150 150 0
457 457 0
113 113 0
145 145 0
105 105 0
141 141 0
483 483 0
332 332 0
256 256 0
917 917 0
837 837 0
120 120 0
117 117 0
483 483 0
154 154 0
146 146 0
118 118 0
146 146 0
720 720 0
210 210 0
422 422 0
457 457 0
127 127 0
460 460 0
154 154 0
212 212 0
406 406 0
238 238 0
117 117 0
120 120 0
299 299 0
773 773 0
151 151 0
196 196 0
351 351 0
201 201 0
121 121 0
175 175 0
191 191 0
457 457 0
260 260 0
440 440 0
217 217 0
213 213 0
144 144 0
160 160 0
439 439 0
172 172 0
113 113 0
128 128 0
116 116 0
204 204 0
116 116 0
442 442 0
132 132 0
185 185 0
203 203 0
114 114 0
133 133 0
333 333 0
233 233 0
282 282 0
113 113 0
111 111 0
389 389 0
116 116 0
113 113 0
225 225 0
237 237 0
126 126 0
110 110 0
109 109 0
110 110 0
142 142 0
161 161 0
187 187 0
505 505 0
247 247 0
