186 186 0
185 185 0
314 314 0
185 185 0
680 680 0
122 122 0
181 181 0
264 264 0
116 116 0
120 120 0
394 394 0
189 189 0
889 889 0
381 381 0
192 192 0
131 131 0
110 110 0
566 566 0
150 150 0
151 151 0
245 245 0
118 118 0
191 191 0
328 328 0
160 160 0
117 117 0
536 536 0
287 287 0
164 164 0
726 726 0
171 171 0
162 162 0
132 132 0
115 115 0
634 634 0
505 505 0
105 105 0
249 249 0
251 251 0
460 460 0
121 121 0
110 110 0
166 166 0
106 106 0
530 530 0
137 137 0
257 257 0
508 508 0
195 195 0
270 270 0
193 193 0
109 109 0
192 192 0
108 108 0
112 112 0
1004 1004 0
144 144 0
159 159 0
284 284 0
117 117 0
283 283 0
362 362 0
260 260 0
348 348 0
126 126 0
105 105 0
536 536 0
112 112 0
215 215 0
407 407 0
246 246 0
129 129 0
241 241 0
191 191 0
129 129 0
1009 1009 0
188 188 0
115 115 0
327 327 0
113 113 0
438 438 0
105 105 0
125 125 0
423 423 0
146 146 0
364 364 0
629 629 0
356 356 0
108 108 0
126 126 0
130 130 0
374 374 0
116 116 0
1007 1007 0
291 291 0
361 361 0
118 118 0
124 124 0
300 300 0
128 128 0
177 177 0
256 256 0
777 777 0
166 166 0
123 123 0
129 129 0
179 179 0
179 179 0
132 132 0
595 595 0
158 158 0
226 226 0
114 114 0
118 118 0
147 147 0
178 178 0
111 111 0
422 422 0
120 120 0
141 141 0
104 104 0
127 127 0
837 837 0
128 128 0
107 107 0
224 224 0
421 421 0
163 163 0
776 776 0
157 157 0
237 237 0
107 107 0
158 158 0
290 290 0
184 184 0
192 192 0
255 255 0
629 629 0
263 263 0
