# Task,   Job,     Period,   Response, DL Miss?,   Lateness,  Tardiness
# task NAME=myapp PID=11425 COST=1569000 PERIOD=38000000 CPU=0
 11425,     2,   38000000,       8701,        0,  -37991299,          0
 11425,     3,   38000000,      53363,        0,  -37946637,          0
 11425,     4,   38000000,    2598234,        0,  -35401766,          0
 11425,     5,   38000000,    1612492,        0,  -36387508,          0
 11425,     6,   38000000,    1560789,        0,  -36439211,          0
 11425,     7,   38000000,    1565021,        0,  -36434979,          0
 11425,     8,   38000000,    1566856,        0,  -36433144,          0
 11425,     9,   38000000,    1594201,        0,  -36405799,          0
 11425,    10,   38000000,    1570844,        0,  -36429156,          0
 11425,    11,   38000000,    1574186,        0,  -36425814,          0
 11425,    12,   38000000,    1619453,        0,  -36380547,          0
 11425,    13,   38000000,    1579974,        0,  -36420026,          0
 11425,    14,   38000000,    1563395,        0,  -36436605,          0
 11425,    15,   38000000,    1592157,        0,  -36407843,          0
 11425,    16,   38000000,    1582326,        0,  -36417674,          0
 11425,    17,   38000000,    1585926,        0,  -36414074,          0
 11425,    18,   38000000,    1589667,        0,  -36410333,          0
 11425,    19,   38000000,    1667756,        0,  -36332244,          0
 11425,    20,   38000000,    1570371,        0,  -36429629,          0
 11425,    21,   38000000,    1585323,        0,  -36414677,          0
 11425,    22,   38000000,    1559135,        0,  -36440865,          0
 11425,    23,   38000000,    1573343,        0,  -36426657,          0
 11425,    24,   38000000,    1560192,        0,  -36439808,          0
 11425,    25,   38000000,    1596364,        0,  -36403636,          0
 11425,    26,   38000000,    1590223,        0,  -36409777,          0
 11425,    27,   38000000,    1562229,        0,  -36437771,          0
 11425,    28,   38000000,    1573586,        0,  -36426414,          0
 11425,    29,   38000000,    1578245,        0,  -36421755,          0
 11425,    30,   38000000,    3595142,        0,  -34404858,          0
 11425,    31,   38000000,    1559625,        0,  -36440375,          0
 11425,    32,   38000000,    1570690,        0,  -36429310,          0
 11425,    33,   38000000,    1581512,        0,  -36418488,          0
 11425,    34,   38000000,    3634087,        0,  -34365913,          0
 11425,    35,   38000000,    1619791,        0,  -36380209,          0
 11425,    36,   38000000,    1562647,        0,  -36437353,          0
 11425,    37,   38000000,    1673079,        0,  -36326921,          0
 11425,    38,   38000000,    1599970,        0,  -36400030,          0
 11425,    39,   38000000,    1851792,        0,  -36148208,          0
 11425,    40,   38000000,    1602701,        0,  -36397299,          0
 11425,    41,   38000000,    1566790,        0,  -36433210,          0
 11425,    42,   38000000,    1596196,        0,  -36403804,          0
 11425,    43,   38000000,    1637648,        0,  -36362352,          0
 11425,    44,   38000000,    1575543,        0,  -36424457,          0
 11425,    45,   38000000,    1631073,        0,  -36368927,          0
 11425,    46,   38000000,    1556027,        0,  -36443973,          0
 11425,    47,   38000000,    1574810,        0,  -36425190,          0
 11425,    48,   38000000,    1569072,        0,  -36430928,          0
 11425,    49,   38000000,    1585626,        0,  -36414374,          0
 11425,    50,   38000000,    1636939,        0,  -36363061,          0
 11425,    51,   38000000,    1556896,        0,  -36443104,          0
 11425,    52,   38000000,    1581248,        0,  -36418752,          0
 11425,    53,   38000000,    1565126,        0,  -36434874,          0
 11425,    54,   38000000,    1602366,        0,  -36397634,          0
 11425,    55,   38000000,    1680417,        0,  -36319583,          0
 11425,    56,   38000000,    1580112,        0,  -36419888,          0
 11425,    57,   38000000,    1601931,        0,  -36398069,          0
 11425,    58,   38000000,    1583766,        0,  -36416234,          0
 11425,    59,   38000000,    1615165,        0,  -36384835,          0
 11425,    60,   38000000,    1586720,        0,  -36413280,          0
 11425,    61,   38000000,    1589106,        0,  -36410894,          0
 11425,    62,   38000000,    1842822,        0,  -36157178,          0
 11425,    63,   38000000,    1558383,        0,  -36441617,          0
 11425,    64,   38000000,    1590784,        0,  -36409216,          0
 11425,    65,   38000000,    3586827,        0,  -34413173,          0
 11425,    66,   38000000,    1598007,        0,  -36401993,          0
 11425,    67,   38000000,    1570697,        0,  -36429303,          0
 11425,    68,   38000000,    1577307,        0,  -36422693,          0
 11425,    69,   38000000,    1596582,        0,  -36403418,          0
 11425,    70,   38000000,    1624112,        0,  -36375888,          0
 11425,    71,   38000000,    1662926,        0,  -36337074,          0
 11425,    72,   38000000,    1558026,        0,  -36441974,          0
 11425,    73,   38000000,    1566986,        0,  -36433014,          0
 11425,    74,   38000000,    1624731,        0,  -36375269,          0
 11425,    75,   38000000,    1602346,        0,  -36397654,          0
 11425,    76,   38000000,    1567072,        0,  -36432928,          0
 11425,    77,   38000000,    1576964,        0,  -36423036,          0
 11425,    78,   38000000,    1632189,        0,  -36367811,          0
 11425,    79,   38000000,    1640026,        0,  -36359974,          0
 11425,    80,   38000000,    1593496,        0,  -36406504,          0
 11425,    81,   38000000,    1581856,        0,  -36418144,          0
 11425,    82,   38000000,    1573190,        0,  -36426810,          0
 11425,    83,   38000000,    1580267,        0,  -36419733,          0
 11425,    84,   38000000,    1603945,        0,  -36396055,          0
 11425,    85,   38000000,    1558501,        0,  -36441499,          0
 11425,    86,   38000000,    1580151,        0,  -36419849,          0
 11425,    87,   38000000,    1565260,        0,  -36434740,          0
 11425,    88,   38000000,    1596123,        0,  -36403877,          0
 11425,    89,   38000000,    1565017,        0,  -36434983,          0
 11425,    90,   38000000,    1567920,        0,  -36432080,          0
 11425,    91,   38000000,    1555070,        0,  -36444930,          0
 11425,    92,   38000000,    1695926,        0,  -36304074,          0
 11425,    93,   38000000,    1640960,        0,  -36359040,          0
 11425,    94,   38000000,    1566197,        0,  -36433803,          0
 11425,    95,   38000000,    1607663,        0,  -36392337,          0
 11425,    96,   38000000,    1594051,        0,  -36405949,          0
 11425,    97,   38000000,    1589507,        0,  -36410493,          0
 11425,    98,   38000000,    1569514,        0,  -36430486,          0
 11425,    99,   38000000,    1579508,        0,  -36420492,          0
 11425,   100,   38000000,    1560242,        0,  -36439758,          0
 11425,   101,   38000000,    2534774,        0,  -35465226,          0
 11425,   102,   38000000,    1580737,        0,  -36419263,          0
 11425,   103,   38000000,    1577207,        0,  -36422793,          0
 11425,   104,   38000000,    1557667,        0,  -36442333,          0
 11425,   105,   38000000,    1569280,        0,  -36430720,          0
 11425,   106,   38000000,    1581309,        0,  -36418691,          0
 11425,   107,   38000000,    2602392,        0,  -35397608,          0
 11425,   108,   38000000,    1604673,        0,  -36395327,          0
 11425,   109,   38000000,    1592428,        0,  -36407572,          0
 11425,   110,   38000000,    1591961,        0,  -36408039,          0
 11425,   111,   38000000,    1578800,        0,  -36421200,          0
 11425,   112,   38000000,    2514618,        0,  -35485382,          0
 11425,   113,   38000000,    1591256,        0,  -36408744,          0
 11425,   114,   38000000,    2305967,        0,  -35694033,          0
 11425,   115,   38000000,    1580677,        0,  -36419323,          0
 11425,   116,   38000000,    1591761,        0,  -36408239,          0
 11425,   117,   38000000,    1561317,        0,  -36438683,          0
 11425,   118,   38000000,    2463087,        0,  -35536913,          0
 11425,   119,   38000000,    1562663,        0,  -36437337,          0
 11425,   120,   38000000,    1594575,        0,  -36405425,          0
 11425,   121,   38000000,    1563279,        0,  -36436721,          0
 11425,   122,   38000000,    1569954,        0,  -36430046,          0
 11425,   123,   38000000,    2360859,        0,  -35639141,          0
 11425,   124,   38000000,    1572992,        0,  -36427008,          0
 11425,   125,   38000000,    1596195,        0,  -36403805,          0
 11425,   126,   38000000,    1556374,        0,  -36443626,          0
 11425,   127,   38000000,    1608839,        0,  -36391161,          0
 11425,   128,   38000000,    1601347,        0,  -36398653,          0
 11425,   129,   38000000,    1637722,        0,  -36362278,          0
 11425,   130,   38000000,    1583483,        0,  -36416517,          0
 11425,   131,   38000000,    1565773,        0,  -36434227,          0
 11425,   132,   38000000,    1566772,        0,  -36433228,          0
 11425,   133,   38000000,    1557035,        0,  -36442965,          0
 11425,   134,   38000000,    1557081,        0,  -36442919,          0
 11425,   135,   38000000,    1555205,        0,  -36444795,          0
 11425,   136,   38000000,    1584565,        0,  -36415435,          0
 11425,   137,   38000000,    1618146,        0,  -36381854,          0
 11425,   138,   38000000,    1573906,        0,  -36426094,          0
 11425,   139,   38000000,    1587177,        0,  -36412823,          0
 11425,   140,   38000000,    1571310,        0,  -36428690,          0
 11425,   141,   38000000,    1701360,        0,  -36298640,          0
 11425,   142,   38000000,    1560500,        0,  -36439500,          0
 11425,   143,   38000000,    2332324,        0,  -35667676,          0
 11425,   144,   38000000,    1563626,        0,  -36436374,          0
 11425,   145,   38000000,    1563885,        0,  -36436115,          0
 11425,   146,   38000000,    1583756,        0,  -36416244,          0
 11425,   147,   38000000,    1568322,        0,  -36431678,          0
 11425,   148,   38000000,    1583905,        0,  -36416095,          0
 11425,   149,   38000000,    1559918,        0,  -36440082,          0
 11425,   150,   38000000,    1579268,        0,  -36420732,          0
 11425,   151,   38000000,    1562374,        0,  -36437626,          0
 11425,   152,   38000000,    1558336,        0,  -36441664,          0
 11425,   153,   38000000,    1576836,        0,  -36423164,          0
 11425,   154,   38000000,    1565095,        0,  -36434905,          0
 11425,   155,   38000000,    1601968,        0,  -36398032,          0
 11425,   156,   38000000,    1597734,        0,  -36402266,          0
 11425,   157,   38000000,    1561625,        0,  -36438375,          0
 11425,   158,   38000000,    1571124,        0,  -36428876,          0
 11425,   159,   38000000,    1585662,        0,  -36414338,          0
 11425,   160,   38000000,    1569077,        0,  -36430923,          0
 11425,   161,   38000000,    1567826,        0,  -36432174,          0
 11425,   162,   38000000,    1580663,        0,  -36419337,          0
 11425,   163,   38000000,    1619369,        0,  -36380631,          0
 11425,   164,   38000000,    1846929,        0,  -36153071,          0
 11425,   165,   38000000,    1631017,        0,  -36368983,          0
 11425,   166,   38000000,    1563246,        0,  -36436754,          0
 11425,   167,   38000000,    1619688,        0,  -36380312,          0
 11425,   168,   38000000,    1567292,        0,  -36432708,          0
 11425,   169,   38000000,    1558369,        0,  -36441631,          0
 11425,   170,   38000000,    1682081,        0,  -36317919,          0
 11425,   171,   38000000,    1627519,        0,  -36372481,          0
 11425,   172,   38000000,    1566122,        0,  -36433878,          0
 11425,   173,   38000000,    1562674,        0,  -36437326,          0
 11425,   174,   38000000,    1653892,        0,  -36346108,          0
 11425,   175,   38000000,    1570982,        0,  -36429018,          0
 11425,   176,   38000000,    1594421,        0,  -36405579,          0
 11425,   177,   38000000,    1586688,        0,  -36413312,          0
 11425,   178,   38000000,    1578342,        0,  -36421658,          0
 11425,   179,   38000000,    1563024,        0,  -36436976,          0
 11425,   180,   38000000,    1634297,        0,  -36365703,          0
 11425,   181,   38000000,    1561144,        0,  -36438856,          0
 11425,   182,   38000000,    1604972,        0,  -36395028,          0
 11425,   183,   38000000,    1604750,        0,  -36395250,          0
 11425,   184,   38000000,    1581413,        0,  -36418587,          0
 11425,   185,   38000000,    1556844,        0,  -36443156,          0
 11425,   186,   38000000,    2569643,        0,  -35430357,          0
 11425,   187,   38000000,    1840800,        0,  -36159200,          0
 11425,   188,   38000000,    1627105,        0,  -36372895,          0
 11425,   189,   38000000,    1589136,        0,  -36410864,          0
 11425,   190,   38000000,    1579918,        0,  -36420082,          0
 11425,   191,   38000000,    1652165,        0,  -36347835,          0
 11425,   192,   38000000,    4299801,        0,  -33700199,          0
 11425,   193,   38000000,    1576448,        0,  -36423552,          0
 11425,   194,   38000000,    1567365,        0,  -36432635,          0
 11425,   195,   38000000,    1578595,        0,  -36421405,          0
 11425,   196,   38000000,    2611763,        0,  -35388237,          0
 11425,   197,   38000000,    1601959,        0,  -36398041,          0
 11425,   198,   38000000,    1565200,        0,  -36434800,          0
 11425,   199,   38000000,    1574306,        0,  -36425694,          0
 11425,   200,   38000000,    1559679,        0,  -36440321,          0
 11425,   201,   38000000,    1560900,        0,  -36439100,          0
 11425,   202,   38000000,    1558342,        0,  -36441658,          0
 11425,   203,   38000000,    1620735,        0,  -36379265,          0
 11425,   204,   38000000,    1586236,        0,  -36413764,          0
 11425,   205,   38000000,    1556399,        0,  -36443601,          0
 11425,   206,   38000000,    1561155,        0,  -36438845,          0
 11425,   207,   38000000,    1649787,        0,  -36350213,          0
 11425,   208,   38000000,    1574441,        0,  -36425559,          0
 11425,   209,   38000000,    1572663,        0,  -36427337,          0
 11425,   210,   38000000,    1587562,        0,  -36412438,          0
 11425,   211,   38000000,    1564455,        0,  -36435545,          0
 11425,   212,   38000000,    1602394,        0,  -36397606,          0
 11425,   213,   38000000,    1622483,        0,  -36377517,          0
 11425,   214,   38000000,    1636421,        0,  -36363579,          0
 11425,   215,   38000000,    1559446,        0,  -36440554,          0
 11425,   216,   38000000,    1614032,        0,  -36385968,          0
 11425,   217,   38000000,    1552845,        0,  -36447155,          0
 11425,   218,   38000000,    2925223,        0,  -35074777,          0
 11425,   219,   38000000,    1587223,        0,  -36412777,          0
 11425,   220,   38000000,    1593453,        0,  -36406547,          0
 11425,   221,   38000000,    1620796,        0,  -36379204,          0
 11425,   222,   38000000,    1570634,        0,  -36429366,          0
 11425,   223,   38000000,    4427385,        0,  -33572615,          0
 11425,   224,   38000000,    1583240,        0,  -36416760,          0
 11425,   225,   38000000,    1959200,        0,  -36040800,          0
 11425,   226,   38000000,    1561689,        0,  -36438311,          0
 11425,   227,   38000000,    2332209,        0,  -35667791,          0
 11425,   228,   38000000,    1578056,        0,  -36421944,          0
 11425,   229,   38000000,    1600345,        0,  -36399655,          0
 11425,   230,   38000000,    1578456,        0,  -36421544,          0
 11425,   231,   38000000,    1580900,        0,  -36419100,          0
 11425,   232,   38000000,    1562444,        0,  -36437556,          0
 11425,   233,   38000000,    1564106,        0,  -36435894,          0
 11425,   234,   38000000,    3926447,        0,  -34073553,          0
 11425,   235,   38000000,    1575061,        0,  -36424939,          0
 11425,   236,   38000000,    1595421,        0,  -36404579,          0
 11425,   237,   38000000,    1587105,        0,  -36412895,          0
 11425,   238,   38000000,    1596941,        0,  -36403059,          0
 11425,   239,   38000000,    1553604,        0,  -36446396,          0
 11425,   240,   38000000,    1572752,        0,  -36427248,          0
 11425,   241,   38000000,    1575671,        0,  -36424329,          0
 11425,   242,   38000000,    1565328,        0,  -36434672,          0
 11425,   243,   38000000,    1595334,        0,  -36404666,          0
 11425,   244,   38000000,    1613557,        0,  -36386443,          0
 11425,   245,   38000000,    1614397,        0,  -36385603,          0
 11425,   246,   38000000,    1568216,        0,  -36431784,          0
 11425,   247,   38000000,    1560508,        0,  -36439492,          0
 11425,   248,   38000000,    1554359,        0,  -36445641,          0
 11425,   249,   38000000,    1562300,        0,  -36437700,          0
 11425,   250,   38000000,    1673085,        0,  -36326915,          0
 11425,   251,   38000000,    1584118,        0,  -36415882,          0
 11425,   252,   38000000,    1563407,        0,  -36436593,          0
 11425,   253,   38000000,    1564687,        0,  -36435313,          0
 11425,   254,   38000000,    1586330,        0,  -36413670,          0
 11425,   255,   38000000,    1603846,        0,  -36396154,          0
 11425,   256,   38000000,    1568740,        0,  -36431260,          0
 11425,   257,   38000000,    1610766,        0,  -36389234,          0
 11425,   258,   38000000,    1563789,        0,  -36436211,          0
 11425,   259,   38000000,    1571511,        0,  -36428489,          0
 11425,   260,   38000000,    1566594,        0,  -36433406,          0
 11425,   261,   38000000,    1557208,        0,  -36442792,          0
 11425,   262,   38000000,    1585677,        0,  -36414323,          0
 11425,   263,   38000000,    1583346,        0,  -36416654,          0
 11425,   264,   38000000,    1577623,        0,  -36422377,          0
 11425,   265,   38000000,    1642643,        0,  -36357357,          0
 11425,   266,   38000000,    1617700,        0,  -36382300,          0
 11425,   267,   38000000,    1574375,        0,  -36425625,          0
# task NAME=myapp PID=11428 COST=82059000 PERIOD=96000000 CPU=0
 11428,     2,   96000000,       9366,        0,  -95990634,          0
 11428,     3,   96000000,      48186,        0,  -95951814,          0
 11428,     4,   96000000,   82764436,        0,  -13235564,          0
 11428,     5,   96000000,   80660977,        0,  -15339023,          0
 11428,     6,   96000000,   80618393,        0,  -15381607,          0
 11428,     7,   96000000,   80320455,        0,  -15679545,          0
 11428,     8,   96000000,   80644336,        0,  -15355664,          0
 11428,     9,   96000000,   80989384,        0,  -15010616,          0
 11428,    10,   96000000,   80663973,        0,  -15336027,          0
 11428,    11,   96000000,   80350879,        0,  -15649121,          0
 11428,    12,   96000000,   80693665,        0,  -15306335,          0
 11428,    13,   96000000,   80637628,        0,  -15362372,          0
 11428,    14,   96000000,   80628355,        0,  -15371645,          0
 11428,    15,   96000000,   80402127,        0,  -15597873,          0
 11428,    16,   96000000,   80445992,        0,  -15554008,          0
 11428,    17,   96000000,   80686934,        0,  -15313066,          0
 11428,    18,   96000000,   80957473,        0,  -15042527,          0
 11428,    19,   96000000,   80631863,        0,  -15368137,          0
 11428,    20,   96000000,   80340536,        0,  -15659464,          0
 11428,    21,   96000000,   80669335,        0,  -15330665,          0
 11428,    22,   96000000,   80587157,        0,  -15412843,          0
 11428,    23,   96000000,   80584487,        0,  -15415513,          0
 11428,    24,   96000000,   80434710,        0,  -15565290,          0
 11428,    25,   96000000,   80794585,        0,  -15205415,          0
 11428,    26,   96000000,   80685110,        0,  -15314890,          0
 11428,    27,   96000000,   80628827,        0,  -15371173,          0
 11428,    28,   96000000,   80316789,        0,  -15683211,          0
 11428,    29,   96000000,   80643261,        0,  -15356739,          0
 11428,    30,   96000000,   80747538,        0,  -15252462,          0
 11428,    31,   96000000,   82341504,        0,  -13658496,          0
 11428,    32,   96000000,   80346299,        0,  -15653701,          0
 11428,    33,   96000000,   80281055,        0,  -15718945,          0
 11428,    34,   96000000,   80683412,        0,  -15316588,          0
 11428,    35,   96000000,   80634318,        0,  -15365682,          0
 11428,    36,   96000000,   80660624,        0,  -15339376,          0
 11428,    37,   96000000,   80437729,        0,  -15562271,          0
 11428,    38,   96000000,   80665292,        0,  -15334708,          0
 11428,    39,   96000000,   80624987,        0,  -15375013,          0
 11428,    40,   96000000,   80664733,        0,  -15335267,          0
 11428,    41,   96000000,   82071787,        0,  -13928213,          0
 11428,    42,   96000000,   80464529,        0,  -15535471,          0
 11428,    43,   96000000,   80627240,        0,  -15372760,          0
 11428,    44,   96000000,   80638024,        0,  -15361976,          0
 11428,    45,   96000000,   80349556,        0,  -15650444,          0
 11428,    46,   96000000,   80328804,        0,  -15671196,          0
 11428,    47,   96000000,   82552428,        0,  -13447572,          0
 11428,    48,   96000000,   80748894,        0,  -15251106,          0
 11428,    49,   96000000,   80986448,        0,  -15013552,          0
 11428,    50,   96000000,   80374204,        0,  -15625796,          0
 11428,    51,   96000000,   80665698,        0,  -15334302,          0
 11428,    52,   96000000,   81067293,        0,  -14932707,          0
 11428,    53,   96000000,   80912996,        0,  -15087004,          0
 11428,    54,   96000000,   80371360,        0,  -15628640,          0
 11428,    55,   96000000,   80623386,        0,  -15376614,          0
 11428,    56,   96000000,   80621743,        0,  -15378257,          0
 11428,    57,   96000000,   80638922,        0,  -15361078,          0
 11428,    58,   96000000,   80287381,        0,  -15712619,          0
 11428,    59,   96000000,   80357310,        0,  -15642690,          0
 11428,    60,   96000000,   80605639,        0,  -15394361,          0
 11428,    61,   96000000,   80676404,        0,  -15323596,          0
 11428,    62,   96000000,   80599975,        0,  -15400025,          0
 11428,    63,   96000000,   80320290,        0,  -15679710,          0
 11428,    64,   96000000,   80584660,        0,  -15415340,          0
 11428,    65,   96000000,   80944063,        0,  -15055937,          0
 11428,    66,   96000000,   81570161,        0,  -14429839,          0
 11428,    67,   96000000,   80376488,        0,  -15623512,          0
 11428,    68,   96000000,   80613273,        0,  -15386727,          0
 11428,    69,   96000000,   80567623,        0,  -15432377,          0
 11428,    70,   96000000,   80600424,        0,  -15399576,          0
 11428,    71,   96000000,   80337916,        0,  -15662084,          0
 11428,    72,   96000000,   81440234,        0,  -14559766,          0
 11428,    73,   96000000,   80649268,        0,  -15350732,          0
 11428,    74,   96000000,   80601520,        0,  -15398480,          0
 11428,    75,   96000000,   80357692,        0,  -15642308,          0
 11428,    76,   96000000,   80318672,        0,  -15681328,          0
 11428,    77,   96000000,   80557912,        0,  -15442088,          0
 11428,    78,   96000000,   80596280,        0,  -15403720,          0
 11428,    79,   96000000,   80601337,        0,  -15398663,          0
 11428,    80,   96000000,   80636110,        0,  -15363890,          0
 11428,    81,   96000000,   80635489,        0,  -15364511,          0
 11428,    82,   96000000,   80724811,        0,  -15275189,          0
 11428,    83,   96000000,   80656169,        0,  -15343831,          0
 11428,    84,   96000000,   80475559,        0,  -15524441,          0
 11428,    85,   96000000,   80303311,        0,  -15696689,          0
 11428,    86,   96000000,   80642019,        0,  -15357981,          0
 11428,    87,   96000000,   81537031,        0,  -14462969,          0
 11428,    88,   96000000,   80678317,        0,  -15321683,          0
 11428,    89,   96000000,   80291945,        0,  -15708055,          0
 11428,    90,   96000000,   80580378,        0,  -15419622,          0
 11428,    91,   96000000,   82345436,        0,  -13654564,          0
 11428,    92,   96000000,   80712890,        0,  -15287110,          0
 11428,    93,   96000000,   80428676,        0,  -15571324,          0
 11428,    94,   96000000,   80566179,        0,  -15433821,          0
 11428,    95,   96000000,   80905481,        0,  -15094519,          0
 11428,    96,   96000000,   80611919,        0,  -15388081,          0
 11428,    97,   96000000,   81714908,        0,  -14285092,          0
 11428,    98,   96000000,   80670608,        0,  -15329392,          0
 11428,    99,   96000000,   80561357,        0,  -15438643,          0
 11428,   100,   96000000,   80575223,        0,  -15424777,          0
 11428,   101,   96000000,   81261058,        0,  -14738942,          0
 11428,   102,   96000000,   80293915,        0,  -15706085,          0
 11428,   103,   96000000,   80661531,        0,  -15338469,          0
 11428,   104,   96000000,   80613436,        0,  -15386564,          0
 11428,   105,   96000000,   80650238,        0,  -15349762,          0
 11428,   106,   96000000,   80315182,        0,  -15684818,          0
 11428,   107,   96000000,   80648184,        0,  -15351816,          0
 11428,   108,   96000000,   80591583,        0,  -15408417,          0
# task NAME=myapp PID=11432 COST=11572000 PERIOD=68000000 CPU=0
 11432,     2,   68000000,       8481,        0,  -67991519,          0
 11432,     3,   68000000,      32984,        0,  -67967016,          0
 11432,     4,   68000000,   13401717,        0,  -54598283,          0
 11432,     5,   68000000,   11351238,        0,  -56648762,          0
 11432,     6,   68000000,   11393071,        0,  -56606929,          0
 11432,     7,   68000000,   11401908,        0,  -56598092,          0
 11432,     8,   68000000,   11351404,        0,  -56648596,          0
 11432,     9,   68000000,   11346829,        0,  -56653171,          0
 11432,    10,   68000000,   11404183,        0,  -56595817,          0
 11432,    11,   68000000,   11502107,        0,  -56497893,          0
 11432,    12,   68000000,   12513796,        0,  -55486204,          0
 11432,    13,   68000000,   11372125,        0,  -56627875,          0
 11432,    14,   68000000,   11393389,        0,  -56606611,          0
 11432,    15,   68000000,   11344084,        0,  -56655916,          0
 11432,    16,   68000000,   11429751,        0,  -56570249,          0
 11432,    17,   68000000,   11392222,        0,  -56607778,          0
 11432,    18,   68000000,   11432625,        0,  -56567375,          0
 11432,    19,   68000000,   11371979,        0,  -56628021,          0
 11432,    20,   68000000,   11394769,        0,  -56605231,          0
 11432,    21,   68000000,   11357905,        0,  -56642095,          0
 11432,    22,   68000000,   11848250,        0,  -56151750,          0
 11432,    23,   68000000,   11629507,        0,  -56370493,          0
 11432,    24,   68000000,   11432271,        0,  -56567729,          0
 11432,    25,   68000000,   11360300,        0,  -56639700,          0
 11432,    26,   68000000,   11363333,        0,  -56636667,          0
 11432,    27,   68000000,   11365119,        0,  -56634881,          0
 11432,    28,   68000000,   11364188,        0,  -56635812,          0
 11432,    29,   68000000,   11353416,        0,  -56646584,          0
 11432,    30,   68000000,   11359334,        0,  -56640666,          0
 11432,    31,   68000000,   11362706,        0,  -56637294,          0
 11432,    32,   68000000,   11371148,        0,  -56628852,          0
 11432,    33,   68000000,   11452957,        0,  -56547043,          0
 11432,    34,   68000000,   11638626,        0,  -56361374,          0
 11432,    35,   68000000,   11345279,        0,  -56654721,          0
 11432,    36,   68000000,   11388662,        0,  -56611338,          0
 11432,    37,   68000000,   11349932,        0,  -56650068,          0
 11432,    38,   68000000,   11389257,        0,  -56610743,          0
 11432,    39,   68000000,   11869416,        0,  -56130584,          0
 11432,    40,   68000000,   11366025,        0,  -56633975,          0
 11432,    41,   68000000,   11556152,        0,  -56443848,          0
 11432,    42,   68000000,   13404291,        0,  -54595709,          0
 11432,    43,   68000000,   11359526,        0,  -56640474,          0
 11432,    44,   68000000,   11374156,        0,  -56625844,          0
 11432,    45,   68000000,   11418287,        0,  -56581713,          0
 11432,    46,   68000000,   11381167,        0,  -56618833,          0
 11432,    47,   68000000,   11651401,        0,  -56348599,          0
 11432,    48,   68000000,   11354715,        0,  -56645285,          0
 11432,    49,   68000000,   13446371,        0,  -54553629,          0
 11432,    50,   68000000,   11858887,        0,  -56141113,          0
 11432,    51,   68000000,   11390016,        0,  -56609984,          0
 11432,    52,   68000000,   11388170,        0,  -56611830,          0
 11432,    53,   68000000,   11362190,        0,  -56637810,          0
 11432,    54,   68000000,   11555652,        0,  -56444348,          0
 11432,    55,   68000000,   11359008,        0,  -56640992,          0
 11432,    56,   68000000,   11652458,        0,  -56347542,          0
 11432,    57,   68000000,   12822155,        0,  -55177845,          0
 11432,    58,   68000000,   11689443,        0,  -56310557,          0
 11432,    59,   68000000,   11387352,        0,  -56612648,          0
 11432,    60,   68000000,   11411656,        0,  -56588344,          0
 11432,    61,   68000000,   11499929,        0,  -56500071,          0
 11432,    62,   68000000,   11725935,        0,  -56274065,          0
 11432,    63,   68000000,   11380182,        0,  -56619818,          0
 11432,    64,   68000000,   12388528,        0,  -55611472,          0
 11432,    65,   68000000,   11473984,        0,  -56526016,          0
 11432,    66,   68000000,   12087842,        0,  -55912158,          0
 11432,    67,   68000000,   11409703,        0,  -56590297,          0
 11432,    68,   68000000,   11449672,        0,  -56550328,          0
 11432,    69,   68000000,   12209879,        0,  -55790121,          0
 11432,    70,   68000000,   12520345,        0,  -55479655,          0
 11432,    71,   68000000,   11496145,        0,  -56503855,          0
 11432,    72,   68000000,   11345748,        0,  -56654252,          0
 11432,    73,   68000000,   11510625,        0,  -56489375,          0
 11432,    74,   68000000,   11355075,        0,  -56644925,          0
 11432,    75,   68000000,   11459234,        0,  -56540766,          0
 11432,    76,   68000000,   11369611,        0,  -56630389,          0
 11432,    77,   68000000,   11400626,        0,  -56599374,          0
 11432,    78,   68000000,   11367818,        0,  -56632182,          0
 11432,    79,   68000000,   11427999,        0,  -56572001,          0
 11432,    80,   68000000,   11795254,        0,  -56204746,          0
 11432,    81,   68000000,   11371887,        0,  -56628113,          0
 11432,    82,   68000000,   11355332,        0,  -56644668,          0
 11432,    83,   68000000,   11443330,        0,  -56556670,          0
 11432,    84,   68000000,   11647400,        0,  -56352600,          0
 11432,    85,   68000000,   11442532,        0,  -56557468,          0
 11432,    86,   68000000,   11409244,        0,  -56590756,          0
 11432,    87,   68000000,   11460782,        0,  -56539218,          0
 11432,    88,   68000000,   11384922,        0,  -56615078,          0
 11432,    89,   68000000,   11387428,        0,  -56612572,          0
 11432,    90,   68000000,   11374719,        0,  -56625281,          0
 11432,    91,   68000000,   11635297,        0,  -56364703,          0
 11432,    92,   68000000,   11383975,        0,  -56616025,          0
 11432,    93,   68000000,   11361160,        0,  -56638840,          0
 11432,    94,   68000000,   11417075,        0,  -56582925,          0
 11432,    95,   68000000,   11376689,        0,  -56623311,          0
 11432,    96,   68000000,   11389453,        0,  -56610547,          0
 11432,    97,   68000000,   11382620,        0,  -56617380,          0
 11432,    98,   68000000,   12254394,        0,  -55745606,          0
 11432,    99,   68000000,   11392511,        0,  -56607489,          0
 11432,   100,   68000000,   11425557,        0,  -56574443,          0
 11432,   101,   68000000,   11413497,        0,  -56586503,          0
 11432,   102,   68000000,   11636608,        0,  -56363392,          0
 11432,   103,   68000000,   11355655,        0,  -56644345,          0
 11432,   104,   68000000,   13282959,        0,  -54717041,          0
 11432,   105,   68000000,   11434947,        0,  -56565053,          0
 11432,   106,   68000000,   11372366,        0,  -56627634,          0
 11432,   107,   68000000,   11357146,        0,  -56642854,          0
 11432,   108,   68000000,   11383736,        0,  -56616264,          0
 11432,   109,   68000000,   11415253,        0,  -56584747,          0
 11432,   110,   68000000,   11432043,        0,  -56567957,          0
 11432,   111,   68000000,   11408420,        0,  -56591580,          0
 11432,   112,   68000000,   12227443,        0,  -55772557,          0
 11432,   113,   68000000,   11344656,        0,  -56655344,          0
 11432,   114,   68000000,   11353503,        0,  -56646497,          0
 11432,   115,   68000000,   11629938,        0,  -56370062,          0
 11432,   116,   68000000,   11415367,        0,  -56584633,          0
 11432,   117,   68000000,   12050820,        0,  -55949180,          0
 11432,   118,   68000000,   11339901,        0,  -56660099,          0
 11432,   119,   68000000,   11456092,        0,  -56543908,          0
 11432,   120,   68000000,   11361009,        0,  -56638991,          0
 11432,   121,   68000000,   11373977,        0,  -56626023,          0
 11432,   122,   68000000,   11351375,        0,  -56648625,          0
 11432,   123,   68000000,   11664841,        0,  -56335159,          0
 11432,   124,   68000000,   11422702,        0,  -56577298,          0
 11432,   125,   68000000,   11640276,        0,  -56359724,          0
 11432,   126,   68000000,   11631465,        0,  -56368535,          0
 11432,   127,   68000000,   11369381,        0,  -56630619,          0
 11432,   128,   68000000,   11354190,        0,  -56645810,          0
 11432,   129,   68000000,   12396679,        0,  -55603321,          0
 11432,   130,   68000000,   11370529,        0,  -56629471,          0
 11432,   131,   68000000,   11445254,        0,  -56554746,          0
 11432,   132,   68000000,   11424312,        0,  -56575688,          0
 11432,   133,   68000000,   11665540,        0,  -56334460,          0
 11432,   134,   68000000,   12100319,        0,  -55899681,          0
 11432,   135,   68000000,   11690836,        0,  -56309164,          0
 11432,   136,   68000000,   13347626,        0,  -54652374,          0
 11432,   137,   68000000,   11668247,        0,  -56331753,          0
 11432,   138,   68000000,   11439699,        0,  -56560301,          0
 11432,   139,   68000000,   11442575,        0,  -56557425,          0
 11432,   140,   68000000,   11417418,        0,  -56582582,          0
 11432,   141,   68000000,   11365871,        0,  -56634129,          0
 11432,   142,   68000000,   13112298,        0,  -54887702,          0
 11432,   143,   68000000,   11436516,        0,  -56563484,          0
 11432,   144,   68000000,   11365076,        0,  -56634924,          0
 11432,   145,   68000000,   11403413,        0,  -56596587,          0
 11432,   146,   68000000,   11420062,        0,  -56579938,          0
 11432,   147,   68000000,   11377402,        0,  -56622598,          0
 11432,   148,   68000000,   11649778,        0,  -56350222,          0
 11432,   149,   68000000,   11410282,        0,  -56589718,          0
 11432,   150,   68000000,   11614155,        0,  -56385845,          0
 11432,   151,   68000000,   11345987,        0,  -56654013,          0
# task NAME=myapp PID=11436 COST=18142000 PERIOD=78000000 CPU=0
 11436,     2,   78000000,       8673,        0,  -77991327,          0
 11436,     3,   78000000,      57591,        0,  -77942409,          0
 11436,     4,   78000000,   19869738,        0,  -58130262,          0
 11436,     5,   78000000,   17809845,        0,  -60190155,          0
 11436,     6,   78000000,   18164256,        0,  -59835744,          0
 11436,     7,   78000000,   17777021,        0,  -60222979,          0
 11436,     8,   78000000,   17869062,        0,  -60130938,          0
 11436,     9,   78000000,   17851792,        0,  -60148208,          0
 11436,    10,   78000000,   17817175,        0,  -60182825,          0
 11436,    11,   78000000,   17785808,        0,  -60214192,          0
 11436,    12,   78000000,   17800171,        0,  -60199829,          0
 11436,    13,   78000000,   17833926,        0,  -60166074,          0
 11436,    14,   78000000,   18061331,        0,  -59938669,          0
 11436,    15,   78000000,   17781644,        0,  -60218356,          0
 11436,    16,   78000000,   17910102,        0,  -60089898,          0
 11436,    17,   78000000,   18603642,        0,  -59396358,          0
 11436,    18,   78000000,   18849414,        0,  -59150586,          0
 11436,    19,   78000000,   17907045,        0,  -60092955,          0
 11436,    20,   78000000,   17791799,        0,  -60208201,          0
 11436,    21,   78000000,   18753906,        0,  -59246094,          0
 11436,    22,   78000000,   18096710,        0,  -59903290,          0
 11436,    23,   78000000,   17791238,        0,  -60208762,          0
 11436,    24,   78000000,   18819132,        0,  -59180868,          0
 11436,    25,   78000000,   17788161,        0,  -60211839,          0
 11436,    26,   78000000,   17817574,        0,  -60182426,          0
 11436,    27,   78000000,   17903561,        0,  -60096439,          0
 11436,    28,   78000000,   17783629,        0,  -60216371,          0
 11436,    29,   78000000,   17930629,        0,  -60069371,          0
 11436,    30,   78000000,   18069429,        0,  -59930571,          0
 11436,    31,   78000000,   18446659,        0,  -59553341,          0
 11436,    32,   78000000,   17805048,        0,  -60194952,          0
 11436,    33,   78000000,   17796490,        0,  -60203510,          0
 11436,    34,   78000000,   18327749,        0,  -59672251,          0
 11436,    35,   78000000,   17898310,        0,  -60101690,          0
 11436,    36,   78000000,   17789755,        0,  -60210245,          0
 11436,    37,   78000000,   17801835,        0,  -60198165,          0
 11436,    38,   78000000,   18124115,        0,  -59875885,          0
 11436,    39,   78000000,   17780896,        0,  -60219104,          0
 11436,    40,   78000000,   17781516,        0,  -60218484,          0
 11436,    41,   78000000,   17828350,        0,  -60171650,          0
 11436,    42,   78000000,   18988002,        0,  -59011998,          0
 11436,    43,   78000000,   17818815,        0,  -60181185,          0
 11436,    44,   78000000,   17811497,        0,  -60188503,          0
 11436,    45,   78000000,   17797188,        0,  -60202812,          0
 11436,    46,   78000000,   18093159,        0,  -59906841,          0
 11436,    47,   78000000,   17793411,        0,  -60206589,          0
 11436,    48,   78000000,   18786820,        0,  -59213180,          0
 11436,    49,   78000000,   17890341,        0,  -60109659,          0
 11436,    50,   78000000,   20144540,        0,  -57855460,          0
 11436,    51,   78000000,   18853506,        0,  -59146494,          0
 11436,    52,   78000000,   17794011,        0,  -60205989,          0
 11436,    53,   78000000,   17798048,        0,  -60201952,          0
 11436,    54,   78000000,   18061289,        0,  -59938711,          0
 11436,    55,   78000000,   17768297,        0,  -60231703,          0
 11436,    56,   78000000,   17798544,        0,  -60201456,          0
 11436,    57,   78000000,   17868561,        0,  -60131439,          0
 11436,    58,   78000000,   19890043,        0,  -58109957,          0
 11436,    59,   78000000,   19165153,        0,  -58834847,          0
 11436,    60,   78000000,   17814191,        0,  -60185809,          0
 11436,    61,   78000000,   17809779,        0,  -60190221,          0
 11436,    62,   78000000,   18159834,        0,  -59840166,          0
 11436,    63,   78000000,   17797898,        0,  -60202102,          0
 11436,    64,   78000000,   17793318,        0,  -60206682,          0
 11436,    65,   78000000,   17970506,        0,  -60029494,          0
 11436,    66,   78000000,   18102341,        0,  -59897659,          0
 11436,    67,   78000000,   18073550,        0,  -59926450,          0
 11436,    68,   78000000,   17795523,        0,  -60204477,          0
 11436,    69,   78000000,   18004191,        0,  -59995809,          0
 11436,    70,   78000000,   18134149,        0,  -59865851,          0
 11436,    71,   78000000,   17800287,        0,  -60199713,          0
 11436,    72,   78000000,   17881010,        0,  -60118990,          0
 11436,    73,   78000000,   17817901,        0,  -60182099,          0
 11436,    74,   78000000,   17915792,        0,  -60084208,          0
 11436,    75,   78000000,   18122988,        0,  -59877012,          0
 11436,    76,   78000000,   17852027,        0,  -60147973,          0
 11436,    77,   78000000,   17808404,        0,  -60191596,          0
 11436,    78,   78000000,   17800458,        0,  -60199542,          0
 11436,    79,   78000000,   17826809,        0,  -60173191,          0
 11436,    80,   78000000,   18184541,        0,  -59815459,          0
 11436,    81,   78000000,   17799086,        0,  -60200914,          0
 11436,    82,   78000000,   17791597,        0,  -60208403,          0
 11436,    83,   78000000,   18149990,        0,  -59850010,          0
 11436,    84,   78000000,   17790458,        0,  -60209542,          0
 11436,    85,   78000000,   17801663,        0,  -60198337,          0
 11436,    86,   78000000,   17787004,        0,  -60212996,          0
 11436,    87,   78000000,   18590402,        0,  -59409598,          0
 11436,    88,   78000000,   17786321,        0,  -60213679,          0
 11436,    89,   78000000,   17805912,        0,  -60194088,          0
 11436,    90,   78000000,   18850735,        0,  -59149265,          0
 11436,    91,   78000000,   18082604,        0,  -59917396,          0
 11436,    92,   78000000,   17801869,        0,  -60198131,          0
 11436,    93,   78000000,   17847364,        0,  -60152636,          0
 11436,    94,   78000000,   17860861,        0,  -60139139,          0
 11436,    95,   78000000,   17848156,        0,  -60151844,          0
 11436,    96,   78000000,   17955064,        0,  -60044936,          0
 11436,    97,   78000000,   17897825,        0,  -60102175,          0
 11436,    98,   78000000,   18126254,        0,  -59873746,          0
 11436,    99,   78000000,   18110111,        0,  -59889889,          0
 11436,   100,   78000000,   17784600,        0,  -60215400,          0
 11436,   101,   78000000,   17819859,        0,  -60180141,          0
 11436,   102,   78000000,   17912907,        0,  -60087093,          0
 11436,   103,   78000000,   17889901,        0,  -60110099,          0
 11436,   104,   78000000,   17810029,        0,  -60189971,          0
 11436,   105,   78000000,   17859938,        0,  -60140062,          0
 11436,   106,   78000000,   17780936,        0,  -60219064,          0
 11436,   107,   78000000,   18061376,        0,  -59938624,          0
 11436,   108,   78000000,   17787234,        0,  -60212766,          0
 11436,   109,   78000000,   17801876,        0,  -60198124,          0
 11436,   110,   78000000,   17770005,        0,  -60229995,          0
 11436,   111,   78000000,   18511161,        0,  -59488839,          0
 11436,   112,   78000000,   24289732,        0,  -53710268,          0
 11436,   113,   78000000,   17795809,        0,  -60204191,          0
 11436,   114,   78000000,   17810369,        0,  -60189631,          0
 11436,   115,   78000000,   18098203,        0,  -59901797,          0
 11436,   116,   78000000,   17805285,        0,  -60194715,          0
 11436,   117,   78000000,   17811545,        0,  -60188455,          0
 11436,   118,   78000000,   17785719,        0,  -60214281,          0
 11436,   119,   78000000,   19222781,        0,  -58777219,          0
 11436,   120,   78000000,   17820601,        0,  -60179399,          0
 11436,   121,   78000000,   17793907,        0,  -60206093,          0
 11436,   122,   78000000,   17785049,        0,  -60214951,          0
 11436,   123,   78000000,   18114219,        0,  -59885781,          0
 11436,   124,   78000000,   17828093,        0,  -60171907,          0
 11436,   125,   78000000,   17801162,        0,  -60198838,          0
 11436,   126,   78000000,   17886439,        0,  -60113561,          0
 11436,   127,   78000000,   17860867,        0,  -60139133,          0
 11436,   128,   78000000,   17799242,        0,  -60200758,          0
 11436,   129,   78000000,   17838191,        0,  -60161809,          0
 11436,   130,   78000000,   17794160,        0,  -60205840,          0
 11436,   131,   78000000,   18071575,        0,  -59928425,          0
 11436,   132,   78000000,   17786349,        0,  -60213651,          0
# task NAME=myapp PID=11440 COST=28197000 PERIOD=69000000 CPU=0
 11440,     2,   69000000,       8690,        0,  -68991310,          0
 11440,     3,   69000000,      69387,        0,  -68930613,          0
 11440,     4,   69000000,   28664369,        0,  -40335631,          0
 11440,     5,   69000000,   27720789,        0,  -41279211,          0
 11440,     6,   69000000,   28716040,        0,  -40283960,          0
 11440,     7,   69000000,   27623103,        0,  -41376897,          0
 11440,     8,   69000000,   27901558,        0,  -41098442,          0
 11440,     9,   69000000,   27721571,        0,  -41278429,          0
 11440,    10,   69000000,   29964045,        0,  -39035955,          0
 11440,    11,   69000000,   28354807,        0,  -40645193,          0
 11440,    12,   69000000,   27765516,        0,  -41234484,          0
 11440,    13,   69000000,   27644963,        0,  -41355037,          0
 11440,    14,   69000000,   27622415,        0,  -41377585,          0
 11440,    15,   69000000,   27610296,        0,  -41389704,          0
 11440,    16,   69000000,   27616794,        0,  -41383206,          0
 11440,    17,   69000000,   28028625,        0,  -40971375,          0
 11440,    18,   69000000,   27627253,        0,  -41372747,          0
 11440,    19,   69000000,   27912197,        0,  -41087803,          0
 11440,    20,   69000000,   28522080,        0,  -40477920,          0
 11440,    21,   69000000,   28059021,        0,  -40940979,          0
 11440,    22,   69000000,   27654949,        0,  -41345051,          0
 11440,    23,   69000000,   27678444,        0,  -41321556,          0
 11440,    24,   69000000,   27628093,        0,  -41371907,          0
 11440,    25,   69000000,   27631644,        0,  -41368356,          0
 11440,    26,   69000000,   27706126,        0,  -41293874,          0
 11440,    27,   69000000,   27671993,        0,  -41328007,          0
 11440,    28,   69000000,   27961572,        0,  -41038428,          0
 11440,    29,   69000000,   27633412,        0,  -41366588,          0
 11440,    30,   69000000,   27940827,        0,  -41059173,          0
 11440,    31,   69000000,   27694926,        0,  -41305074,          0
 11440,    32,   69000000,   27735857,        0,  -41264143,          0
 11440,    33,   69000000,   27676885,        0,  -41323115,          0
 11440,    34,   69000000,   27703322,        0,  -41296678,          0
 11440,    35,   69000000,   27804238,        0,  -41195762,          0
 11440,    36,   69000000,   27616799,        0,  -41383201,          0
 11440,    37,   69000000,   27970268,        0,  -41029732,          0
 11440,    38,   69000000,   27647213,        0,  -41352787,          0
 11440,    39,   69000000,   27892613,        0,  -41107387,          0
 11440,    40,   69000000,   27627621,        0,  -41372379,          0
 11440,    41,   69000000,   28270030,        0,  -40729970,          0
 11440,    42,   69000000,   27672593,        0,  -41327407,          0
 11440,    43,   69000000,   27647096,        0,  -41352904,          0
 11440,    44,   69000000,   27675052,        0,  -41324948,          0
 11440,    45,   69000000,   29501429,        0,  -39498571,          0
 11440,    46,   69000000,   27911652,        0,  -41088348,          0
 11440,    47,   69000000,   27651623,        0,  -41348377,          0
 11440,    48,   69000000,   27940530,        0,  -41059470,          0
 11440,    49,   69000000,   27744694,        0,  -41255306,          0
 11440,    50,   69000000,   28045750,        0,  -40954250,          0
 11440,    51,   69000000,   27619489,        0,  -41380511,          0
 11440,    52,   69000000,   27718478,        0,  -41281522,          0
 11440,    53,   69000000,   27631562,        0,  -41368438,          0
 11440,    54,   69000000,   27764563,        0,  -41235437,          0
 11440,    55,   69000000,   27711167,        0,  -41288833,          0
 11440,    56,   69000000,   29443156,        0,  -39556844,          0
 11440,    57,   69000000,   27913658,        0,  -41086342,          0
 11440,    58,   69000000,   27641362,        0,  -41358638,          0
 11440,    59,   69000000,   27995975,        0,  -41004025,          0
 11440,    60,   69000000,   27696649,        0,  -41303351,          0
 11440,    61,   69000000,   27631577,        0,  -41368423,          0
 11440,    62,   69000000,   28588335,        0,  -40411665,          0
 11440,    63,   69000000,   28619222,        0,  -40380778,          0
 11440,    64,   69000000,   27630619,        0,  -41369381,          0
 11440,    65,   69000000,   27619206,        0,  -41380794,          0
 11440,    66,   69000000,   29255786,        0,  -39744214,          0
 11440,    67,   69000000,   27682267,        0,  -41317733,          0
 11440,    68,   69000000,   27903340,        0,  -41096660,          0
 11440,    69,   69000000,   27633179,        0,  -41366821,          0
 11440,    70,   69000000,   27643425,        0,  -41356575,          0
 11440,    71,   69000000,   27625071,        0,  -41374929,          0
 11440,    72,   69000000,   29683242,        0,  -39316758,          0
 11440,    73,   69000000,   29580685,        0,  -39419315,          0
 11440,    74,   69000000,   27653591,        0,  -41346409,          0
 11440,    75,   69000000,   28016959,        0,  -40983041,          0
 11440,    76,   69000000,   27641531,        0,  -41358469,          0
 11440,    77,   69000000,   28101376,        0,  -40898624,          0
 11440,    78,   69000000,   27624899,        0,  -41375101,          0
 11440,    79,   69000000,   27621830,        0,  -41378170,          0
 11440,    80,   69000000,   29876190,        0,  -39123810,          0
 11440,    81,   69000000,   27651733,        0,  -41348267,          0
 11440,    82,   69000000,   27636010,        0,  -41363990,          0
 11440,    83,   69000000,   27639145,        0,  -41360855,          0
 11440,    84,   69000000,   27748336,        0,  -41251664,          0
 11440,    85,   69000000,   27625489,        0,  -41374511,          0
 11440,    86,   69000000,   27937272,        0,  -41062728,          0
 11440,    87,   69000000,   28718005,        0,  -40281995,          0
 11440,    88,   69000000,   28117057,        0,  -40882943,          0
 11440,    89,   69000000,   27631624,        0,  -41368376,          0
 11440,    90,   69000000,   27645204,        0,  -41354796,          0
 11440,    91,   69000000,   27807579,        0,  -41192421,          0
 11440,    92,   69000000,   27626381,        0,  -41373619,          0
 11440,    93,   69000000,   27709168,        0,  -41290832,          0
 11440,    94,   69000000,   27631313,        0,  -41368687,          0
 11440,    95,   69000000,   27922458,        0,  -41077542,          0
 11440,    96,   69000000,   27622466,        0,  -41377534,          0
 11440,    97,   69000000,   27909826,        0,  -41090174,          0
 11440,    98,   69000000,   27672669,        0,  -41327331,          0
 11440,    99,   69000000,   27769664,        0,  -41230336,          0
 11440,   100,   69000000,   27604881,        0,  -41395119,          0
 11440,   101,   69000000,   27627996,        0,  -41372004,          0
 11440,   102,   69000000,   27769967,        0,  -41230033,          0
 11440,   103,   69000000,   27739407,        0,  -41260593,          0
 11440,   104,   69000000,   27917367,        0,  -41082633,          0
 11440,   105,   69000000,   27641214,        0,  -41358786,          0
 11440,   106,   69000000,   28020023,        0,  -40979977,          0
 11440,   107,   69000000,   27781886,        0,  -41218114,          0
 11440,   108,   69000000,   27618640,        0,  -41381360,          0
 11440,   109,   69000000,   27615491,        0,  -41384509,          0
 11440,   110,   69000000,   27617454,        0,  -41382546,          0
 11440,   111,   69000000,   27607771,        0,  -41392229,          0
 11440,   112,   69000000,   27628257,        0,  -41371743,          0
 11440,   113,   69000000,   27707427,        0,  -41292573,          0
 11440,   114,   69000000,   27653811,        0,  -41346189,          0
 11440,   115,   69000000,   28952055,        0,  -40047945,          0
 11440,   116,   69000000,   27641488,        0,  -41358512,          0
 11440,   117,   69000000,   28073074,        0,  -40926926,          0
 11440,   118,   69000000,   27633231,        0,  -41366769,          0
 11440,   119,   69000000,   27616918,        0,  -41383082,          0
 11440,   120,   69000000,   27712709,        0,  -41287291,          0
 11440,   121,   69000000,   27628646,        0,  -41371354,          0
 11440,   122,   69000000,   27648389,        0,  -41351611,          0
 11440,   123,   69000000,   27636136,        0,  -41363864,          0
 11440,   124,   69000000,   27941121,        0,  -41058879,          0
 11440,   125,   69000000,   27753823,        0,  -41246177,          0
 11440,   126,   69000000,   29234578,        0,  -39765422,          0
 11440,   127,   69000000,   27604704,        0,  -41395296,          0
 11440,   128,   69000000,   27636197,        0,  -41363803,          0
 11440,   129,   69000000,   28584966,        0,  -40415034,          0
 11440,   130,   69000000,   28748566,        0,  -40251434,          0
 11440,   131,   69000000,   27621125,        0,  -41378875,          0
 11440,   132,   69000000,   27640928,        0,  -41359072,          0
 11440,   133,   69000000,   27918044,        0,  -41081956,          0
 11440,   134,   69000000,   29697884,        0,  -39302116,          0
 11440,   135,   69000000,   27901942,        0,  -41098058,          0
 11440,   136,   69000000,   28541429,        0,  -40458571,          0
 11440,   137,   69000000,   27703112,        0,  -41296888,          0
 11440,   138,   69000000,   27638054,        0,  -41361946,          0
 11440,   139,   69000000,   27635474,        0,  -41364526,          0
 11440,   140,   69000000,   27772793,        0,  -41227207,          0
 11440,   141,   69000000,   29346030,        0,  -39653970,          0
 11440,   142,   69000000,   28127786,        0,  -40872214,          0
 11440,   143,   69000000,   28608402,        0,  -40391598,          0
 11440,   144,   69000000,   29967721,        0,  -39032279,          0
 11440,   145,   69000000,   27742568,        0,  -41257432,          0
 11440,   146,   69000000,   28080872,        0,  -40919128,          0
 11440,   147,   69000000,   27653984,        0,  -41346016,          0
 11440,   148,   69000000,   27639183,        0,  -41360817,          0
# task NAME=myapp PID=11444 COST=6142000 PERIOD=21000000 CPU=0
 11444,     2,   21000000,      14904,        0,  -20985096,          0
 11444,     3,   21000000,      41258,        0,  -20958742,          0
 11444,     4,   21000000,    7059268,        0,  -13940732,          0
 11444,     5,   21000000,    6046676,        0,  -14953324,          0
 11444,     6,   21000000,    6030082,        0,  -14969918,          0
 11444,     7,   21000000,    6035559,        0,  -14964441,          0
 11444,     8,   21000000,    6088373,        0,  -14911627,          0
 11444,     9,   21000000,    6052846,        0,  -14947154,          0
 11444,    10,   21000000,    6101183,        0,  -14898817,          0
 11444,    11,   21000000,    6098740,        0,  -14901260,          0
 11444,    12,   21000000,    6026002,        0,  -14973998,          0
 11444,    13,   21000000,    6039858,        0,  -14960142,          0
 11444,    14,   21000000,    6033361,        0,  -14966639,          0
 11444,    15,   21000000,    6041158,        0,  -14958842,          0
 11444,    16,   21000000,    6068361,        0,  -14931639,          0
 11444,    17,   21000000,    6063146,        0,  -14936854,          0
 11444,    18,   21000000,    6035495,        0,  -14964505,          0
 11444,    19,   21000000,    6058362,        0,  -14941638,          0
 11444,    20,   21000000,    6163410,        0,  -14836590,          0
 11444,    21,   21000000,    6037873,        0,  -14962127,          0
 11444,    22,   21000000,    6090336,        0,  -14909664,          0
 11444,    23,   21000000,    6061252,        0,  -14938748,          0
 11444,    24,   21000000,    6030247,        0,  -14969753,          0
 11444,    25,   21000000,    6028828,        0,  -14971172,          0
 11444,    26,   21000000,    6226758,        0,  -14773242,          0
 11444,    27,   21000000,    6065492,        0,  -14934508,          0
 11444,    28,   21000000,    6038886,        0,  -14961114,          0
 11444,    29,   21000000,    6072406,        0,  -14927594,          0
 11444,    30,   21000000,    6042851,        0,  -14957149,          0
 11444,    31,   21000000,    6030699,        0,  -14969301,          0
 11444,    32,   21000000,    6097551,        0,  -14902449,          0
 11444,    33,   21000000,    6559877,        0,  -14440123,          0
 11444,    34,   21000000,    6059579,        0,  -14940421,          0
 11444,    35,   21000000,    6037946,        0,  -14962054,          0
 11444,    36,   21000000,    6089443,        0,  -14910557,          0
 11444,    37,   21000000,    6044641,        0,  -14955359,          0
 11444,    38,   21000000,    6059503,        0,  -14940497,          0
 11444,    39,   21000000,    6036544,        0,  -14963456,          0
 11444,    40,   21000000,    6068031,        0,  -14931969,          0
 11444,    41,   21000000,    6109231,        0,  -14890769,          0
 11444,    42,   21000000,    6045198,        0,  -14954802,          0
 11444,    43,   21000000,    6047923,        0,  -14952077,          0
 11444,    44,   21000000,    6086225,        0,  -14913775,          0
 11444,    45,   21000000,    6056824,        0,  -14943176,          0
 11444,    46,   21000000,    6156084,        0,  -14843916,          0
 11444,    47,   21000000,    6088815,        0,  -14911185,          0
 11444,    48,   21000000,    6055603,        0,  -14944397,          0
 11444,    49,   21000000,    6088564,        0,  -14911436,          0
 11444,    50,   21000000,    6400168,        0,  -14599832,          0
 11444,    51,   21000000,    6040975,        0,  -14959025,          0
 11444,    52,   21000000,    6067685,        0,  -14932315,          0
 11444,    53,   21000000,    6064674,        0,  -14935326,          0
 11444,    54,   21000000,    6058761,        0,  -14941239,          0
 11444,    55,   21000000,    6062282,        0,  -14937718,          0
 11444,    56,   21000000,    6314339,        0,  -14685661,          0
 11444,    57,   21000000,    6070381,        0,  -14929619,          0
 11444,    58,   21000000,    6043427,        0,  -14956573,          0
 11444,    59,   21000000,    7197031,        0,  -13802969,          0
 11444,    60,   21000000,    6155278,        0,  -14844722,          0
 11444,    61,   21000000,    6032363,        0,  -14967637,          0
 11444,    62,   21000000,    6342971,        0,  -14657029,          0
 11444,    63,   21000000,    6127901,        0,  -14872099,          0
 11444,    64,   21000000,    6064405,        0,  -14935595,          0
 11444,    65,   21000000,    6415086,        0,  -14584914,          0
 11444,    66,   21000000,    6039179,        0,  -14960821,          0
 11444,    67,   21000000,    6058738,        0,  -14941262,          0
 11444,    68,   21000000,    7227702,        0,  -13772298,          0
 11444,    69,   21000000,    6174669,        0,  -14825331,          0
 11444,    70,   21000000,    6653485,        0,  -14346515,          0
 11444,    71,   21000000,    6052675,        0,  -14947325,          0
 11444,    72,   21000000,    6093336,        0,  -14906664,          0
 11444,    73,   21000000,    6043959,        0,  -14956041,          0
 11444,    74,   21000000,    6368602,        0,  -14631398,          0
 11444,    75,   21000000,    6062541,        0,  -14937459,          0
 11444,    76,   21000000,    6140615,        0,  -14859385,          0
 11444,    77,   21000000,    6033814,        0,  -14966186,          0
 11444,    78,   21000000,    6165377,        0,  -14834623,          0
 11444,    79,   21000000,    6057684,        0,  -14942316,          0
 11444,    80,   21000000,    6310663,        0,  -14689337,          0
 11444,    81,   21000000,    6106319,        0,  -14893681,          0
 11444,    82,   21000000,    6075150,        0,  -14924850,          0
 11444,    83,   21000000,    6065913,        0,  -14934087,          0
 11444,    84,   21000000,    6108554,        0,  -14891446,          0
 11444,    85,   21000000,    6047306,        0,  -14952694,          0
 11444,    86,   21000000,    6320884,        0,  -14679116,          0
 11444,    87,   21000000,    6076478,        0,  -14923522,          0
 11444,    88,   21000000,    6054293,        0,  -14945707,          0
 11444,    89,   21000000,    6212204,        0,  -14787796,          0
 11444,    90,   21000000,    6034667,        0,  -14965333,          0
 11444,    91,   21000000,    6032114,        0,  -14967886,          0
 11444,    92,   21000000,    6074207,        0,  -14925793,          0
 11444,    93,   21000000,    6079398,        0,  -14920602,          0
 11444,    94,   21000000,    6128737,        0,  -14871263,          0
 11444,    95,   21000000,    6075752,        0,  -14924248,          0
 11444,    96,   21000000,    6776187,        0,  -14223813,          0
 11444,    97,   21000000,    6044774,        0,  -14955226,          0
 11444,    98,   21000000,    6043472,        0,  -14956528,          0
 11444,    99,   21000000,    6060649,        0,  -14939351,          0
 11444,   100,   21000000,    6037726,        0,  -14962274,          0
 11444,   101,   21000000,    6030850,        0,  -14969150,          0
 11444,   102,   21000000,    6071493,        0,  -14928507,          0
 11444,   103,   21000000,    6059642,        0,  -14940358,          0
 11444,   104,   21000000,    6035343,        0,  -14964657,          0
 11444,   105,   21000000,    6069825,        0,  -14930175,          0
 11444,   106,   21000000,    6069002,        0,  -14930998,          0
 11444,   107,   21000000,    6180487,        0,  -14819513,          0
 11444,   108,   21000000,    6041506,        0,  -14958494,          0
 11444,   109,   21000000,    6090185,        0,  -14909815,          0
 11444,   110,   21000000,    6058560,        0,  -14941440,          0
 11444,   111,   21000000,    6108026,        0,  -14891974,          0
 11444,   112,   21000000,    6090993,        0,  -14909007,          0
 11444,   113,   21000000,    6104096,        0,  -14895904,          0
 11444,   114,   21000000,    6056809,        0,  -14943191,          0
 11444,   115,   21000000,    6066575,        0,  -14933425,          0
 11444,   116,   21000000,    6068334,        0,  -14931666,          0
 11444,   117,   21000000,    6061785,        0,  -14938215,          0
 11444,   118,   21000000,    6066338,        0,  -14933662,          0
 11444,   119,   21000000,    6412737,        0,  -14587263,          0
 11444,   120,   21000000,    6050937,        0,  -14949063,          0
 11444,   121,   21000000,    6067183,        0,  -14932817,          0
 11444,   122,   21000000,    6124467,        0,  -14875533,          0
 11444,   123,   21000000,    6070560,        0,  -14929440,          0
 11444,   124,   21000000,    6077227,        0,  -14922773,          0
 11444,   125,   21000000,    6049034,        0,  -14950966,          0
 11444,   126,   21000000,    6101722,        0,  -14898278,          0
 11444,   127,   21000000,    6115789,        0,  -14884211,          0
 11444,   128,   21000000,    6038009,        0,  -14961991,          0
 11444,   129,   21000000,    6066690,        0,  -14933310,          0
 11444,   130,   21000000,    6077699,        0,  -14922301,          0
 11444,   131,   21000000,    6068778,        0,  -14931222,          0
 11444,   132,   21000000,    6079244,        0,  -14920756,          0
 11444,   133,   21000000,    6117080,        0,  -14882920,          0
 11444,   134,   21000000,    6033922,        0,  -14966078,          0
 11444,   135,   21000000,    6081026,        0,  -14918974,          0
 11444,   136,   21000000,    6040687,        0,  -14959313,          0
 11444,   137,   21000000,    6061908,        0,  -14938092,          0
 11444,   138,   21000000,    6048307,        0,  -14951693,          0
 11444,   139,   21000000,    6124107,        0,  -14875893,          0
 11444,   140,   21000000,    6054230,        0,  -14945770,          0
 11444,   141,   21000000,    6149026,        0,  -14850974,          0
 11444,   142,   21000000,    6054138,        0,  -14945862,          0
 11444,   143,   21000000,    6037042,        0,  -14962958,          0
 11444,   144,   21000000,    6034340,        0,  -14965660,          0
 11444,   145,   21000000,    6063315,        0,  -14936685,          0
 11444,   146,   21000000,    6048435,        0,  -14951565,          0
 11444,   147,   21000000,    6061076,        0,  -14938924,          0
 11444,   148,   21000000,    6129468,        0,  -14870532,          0
 11444,   149,   21000000,    6060267,        0,  -14939733,          0
 11444,   150,   21000000,    6069462,        0,  -14930538,          0
 11444,   151,   21000000,    6036434,        0,  -14963566,          0
 11444,   152,   21000000,    9218199,        0,  -11781801,          0
 11444,   153,   21000000,    6048049,        0,  -14951951,          0
 11444,   154,   21000000,    6048976,        0,  -14951024,          0
 11444,   155,   21000000,    6038498,        0,  -14961502,          0
 11444,   156,   21000000,    6059628,        0,  -14940372,          0
 11444,   157,   21000000,    6086154,        0,  -14913846,          0
 11444,   158,   21000000,    6067765,        0,  -14932235,          0
 11444,   159,   21000000,    6054348,        0,  -14945652,          0
 11444,   160,   21000000,    6041358,        0,  -14958642,          0
 11444,   161,   21000000,    6052156,        0,  -14947844,          0
 11444,   162,   21000000,    6073301,        0,  -14926699,          0
 11444,   163,   21000000,    6094402,        0,  -14905598,          0
 11444,   164,   21000000,    6126609,        0,  -14873391,          0
 11444,   165,   21000000,    6197127,        0,  -14802873,          0
 11444,   166,   21000000,    6052745,        0,  -14947255,          0
 11444,   167,   21000000,    6043414,        0,  -14956586,          0
 11444,   168,   21000000,    6042232,        0,  -14957768,          0
 11444,   169,   21000000,    6039414,        0,  -14960586,          0
 11444,   170,   21000000,    6062092,        0,  -14937908,          0
 11444,   171,   21000000,    6143626,        0,  -14856374,          0
 11444,   172,   21000000,    6065025,        0,  -14934975,          0
 11444,   173,   21000000,    6144207,        0,  -14855793,          0
 11444,   174,   21000000,    6133406,        0,  -14866594,          0
 11444,   175,   21000000,    6059300,        0,  -14940700,          0
 11444,   176,   21000000,    6047863,        0,  -14952137,          0
 11444,   177,   21000000,    6048119,        0,  -14951881,          0
 11444,   178,   21000000,    9755025,        0,  -11244975,          0
 11444,   179,   21000000,    6050237,        0,  -14949763,          0
 11444,   180,   21000000,    6070739,        0,  -14929261,          0
 11444,   181,   21000000,    6359057,        0,  -14640943,          0
 11444,   182,   21000000,    6168400,        0,  -14831600,          0
 11444,   183,   21000000,    6046142,        0,  -14953858,          0
 11444,   184,   21000000,    6065288,        0,  -14934712,          0
 11444,   185,   21000000,    6087438,        0,  -14912562,          0
 11444,   186,   21000000,    6050808,        0,  -14949192,          0
 11444,   187,   21000000,    6353771,        0,  -14646229,          0
 11444,   188,   21000000,    6125735,        0,  -14874265,          0
 11444,   189,   21000000,    6061297,        0,  -14938703,          0
 11444,   190,   21000000,    6051819,        0,  -14948181,          0
 11444,   191,   21000000,    7068411,        0,  -13931589,          0
 11444,   192,   21000000,    6049689,        0,  -14950311,          0
 11444,   193,   21000000,    6375080,        0,  -14624920,          0
 11444,   194,   21000000,    6040547,        0,  -14959453,          0
 11444,   195,   21000000,    6039132,        0,  -14960868,          0
 11444,   196,   21000000,    6053212,        0,  -14946788,          0
 11444,   197,   21000000,    6039412,        0,  -14960588,          0
 11444,   198,   21000000,    6044854,        0,  -14955146,          0
 11444,   199,   21000000,    6426793,        0,  -14573207,          0
 11444,   200,   21000000,    6131477,        0,  -14868523,          0
 11444,   201,   21000000,    6118068,        0,  -14881932,          0
 11444,   202,   21000000,    6033929,        0,  -14966071,          0
 11444,   203,   21000000,    6071142,        0,  -14928858,          0
 11444,   204,   21000000,    9380022,        0,  -11619978,          0
 11444,   205,   21000000,    6458618,        0,  -14541382,          0
 11444,   206,   21000000,    6082473,        0,  -14917527,          0
 11444,   207,   21000000,    6157524,        0,  -14842476,          0
 11444,   208,   21000000,    6078064,        0,  -14921936,          0
 11444,   209,   21000000,    6097066,        0,  -14902934,          0
 11444,   210,   21000000,    6087514,        0,  -14912486,          0
 11444,   211,   21000000,    6600501,        0,  -14399499,          0
 11444,   212,   21000000,    6144769,        0,  -14855231,          0
 11444,   213,   21000000,    6038401,        0,  -14961599,          0
 11444,   214,   21000000,    6047975,        0,  -14952025,          0
 11444,   215,   21000000,    6056215,        0,  -14943785,          0
 11444,   216,   21000000,    6038383,        0,  -14961617,          0
 11444,   217,   21000000,    6039946,        0,  -14960054,          0
 11444,   218,   21000000,    6031765,        0,  -14968235,          0
 11444,   219,   21000000,    6131514,        0,  -14868486,          0
 11444,   220,   21000000,    7046760,        0,  -13953240,          0
 11444,   221,   21000000,    6048258,        0,  -14951742,          0
 11444,   222,   21000000,    6062453,        0,  -14937547,          0
 11444,   223,   21000000,    6151111,        0,  -14848889,          0
 11444,   224,   21000000,    6076465,        0,  -14923535,          0
 11444,   225,   21000000,    6042780,        0,  -14957220,          0
 11444,   226,   21000000,    6063702,        0,  -14936298,          0
 11444,   227,   21000000,    6056273,        0,  -14943727,          0
 11444,   228,   21000000,    6055867,        0,  -14944133,          0
 11444,   229,   21000000,    6070476,        0,  -14929524,          0
 11444,   230,   21000000,    7519104,        0,  -13480896,          0
 11444,   231,   21000000,    6084413,        0,  -14915587,          0
 11444,   232,   21000000,    6067820,        0,  -14932180,          0
 11444,   233,   21000000,    6926464,        0,  -14073536,          0
 11444,   234,   21000000,    6077845,        0,  -14922155,          0
 11444,   235,   21000000,    6044565,        0,  -14955435,          0
 11444,   236,   21000000,    6083484,        0,  -14916516,          0
 11444,   237,   21000000,    6202892,        0,  -14797108,          0
 11444,   238,   21000000,    6055144,        0,  -14944856,          0
 11444,   239,   21000000,    6045588,        0,  -14954412,          0
 11444,   240,   21000000,    6069638,        0,  -14930362,          0
 11444,   241,   21000000,    6046019,        0,  -14953981,          0
 11444,   242,   21000000,    6047832,        0,  -14952168,          0
 11444,   243,   21000000,    6465890,        0,  -14534110,          0
 11444,   244,   21000000,    6160651,        0,  -14839349,          0
 11444,   245,   21000000,    6075746,        0,  -14924254,          0
 11444,   246,   21000000,    7021342,        0,  -13978658,          0
 11444,   247,   21000000,    6208011,        0,  -14791989,          0
 11444,   248,   21000000,    6080772,        0,  -14919228,          0
 11444,   249,   21000000,    6053047,        0,  -14946953,          0
 11444,   250,   21000000,    6079733,        0,  -14920267,          0
 11444,   251,   21000000,    6053732,        0,  -14946268,          0
 11444,   252,   21000000,    6045840,        0,  -14954160,          0
 11444,   253,   21000000,    6044085,        0,  -14955915,          0
 11444,   254,   21000000,    6049510,        0,  -14950490,          0
 11444,   255,   21000000,    6102096,        0,  -14897904,          0
 11444,   256,   21000000,    7116651,        0,  -13883349,          0
 11444,   257,   21000000,    6042805,        0,  -14957195,          0
 11444,   258,   21000000,    6031801,        0,  -14968199,          0
 11444,   259,   21000000,    6060532,        0,  -14939468,          0
 11444,   260,   21000000,    8100975,        0,  -12899025,          0
 11444,   261,   21000000,    6053234,        0,  -14946766,          0
 11444,   262,   21000000,    6044733,        0,  -14955267,          0
 11444,   263,   21000000,    6113771,        0,  -14886229,          0
 11444,   264,   21000000,    6050255,        0,  -14949745,          0
 11444,   265,   21000000,    6034946,        0,  -14965054,          0
 11444,   266,   21000000,    6041353,        0,  -14958647,          0
 11444,   267,   21000000,    6198290,        0,  -14801710,          0
 11444,   268,   21000000,    6062790,        0,  -14937210,          0
 11444,   269,   21000000,    6113815,        0,  -14886185,          0
 11444,   270,   21000000,    6163474,        0,  -14836526,          0
 11444,   271,   21000000,    6061300,        0,  -14938700,          0
 11444,   272,   21000000,    6038200,        0,  -14961800,          0
 11444,   273,   21000000,    6100320,        0,  -14899680,          0
 11444,   274,   21000000,    6040062,        0,  -14959938,          0
 11444,   275,   21000000,    6053935,        0,  -14946065,          0
 11444,   276,   21000000,    6060818,        0,  -14939182,          0
 11444,   277,   21000000,    6076777,        0,  -14923223,          0
 11444,   278,   21000000,    7023087,        0,  -13976913,          0
 11444,   279,   21000000,    6054297,        0,  -14945703,          0
 11444,   280,   21000000,    6095570,        0,  -14904430,          0
 11444,   281,   21000000,    6032743,        0,  -14967257,          0
 11444,   282,   21000000,    6105729,        0,  -14894271,          0
 11444,   283,   21000000,    6047973,        0,  -14952027,          0
 11444,   284,   21000000,    6105105,        0,  -14894895,          0
 11444,   285,   21000000,    6040958,        0,  -14959042,          0
 11444,   286,   21000000,    6100830,        0,  -14899170,          0
 11444,   287,   21000000,    6042282,        0,  -14957718,          0
 11444,   288,   21000000,    6058215,        0,  -14941785,          0
 11444,   289,   21000000,    6144392,        0,  -14855608,          0
 11444,   290,   21000000,    6043355,        0,  -14956645,          0
 11444,   291,   21000000,    6113741,        0,  -14886259,          0
 11444,   292,   21000000,    6054146,        0,  -14945854,          0
 11444,   293,   21000000,    6042082,        0,  -14957918,          0
 11444,   294,   21000000,    6079141,        0,  -14920859,          0
 11444,   295,   21000000,    6026214,        0,  -14973786,          0
 11444,   296,   21000000,    6067749,        0,  -14932251,          0
 11444,   297,   21000000,    6122700,        0,  -14877300,          0
 11444,   298,   21000000,    6040221,        0,  -14959779,          0
 11444,   299,   21000000,    6044464,        0,  -14955536,          0
 11444,   300,   21000000,    6062712,        0,  -14937288,          0
 11444,   301,   21000000,    6059665,        0,  -14940335,          0
 11444,   302,   21000000,    6135374,        0,  -14864626,          0
 11444,   303,   21000000,    6100303,        0,  -14899697,          0
 11444,   304,   21000000,    6036112,        0,  -14963888,          0
 11444,   305,   21000000,    6205494,        0,  -14794506,          0
 11444,   306,   21000000,    6387673,        0,  -14612327,          0
 11444,   307,   21000000,    6087203,        0,  -14912797,          0
 11444,   308,   21000000,    6080732,        0,  -14919268,          0
 11444,   309,   21000000,    6033912,        0,  -14966088,          0
 11444,   310,   21000000,    6108135,        0,  -14891865,          0
 11444,   311,   21000000,    6045553,        0,  -14954447,          0
 11444,   312,   21000000,    7387076,        0,  -13612924,          0
 11444,   313,   21000000,    6037965,        0,  -14962035,          0
 11444,   314,   21000000,    6040158,        0,  -14959842,          0
 11444,   315,   21000000,    6067422,        0,  -14932578,          0
 11444,   316,   21000000,    6078559,        0,  -14921441,          0
 11444,   317,   21000000,    6121628,        0,  -14878372,          0
 11444,   318,   21000000,    6333029,        0,  -14666971,          0
 11444,   319,   21000000,    6134809,        0,  -14865191,          0
 11444,   320,   21000000,    6068689,        0,  -14931311,          0
 11444,   321,   21000000,    6046842,        0,  -14953158,          0
 11444,   322,   21000000,    6061249,        0,  -14938751,          0
 11444,   323,   21000000,    6055113,        0,  -14944887,          0
 11444,   324,   21000000,    6451681,        0,  -14548319,          0
 11444,   325,   21000000,    6211933,        0,  -14788067,          0
 11444,   326,   21000000,    6074399,        0,  -14925601,          0
 11444,   327,   21000000,    6038090,        0,  -14961910,          0
 11444,   328,   21000000,    6043503,        0,  -14956497,          0
 11444,   329,   21000000,    6055340,        0,  -14944660,          0
 11444,   330,   21000000,    6342175,        0,  -14657825,          0
 11444,   331,   21000000,    6036771,        0,  -14963229,          0
 11444,   332,   21000000,    6033518,        0,  -14966482,          0
 11444,   333,   21000000,    6077958,        0,  -14922042,          0
 11444,   334,   21000000,    7052722,        0,  -13947278,          0
 11444,   335,   21000000,    6072998,        0,  -14927002,          0
 11444,   336,   21000000,    6327984,        0,  -14672016,          0
 11444,   337,   21000000,    6041340,        0,  -14958660,          0
 11444,   338,   21000000,    6046221,        0,  -14953779,          0
 11444,   339,   21000000,    6087092,        0,  -14912908,          0
 11444,   340,   21000000,    6061617,        0,  -14938383,          0
 11444,   341,   21000000,    6085195,        0,  -14914805,          0
 11444,   342,   21000000,    6191560,        0,  -14808440,          0
 11444,   343,   21000000,    6102353,        0,  -14897647,          0
 11444,   344,   21000000,    6067369,        0,  -14932631,          0
 11444,   345,   21000000,    6097199,        0,  -14902801,          0
 11444,   346,   21000000,    6080452,        0,  -14919548,          0
 11444,   347,   21000000,    6076737,        0,  -14923263,          0
 11444,   348,   21000000,    6062352,        0,  -14937648,          0
 11444,   349,   21000000,    6434820,        0,  -14565180,          0
 11444,   350,   21000000,    6030107,        0,  -14969893,          0
 11444,   351,   21000000,    6032860,        0,  -14967140,          0
 11444,   352,   21000000,    7302489,        0,  -13697511,          0
 11444,   353,   21000000,    6101984,        0,  -14898016,          0
 11444,   354,   21000000,    6132439,        0,  -14867561,          0
 11444,   355,   21000000,    6067124,        0,  -14932876,          0
 11444,   356,   21000000,    6038698,        0,  -14961302,          0
 11444,   357,   21000000,    6090006,        0,  -14909994,          0
 11444,   358,   21000000,    6045704,        0,  -14954296,          0
 11444,   359,   21000000,    6065972,        0,  -14934028,          0
 11444,   360,   21000000,    6714700,        0,  -14285300,          0
 11444,   361,   21000000,    6040145,        0,  -14959855,          0
 11444,   362,   21000000,    6085780,        0,  -14914220,          0
 11444,   363,   21000000,    6131509,        0,  -14868491,          0
 11444,   364,   21000000,    6058847,        0,  -14941153,          0
 11444,   365,   21000000,    6036787,        0,  -14963213,          0
 11444,   366,   21000000,    6041633,        0,  -14958367,          0
 11444,   367,   21000000,    6263678,        0,  -14736322,          0
 11444,   368,   21000000,    6034535,        0,  -14965465,          0
 11444,   369,   21000000,    6055835,        0,  -14944165,          0
 11444,   370,   21000000,    6064558,        0,  -14935442,          0
 11444,   371,   21000000,    6130010,        0,  -14869990,          0
 11444,   372,   21000000,    6076496,        0,  -14923504,          0
 11444,   373,   21000000,    6087104,        0,  -14912896,          0
 11444,   374,   21000000,    6060964,        0,  -14939036,          0
 11444,   375,   21000000,    6941604,        0,  -14058396,          0
 11444,   376,   21000000,    6077706,        0,  -14922294,          0
 11444,   377,   21000000,    6047098,        0,  -14952902,          0
 11444,   378,   21000000,    6041092,        0,  -14958908,          0
 11444,   379,   21000000,    6091320,        0,  -14908680,          0
 11444,   380,   21000000,    6039987,        0,  -14960013,          0
 11444,   381,   21000000,    6042746,        0,  -14957254,          0
 11444,   382,   21000000,    6043204,        0,  -14956796,          0
 11444,   383,   21000000,    6683383,        0,  -14316617,          0
 11444,   384,   21000000,    6053905,        0,  -14946095,          0
 11444,   385,   21000000,    6104929,        0,  -14895071,          0
 11444,   386,   21000000,    6060901,        0,  -14939099,          0
 11444,   387,   21000000,    6101410,        0,  -14898590,          0
 11444,   388,   21000000,    6992889,        0,  -14007111,          0
 11444,   389,   21000000,    6035517,        0,  -14964483,          0
 11444,   390,   21000000,    6067008,        0,  -14932992,          0
 11444,   391,   21000000,    6032595,        0,  -14967405,          0
 11444,   392,   21000000,    6155171,        0,  -14844829,          0
 11444,   393,   21000000,    6537573,        0,  -14462427,          0
 11444,   394,   21000000,    6074918,        0,  -14925082,          0
 11444,   395,   21000000,    7115128,        0,  -13884872,          0
 11444,   396,   21000000,    6050329,        0,  -14949671,          0
 11444,   397,   21000000,    6069838,        0,  -14930162,          0
 11444,   398,   21000000,    6160590,        0,  -14839410,          0
 11444,   399,   21000000,    6059555,        0,  -14940445,          0
 11444,   400,   21000000,    6033412,        0,  -14966588,          0
 11444,   401,   21000000,    9168105,        0,  -11831895,          0
 11444,   402,   21000000,    6037288,        0,  -14962712,          0
 11444,   403,   21000000,    6071632,        0,  -14928368,          0
 11444,   404,   21000000,    6466780,        0,  -14533220,          0
 11444,   405,   21000000,    6075250,        0,  -14924750,          0
 11444,   406,   21000000,    6039933,        0,  -14960067,          0
 11444,   407,   21000000,    6122438,        0,  -14877562,          0
 11444,   408,   21000000,    9125322,        0,  -11874678,          0
 11444,   409,   21000000,    6040521,        0,  -14959479,          0
 11444,   410,   21000000,    6040654,        0,  -14959346,          0
 11444,   411,   21000000,    6187954,        0,  -14812046,          0
 11444,   412,   21000000,    6096839,        0,  -14903161,          0
 11444,   413,   21000000,    6050680,        0,  -14949320,          0
 11444,   414,   21000000,    6041261,        0,  -14958739,          0
 11444,   415,   21000000,    6045558,        0,  -14954442,          0
 11444,   416,   21000000,    6174943,        0,  -14825057,          0
 11444,   417,   21000000,    6042819,        0,  -14957181,          0
 11444,   418,   21000000,    6147650,        0,  -14852350,          0
 11444,   419,   21000000,    6066819,        0,  -14933181,          0
 11444,   420,   21000000,    6076946,        0,  -14923054,          0
 11444,   421,   21000000,    7651502,        0,  -13348498,          0
 11444,   422,   21000000,    6090587,        0,  -14909413,          0
 11444,   423,   21000000,    6089271,        0,  -14910729,          0
 11444,   424,   21000000,    7200313,        0,  -13799687,          0
 11444,   425,   21000000,    6043472,        0,  -14956528,          0
 11444,   426,   21000000,    6077383,        0,  -14922617,          0
 11444,   427,   21000000,    6336735,        0,  -14663265,          0
 11444,   428,   21000000,    6060799,        0,  -14939201,          0
 11444,   429,   21000000,    6069915,        0,  -14930085,          0
 11444,   430,   21000000,    6155022,        0,  -14844978,          0
 11444,   431,   21000000,    6347275,        0,  -14652725,          0
 11444,   432,   21000000,    6040684,        0,  -14959316,          0
 11444,   433,   21000000,    6063982,        0,  -14936018,          0
 11444,   434,   21000000,    7583808,        0,  -13416192,          0
 11444,   435,   21000000,    6062618,        0,  -14937382,          0
 11444,   436,   21000000,    6058471,        0,  -14941529,          0
 11444,   437,   21000000,    6339142,        0,  -14660858,          0
 11444,   438,   21000000,    6117130,        0,  -14882870,          0
 11444,   439,   21000000,    6050057,        0,  -14949943,          0
 11444,   440,   21000000,    6053651,        0,  -14946349,          0
 11444,   441,   21000000,    6046564,        0,  -14953436,          0
 11444,   442,   21000000,    6086863,        0,  -14913137,          0
 11444,   443,   21000000,    6318591,        0,  -14681409,          0
 11444,   444,   21000000,    6046140,        0,  -14953860,          0
 11444,   445,   21000000,    6043857,        0,  -14956143,          0
 11444,   446,   21000000,    6025785,        0,  -14974215,          0
 11444,   447,   21000000,    7025806,        0,  -13974194,          0
 11444,   448,   21000000,    6047622,        0,  -14952378,          0
 11444,   449,   21000000,    6363279,        0,  -14636721,          0
 11444,   450,   21000000,    8801478,        0,  -12198522,          0
 11444,   451,   21000000,    6190585,        0,  -14809415,          0
 11444,   452,   21000000,    6067460,        0,  -14932540,          0
 11444,   453,   21000000,    6033965,        0,  -14966035,          0
 11444,   454,   21000000,    6044162,        0,  -14955838,          0
 11444,   455,   21000000,    6303925,        0,  -14696075,          0
 11444,   456,   21000000,    6038638,        0,  -14961362,          0
 11444,   457,   21000000,    6071487,        0,  -14928513,          0
 11444,   458,   21000000,    6034179,        0,  -14965821,          0
 11444,   459,   21000000,    6117658,        0,  -14882342,          0
 11444,   460,   21000000,    6310552,        0,  -14689448,          0
 11444,   461,   21000000,    6319033,        0,  -14680967,          0
 11444,   462,   21000000,    6093853,        0,  -14906147,          0
 11444,   463,   21000000,    6080679,        0,  -14919321,          0
 11444,   464,   21000000,    6054594,        0,  -14945406,          0
 11444,   465,   21000000,    6074285,        0,  -14925715,          0
 11444,   466,   21000000,    6031071,        0,  -14968929,          0
 11444,   467,   21000000,    6040234,        0,  -14959766,          0
 11444,   468,   21000000,    6151561,        0,  -14848439,          0
 11444,   469,   21000000,    6038170,        0,  -14961830,          0
 11444,   470,   21000000,    6054209,        0,  -14945791,          0
 11444,   471,   21000000,    6152780,        0,  -14847220,          0
 11444,   472,   21000000,    6048802,        0,  -14951198,          0
 11444,   473,   21000000,    6080596,        0,  -14919404,          0
 11444,   474,   21000000,    6052287,        0,  -14947713,          0
 11444,   475,   21000000,    6071237,        0,  -14928763,          0
 11444,   476,   21000000,    7157713,        0,  -13842287,          0
 11444,   477,   21000000,    6042843,        0,  -14957157,          0
 11444,   478,   21000000,    6059383,        0,  -14940617,          0
 11444,   479,   21000000,    6042504,        0,  -14957496,          0
 11444,   480,   21000000,    6047725,        0,  -14952275,          0
