130 40 90
182 61 121
134 42 92
591 208 383
670 213 457
114 35 79
254 85 169
839 276 563
175 52 123
193 66 127
118 32 86
105 25 80
165 54 111
139 38 101
250 84 166
289 93 196
112 31 81
105 31 74
208 60 148
113 31 82
1004 335 669
373 125 248
420 134 286
170 55 115
161 42 119
479 154 325
261 86 175
420 134 286
133 30 103
404 134 270
422 136 286
308 106 202
208 67 141
104 32 72
177 53 124
113 24 89
147 49 98
181 59 122
159 46 113
152 49 103
230 70 160
280 83 197
106 29 77
530 176 354
161 53 108
227 70 157
405 127 278
192 57 135
112 28 84
140 48 92
672 221 451
112 33 79
138 40 98
154 36 118
291 89 202
127 40 87
236 76 160
158 46 112
203 58 145
104 26 78
253 77 176
105 34 71
139 33 106
142 45 97
308 100 208
134 44 90
299 95 204
837 283 554
773 251 522
201 56 145
215 70 145
138 39 99
439 142 297
109 33 76
192 55 137
336 100 236
481 164 317
241 72 169
150 48 102
142 37 105
136 45 91
