# Task,   Job,     Period,   Response, DL Miss?,   Lateness,  Tardiness
# task NAME=myapp PID=5246 COST=38400000 PERIOD=96000000 CPU=0
  5246,     2,   96000000,      11156,        0,  -95988844,          0
  5246,     3,   96000000,      25604,        0,  -95974396,          0
  5246,     4,   96000000,   39960759,        0,  -56039241,          0
  5246,     5,   96000000,   37583448,        0,  -58416552,          0
  5246,     6,   96000000,   37588309,        0,  -58411691,          0
  5246,     7,   96000000,   37597601,        0,  -58402399,          0
  5246,     8,   96000000,   37863900,        0,  -58136100,          0
  5246,     9,   96000000,   37593132,        0,  -58406868,          0
  5246,    10,   96000000,   37575689,        0,  -58424311,          0
  5246,    11,   96000000,   37577977,        0,  -58422023,          0
  5246,    12,   96000000,   37889385,        0,  -58110615,          0
  5246,    13,   96000000,   37603876,        0,  -58396124,          0
  5246,    14,   96000000,   37589102,        0,  -58410898,          0
  5246,    15,   96000000,   37558284,        0,  -58441716,          0
  5246,    16,   96000000,   37895651,        0,  -58104349,          0
  5246,    17,   96000000,   37566625,        0,  -58433375,          0
  5246,    18,   96000000,   37581513,        0,  -58418487,          0
  5246,    19,   96000000,   37625708,        0,  -58374292,          0
  5246,    20,   96000000,   37864130,        0,  -58135870,          0
  5246,    21,   96000000,   37850471,        0,  -58149529,          0
  5246,    22,   96000000,   37589813,        0,  -58410187,          0
  5246,    23,   96000000,   37664729,        0,  -58335271,          0
  5246,    24,   96000000,   37662629,        0,  -58337371,          0
  5246,    25,   96000000,   37888319,        0,  -58111681,          0
  5246,    26,   96000000,   37706284,        0,  -58293716,          0
  5246,    27,   96000000,   37570059,        0,  -58429941,          0
  5246,    28,   96000000,   37588640,        0,  -58411360,          0
  5246,    29,   96000000,   37901270,        0,  -58098730,          0
  5246,    30,   96000000,   37584265,        0,  -58415735,          0
  5246,    31,   96000000,   37598379,        0,  -58401621,          0
  5246,    32,   96000000,   37735587,        0,  -58264413,          0
  5246,    33,   96000000,   37849414,        0,  -58150586,          0
  5246,    34,   96000000,   37894286,        0,  -58105714,          0
  5246,    35,   96000000,   37627632,        0,  -58372368,          0
  5246,    36,   96000000,   37584418,        0,  -58415582,          0
  5246,    37,   96000000,   37587875,        0,  -58412125,          0
  5246,    38,   96000000,   37868788,        0,  -58131212,          0
  5246,    39,   96000000,   37578484,        0,  -58421516,          0
  5246,    40,   96000000,   37631228,        0,  -58368772,          0
  5246,    41,   96000000,   37624044,        0,  -58375956,          0
  5246,    42,   96000000,   37946726,        0,  -58053274,          0
  5246,    43,   96000000,   37595744,        0,  -58404256,          0
  5246,    44,   96000000,   37616248,        0,  -58383752,          0
  5246,    45,   96000000,   37580019,        0,  -58419981,          0
  5246,    46,   96000000,   37976189,        0,  -58023811,          0
  5246,    47,   96000000,   37981005,        0,  -58018995,          0
  5246,    48,   96000000,   37579381,        0,  -58420619,          0
  5246,    49,   96000000,   37589744,        0,  -58410256,          0
  5246,    50,   96000000,   37737397,        0,  -58262603,          0
  5246,    51,   96000000,   37844689,        0,  -58155311,          0
  5246,    52,   96000000,   37618312,        0,  -58381688,          0
  5246,    53,   96000000,   37588400,        0,  -58411600,          0
  5246,    54,   96000000,   37660673,        0,  -58339327,          0
  5246,    55,   96000000,   37864191,        0,  -58135809,          0
  5246,    56,   96000000,   37607306,        0,  -58392694,          0
  5246,    57,   96000000,   37610871,        0,  -58389129,          0
  5246,    58,   96000000,   37579249,        0,  -58420751,          0
  5246,    59,   96000000,   37854605,        0,  -58145395,          0
  5246,    60,   96000000,   37849950,        0,  -58150050,          0
  5246,    61,   96000000,   37576075,        0,  -58423925,          0
  5246,    62,   96000000,   37577870,        0,  -58422130,          0
  5246,    63,   96000000,   37567707,        0,  -58432293,          0
  5246,    64,   96000000,   37993908,        0,  -58006092,          0
  5246,    65,   96000000,   37611806,        0,  -58388194,          0
  5246,    66,   96000000,   37579474,        0,  -58420526,          0
  5246,    67,   96000000,   37600691,        0,  -58399309,          0
  5246,    68,   96000000,   37981743,        0,  -58018257,          0
  5246,    69,   96000000,   37593028,        0,  -58406972,          0
  5246,    70,   96000000,   37593367,        0,  -58406633,          0
  5246,    71,   96000000,   37595922,        0,  -58404078,          0
  5246,    72,   96000000,   37909587,        0,  -58090413,          0
  5246,    73,   96000000,   37746403,        0,  -58253597,          0
  5246,    74,   96000000,   37581025,        0,  -58418975,          0
  5246,    75,   96000000,   37665713,        0,  -58334287,          0
  5246,    76,   96000000,   37839388,        0,  -58160612,          0
  5246,    77,   96000000,   37855236,        0,  -58144764,          0
  5246,    78,   96000000,   37570888,        0,  -58429112,          0
  5246,    79,   96000000,   37596592,        0,  -58403408,          0
  5246,    80,   96000000,   37561702,        0,  -58438298,          0
  5246,    81,   96000000,   37925849,        0,  -58074151,          0
  5246,    82,   96000000,   37565665,        0,  -58434335,          0
  5246,    83,   96000000,   37582983,        0,  -58417017,          0
  5246,    84,   96000000,   37577817,        0,  -58422183,          0
  5246,    85,   96000000,   37885874,        0,  -58114126,          0
  5246,    86,   96000000,   37572630,        0,  -58427370,          0
  5246,    87,   96000000,   37575831,        0,  -58424169,          0
  5246,    88,   96000000,   37592986,        0,  -58407014,          0
  5246,    89,   96000000,   37854180,        0,  -58145820,          0
  5246,    90,   96000000,   37856479,        0,  -58143521,          0
  5246,    91,   96000000,   37623005,        0,  -58376995,          0
  5246,    92,   96000000,   37732131,        0,  -58267869,          0
  5246,    93,   96000000,   37787385,        0,  -58212615,          0
  5246,    94,   96000000,   38041677,        0,  -57958323,          0
  5246,    95,   96000000,   37691150,        0,  -58308850,          0
  5246,    96,   96000000,   37639888,        0,  -58360112,          0
  5246,    97,   96000000,   37589409,        0,  -58410591,          0
  5246,    98,   96000000,   37852346,        0,  -58147654,          0
  5246,    99,   96000000,   37561346,        0,  -58438654,          0
  5246,   100,   96000000,   37608629,        0,  -58391371,          0
  5246,   101,   96000000,   37594348,        0,  -58405652,          0
  5246,   102,   96000000,   37862402,        0,  -58137598,          0
  5246,   103,   96000000,   37865402,        0,  -58134598,          0
  5246,   104,   96000000,   37762633,        0,  -58237367,          0
  5246,   105,   96000000,   37577913,        0,  -58422087,          0
  5246,   106,   96000000,   37567257,        0,  -58432743,          0
  5246,   107,   96000000,   37847895,        0,  -58152105,          0
  5246,   108,   96000000,   37574354,        0,  -58425646,          0
