# Task,   Job,     Period,   Response, DL Miss?,   Lateness,  Tardiness
# task NAME=myapp PID=19968 COST=3122000 PERIOD=13000000 CPU=0
 19968,     2,   13000000,       6421,        0,  -12993579,          0
 19968,     3,   13000000,      35456,        0,  -12964544,          0
 19968,     4,   13000000,    5116231,        0,   -7883769,          0
 19968,     5,   13000000,    3388553,        0,   -9611447,          0
 19968,     6,   13000000,    3164800,        0,   -9835200,          0
 19968,     7,   13000000,    3076733,        0,   -9923267,          0
 19968,     8,   13000000,    3100574,        0,   -9899426,          0
 19968,     9,   13000000,    3092102,        0,   -9907898,          0
 19968,    10,   13000000,    3084606,        0,   -9915394,          0
 19968,    11,   13000000,    3081311,        0,   -9918689,          0
 19968,    12,   13000000,    3129626,        0,   -9870374,          0
 19968,    13,   13000000,    3129315,        0,   -9870685,          0
 19968,    14,   13000000,    3092939,        0,   -9907061,          0
 19968,    15,   13000000,    3083898,        0,   -9916102,          0
 19968,    16,   13000000,    3095158,        0,   -9904842,          0
 19968,    17,   13000000,    3086993,        0,   -9913007,          0
 19968,    18,   13000000,    3136503,        0,   -9863497,          0
 19968,    19,   13000000,    3094934,        0,   -9905066,          0
 19968,    20,   13000000,    3079376,        0,   -9920624,          0
 19968,    21,   13000000,    3081314,        0,   -9918686,          0
 19968,    22,   13000000,    3103633,        0,   -9896367,          0
 19968,    23,   13000000,    3093135,        0,   -9906865,          0
 19968,    24,   13000000,    3089322,        0,   -9910678,          0
 19968,    25,   13000000,    3136857,        0,   -9863143,          0
 19968,    26,   13000000,    3127880,        0,   -9872120,          0
 19968,    27,   13000000,    3101643,        0,   -9898357,          0
 19968,    28,   13000000,    3083851,        0,   -9916149,          0
 19968,    29,   13000000,    3086903,        0,   -9913097,          0
 19968,    30,   13000000,    3088932,        0,   -9911068,          0
 19968,    31,   13000000,    3100092,        0,   -9899908,          0
 19968,    32,   13000000,    3094908,        0,   -9905092,          0
 19968,    33,   13000000,    3084524,        0,   -9915476,          0
 19968,    34,   13000000,    3097086,        0,   -9902914,          0
 19968,    35,   13000000,    3120938,        0,   -9879062,          0
 19968,    36,   13000000,    3096068,        0,   -9903932,          0
 19968,    37,   13000000,    3091405,        0,   -9908595,          0
 19968,    38,   13000000,    3102605,        0,   -9897395,          0
 19968,    39,   13000000,    3125648,        0,   -9874352,          0
 19968,    40,   13000000,    3103444,        0,   -9896556,          0
 19968,    41,   13000000,    3132070,        0,   -9867930,          0
 19968,    42,   13000000,    3123325,        0,   -9876675,          0
 19968,    43,   13000000,    3098994,        0,   -9901006,          0
 19968,    44,   13000000,    3092801,        0,   -9907199,          0
 19968,    45,   13000000,    3119537,        0,   -9880463,          0
 19968,    46,   13000000,    3129837,        0,   -9870163,          0
 19968,    47,   13000000,    3079827,        0,   -9920173,          0
 19968,    48,   13000000,    3120439,        0,   -9879561,          0
 19968,    49,   13000000,    3082690,        0,   -9917310,          0
 19968,    50,   13000000,    3094276,        0,   -9905724,          0
 19968,    51,   13000000,    3079288,        0,   -9920712,          0
 19968,    52,   13000000,    3076907,        0,   -9923093,          0
 19968,    53,   13000000,    3382243,        0,   -9617757,          0
 19968,    54,   13000000,    3095720,        0,   -9904280,          0
 19968,    55,   13000000,    3089521,        0,   -9910479,          0
 19968,    56,   13000000,    3097624,        0,   -9902376,          0
 19968,    57,   13000000,    3105285,        0,   -9894715,          0
 19968,    58,   13000000,    3088700,        0,   -9911300,          0
 19968,    59,   13000000,    3099824,        0,   -9900176,          0
 19968,    60,   13000000,    3138907,        0,   -9861093,          0
 19968,    61,   13000000,    3083119,        0,   -9916881,          0
 19968,    62,   13000000,    3086697,        0,   -9913303,          0
 19968,    63,   13000000,    3098307,        0,   -9901693,          0
 19968,    64,   13000000,    3088670,        0,   -9911330,          0
 19968,    65,   13000000,    3095114,        0,   -9904886,          0
 19968,    66,   13000000,    3181282,        0,   -9818718,          0
 19968,    67,   13000000,    3095348,        0,   -9904652,          0
 19968,    68,   13000000,    3104794,        0,   -9895206,          0
 19968,    69,   13000000,    3096080,        0,   -9903920,          0
 19968,    70,   13000000,    3084378,        0,   -9915622,          0
 19968,    71,   13000000,    3093249,        0,   -9906751,          0
 19968,    72,   13000000,    3082486,        0,   -9917514,          0
 19968,    73,   13000000,    3072386,        0,   -9927614,          0
 19968,    74,   13000000,    3099631,        0,   -9900369,          0
 19968,    75,   13000000,    3077368,        0,   -9922632,          0
 19968,    76,   13000000,    3110337,        0,   -9889663,          0
 19968,    77,   13000000,    3077018,        0,   -9922982,          0
 19968,    78,   13000000,    3153094,        0,   -9846906,          0
 19968,    79,   13000000,    3118757,        0,   -9881243,          0
 19968,    80,   13000000,    3081128,        0,   -9918872,          0
 19968,    81,   13000000,    3110512,        0,   -9889488,          0
 19968,    82,   13000000,    3089687,        0,   -9910313,          0
 19968,    83,   13000000,    3095695,        0,   -9904305,          0
 19968,    84,   13000000,    3135708,        0,   -9864292,          0
 19968,    85,   13000000,    3169539,        0,   -9830461,          0
 19968,    86,   13000000,    3106678,        0,   -9893322,          0
 19968,    87,   13000000,    3084678,        0,   -9915322,          0
 19968,    88,   13000000,    3076390,        0,   -9923610,          0
 19968,    89,   13000000,    3117402,        0,   -9882598,          0
 19968,    90,   13000000,    3080390,        0,   -9919610,          0
 19968,    91,   13000000,    3081950,        0,   -9918050,          0
 19968,    92,   13000000,    3110464,        0,   -9889536,          0
 19968,    93,   13000000,    3126841,        0,   -9873159,          0
 19968,    94,   13000000,    3079474,        0,   -9920526,          0
 19968,    95,   13000000,    3080784,        0,   -9919216,          0
 19968,    96,   13000000,    3104179,        0,   -9895821,          0
 19968,    97,   13000000,    3097758,        0,   -9902242,          0
 19968,    98,   13000000,    3090188,        0,   -9909812,          0
 19968,    99,   13000000,    3103436,        0,   -9896564,          0
 19968,   100,   13000000,    3097578,        0,   -9902422,          0
 19968,   101,   13000000,    3390495,        0,   -9609505,          0
 19968,   102,   13000000,    3102508,        0,   -9897492,          0
 19968,   103,   13000000,    3099395,        0,   -9900605,          0
 19968,   104,   13000000,    3102938,        0,   -9897062,          0
 19968,   105,   13000000,    3108012,        0,   -9891988,          0
 19968,   106,   13000000,    3075629,        0,   -9924371,          0
 19968,   107,   13000000,    3117270,        0,   -9882730,          0
 19968,   108,   13000000,    3076163,        0,   -9923837,          0
 19968,   109,   13000000,    3114830,        0,   -9885170,          0
 19968,   110,   13000000,    3116027,        0,   -9883973,          0
 19968,   111,   13000000,    3099831,        0,   -9900169,          0
 19968,   112,   13000000,    3076819,        0,   -9923181,          0
 19968,   113,   13000000,    3101151,        0,   -9898849,          0
 19968,   114,   13000000,    3097753,        0,   -9902247,          0
 19968,   115,   13000000,    3087615,        0,   -9912385,          0
 19968,   116,   13000000,    3074364,        0,   -9925636,          0
 19968,   117,   13000000,    3106356,        0,   -9893644,          0
 19968,   118,   13000000,    3073576,        0,   -9926424,          0
 19968,   119,   13000000,    3088993,        0,   -9911007,          0
 19968,   120,   13000000,    3124202,        0,   -9875798,          0
 19968,   121,   13000000,    3085066,        0,   -9914934,          0
 19968,   122,   13000000,    3077105,        0,   -9922895,          0
 19968,   123,   13000000,    3110256,        0,   -9889744,          0
 19968,   124,   13000000,    3133076,        0,   -9866924,          0
 19968,   125,   13000000,    3093304,        0,   -9906696,          0
 19968,   126,   13000000,    3075015,        0,   -9924985,          0
 19968,   127,   13000000,    3074275,        0,   -9925725,          0
 19968,   128,   13000000,    3107053,        0,   -9892947,          0
 19968,   129,   13000000,    3096849,        0,   -9903151,          0
 19968,   130,   13000000,    3405413,        0,   -9594587,          0
 19968,   131,   13000000,    3114934,        0,   -9885066,          0
 19968,   132,   13000000,    3105734,        0,   -9894266,          0
 19968,   133,   13000000,    3112473,        0,   -9887527,          0
 19968,   134,   13000000,    3089851,        0,   -9910149,          0
 19968,   135,   13000000,    3085856,        0,   -9914144,          0
 19968,   136,   13000000,    3107425,        0,   -9892575,          0
 19968,   137,   13000000,    3087095,        0,   -9912905,          0
 19968,   138,   13000000,    3097378,        0,   -9902622,          0
 19968,   139,   13000000,    3076775,        0,   -9923225,          0
 19968,   140,   13000000,    3102749,        0,   -9897251,          0
 19968,   141,   13000000,    3078952,        0,   -9921048,          0
 19968,   142,   13000000,    3087447,        0,   -9912553,          0
 19968,   143,   13000000,    3085202,        0,   -9914798,          0
 19968,   144,   13000000,    3093490,        0,   -9906510,          0
 19968,   145,   13000000,    3087221,        0,   -9912779,          0
 19968,   146,   13000000,    3101016,        0,   -9898984,          0
 19968,   147,   13000000,    3076781,        0,   -9923219,          0
 19968,   148,   13000000,    3078724,        0,   -9921276,          0
 19968,   149,   13000000,    3083152,        0,   -9916848,          0
 19968,   150,   13000000,    3082784,        0,   -9917216,          0
 19968,   151,   13000000,    3077698,        0,   -9922302,          0
 19968,   152,   13000000,    3085865,        0,   -9914135,          0
 19968,   153,   13000000,    3098339,        0,   -9901661,          0
 19968,   154,   13000000,    3078687,        0,   -9921313,          0
 19968,   155,   13000000,    3074697,        0,   -9925303,          0
 19968,   156,   13000000,    3083571,        0,   -9916429,          0
 19968,   157,   13000000,    3077206,        0,   -9922794,          0
 19968,   158,   13000000,    3092003,        0,   -9907997,          0
 19968,   159,   13000000,    3099952,        0,   -9900048,          0
 19968,   160,   13000000,    3083377,        0,   -9916623,          0
 19968,   161,   13000000,    3082178,        0,   -9917822,          0
 19968,   162,   13000000,    3120475,        0,   -9879525,          0
 19968,   163,   13000000,    3073702,        0,   -9926298,          0
 19968,   164,   13000000,    3107976,        0,   -9892024,          0
 19968,   165,   13000000,    3086497,        0,   -9913503,          0
 19968,   166,   13000000,    3091643,        0,   -9908357,          0
 19968,   167,   13000000,    3132372,        0,   -9867628,          0
 19968,   168,   13000000,    3093875,        0,   -9906125,          0
 19968,   169,   13000000,    3087037,        0,   -9912963,          0
 19968,   170,   13000000,    3076927,        0,   -9923073,          0
 19968,   171,   13000000,    3096153,        0,   -9903847,          0
 19968,   172,   13000000,    3108578,        0,   -9891422,          0
 19968,   173,   13000000,    3075289,        0,   -9924711,          0
 19968,   174,   13000000,    3103078,        0,   -9896922,          0
 19968,   175,   13000000,    3082270,        0,   -9917730,          0
 19968,   176,   13000000,    3102982,        0,   -9897018,          0
 19968,   177,   13000000,    3089558,        0,   -9910442,          0
 19968,   178,   13000000,    3374606,        0,   -9625394,          0
 19968,   179,   13000000,    3119467,        0,   -9880533,          0
 19968,   180,   13000000,    3088283,        0,   -9911717,          0
 19968,   181,   13000000,    3106852,        0,   -9893148,          0
 19968,   182,   13000000,    3101595,        0,   -9898405,          0
 19968,   183,   13000000,    3087298,        0,   -9912702,          0
 19968,   184,   13000000,    3086658,        0,   -9913342,          0
 19968,   185,   13000000,    3080095,        0,   -9919905,          0
 19968,   186,   13000000,    3085179,        0,   -9914821,          0
 19968,   187,   13000000,    3080596,        0,   -9919404,          0
 19968,   188,   13000000,    3096767,        0,   -9903233,          0
 19968,   189,   13000000,    3109692,        0,   -9890308,          0
 19968,   190,   13000000,    3101047,        0,   -9898953,          0
 19968,   191,   13000000,    3110897,        0,   -9889103,          0
 19968,   192,   13000000,    3078111,        0,   -9921889,          0
 19968,   193,   13000000,    3094685,        0,   -9905315,          0
 19968,   194,   13000000,    3080567,        0,   -9919433,          0
 19968,   195,   13000000,    3101461,        0,   -9898539,          0
 19968,   196,   13000000,    3096201,        0,   -9903799,          0
 19968,   197,   13000000,    3118774,        0,   -9881226,          0
 19968,   198,   13000000,    3080013,        0,   -9919987,          0
 19968,   199,   13000000,    3095187,        0,   -9904813,          0
 19968,   200,   13000000,    3209270,        0,   -9790730,          0
 19968,   201,   13000000,    3120962,        0,   -9879038,          0
 19968,   202,   13000000,    3087066,        0,   -9912934,          0
 19968,   203,   13000000,    3113507,        0,   -9886493,          0
 19968,   204,   13000000,    3081543,        0,   -9918457,          0
 19968,   205,   13000000,    3075445,        0,   -9924555,          0
 19968,   206,   13000000,    3075200,        0,   -9924800,          0
 19968,   207,   13000000,    3091800,        0,   -9908200,          0
 19968,   208,   13000000,    3076115,        0,   -9923885,          0
 19968,   209,   13000000,    3163494,        0,   -9836506,          0
 19968,   210,   13000000,    3082767,        0,   -9917233,          0
 19968,   211,   13000000,    3086223,        0,   -9913777,          0
 19968,   212,   13000000,    3084860,        0,   -9915140,          0
 19968,   213,   13000000,    3081571,        0,   -9918429,          0
 19968,   214,   13000000,    3103681,        0,   -9896319,          0
 19968,   215,   13000000,    3116195,        0,   -9883805,          0
 19968,   216,   13000000,    3081830,        0,   -9918170,          0
 19968,   217,   13000000,    3114756,        0,   -9885244,          0
 19968,   218,   13000000,    3092932,        0,   -9907068,          0
 19968,   219,   13000000,    3075078,        0,   -9924922,          0
 19968,   220,   13000000,    3078248,        0,   -9921752,          0
 19968,   221,   13000000,    3090796,        0,   -9909204,          0
 19968,   222,   13000000,    3108981,        0,   -9891019,          0
 19968,   223,   13000000,    3085273,        0,   -9914727,          0
 19968,   224,   13000000,    3112516,        0,   -9887484,          0
 19968,   225,   13000000,    3094710,        0,   -9905290,          0
 19968,   226,   13000000,    3406533,        0,   -9593467,          0
 19968,   227,   13000000,    3083541,        0,   -9916459,          0
 19968,   228,   13000000,    3149532,        0,   -9850468,          0
 19968,   229,   13000000,    3076992,        0,   -9923008,          0
 19968,   230,   13000000,    3081972,        0,   -9918028,          0
 19968,   231,   13000000,    3085641,        0,   -9914359,          0
 19968,   232,   13000000,    3085058,        0,   -9914942,          0
 19968,   233,   13000000,    3093336,        0,   -9906664,          0
 19968,   234,   13000000,    3091020,        0,   -9908980,          0
 19968,   235,   13000000,    3077290,        0,   -9922710,          0
 19968,   236,   13000000,    3087382,        0,   -9912618,          0
 19968,   237,   13000000,    3102720,        0,   -9897280,          0
 19968,   238,   13000000,    3075805,        0,   -9924195,          0
 19968,   239,   13000000,    3108853,        0,   -9891147,          0
 19968,   240,   13000000,    3086835,        0,   -9913165,          0
 19968,   241,   13000000,    3115098,        0,   -9884902,          0
 19968,   242,   13000000,    3086709,        0,   -9913291,          0
 19968,   243,   13000000,    3089183,        0,   -9910817,          0
 19968,   244,   13000000,    3087870,        0,   -9912130,          0
 19968,   245,   13000000,    3092108,        0,   -9907892,          0
 19968,   246,   13000000,    3088398,        0,   -9911602,          0
 19968,   247,   13000000,    3084320,        0,   -9915680,          0
 19968,   248,   13000000,    3105128,        0,   -9894872,          0
 19968,   249,   13000000,    3106557,        0,   -9893443,          0
 19968,   250,   13000000,    3088308,        0,   -9911692,          0
 19968,   251,   13000000,    3108823,        0,   -9891177,          0
 19968,   252,   13000000,    3094626,        0,   -9905374,          0
 19968,   253,   13000000,    3128271,        0,   -9871729,          0
 19968,   254,   13000000,    3098385,        0,   -9901615,          0
 19968,   255,   13000000,    3418354,        0,   -9581646,          0
 19968,   256,   13000000,    3088018,        0,   -9911982,          0
 19968,   257,   13000000,    3096719,        0,   -9903281,          0
 19968,   258,   13000000,    3090928,        0,   -9909072,          0
 19968,   259,   13000000,    3103085,        0,   -9896915,          0
 19968,   260,   13000000,    3087051,        0,   -9912949,          0
 19968,   261,   13000000,    3092428,        0,   -9907572,          0
 19968,   262,   13000000,    3094292,        0,   -9905708,          0
 19968,   263,   13000000,    3071599,        0,   -9928401,          0
 19968,   264,   13000000,    3079518,        0,   -9920482,          0
 19968,   265,   13000000,    3074151,        0,   -9925849,          0
 19968,   266,   13000000,    3097370,        0,   -9902630,          0
 19968,   267,   13000000,    3085115,        0,   -9914885,          0
 19968,   268,   13000000,    3109385,        0,   -9890615,          0
 19968,   269,   13000000,    3089039,        0,   -9910961,          0
 19968,   270,   13000000,    3120917,        0,   -9879083,          0
 19968,   271,   13000000,    3076550,        0,   -9923450,          0
 19968,   272,   13000000,    3086287,        0,   -9913713,          0
 19968,   273,   13000000,    3076817,        0,   -9923183,          0
 19968,   274,   13000000,    3083430,        0,   -9916570,          0
 19968,   275,   13000000,    3099739,        0,   -9900261,          0
 19968,   276,   13000000,    3197211,        0,   -9802789,          0
 19968,   277,   13000000,    3086306,        0,   -9913694,          0
 19968,   278,   13000000,    3122780,        0,   -9877220,          0
 19968,   279,   13000000,    3098533,        0,   -9901467,          0
 19968,   280,   13000000,    3097018,        0,   -9902982,          0
 19968,   281,   13000000,    3086082,        0,   -9913918,          0
 19968,   282,   13000000,    3077159,        0,   -9922841,          0
 19968,   283,   13000000,    3080741,        0,   -9919259,          0
 19968,   284,   13000000,    3103969,        0,   -9896031,          0
 19968,   285,   13000000,    3092712,        0,   -9907288,          0
 19968,   286,   13000000,    3090633,        0,   -9909367,          0
 19968,   287,   13000000,    3084375,        0,   -9915625,          0
 19968,   288,   13000000,    3083072,        0,   -9916928,          0
 19968,   289,   13000000,    3093513,        0,   -9906487,          0
 19968,   290,   13000000,    3084666,        0,   -9915334,          0
 19968,   291,   13000000,    3079500,        0,   -9920500,          0
 19968,   292,   13000000,    3078776,        0,   -9921224,          0
 19968,   293,   13000000,    3165386,        0,   -9834614,          0
 19968,   294,   13000000,    3088850,        0,   -9911150,          0
 19968,   295,   13000000,    3089081,        0,   -9910919,          0
 19968,   296,   13000000,    3088921,        0,   -9911079,          0
 19968,   297,   13000000,    3092566,        0,   -9907434,          0
 19968,   298,   13000000,    3113285,        0,   -9886715,          0
 19968,   299,   13000000,    3100633,        0,   -9899367,          0
 19968,   300,   13000000,    3117476,        0,   -9882524,          0
 19968,   301,   13000000,    3160678,        0,   -9839322,          0
 19968,   302,   13000000,    3098306,        0,   -9901694,          0
 19968,   303,   13000000,    3371266,        0,   -9628734,          0
 19968,   304,   13000000,    3082914,        0,   -9917086,          0
 19968,   305,   13000000,    3128954,        0,   -9871046,          0
 19968,   306,   13000000,    3076058,        0,   -9923942,          0
 19968,   307,   13000000,    3102668,        0,   -9897332,          0
 19968,   308,   13000000,    3104789,        0,   -9895211,          0
 19968,   309,   13000000,    3113445,        0,   -9886555,          0
 19968,   310,   13000000,    3094825,        0,   -9905175,          0
 19968,   311,   13000000,    3105631,        0,   -9894369,          0
 19968,   312,   13000000,    3119195,        0,   -9880805,          0
 19968,   313,   13000000,    3121631,        0,   -9878369,          0
 19968,   314,   13000000,    3116578,        0,   -9883422,          0
 19968,   315,   13000000,    3106349,        0,   -9893651,          0
 19968,   316,   13000000,    3090376,        0,   -9909624,          0
 19968,   317,   13000000,    3078005,        0,   -9921995,          0
 19968,   318,   13000000,    3074643,        0,   -9925357,          0
 19968,   319,   13000000,    3085258,        0,   -9914742,          0
 19968,   320,   13000000,    3113850,        0,   -9886150,          0
 19968,   321,   13000000,    3105635,        0,   -9894365,          0
 19968,   322,   13000000,    3097760,        0,   -9902240,          0
 19968,   323,   13000000,    3084034,        0,   -9915966,          0
 19968,   324,   13000000,    3075746,        0,   -9924254,          0
 19968,   325,   13000000,    3097318,        0,   -9902682,          0
 19968,   326,   13000000,    3084084,        0,   -9915916,          0
 19968,   327,   13000000,    3079604,        0,   -9920396,          0
 19968,   328,   13000000,    3086146,        0,   -9913854,          0
 19968,   329,   13000000,    3093744,        0,   -9906256,          0
 19968,   330,   13000000,    3142981,        0,   -9857019,          0
 19968,   331,   13000000,    3092968,        0,   -9907032,          0
 19968,   332,   13000000,    3098862,        0,   -9901138,          0
 19968,   333,   13000000,    3119596,        0,   -9880404,          0
 19968,   334,   13000000,    3079787,        0,   -9920213,          0
 19968,   335,   13000000,    3106613,        0,   -9893387,          0
 19968,   336,   13000000,    3088372,        0,   -9911628,          0
 19968,   337,   13000000,    3084683,        0,   -9915317,          0
 19968,   338,   13000000,    3087897,        0,   -9912103,          0
 19968,   339,   13000000,    3081304,        0,   -9918696,          0
 19968,   340,   13000000,    3086476,        0,   -9913524,          0
 19968,   341,   13000000,    3075989,        0,   -9924011,          0
 19968,   342,   13000000,    3104040,        0,   -9895960,          0
 19968,   343,   13000000,    3116003,        0,   -9883997,          0
 19968,   344,   13000000,    3081082,        0,   -9918918,          0
 19968,   345,   13000000,    3084412,        0,   -9915588,          0
 19968,   346,   13000000,    3083891,        0,   -9916109,          0
 19968,   347,   13000000,    3159909,        0,   -9840091,          0
 19968,   348,   13000000,    3093510,        0,   -9906490,          0
 19968,   349,   13000000,    3112215,        0,   -9887785,          0
 19968,   350,   13000000,    3088198,        0,   -9911802,          0
 19968,   351,   13000000,    3357525,        0,   -9642475,          0
 19968,   352,   13000000,    3083473,        0,   -9916527,          0
 19968,   353,   13000000,    3131621,        0,   -9868379,          0
 19968,   354,   13000000,    3086745,        0,   -9913255,          0
 19968,   355,   13000000,    3132574,        0,   -9867426,          0
 19968,   356,   13000000,    3077261,        0,   -9922739,          0
 19968,   357,   13000000,    3127646,        0,   -9872354,          0
 19968,   358,   13000000,    3086060,        0,   -9913940,          0
 19968,   359,   13000000,    3094115,        0,   -9905885,          0
 19968,   360,   13000000,    3095936,        0,   -9904064,          0
 19968,   361,   13000000,    3096960,        0,   -9903040,          0
 19968,   362,   13000000,    3072972,        0,   -9927028,          0
 19968,   363,   13000000,    3082322,        0,   -9917678,          0
 19968,   364,   13000000,    3096564,        0,   -9903436,          0
 19968,   365,   13000000,    3084902,        0,   -9915098,          0
 19968,   366,   13000000,    3102711,        0,   -9897289,          0
 19968,   367,   13000000,    3076178,        0,   -9923822,          0
 19968,   368,   13000000,    3083107,        0,   -9916893,          0
 19968,   369,   13000000,    3073137,        0,   -9926863,          0
 19968,   370,   13000000,    3094783,        0,   -9905217,          0
 19968,   371,   13000000,    3092419,        0,   -9907581,          0
 19968,   372,   13000000,    3138312,        0,   -9861688,          0
 19968,   373,   13000000,    3090922,        0,   -9909078,          0
 19968,   374,   13000000,    3086306,        0,   -9913694,          0
 19968,   375,   13000000,    3085083,        0,   -9914917,          0
 19968,   376,   13000000,    3090963,        0,   -9909037,          0
 19968,   377,   13000000,    3086593,        0,   -9913407,          0
 19968,   378,   13000000,    3092443,        0,   -9907557,          0
 19968,   379,   13000000,    3094287,        0,   -9905713,          0
 19968,   380,   13000000,    3418583,        0,   -9581417,          0
 19968,   381,   13000000,    3096206,        0,   -9903794,          0
 19968,   382,   13000000,    3091253,        0,   -9908747,          0
 19968,   383,   13000000,    3078280,        0,   -9921720,          0
 19968,   384,   13000000,    3135309,        0,   -9864691,          0
 19968,   385,   13000000,    3096762,        0,   -9903238,          0
 19968,   386,   13000000,    3082976,        0,   -9917024,          0
 19968,   387,   13000000,    3115264,        0,   -9884736,          0
 19968,   388,   13000000,    3137918,        0,   -9862082,          0
 19968,   389,   13000000,    3105612,        0,   -9894388,          0
 19968,   390,   13000000,    3086916,        0,   -9913084,          0
 19968,   391,   13000000,    3085552,        0,   -9914448,          0
 19968,   392,   13000000,    3077435,        0,   -9922565,          0
 19968,   393,   13000000,    3109562,        0,   -9890438,          0
 19968,   394,   13000000,    3085318,        0,   -9914682,          0
 19968,   395,   13000000,    3083218,        0,   -9916782,          0
 19968,   396,   13000000,    3100835,        0,   -9899165,          0
 19968,   397,   13000000,    3108656,        0,   -9891344,          0
 19968,   398,   13000000,    3102899,        0,   -9897101,          0
 19968,   399,   13000000,    3090934,        0,   -9909066,          0
 19968,   400,   13000000,    3154163,        0,   -9845837,          0
 19968,   401,   13000000,    3105764,        0,   -9894236,          0
 19968,   402,   13000000,    3161400,        0,   -9838600,          0
 19968,   403,   13000000,    3106688,        0,   -9893312,          0
 19968,   404,   13000000,    3083024,        0,   -9916976,          0
 19968,   405,   13000000,    3090444,        0,   -9909556,          0
 19968,   406,   13000000,    3110781,        0,   -9889219,          0
 19968,   407,   13000000,    3096886,        0,   -9903114,          0
 19968,   408,   13000000,    3094689,        0,   -9905311,          0
 19968,   409,   13000000,    3117216,        0,   -9882784,          0
 19968,   410,   13000000,    3100565,        0,   -9899435,          0
 19968,   411,   13000000,    3097167,        0,   -9902833,          0
 19968,   412,   13000000,    3085576,        0,   -9914424,          0
 19968,   413,   13000000,    3086618,        0,   -9913382,          0
 19968,   414,   13000000,    3091879,        0,   -9908121,          0
 19968,   415,   13000000,    3108316,        0,   -9891684,          0
 19968,   416,   13000000,    3096789,        0,   -9903211,          0
 19968,   417,   13000000,    3097320,        0,   -9902680,          0
 19968,   418,   13000000,    3084077,        0,   -9915923,          0
 19968,   419,   13000000,    3102597,        0,   -9897403,          0
 19968,   420,   13000000,    3078444,        0,   -9921556,          0
 19968,   421,   13000000,    3104731,        0,   -9895269,          0
 19968,   422,   13000000,    3092385,        0,   -9907615,          0
 19968,   423,   13000000,    3084180,        0,   -9915820,          0
 19968,   424,   13000000,    3078218,        0,   -9921782,          0
 19968,   425,   13000000,    3079786,        0,   -9920214,          0
 19968,   426,   13000000,    3102402,        0,   -9897598,          0
 19968,   427,   13000000,    3106752,        0,   -9893248,          0
 19968,   428,   13000000,    3377701,        0,   -9622299,          0
 19968,   429,   13000000,    3088371,        0,   -9911629,          0
 19968,   430,   13000000,    3103932,        0,   -9896068,          0
 19968,   431,   13000000,    3102505,        0,   -9897495,          0
 19968,   432,   13000000,    3101456,        0,   -9898544,          0
 19968,   433,   13000000,    3097499,        0,   -9902501,          0
 19968,   434,   13000000,    3115284,        0,   -9884716,          0
 19968,   435,   13000000,    3077638,        0,   -9922362,          0
 19968,   436,   13000000,    3076871,        0,   -9923129,          0
 19968,   437,   13000000,    3090463,        0,   -9909537,          0
 19968,   438,   13000000,    3080167,        0,   -9919833,          0
 19968,   439,   13000000,    3079572,        0,   -9920428,          0
 19968,   440,   13000000,    3079205,        0,   -9920795,          0
 19968,   441,   13000000,    3102368,        0,   -9897632,          0
 19968,   442,   13000000,    3078917,        0,   -9921083,          0
 19968,   443,   13000000,    3088267,        0,   -9911733,          0
 19968,   444,   13000000,    3101214,        0,   -9898786,          0
 19968,   445,   13000000,    3084085,        0,   -9915915,          0
 19968,   446,   13000000,    3080054,        0,   -9919946,          0
 19968,   447,   13000000,    3208376,        0,   -9791624,          0
 19968,   448,   13000000,    3086343,        0,   -9913657,          0
 19968,   449,   13000000,    3080373,        0,   -9919627,          0
 19968,   450,   13000000,    3108638,        0,   -9891362,          0
 19968,   451,   13000000,    3086731,        0,   -9913269,          0
 19968,   452,   13000000,    3142958,        0,   -9857042,          0
 19968,   453,   13000000,    3086703,        0,   -9913297,          0
 19968,   454,   13000000,    3096398,        0,   -9903602,          0
 19968,   455,   13000000,    3138147,        0,   -9861853,          0
 19968,   456,   13000000,    3075098,        0,   -9924902,          0
 19968,   457,   13000000,    3146455,        0,   -9853545,          0
 19968,   458,   13000000,    3106318,        0,   -9893682,          0
 19968,   459,   13000000,    3093935,        0,   -9906065,          0
 19968,   460,   13000000,    3093212,        0,   -9906788,          0
 19968,   461,   13000000,    3102123,        0,   -9897877,          0
 19968,   462,   13000000,    3159571,        0,   -9840429,          0
 19968,   463,   13000000,    3075169,        0,   -9924831,          0
 19968,   464,   13000000,    3086995,        0,   -9913005,          0
 19968,   465,   13000000,    3108418,        0,   -9891582,          0
 19968,   466,   13000000,    3083958,        0,   -9916042,          0
 19968,   467,   13000000,    3089672,        0,   -9910328,          0
 19968,   468,   13000000,    3105303,        0,   -9894697,          0
 19968,   469,   13000000,    3082738,        0,   -9917262,          0
 19968,   470,   13000000,    3090603,        0,   -9909397,          0
 19968,   471,   13000000,    3087626,        0,   -9912374,          0
 19968,   472,   13000000,    3085734,        0,   -9914266,          0
 19968,   473,   13000000,    3084342,        0,   -9915658,          0
 19968,   474,   13000000,    3095108,        0,   -9904892,          0
 19968,   475,   13000000,    3133640,        0,   -9866360,          0
 19968,   476,   13000000,    3360442,        0,   -9639558,          0
 19968,   477,   13000000,    3076354,        0,   -9923646,          0
 19968,   478,   13000000,    3090037,        0,   -9909963,          0
 19968,   479,   13000000,    3091286,        0,   -9908714,          0
 19968,   480,   13000000,    3090626,        0,   -9909374,          0
 19968,   481,   13000000,    3211922,        0,   -9788078,          0
 19968,   482,   13000000,    3089941,        0,   -9910059,          0
 19968,   483,   13000000,    3087085,        0,   -9912915,          0
 19968,   484,   13000000,    3091722,        0,   -9908278,          0
 19968,   485,   13000000,    3087887,        0,   -9912113,          0
 19968,   486,   13000000,    3087704,        0,   -9912296,          0
 19968,   487,   13000000,    3085533,        0,   -9914467,          0
 19968,   488,   13000000,    3094737,        0,   -9905263,          0
 19968,   489,   13000000,    3088110,        0,   -9911890,          0
 19968,   490,   13000000,    3077088,        0,   -9922912,          0
 19968,   491,   13000000,    3086456,        0,   -9913544,          0
 19968,   492,   13000000,    3089893,        0,   -9910107,          0
 19968,   493,   13000000,    3096368,        0,   -9903632,          0
 19968,   494,   13000000,    3081090,        0,   -9918910,          0
 19968,   495,   13000000,    3091483,        0,   -9908517,          0
 19968,   496,   13000000,    3100063,        0,   -9899937,          0
 19968,   497,   13000000,    3086233,        0,   -9913767,          0
 19968,   498,   13000000,    3087526,        0,   -9912474,          0
 19968,   499,   13000000,    3086341,        0,   -9913659,          0
 19968,   500,   13000000,    3093087,        0,   -9906913,          0
 19968,   501,   13000000,    3105313,        0,   -9894687,          0
 19968,   502,   13000000,    3173386,        0,   -9826614,          0
 19968,   503,   13000000,    3087755,        0,   -9912245,          0
 19968,   504,   13000000,    3080203,        0,   -9919797,          0
 19968,   505,   13000000,    3361058,        0,   -9638942,          0
 19968,   506,   13000000,    3352059,        0,   -9647941,          0
 19968,   507,   13000000,    3098784,        0,   -9901216,          0
 19968,   508,   13000000,    3100408,        0,   -9899592,          0
 19968,   509,   13000000,    3096774,        0,   -9903226,          0
 19968,   510,   13000000,    3089583,        0,   -9910417,          0
 19968,   511,   13000000,    3086373,        0,   -9913627,          0
 19968,   512,   13000000,    3114021,        0,   -9885979,          0
 19968,   513,   13000000,    3081466,        0,   -9918534,          0
 19968,   514,   13000000,    3105288,        0,   -9894712,          0
 19968,   515,   13000000,    3096584,        0,   -9903416,          0
 19968,   516,   13000000,    3094339,        0,   -9905661,          0
 19968,   517,   13000000,    3089622,        0,   -9910378,          0
 19968,   518,   13000000,    3084552,        0,   -9915448,          0
 19968,   519,   13000000,    3083461,        0,   -9916539,          0
 19968,   520,   13000000,    3093002,        0,   -9906998,          0
 19968,   521,   13000000,    3076395,        0,   -9923605,          0
 19968,   522,   13000000,    3081784,        0,   -9918216,          0
 19968,   523,   13000000,    3081307,        0,   -9918693,          0
 19968,   524,   13000000,    3101874,        0,   -9898126,          0
 19968,   525,   13000000,    3085261,        0,   -9914739,          0
 19968,   526,   13000000,    3117459,        0,   -9882541,          0
 19968,   527,   13000000,    3133311,        0,   -9866689,          0
 19968,   528,   13000000,    3143077,        0,   -9856923,          0
 19968,   529,   13000000,    3095016,        0,   -9904984,          0
 19968,   530,   13000000,    3110970,        0,   -9889030,          0
 19968,   531,   13000000,    3078210,        0,   -9921790,          0
 19968,   532,   13000000,    3091532,        0,   -9908468,          0
 19968,   533,   13000000,    3108899,        0,   -9891101,          0
 19968,   534,   13000000,    3087895,        0,   -9912105,          0
 19968,   535,   13000000,    3087643,        0,   -9912357,          0
 19968,   536,   13000000,    3091526,        0,   -9908474,          0
 19968,   537,   13000000,    3098467,        0,   -9901533,          0
 19968,   538,   13000000,    3163896,        0,   -9836104,          0
 19968,   539,   13000000,    3082822,        0,   -9917178,          0
 19968,   540,   13000000,    3104690,        0,   -9895310,          0
 19968,   541,   13000000,    3119425,        0,   -9880575,          0
 19968,   542,   13000000,    3090970,        0,   -9909030,          0
 19968,   543,   13000000,    3132150,        0,   -9867850,          0
 19968,   544,   13000000,    3102137,        0,   -9897863,          0
 19968,   545,   13000000,    3092556,        0,   -9907444,          0
 19968,   546,   13000000,    3112466,        0,   -9887534,          0
 19968,   547,   13000000,    3092669,        0,   -9907331,          0
 19968,   548,   13000000,    3076938,        0,   -9923062,          0
 19968,   549,   13000000,    3146399,        0,   -9853601,          0
 19968,   550,   13000000,    3132524,        0,   -9867476,          0
 19968,   551,   13000000,    3100041,        0,   -9899959,          0
 19968,   552,   13000000,    3080787,        0,   -9919213,          0
 19968,   553,   13000000,    3383526,        0,   -9616474,          0
 19968,   554,   13000000,    3162207,        0,   -9837793,          0
 19968,   555,   13000000,    3088221,        0,   -9911779,          0
 19968,   556,   13000000,    3102918,        0,   -9897082,          0
 19968,   557,   13000000,    3081999,        0,   -9918001,          0
 19968,   558,   13000000,    3075829,        0,   -9924171,          0
 19968,   559,   13000000,    3113097,        0,   -9886903,          0
 19968,   560,   13000000,    3090552,        0,   -9909448,          0
 19968,   561,   13000000,    3076677,        0,   -9923323,          0
 19968,   562,   13000000,    3114387,        0,   -9885613,          0
 19968,   563,   13000000,    3075721,        0,   -9924279,          0
 19968,   564,   13000000,    3101402,        0,   -9898598,          0
 19968,   565,   13000000,    3076790,        0,   -9923210,          0
 19968,   566,   13000000,    3077151,        0,   -9922849,          0
 19968,   567,   13000000,    3081457,        0,   -9918543,          0
 19968,   568,   13000000,    3141438,        0,   -9858562,          0
 19968,   569,   13000000,    3082903,        0,   -9917097,          0
 19968,   570,   13000000,    3087308,        0,   -9912692,          0
 19968,   571,   13000000,    3107784,        0,   -9892216,          0
 19968,   572,   13000000,    3097251,        0,   -9902749,          0
 19968,   573,   13000000,    3094499,        0,   -9905501,          0
 19968,   574,   13000000,    3086879,        0,   -9913121,          0
 19968,   575,   13000000,    3097033,        0,   -9902967,          0
 19968,   576,   13000000,    3144897,        0,   -9855103,          0
 19968,   577,   13000000,    3076693,        0,   -9923307,          0
 19968,   578,   13000000,    3087593,        0,   -9912407,          0
 19968,   579,   13000000,    3087493,        0,   -9912507,          0
 19968,   580,   13000000,    3081052,        0,   -9918948,          0
 19968,   581,   13000000,    3102796,        0,   -9897204,          0
 19968,   582,   13000000,    3192339,        0,   -9807661,          0
 19968,   583,   13000000,    3084844,        0,   -9915156,          0
 19968,   584,   13000000,    3113985,        0,   -9886015,          0
 19968,   585,   13000000,    3088142,        0,   -9911858,          0
 19968,   586,   13000000,    3094447,        0,   -9905553,          0
 19968,   587,   13000000,    3131746,        0,   -9868254,          0
 19968,   588,   13000000,    3085931,        0,   -9914069,          0
 19968,   589,   13000000,    3081579,        0,   -9918421,          0
 19968,   590,   13000000,    3080677,        0,   -9919323,          0
 19968,   591,   13000000,    3110762,        0,   -9889238,          0
 19968,   592,   13000000,    3165055,        0,   -9834945,          0
 19968,   593,   13000000,    3100282,        0,   -9899718,          0
 19968,   594,   13000000,    3094903,        0,   -9905097,          0
 19968,   595,   13000000,    3088865,        0,   -9911135,          0
 19968,   596,   13000000,    3078856,        0,   -9921144,          0
 19968,   597,   13000000,    3102460,        0,   -9897540,          0
 19968,   598,   13000000,    3079118,        0,   -9920882,          0
 19968,   599,   13000000,    3096716,        0,   -9903284,          0
 19968,   600,   13000000,    3081035,        0,   -9918965,          0
 19968,   601,   13000000,    3358594,        0,   -9641406,          0
 19968,   602,   13000000,    3081844,        0,   -9918156,          0
 19968,   603,   13000000,    3088481,        0,   -9911519,          0
 19968,   604,   13000000,    3127364,        0,   -9872636,          0
 19968,   605,   13000000,    3080702,        0,   -9919298,          0
 19968,   606,   13000000,    3137036,        0,   -9862964,          0
 19968,   607,   13000000,    3129300,        0,   -9870700,          0
 19968,   608,   13000000,    3075530,        0,   -9924470,          0
 19968,   609,   13000000,    3140727,        0,   -9859273,          0
 19968,   610,   13000000,    3093367,        0,   -9906633,          0
 19968,   611,   13000000,    3082217,        0,   -9917783,          0
 19968,   612,   13000000,    3099712,        0,   -9900288,          0
 19968,   613,   13000000,    3073539,        0,   -9926461,          0
 19968,   614,   13000000,    3135596,        0,   -9864404,          0
 19968,   615,   13000000,    3108752,        0,   -9891248,          0
 19968,   616,   13000000,    3084792,        0,   -9915208,          0
 19968,   617,   13000000,    3072839,        0,   -9927161,          0
 19968,   618,   13000000,    3082180,        0,   -9917820,          0
 19968,   619,   13000000,    3109008,        0,   -9890992,          0
 19968,   620,   13000000,    3074482,        0,   -9925518,          0
 19968,   621,   13000000,    3083483,        0,   -9916517,          0
 19968,   622,   13000000,    3084514,        0,   -9915486,          0
 19968,   623,   13000000,    3084340,        0,   -9915660,          0
 19968,   624,   13000000,    3075631,        0,   -9924369,          0
 19968,   625,   13000000,    3094532,        0,   -9905468,          0
 19968,   626,   13000000,    3165487,        0,   -9834513,          0
 19968,   627,   13000000,    3126202,        0,   -9873798,          0
 19968,   628,   13000000,    3100583,        0,   -9899417,          0
 19968,   629,   13000000,    3120454,        0,   -9879546,          0
 19968,   630,   13000000,    3362926,        0,   -9637074,          0
 19968,   631,   13000000,    3100104,        0,   -9899896,          0
 19968,   632,   13000000,    3083068,        0,   -9916932,          0
 19968,   633,   13000000,    3104012,        0,   -9895988,          0
 19968,   634,   13000000,    3098146,        0,   -9901854,          0
 19968,   635,   13000000,    3097591,        0,   -9902409,          0
 19968,   636,   13000000,    3138588,        0,   -9861412,          0
 19968,   637,   13000000,    3102014,        0,   -9897986,          0
 19968,   638,   13000000,    3078648,        0,   -9921352,          0
 19968,   639,   13000000,    3086433,        0,   -9913567,          0
 19968,   640,   13000000,    3095858,        0,   -9904142,          0
 19968,   641,   13000000,    3081556,        0,   -9918444,          0
 19968,   642,   13000000,    3085670,        0,   -9914330,          0
 19968,   643,   13000000,    3089200,        0,   -9910800,          0
 19968,   644,   13000000,    3096578,        0,   -9903422,          0
 19968,   645,   13000000,    3083359,        0,   -9916641,          0
 19968,   646,   13000000,    3088018,        0,   -9911982,          0
 19968,   647,   13000000,    3093631,        0,   -9906369,          0
 19968,   648,   13000000,    3097445,        0,   -9902555,          0
 19968,   649,   13000000,    3115508,        0,   -9884492,          0
 19968,   650,   13000000,    3096497,        0,   -9903503,          0
 19968,   651,   13000000,    3102445,        0,   -9897555,          0
 19968,   652,   13000000,    3095106,        0,   -9904894,          0
 19968,   653,   13000000,    3086730,        0,   -9913270,          0
 19968,   654,   13000000,    3110178,        0,   -9889822,          0
 19968,   655,   13000000,    3083282,        0,   -9916718,          0
 19968,   656,   13000000,    3088787,        0,   -9911213,          0
 19968,   657,   13000000,    3112095,        0,   -9887905,          0
 19968,   658,   13000000,    3107183,        0,   -9892817,          0
 19968,   659,   13000000,    3093192,        0,   -9906808,          0
 19968,   660,   13000000,    3084999,        0,   -9915001,          0
 19968,   661,   13000000,    3086461,        0,   -9913539,          0
 19968,   662,   13000000,    3088909,        0,   -9911091,          0
 19968,   663,   13000000,    3096749,        0,   -9903251,          0
 19968,   664,   13000000,    3105725,        0,   -9894275,          0
 19968,   665,   13000000,    3091848,        0,   -9908152,          0
 19968,   666,   13000000,    3080150,        0,   -9919850,          0
 19968,   667,   13000000,    3082841,        0,   -9917159,          0
 19968,   668,   13000000,    3093180,        0,   -9906820,          0
 19968,   669,   13000000,    3081528,        0,   -9918472,          0
 19968,   670,   13000000,    3115034,        0,   -9884966,          0
 19968,   671,   13000000,    3103308,        0,   -9896692,          0
 19968,   672,   13000000,    3073896,        0,   -9926104,          0
 19968,   673,   13000000,    3084494,        0,   -9915506,          0
 19968,   674,   13000000,    3097234,        0,   -9902766,          0
 19968,   675,   13000000,    3100680,        0,   -9899320,          0
 19968,   676,   13000000,    3095294,        0,   -9904706,          0
 19968,   677,   13000000,    3084490,        0,   -9915510,          0
 19968,   678,   13000000,    3384502,        0,   -9615498,          0
 19968,   679,   13000000,    3093398,        0,   -9906602,          0
 19968,   680,   13000000,    3088516,        0,   -9911484,          0
 19968,   681,   13000000,    3099918,        0,   -9900082,          0
 19968,   682,   13000000,    3085679,        0,   -9914321,          0
 19968,   683,   13000000,    3091333,        0,   -9908667,          0
 19968,   684,   13000000,    3097017,        0,   -9902983,          0
 19968,   685,   13000000,    3087025,        0,   -9912975,          0
 19968,   686,   13000000,    3087565,        0,   -9912435,          0
 19968,   687,   13000000,    3111437,        0,   -9888563,          0
 19968,   688,   13000000,    3082158,        0,   -9917842,          0
 19968,   689,   13000000,    3121907,        0,   -9878093,          0
 19968,   690,   13000000,    3114056,        0,   -9885944,          0
 19968,   691,   13000000,    3113513,        0,   -9886487,          0
 19968,   692,   13000000,    3087774,        0,   -9912226,          0
 19968,   693,   13000000,    3102443,        0,   -9897557,          0
 19968,   694,   13000000,    3085397,        0,   -9914603,          0
 19968,   695,   13000000,    3146796,        0,   -9853204,          0
 19968,   696,   13000000,    3098787,        0,   -9901213,          0
 19968,   697,   13000000,    3102430,        0,   -9897570,          0
 19968,   698,   13000000,    3095788,        0,   -9904212,          0
 19968,   699,   13000000,    3077611,        0,   -9922389,          0
 19968,   700,   13000000,    3126251,        0,   -9873749,          0
 19968,   701,   13000000,    3084766,        0,   -9915234,          0
 19968,   702,   13000000,    3076050,        0,   -9923950,          0
 19968,   703,   13000000,    3139823,        0,   -9860177,          0
 19968,   704,   13000000,    3111809,        0,   -9888191,          0
 19968,   705,   13000000,    3086407,        0,   -9913593,          0
 19968,   706,   13000000,    3082879,        0,   -9917121,          0
 19968,   707,   13000000,    3299224,        0,   -9700776,          0
 19968,   708,   13000000,    3102768,        0,   -9897232,          0
 19968,   709,   13000000,    3096768,        0,   -9903232,          0
 19968,   710,   13000000,    3081963,        0,   -9918037,          0
 19968,   711,   13000000,    3102071,        0,   -9897929,          0
 19968,   712,   13000000,    3106056,        0,   -9893944,          0
 19968,   713,   13000000,    3096311,        0,   -9903689,          0
 19968,   714,   13000000,    3092044,        0,   -9907956,          0
 19968,   715,   13000000,    3104054,        0,   -9895946,          0
 19968,   716,   13000000,    3077309,        0,   -9922691,          0
 19968,   717,   13000000,    3080336,        0,   -9919664,          0
 19968,   718,   13000000,    3097601,        0,   -9902399,          0
 19968,   719,   13000000,    3085316,        0,   -9914684,          0
 19968,   720,   13000000,    3081171,        0,   -9918829,          0
 19968,   721,   13000000,    3096537,        0,   -9903463,          0
 19968,   722,   13000000,    3082761,        0,   -9917239,          0
 19968,   723,   13000000,    3081338,        0,   -9918662,          0
 19968,   724,   13000000,    3073924,        0,   -9926076,          0
 19968,   725,   13000000,    3101191,        0,   -9898809,          0
 19968,   726,   13000000,    3357864,        0,   -9642136,          0
 19968,   727,   13000000,    3102687,        0,   -9897313,          0
 19968,   728,   13000000,    3120439,        0,   -9879561,          0
 19968,   729,   13000000,    3096567,        0,   -9903433,          0
 19968,   730,   13000000,    3097409,        0,   -9902591,          0
 19968,   731,   13000000,    3106555,        0,   -9893445,          0
 19968,   732,   13000000,    3157391,        0,   -9842609,          0
 19968,   733,   13000000,    3089031,        0,   -9910969,          0
 19968,   734,   13000000,    3098765,        0,   -9901235,          0
 19968,   735,   13000000,    3087364,        0,   -9912636,          0
 19968,   736,   13000000,    3109991,        0,   -9890009,          0
 19968,   737,   13000000,    3083972,        0,   -9916028,          0
 19968,   738,   13000000,    3077236,        0,   -9922764,          0
 19968,   739,   13000000,    3100169,        0,   -9899831,          0
 19968,   740,   13000000,    3096791,        0,   -9903209,          0
 19968,   741,   13000000,    3085280,        0,   -9914720,          0
 19968,   742,   13000000,    3084195,        0,   -9915805,          0
 19968,   743,   13000000,    3101148,        0,   -9898852,          0
 19968,   744,   13000000,    3101715,        0,   -9898285,          0
 19968,   745,   13000000,    3078430,        0,   -9921570,          0
 19968,   746,   13000000,    3088296,        0,   -9911704,          0
 19968,   747,   13000000,    3077685,        0,   -9922315,          0
 19968,   748,   13000000,    3111186,        0,   -9888814,          0
 19968,   749,   13000000,    3105846,        0,   -9894154,          0
 19968,   750,   13000000,    3084257,        0,   -9915743,          0
 19968,   751,   13000000,    3094934,        0,   -9905066,          0
 19968,   752,   13000000,    3085674,        0,   -9914326,          0
 19968,   753,   13000000,    3153836,        0,   -9846164,          0
 19968,   754,   13000000,    3103585,        0,   -9896415,          0
 19968,   755,   13000000,    3379925,        0,   -9620075,          0
 19968,   756,   13000000,    3117420,        0,   -9882580,          0
 19968,   757,   13000000,    3102302,        0,   -9897698,          0
 19968,   758,   13000000,    3088007,        0,   -9911993,          0
 19968,   759,   13000000,    3124847,        0,   -9875153,          0
 19968,   760,   13000000,    3103787,        0,   -9896213,          0
 19968,   761,   13000000,    3099489,        0,   -9900511,          0
 19968,   762,   13000000,    3082718,        0,   -9917282,          0
 19968,   763,   13000000,    3088401,        0,   -9911599,          0
 19968,   764,   13000000,    3078749,        0,   -9921251,          0
 19968,   765,   13000000,    3082017,        0,   -9917983,          0
 19968,   766,   13000000,    3106545,        0,   -9893455,          0
 19968,   767,   13000000,    3101880,        0,   -9898120,          0
 19968,   768,   13000000,    3084653,        0,   -9915347,          0
 19968,   769,   13000000,    3096315,        0,   -9903685,          0
 19968,   770,   13000000,    3123375,        0,   -9876625,          0
 19968,   771,   13000000,    3076565,        0,   -9923435,          0
 19968,   772,   13000000,    3134003,        0,   -9865997,          0
 19968,   773,   13000000,    3099650,        0,   -9900350,          0
# task NAME=myapp PID=19971 COST=3996000 PERIOD=25000000 CPU=0
 19971,     2,   25000000,      13251,        0,  -24986749,          0
 19971,     3,   25000000,      41482,        0,  -24958518,          0
 19971,     4,   25000000,    6276532,        0,  -18723468,          0
 19971,     5,   25000000,    3980573,        0,  -21019427,          0
 19971,     6,   25000000,    3943583,        0,  -21056417,          0
 19971,     7,   25000000,    3935526,        0,  -21064474,          0
 19971,     8,   25000000,    3937497,        0,  -21062503,          0
 19971,     9,   25000000,    4220085,        0,  -20779915,          0
 19971,    10,   25000000,    3942023,        0,  -21057977,          0
 19971,    11,   25000000,    3947745,        0,  -21052255,          0
 19971,    12,   25000000,    3956165,        0,  -21043835,          0
 19971,    13,   25000000,    3932938,        0,  -21067062,          0
 19971,    14,   25000000,    4241800,        0,  -20758200,          0
 19971,    15,   25000000,    3985095,        0,  -21014905,          0
 19971,    16,   25000000,    4992812,        0,  -20007188,          0
 19971,    17,   25000000,    3933026,        0,  -21066974,          0
 19971,    18,   25000000,    3947448,        0,  -21052552,          0
 19971,    19,   25000000,    4250621,        0,  -20749379,          0
 19971,    20,   25000000,    3965810,        0,  -21034190,          0
 19971,    21,   25000000,    3936169,        0,  -21063831,          0
 19971,    22,   25000000,    3976553,        0,  -21023447,          0
 19971,    23,   25000000,    3963951,        0,  -21036049,          0
 19971,    24,   25000000,    4218846,        0,  -20781154,          0
 19971,    25,   25000000,    3953655,        0,  -21046345,          0
 19971,    26,   25000000,    3946628,        0,  -21053372,          0
 19971,    27,   25000000,    3932511,        0,  -21067489,          0
 19971,    28,   25000000,    3977193,        0,  -21022807,          0
 19971,    29,   25000000,    4282551,        0,  -20717449,          0
 19971,    30,   25000000,    3956710,        0,  -21043290,          0
 19971,    31,   25000000,    3943086,        0,  -21056914,          0
 19971,    32,   25000000,    3936191,        0,  -21063809,          0
 19971,    33,   25000000,    3944685,        0,  -21055315,          0
 19971,    34,   25000000,    4222701,        0,  -20777299,          0
 19971,    35,   25000000,    3938597,        0,  -21061403,          0
 19971,    36,   25000000,    3934787,        0,  -21065213,          0
 19971,    37,   25000000,    3935681,        0,  -21064319,          0
 19971,    38,   25000000,    3948590,        0,  -21051410,          0
 19971,    39,   25000000,    4212073,        0,  -20787927,          0
 19971,    40,   25000000,    3957292,        0,  -21042708,          0
 19971,    41,   25000000,    3943261,        0,  -21056739,          0
 19971,    42,   25000000,    3989226,        0,  -21010774,          0
 19971,    43,   25000000,    3962346,        0,  -21037654,          0
 19971,    44,   25000000,    4244662,        0,  -20755338,          0
 19971,    45,   25000000,    3934059,        0,  -21065941,          0
 19971,    46,   25000000,    3956035,        0,  -21043965,          0
 19971,    47,   25000000,    3952242,        0,  -21047758,          0
 19971,    48,   25000000,    3948960,        0,  -21051040,          0
 19971,    49,   25000000,    4243463,        0,  -20756537,          0
 19971,    50,   25000000,    3950099,        0,  -21049901,          0
 19971,    51,   25000000,    3953487,        0,  -21046513,          0
 19971,    52,   25000000,    3939025,        0,  -21060975,          0
 19971,    53,   25000000,    3938433,        0,  -21061567,          0
 19971,    54,   25000000,    4253497,        0,  -20746503,          0
 19971,    55,   25000000,    4897771,        0,  -20102229,          0
 19971,    56,   25000000,    3951703,        0,  -21048297,          0
 19971,    57,   25000000,    3945161,        0,  -21054839,          0
 19971,    58,   25000000,    3951306,        0,  -21048694,          0
 19971,    59,   25000000,    4230777,        0,  -20769223,          0
 19971,    60,   25000000,    3948040,        0,  -21051960,          0
 19971,    61,   25000000,    3948267,        0,  -21051733,          0
 19971,    62,   25000000,    3944965,        0,  -21055035,          0
 19971,    63,   25000000,    3947038,        0,  -21052962,          0
 19971,    64,   25000000,    4234999,        0,  -20765001,          0
 19971,    65,   25000000,    3940564,        0,  -21059436,          0
 19971,    66,   25000000,    3951895,        0,  -21048105,          0
 19971,    67,   25000000,    3959281,        0,  -21040719,          0
 19971,    68,   25000000,    3966817,        0,  -21033183,          0
 19971,    69,   25000000,    4217463,        0,  -20782537,          0
 19971,    70,   25000000,    3942974,        0,  -21057026,          0
 19971,    71,   25000000,    3946336,        0,  -21053664,          0
 19971,    72,   25000000,    3933822,        0,  -21066178,          0
 19971,    73,   25000000,    3922912,        0,  -21077088,          0
 19971,    74,   25000000,    4214584,        0,  -20785416,          0
 19971,    75,   25000000,    3944241,        0,  -21055759,          0
 19971,    76,   25000000,    3954055,        0,  -21045945,          0
 19971,    77,   25000000,    3925824,        0,  -21074176,          0
 19971,    78,   25000000,    3933821,        0,  -21066179,          0
 19971,    79,   25000000,    4211255,        0,  -20788745,          0
 19971,    80,   25000000,    4012492,        0,  -20987508,          0
 19971,    81,   25000000,    3969135,        0,  -21030865,          0
 19971,    82,   25000000,    3965935,        0,  -21034065,          0
 19971,    83,   25000000,    3966529,        0,  -21033471,          0
 19971,    84,   25000000,    4216047,        0,  -20783953,          0
 19971,    85,   25000000,    3925806,        0,  -21074194,          0
 19971,    86,   25000000,    3961308,        0,  -21038692,          0
 19971,    87,   25000000,    3928482,        0,  -21071518,          0
 19971,    88,   25000000,    3949220,        0,  -21050780,          0
 19971,    89,   25000000,    4220908,        0,  -20779092,          0
 19971,    90,   25000000,    3935653,        0,  -21064347,          0
 19971,    91,   25000000,    3955679,        0,  -21044321,          0
 19971,    92,   25000000,    4003376,        0,  -20996624,          0
 19971,    93,   25000000,    3937367,        0,  -21062633,          0
 19971,    94,   25000000,    4249235,        0,  -20750765,          0
 19971,    95,   25000000,    3942459,        0,  -21057541,          0
 19971,    96,   25000000,    3933580,        0,  -21066420,          0
 19971,    97,   25000000,    3930798,        0,  -21069202,          0
 19971,    98,   25000000,    3945402,        0,  -21054598,          0
 19971,    99,   25000000,    4220086,        0,  -20779914,          0
 19971,   100,   25000000,    3929986,        0,  -21070014,          0
 19971,   101,   25000000,    3944809,        0,  -21055191,          0
 19971,   102,   25000000,    3932365,        0,  -21067635,          0
 19971,   103,   25000000,    3933853,        0,  -21066147,          0
 19971,   104,   25000000,    4286654,        0,  -20713346,          0
 19971,   105,   25000000,    3947018,        0,  -21052982,          0
 19971,   106,   25000000,    3943111,        0,  -21056889,          0
 19971,   107,   25000000,    3945715,        0,  -21054285,          0
 19971,   108,   25000000,    3935747,        0,  -21064253,          0
 19971,   109,   25000000,    4240845,        0,  -20759155,          0
 19971,   110,   25000000,    3950258,        0,  -21049742,          0
 19971,   111,   25000000,    3928859,        0,  -21071141,          0
 19971,   112,   25000000,    3953906,        0,  -21046094,          0
 19971,   113,   25000000,    3946868,        0,  -21053132,          0
 19971,   114,   25000000,    4237527,        0,  -20762473,          0
 19971,   115,   25000000,    3930413,        0,  -21069587,          0
 19971,   116,   25000000,    3949740,        0,  -21050260,          0
 19971,   117,   25000000,    3935789,        0,  -21064211,          0
 19971,   118,   25000000,    3952996,        0,  -21047004,          0
 19971,   119,   25000000,    4214238,        0,  -20785762,          0
 19971,   120,   25000000,    3963457,        0,  -21036543,          0
 19971,   121,   25000000,    3994388,        0,  -21005612,          0
 19971,   122,   25000000,    3963607,        0,  -21036393,          0
 19971,   123,   25000000,    3973944,        0,  -21026056,          0
 19971,   124,   25000000,    4210972,        0,  -20789028,          0
 19971,   125,   25000000,    3932407,        0,  -21067593,          0
 19971,   126,   25000000,    3943594,        0,  -21056406,          0
 19971,   127,   25000000,    3947068,        0,  -21052932,          0
 19971,   128,   25000000,    3935751,        0,  -21064249,          0
 19971,   129,   25000000,    4225386,        0,  -20774614,          0
 19971,   130,   25000000,    3931148,        0,  -21068852,          0
 19971,   131,   25000000,    3994883,        0,  -21005117,          0
 19971,   132,   25000000,    3970269,        0,  -21029731,          0
 19971,   133,   25000000,    4162044,        0,  -20837956,          0
 19971,   134,   25000000,    4232615,        0,  -20767385,          0
 19971,   135,   25000000,    3952607,        0,  -21047393,          0
 19971,   136,   25000000,    3939169,        0,  -21060831,          0
 19971,   137,   25000000,    3961127,        0,  -21038873,          0
 19971,   138,   25000000,    3928275,        0,  -21071725,          0
 19971,   139,   25000000,    4250510,        0,  -20749490,          0
 19971,   140,   25000000,    3964668,        0,  -21035332,          0
 19971,   141,   25000000,    3956895,        0,  -21043105,          0
 19971,   142,   25000000,    3929083,        0,  -21070917,          0
 19971,   143,   25000000,    3983105,        0,  -21016895,          0
 19971,   144,   25000000,    4301988,        0,  -20698012,          0
 19971,   145,   25000000,    3944628,        0,  -21055372,          0
 19971,   146,   25000000,    3966602,        0,  -21033398,          0
 19971,   147,   25000000,    3959610,        0,  -21040390,          0
 19971,   148,   25000000,    3943664,        0,  -21056336,          0
 19971,   149,   25000000,    4212421,        0,  -20787579,          0
 19971,   150,   25000000,    3933289,        0,  -21066711,          0
 19971,   151,   25000000,    3942868,        0,  -21057132,          0
 19971,   152,   25000000,    3936290,        0,  -21063710,          0
 19971,   153,   25000000,    3922690,        0,  -21077310,          0
 19971,   154,   25000000,    4215533,        0,  -20784467,          0
 19971,   155,   25000000,    3924909,        0,  -21075091,          0
 19971,   156,   25000000,    3932155,        0,  -21067845,          0
 19971,   157,   25000000,    4046392,        0,  -20953608,          0
 19971,   158,   25000000,    3968026,        0,  -21031974,          0
 19971,   159,   25000000,    4223109,        0,  -20776891,          0
 19971,   160,   25000000,    3959780,        0,  -21040220,          0
 19971,   161,   25000000,    3950027,        0,  -21049973,          0
 19971,   162,   25000000,    3949123,        0,  -21050877,          0
 19971,   163,   25000000,    3957294,        0,  -21042706,          0
 19971,   164,   25000000,    4214561,        0,  -20785439,          0
 19971,   165,   25000000,    3972286,        0,  -21027714,          0
 19971,   166,   25000000,    4035169,        0,  -20964831,          0
 19971,   167,   25000000,    3955951,        0,  -21044049,          0
 19971,   168,   25000000,    3944201,        0,  -21055799,          0
 19971,   169,   25000000,    4222477,        0,  -20777523,          0
 19971,   170,   25000000,    3935705,        0,  -21064295,          0
 19971,   171,   25000000,    3944376,        0,  -21055624,          0
 19971,   172,   25000000,    3939723,        0,  -21060277,          0
 19971,   173,   25000000,    3933217,        0,  -21066783,          0
 19971,   174,   25000000,    4310075,        0,  -20689925,          0
 19971,   175,   25000000,    3945602,        0,  -21054398,          0
 19971,   176,   25000000,    3933305,        0,  -21066695,          0
 19971,   177,   25000000,    3964778,        0,  -21035222,          0
 19971,   178,   25000000,    3951727,        0,  -21048273,          0
 19971,   179,   25000000,    4229009,        0,  -20770991,          0
 19971,   180,   25000000,    3925559,        0,  -21074441,          0
 19971,   181,   25000000,    3943353,        0,  -21056647,          0
 19971,   182,   25000000,    3953026,        0,  -21046974,          0
 19971,   183,   25000000,    3923624,        0,  -21076376,          0
 19971,   184,   25000000,    4364316,        0,  -20635684,          0
 19971,   185,   25000000,    4023104,        0,  -20976896,          0
 19971,   186,   25000000,    3969220,        0,  -21030780,          0
 19971,   187,   25000000,    3940697,        0,  -21059303,          0
 19971,   188,   25000000,    3943604,        0,  -21056396,          0
 19971,   189,   25000000,    4219372,        0,  -20780628,          0
 19971,   190,   25000000,    3941899,        0,  -21058101,          0
 19971,   191,   25000000,    3943154,        0,  -21056846,          0
 19971,   192,   25000000,    3948391,        0,  -21051609,          0
 19971,   193,   25000000,    3928071,        0,  -21071929,          0
 19971,   194,   25000000,    4222236,        0,  -20777764,          0
 19971,   195,   25000000,    3946873,        0,  -21053127,          0
 19971,   196,   25000000,    3970546,        0,  -21029454,          0
 19971,   197,   25000000,    3940078,        0,  -21059922,          0
 19971,   198,   25000000,    3947804,        0,  -21052196,          0
 19971,   199,   25000000,    4207237,        0,  -20792763,          0
 19971,   200,   25000000,    3943965,        0,  -21056035,          0
 19971,   201,   25000000,    3934268,        0,  -21065732,          0
 19971,   202,   25000000,    3924569,        0,  -21075431,          0
 19971,   203,   25000000,    3931443,        0,  -21068557,          0
 19971,   204,   25000000,    4225433,        0,  -20774567,          0
 19971,   205,   25000000,    3925922,        0,  -21074078,          0
 19971,   206,   25000000,    3961984,        0,  -21038016,          0
 19971,   207,   25000000,    3960783,        0,  -21039217,          0
 19971,   208,   25000000,    3934013,        0,  -21065987,          0
 19971,   209,   25000000,    4211955,        0,  -20788045,          0
 19971,   210,   25000000,    3966550,        0,  -21033450,          0
 19971,   211,   25000000,    3982566,        0,  -21017434,          0
 19971,   212,   25000000,    3939191,        0,  -21060809,          0
 19971,   213,   25000000,    3971053,        0,  -21028947,          0
 19971,   214,   25000000,    4226094,        0,  -20773906,          0
 19971,   215,   25000000,    3963022,        0,  -21036978,          0
 19971,   216,   25000000,    3936411,        0,  -21063589,          0
 19971,   217,   25000000,    3952196,        0,  -21047804,          0
 19971,   218,   25000000,    3961454,        0,  -21038546,          0
 19971,   219,   25000000,    4256378,        0,  -20743622,          0
 19971,   220,   25000000,    3941417,        0,  -21058583,          0
 19971,   221,   25000000,    3982620,        0,  -21017380,          0
 19971,   222,   25000000,    4021474,        0,  -20978526,          0
 19971,   223,   25000000,    3964144,        0,  -21035856,          0
 19971,   224,   25000000,    4238904,        0,  -20761096,          0
 19971,   225,   25000000,    3928175,        0,  -21071825,          0
 19971,   226,   25000000,    3990854,        0,  -21009146,          0
 19971,   227,   25000000,    3932726,        0,  -21067274,          0
 19971,   228,   25000000,    3933710,        0,  -21066290,          0
 19971,   229,   25000000,    4232513,        0,  -20767487,          0
 19971,   230,   25000000,    3925088,        0,  -21074912,          0
 19971,   231,   25000000,    3951350,        0,  -21048650,          0
 19971,   232,   25000000,    3935087,        0,  -21064913,          0
 19971,   233,   25000000,    3982163,        0,  -21017837,          0
 19971,   234,   25000000,    4257731,        0,  -20742269,          0
 19971,   235,   25000000,    3958469,        0,  -21041531,          0
 19971,   236,   25000000,    3946160,        0,  -21053840,          0
 19971,   237,   25000000,    3954530,        0,  -21045470,          0
 19971,   238,   25000000,    3950719,        0,  -21049281,          0
 19971,   239,   25000000,    4208769,        0,  -20791231,          0
 19971,   240,   25000000,    3938562,        0,  -21061438,          0
 19971,   241,   25000000,    3984761,        0,  -21015239,          0
 19971,   242,   25000000,    3938119,        0,  -21061881,          0
 19971,   243,   25000000,    3929508,        0,  -21070492,          0
 19971,   244,   25000000,    4214883,        0,  -20785117,          0
 19971,   245,   25000000,    3927423,        0,  -21072577,          0
 19971,   246,   25000000,    3930148,        0,  -21069852,          0
 19971,   247,   25000000,    3929967,        0,  -21070033,          0
 19971,   248,   25000000,    3928175,        0,  -21071825,          0
 19971,   249,   25000000,    4218337,        0,  -20781663,          0
 19971,   250,   25000000,    3931158,        0,  -21068842,          0
 19971,   251,   25000000,    3939668,        0,  -21060332,          0
 19971,   252,   25000000,    3990952,        0,  -21009048,          0
 19971,   253,   25000000,    3944187,        0,  -21055813,          0
 19971,   254,   25000000,    4210302,        0,  -20789698,          0
 19971,   255,   25000000,    3949594,        0,  -21050406,          0
 19971,   256,   25000000,    3926056,        0,  -21073944,          0
 19971,   257,   25000000,    3931002,        0,  -21068998,          0
 19971,   258,   25000000,    3939817,        0,  -21060183,          0
 19971,   259,   25000000,    4213267,        0,  -20786733,          0
 19971,   260,   25000000,    3954463,        0,  -21045537,          0
 19971,   261,   25000000,    3936042,        0,  -21063958,          0
 19971,   262,   25000000,    3927922,        0,  -21072078,          0
 19971,   263,   25000000,    3981650,        0,  -21018350,          0
 19971,   264,   25000000,    4223313,        0,  -20776687,          0
 19971,   265,   25000000,    3971201,        0,  -21028799,          0
 19971,   266,   25000000,    3928399,        0,  -21071601,          0
 19971,   267,   25000000,    3928939,        0,  -21071061,          0
 19971,   268,   25000000,    3953068,        0,  -21046932,          0
 19971,   269,   25000000,    4254736,        0,  -20745264,          0
 19971,   270,   25000000,    3951121,        0,  -21048879,          0
 19971,   271,   25000000,    3940689,        0,  -21059311,          0
 19971,   272,   25000000,    3939235,        0,  -21060765,          0
 19971,   273,   25000000,    3935187,        0,  -21064813,          0
 19971,   274,   25000000,    4224293,        0,  -20775707,          0
 19971,   275,   25000000,    3948108,        0,  -21051892,          0
 19971,   276,   25000000,    3989235,        0,  -21010765,          0
 19971,   277,   25000000,    3928569,        0,  -21071431,          0
 19971,   278,   25000000,    3925953,        0,  -21074047,          0
 19971,   279,   25000000,    4233637,        0,  -20766363,          0
 19971,   280,   25000000,    3932123,        0,  -21067877,          0
 19971,   281,   25000000,    3941686,        0,  -21058314,          0
 19971,   282,   25000000,    3936622,        0,  -21063378,          0
 19971,   283,   25000000,    3933278,        0,  -21066722,          0
 19971,   284,   25000000,    4251491,        0,  -20748509,          0
 19971,   285,   25000000,    3932895,        0,  -21067105,          0
 19971,   286,   25000000,    3935956,        0,  -21064044,          0
 19971,   287,   25000000,    3950697,        0,  -21049303,          0
 19971,   288,   25000000,    3940842,        0,  -21059158,          0
 19971,   289,   25000000,    4224545,        0,  -20775455,          0
 19971,   290,   25000000,    3994140,        0,  -21005860,          0
 19971,   291,   25000000,    3936279,        0,  -21063721,          0
 19971,   292,   25000000,    3950663,        0,  -21049337,          0
 19971,   293,   25000000,    3936626,        0,  -21063374,          0
 19971,   294,   25000000,    4235431,        0,  -20764569,          0
 19971,   295,   25000000,    3938845,        0,  -21061155,          0
 19971,   296,   25000000,    3946838,        0,  -21053162,          0
 19971,   297,   25000000,    3941541,        0,  -21058459,          0
 19971,   298,   25000000,    3937117,        0,  -21062883,          0
 19971,   299,   25000000,    4220904,        0,  -20779096,          0
 19971,   300,   25000000,    3974431,        0,  -21025569,          0
 19971,   301,   25000000,    3953143,        0,  -21046857,          0
 19971,   302,   25000000,    3950958,        0,  -21049042,          0
 19971,   303,   25000000,    3932909,        0,  -21067091,          0
 19971,   304,   25000000,    4211831,        0,  -20788169,          0
 19971,   305,   25000000,    3942967,        0,  -21057033,          0
 19971,   306,   25000000,    3946082,        0,  -21053918,          0
 19971,   307,   25000000,    3921237,        0,  -21078763,          0
 19971,   308,   25000000,    3935898,        0,  -21064102,          0
 19971,   309,   25000000,    4235930,        0,  -20764070,          0
 19971,   310,   25000000,    3950288,        0,  -21049712,          0
 19971,   311,   25000000,    3936191,        0,  -21063809,          0
 19971,   312,   25000000,    3949675,        0,  -21050325,          0
 19971,   313,   25000000,    3957261,        0,  -21042739,          0
 19971,   314,   25000000,    4235404,        0,  -20764596,          0
 19971,   315,   25000000,    3946820,        0,  -21053180,          0
 19971,   316,   25000000,    3928517,        0,  -21071483,          0
 19971,   317,   25000000,    3926294,        0,  -21073706,          0
 19971,   318,   25000000,    3927980,        0,  -21072020,          0
 19971,   319,   25000000,    4238434,        0,  -20761566,          0
 19971,   320,   25000000,    3946700,        0,  -21053300,          0
 19971,   321,   25000000,    3934816,        0,  -21065184,          0
 19971,   322,   25000000,    3966585,        0,  -21033415,          0
 19971,   323,   25000000,    3988981,        0,  -21011019,          0
 19971,   324,   25000000,    4253043,        0,  -20746957,          0
 19971,   325,   25000000,    3952937,        0,  -21047063,          0
 19971,   326,   25000000,    3968919,        0,  -21031081,          0
 19971,   327,   25000000,    4083930,        0,  -20916070,          0
 19971,   328,   25000000,    3942917,        0,  -21057083,          0
 19971,   329,   25000000,    4314228,        0,  -20685772,          0
 19971,   330,   25000000,    3923627,        0,  -21076373,          0
 19971,   331,   25000000,    3948476,        0,  -21051524,          0
 19971,   332,   25000000,    3922591,        0,  -21077409,          0
 19971,   333,   25000000,    3931895,        0,  -21068105,          0
 19971,   334,   25000000,    4212669,        0,  -20787331,          0
 19971,   335,   25000000,    3923238,        0,  -21076762,          0
 19971,   336,   25000000,    3949451,        0,  -21050549,          0
 19971,   337,   25000000,    3950982,        0,  -21049018,          0
 19971,   338,   25000000,    3991474,        0,  -21008526,          0
 19971,   339,   25000000,    4242604,        0,  -20757396,          0
 19971,   340,   25000000,    3951882,        0,  -21048118,          0
 19971,   341,   25000000,    3944008,        0,  -21055992,          0
 19971,   342,   25000000,    3939986,        0,  -21060014,          0
 19971,   343,   25000000,    3924820,        0,  -21075180,          0
 19971,   344,   25000000,    4258877,        0,  -20741123,          0
 19971,   345,   25000000,    3954661,        0,  -21045339,          0
 19971,   346,   25000000,    3925965,        0,  -21074035,          0
 19971,   347,   25000000,    3947043,        0,  -21052957,          0
 19971,   348,   25000000,    3930042,        0,  -21069958,          0
 19971,   349,   25000000,    4220778,        0,  -20779222,          0
 19971,   350,   25000000,    3954332,        0,  -21045668,          0
 19971,   351,   25000000,    3941171,        0,  -21058829,          0
 19971,   352,   25000000,    3971196,        0,  -21028804,          0
 19971,   353,   25000000,    3940060,        0,  -21059940,          0
 19971,   354,   25000000,    4260500,        0,  -20739500,          0
 19971,   355,   25000000,    3944096,        0,  -21055904,          0
 19971,   356,   25000000,    3985173,        0,  -21014827,          0
 19971,   357,   25000000,    3933193,        0,  -21066807,          0
 19971,   358,   25000000,    3956439,        0,  -21043561,          0
 19971,   359,   25000000,    4223173,        0,  -20776827,          0
 19971,   360,   25000000,    3971546,        0,  -21028454,          0
 19971,   361,   25000000,    3955771,        0,  -21044229,          0
 19971,   362,   25000000,    3949789,        0,  -21050211,          0
 19971,   363,   25000000,    3944871,        0,  -21055129,          0
 19971,   364,   25000000,    4265185,        0,  -20734815,          0
 19971,   365,   25000000,    3978090,        0,  -21021910,          0
 19971,   366,   25000000,    3970995,        0,  -21029005,          0
 19971,   367,   25000000,    4003640,        0,  -20996360,          0
 19971,   368,   25000000,    3928993,        0,  -21071007,          0
 19971,   369,   25000000,    4242256,        0,  -20757744,          0
 19971,   370,   25000000,    3967833,        0,  -21032167,          0
 19971,   371,   25000000,    3928949,        0,  -21071051,          0
 19971,   372,   25000000,    3936896,        0,  -21063104,          0
 19971,   373,   25000000,    3964191,        0,  -21035809,          0
 19971,   374,   25000000,    4215615,        0,  -20784385,          0
 19971,   375,   25000000,    3936277,        0,  -21063723,          0
 19971,   376,   25000000,    3928558,        0,  -21071442,          0
 19971,   377,   25000000,    3946699,        0,  -21053301,          0
 19971,   378,   25000000,    3948141,        0,  -21051859,          0
 19971,   379,   25000000,    4246813,        0,  -20753187,          0
 19971,   380,   25000000,    3977242,        0,  -21022758,          0
 19971,   381,   25000000,    3941898,        0,  -21058102,          0
 19971,   382,   25000000,    3939747,        0,  -21060253,          0
 19971,   383,   25000000,    3946952,        0,  -21053048,          0
 19971,   384,   25000000,    4233818,        0,  -20766182,          0
 19971,   385,   25000000,    3951715,        0,  -21048285,          0
 19971,   386,   25000000,    3949927,        0,  -21050073,          0
 19971,   387,   25000000,    3927008,        0,  -21072992,          0
 19971,   388,   25000000,    3946575,        0,  -21053425,          0
 19971,   389,   25000000,    4226709,        0,  -20773291,          0
 19971,   390,   25000000,    3945965,        0,  -21054035,          0
 19971,   391,   25000000,    3935825,        0,  -21064175,          0
 19971,   392,   25000000,    3968567,        0,  -21031433,          0
 19971,   393,   25000000,    3976570,        0,  -21023430,          0
 19971,   394,   25000000,    4224113,        0,  -20775887,          0
 19971,   395,   25000000,    3942720,        0,  -21057280,          0
 19971,   396,   25000000,    3945655,        0,  -21054345,          0
 19971,   397,   25000000,    3954152,        0,  -21045848,          0
 19971,   398,   25000000,    3936694,        0,  -21063306,          0
 19971,   399,   25000000,    4223583,        0,  -20776417,          0
 19971,   400,   25000000,    3928429,        0,  -21071571,          0
 19971,   401,   25000000,    3948458,        0,  -21051542,          0
 19971,   402,   25000000,    3936229,        0,  -21063771,          0
 19971,   403,   25000000,    3927095,        0,  -21072905,          0
 19971,   404,   25000000,    4222073,        0,  -20777927,          0
