# Task,   Job,     Period,   Response, DL Miss?,   Lateness,  Tardiness
# task NAME=myapp PID=4671 COST=10736000 PERIOD=48000000 CPU=0
  4671,     2,   48000000,      10663,        0,  -47989337,          0
  4671,     3,   48000000,      75544,        0,  -47924456,          0
  4671,     4,   48000000,   12596556,        0,  -35403444,          0
  4671,     5,   48000000,   10592332,        0,  -37407668,          0
  4671,     6,   48000000,   10535058,        0,  -37464942,          0
  4671,     7,   48000000,   10548726,        0,  -37451274,          0
  4671,     8,   48000000,   10532861,        0,  -37467139,          0
  4671,     9,   48000000,   10557481,        0,  -37442519,          0
  4671,    10,   48000000,   10537545,        0,  -37462455,          0
  4671,    11,   48000000,   10522755,        0,  -37477245,          0
  4671,    12,   48000000,   11608793,        0,  -36391207,          0
  4671,    13,   48000000,   10640254,        0,  -37359746,          0
  4671,    14,   48000000,   10808416,        0,  -37191584,          0
  4671,    15,   48000000,   10542042,        0,  -37457958,          0
  4671,    16,   48000000,   10552007,        0,  -37447993,          0
  4671,    17,   48000000,   10565141,        0,  -37434859,          0
  4671,    18,   48000000,   10548603,        0,  -37451397,          0
  4671,    19,   48000000,   10546233,        0,  -37453767,          0
  4671,    20,   48000000,   10514814,        0,  -37485186,          0
  4671,    21,   48000000,   10539169,        0,  -37460831,          0
  4671,    22,   48000000,   10545740,        0,  -37454260,          0
  4671,    23,   48000000,   10571091,        0,  -37428909,          0
  4671,    24,   48000000,   10534364,        0,  -37465636,          0
  4671,    25,   48000000,   10523289,        0,  -37476711,          0
  4671,    26,   48000000,   10529543,        0,  -37470457,          0
  4671,    27,   48000000,   10817880,        0,  -37182120,          0
  4671,    28,   48000000,   10546205,        0,  -37453795,          0
  4671,    29,   48000000,   10558961,        0,  -37441039,          0
  4671,    30,   48000000,   10537140,        0,  -37462860,          0
  4671,    31,   48000000,   10535867,        0,  -37464133,          0
  4671,    32,   48000000,   10540016,        0,  -37459984,          0
  4671,    33,   48000000,   10630498,        0,  -37369502,          0
  4671,    34,   48000000,   10585824,        0,  -37414176,          0
  4671,    35,   48000000,   10559545,        0,  -37440455,          0
  4671,    36,   48000000,   10622928,        0,  -37377072,          0
  4671,    37,   48000000,   10543054,        0,  -37456946,          0
  4671,    38,   48000000,   10561561,        0,  -37438439,          0
  4671,    39,   48000000,   10604912,        0,  -37395088,          0
  4671,    40,   48000000,   10840899,        0,  -37159101,          0
  4671,    41,   48000000,   10534601,        0,  -37465399,          0
  4671,    42,   48000000,   10574417,        0,  -37425583,          0
  4671,    43,   48000000,   10546512,        0,  -37453488,          0
  4671,    44,   48000000,   10571339,        0,  -37428661,          0
  4671,    45,   48000000,   10555765,        0,  -37444235,          0
  4671,    46,   48000000,   10596084,        0,  -37403916,          0
  4671,    47,   48000000,   10546909,        0,  -37453091,          0
  4671,    48,   48000000,   10573517,        0,  -37426483,          0
  4671,    49,   48000000,   10585673,        0,  -37414327,          0
  4671,    50,   48000000,   10539395,        0,  -37460605,          0
  4671,    51,   48000000,   10517568,        0,  -37482432,          0
  4671,    52,   48000000,   10542685,        0,  -37457315,          0
  4671,    53,   48000000,   10844849,        0,  -37155151,          0
  4671,    54,   48000000,   10636488,        0,  -37363512,          0
  4671,    55,   48000000,   10514265,        0,  -37485735,          0
  4671,    56,   48000000,   10567913,        0,  -37432087,          0
  4671,    57,   48000000,   10763635,        0,  -37236365,          0
  4671,    58,   48000000,   10533729,        0,  -37466271,          0
  4671,    59,   48000000,   10530663,        0,  -37469337,          0
  4671,    60,   48000000,   10547492,        0,  -37452508,          0
  4671,    61,   48000000,   10533920,        0,  -37466080,          0
  4671,    62,   48000000,   10534999,        0,  -37465001,          0
  4671,    63,   48000000,   10522148,        0,  -37477852,          0
  4671,    64,   48000000,   10562429,        0,  -37437571,          0
  4671,    65,   48000000,   10537626,        0,  -37462374,          0
  4671,    66,   48000000,   10821468,        0,  -37178532,          0
  4671,    67,   48000000,   10667007,        0,  -37332993,          0
  4671,    68,   48000000,   10562705,        0,  -37437295,          0
  4671,    69,   48000000,   10547549,        0,  -37452451,          0
  4671,    70,   48000000,   10605096,        0,  -37394904,          0
  4671,    71,   48000000,   10558074,        0,  -37441926,          0
  4671,    72,   48000000,   10577786,        0,  -37422214,          0
  4671,    73,   48000000,   10539457,        0,  -37460543,          0
  4671,    74,   48000000,   10796303,        0,  -37203697,          0
  4671,    75,   48000000,   10596584,        0,  -37403416,          0
  4671,    76,   48000000,   10526108,        0,  -37473892,          0
  4671,    77,   48000000,   10561710,        0,  -37438290,          0
  4671,    78,   48000000,   10545948,        0,  -37454052,          0
  4671,    79,   48000000,   10864040,        0,  -37135960,          0
  4671,    80,   48000000,   10525444,        0,  -37474556,          0
  4671,    81,   48000000,   10522973,        0,  -37477027,          0
  4671,    82,   48000000,   10544129,        0,  -37455871,          0
  4671,    83,   48000000,   10524550,        0,  -37475450,          0
  4671,    84,   48000000,   10594962,        0,  -37405038,          0
  4671,    85,   48000000,   10517899,        0,  -37482101,          0
  4671,    86,   48000000,   10582952,        0,  -37417048,          0
  4671,    87,   48000000,   10801247,        0,  -37198753,          0
  4671,    88,   48000000,   10543281,        0,  -37456719,          0
  4671,    89,   48000000,   10555986,        0,  -37444014,          0
  4671,    90,   48000000,   10519844,        0,  -37480156,          0
  4671,    91,   48000000,   10518809,        0,  -37481191,          0
  4671,    92,   48000000,   10598060,        0,  -37401940,          0
  4671,    93,   48000000,   10718501,        0,  -37281499,          0
  4671,    94,   48000000,   10566554,        0,  -37433446,          0
  4671,    95,   48000000,   10535859,        0,  -37464141,          0
  4671,    96,   48000000,   10589648,        0,  -37410352,          0
  4671,    97,   48000000,   10580747,        0,  -37419253,          0
  4671,    98,   48000000,   10592141,        0,  -37407859,          0
  4671,    99,   48000000,   10521773,        0,  -37478227,          0
  4671,   100,   48000000,   10807755,        0,  -37192245,          0
  4671,   101,   48000000,   10546884,        0,  -37453116,          0
  4671,   102,   48000000,   10561868,        0,  -37438132,          0
  4671,   103,   48000000,   10556479,        0,  -37443521,          0
  4671,   104,   48000000,   10562701,        0,  -37437299,          0
  4671,   105,   48000000,   10569320,        0,  -37430680,          0
  4671,   106,   48000000,   10580059,        0,  -37419941,          0
  4671,   107,   48000000,   10528444,        0,  -37471556,          0
  4671,   108,   48000000,   10535197,        0,  -37464803,          0
  4671,   109,   48000000,   10538073,        0,  -37461927,          0
  4671,   110,   48000000,   10517466,        0,  -37482534,          0
  4671,   111,   48000000,   10584352,        0,  -37415648,          0
  4671,   112,   48000000,   10567958,        0,  -37432042,          0
  4671,   113,   48000000,   10812642,        0,  -37187358,          0
  4671,   114,   48000000,   10522481,        0,  -37477519,          0
  4671,   115,   48000000,   10523102,        0,  -37476898,          0
  4671,   116,   48000000,   10526886,        0,  -37473114,          0
  4671,   117,   48000000,   10530265,        0,  -37469735,          0
  4671,   118,   48000000,   10574561,        0,  -37425439,          0
  4671,   119,   48000000,   10521597,        0,  -37478403,          0
  4671,   120,   48000000,   10999550,        0,  -37000450,          0
  4671,   121,   48000000,   10542427,        0,  -37457573,          0
  4671,   122,   48000000,   10517784,        0,  -37482216,          0
  4671,   123,   48000000,   10617492,        0,  -37382508,          0
  4671,   124,   48000000,   10530553,        0,  -37469447,          0
  4671,   125,   48000000,   10562219,        0,  -37437781,          0
  4671,   126,   48000000,   10878786,        0,  -37121214,          0
  4671,   127,   48000000,   10581157,        0,  -37418843,          0
  4671,   128,   48000000,   10581589,        0,  -37418411,          0
  4671,   129,   48000000,   10773261,        0,  -37226739,          0
  4671,   130,   48000000,   10522067,        0,  -37477933,          0
  4671,   131,   48000000,   10544824,        0,  -37455176,          0
  4671,   132,   48000000,   10521324,        0,  -37478676,          0
  4671,   133,   48000000,   10518685,        0,  -37481315,          0
  4671,   134,   48000000,   10549325,        0,  -37450675,          0
  4671,   135,   48000000,   10523469,        0,  -37476531,          0
  4671,   136,   48000000,   10535501,        0,  -37464499,          0
  4671,   137,   48000000,   10554178,        0,  -37445822,          0
  4671,   138,   48000000,   10726125,        0,  -37273875,          0
  4671,   139,   48000000,   10815254,        0,  -37184746,          0
  4671,   140,   48000000,   10560818,        0,  -37439182,          0
  4671,   141,   48000000,   10565909,        0,  -37434091,          0
  4671,   142,   48000000,   10558555,        0,  -37441445,          0
  4671,   143,   48000000,   10530793,        0,  -37469207,          0
  4671,   144,   48000000,   10569069,        0,  -37430931,          0
  4671,   145,   48000000,   10584206,        0,  -37415794,          0
  4671,   146,   48000000,   10537659,        0,  -37462341,          0
  4671,   147,   48000000,   10551415,        0,  -37448585,          0
  4671,   148,   48000000,   10529109,        0,  -37470891,          0
  4671,   149,   48000000,   10536761,        0,  -37463239,          0
  4671,   150,   48000000,   10559049,        0,  -37440951,          0
  4671,   151,   48000000,   10530877,        0,  -37469123,          0
  4671,   152,   48000000,   10801633,        0,  -37198367,          0
  4671,   153,   48000000,   10529062,        0,  -37470938,          0
  4671,   154,   48000000,   10526912,        0,  -37473088,          0
  4671,   155,   48000000,   10563909,        0,  -37436091,          0
  4671,   156,   48000000,   10526544,        0,  -37473456,          0
  4671,   157,   48000000,   10577246,        0,  -37422754,          0
  4671,   158,   48000000,   10669442,        0,  -37330558,          0
  4671,   159,   48000000,   10568738,        0,  -37431262,          0
  4671,   160,   48000000,   10556723,        0,  -37443277,          0
  4671,   161,   48000000,   10522010,        0,  -37477990,          0
  4671,   162,   48000000,   10512723,        0,  -37487277,          0
  4671,   163,   48000000,   10527786,        0,  -37472214,          0
  4671,   164,   48000000,   10522156,        0,  -37477844,          0
  4671,   165,   48000000,   10909733,        0,  -37090267,          0
  4671,   166,   48000000,   10562286,        0,  -37437714,          0
  4671,   167,   48000000,   10548224,        0,  -37451776,          0
  4671,   168,   48000000,   10565982,        0,  -37434018,          0
  4671,   169,   48000000,   10535962,        0,  -37464038,          0
  4671,   170,   48000000,   10555149,        0,  -37444851,          0
  4671,   171,   48000000,   10570033,        0,  -37429967,          0
  4671,   172,   48000000,   10562487,        0,  -37437513,          0
  4671,   173,   48000000,   10541029,        0,  -37458971,          0
  4671,   174,   48000000,   10556864,        0,  -37443136,          0
  4671,   175,   48000000,   10542796,        0,  -37457204,          0
  4671,   176,   48000000,   10523407,        0,  -37476593,          0
  4671,   177,   48000000,   10522420,        0,  -37477580,          0
  4671,   178,   48000000,   10822792,        0,  -37177208,          0
  4671,   179,   48000000,   10628209,        0,  -37371791,          0
  4671,   180,   48000000,   10586297,        0,  -37413703,          0
  4671,   181,   48000000,   10538487,        0,  -37461513,          0
  4671,   182,   48000000,   10518240,        0,  -37481760,          0
  4671,   183,   48000000,   10720277,        0,  -37279723,          0
  4671,   184,   48000000,   10560429,        0,  -37439571,          0
  4671,   185,   48000000,   10581019,        0,  -37418981,          0
  4671,   186,   48000000,   10531950,        0,  -37468050,          0
  4671,   187,   48000000,   10557835,        0,  -37442165,          0
  4671,   188,   48000000,   10536589,        0,  -37463411,          0
  4671,   189,   48000000,   10546214,        0,  -37453786,          0
  4671,   190,   48000000,   10591974,        0,  -37408026,          0
  4671,   191,   48000000,   10841381,        0,  -37158619,          0
  4671,   192,   48000000,   10573567,        0,  -37426433,          0
  4671,   193,   48000000,   10575565,        0,  -37424435,          0
  4671,   194,   48000000,   10518986,        0,  -37481014,          0
  4671,   195,   48000000,   10523780,        0,  -37476220,          0
  4671,   196,   48000000,   10548260,        0,  -37451740,          0
  4671,   197,   48000000,   10526676,        0,  -37473324,          0
  4671,   198,   48000000,   10528816,        0,  -37471184,          0
  4671,   199,   48000000,   10816757,        0,  -37183243,          0
  4671,   200,   48000000,   10539839,        0,  -37460161,          0
  4671,   201,   48000000,   10563016,        0,  -37436984,          0
  4671,   202,   48000000,   10533912,        0,  -37466088,          0
  4671,   203,   48000000,   10576314,        0,  -37423686,          0
  4671,   204,   48000000,   10829049,        0,  -37170951,          0
  4671,   205,   48000000,   10591715,        0,  -37408285,          0
  4671,   206,   48000000,   10553251,        0,  -37446749,          0
  4671,   207,   48000000,   10517203,        0,  -37482797,          0
  4671,   208,   48000000,   10540628,        0,  -37459372,          0
  4671,   209,   48000000,   10540689,        0,  -37459311,          0
  4671,   210,   48000000,   10547701,        0,  -37452299,          0
  4671,   211,   48000000,   10550451,        0,  -37449549,          0
  4671,   212,   48000000,   10818356,        0,  -37181644,          0
# task NAME=myapp PID=4674 COST=4761000 PERIOD=27000000 CPU=0
  4674,     2,   27000000,      11505,        0,  -26988495,          0
  4674,     3,   27000000,      50232,        0,  -26949768,          0
  4674,     4,   27000000,    7080962,        0,  -19919038,          0
  4674,     5,   27000000,    4721746,        0,  -22278254,          0
  4674,     6,   27000000,    4695296,        0,  -22304704,          0
  4674,     7,   27000000,    4681239,        0,  -22318761,          0
  4674,     8,   27000000,    4691977,        0,  -22308023,          0
  4674,     9,   27000000,    4691493,        0,  -22308507,          0
  4674,    10,   27000000,    4697486,        0,  -22302514,          0
  4674,    11,   27000000,    4693030,        0,  -22306970,          0
  4674,    12,   27000000,    4718418,        0,  -22281582,          0
  4674,    13,   27000000,    4683286,        0,  -22316714,          0
  4674,    14,   27000000,    4722086,        0,  -22277914,          0
  4674,    15,   27000000,    4753265,        0,  -22246735,          0
  4674,    16,   27000000,    4679064,        0,  -22320936,          0
  4674,    17,   27000000,    4758046,        0,  -22241954,          0
  4674,    18,   27000000,    4987607,        0,  -22012393,          0
  4674,    19,   27000000,    4725885,        0,  -22274115,          0
  4674,    20,   27000000,    4697511,        0,  -22302489,          0
  4674,    21,   27000000,    4732551,        0,  -22267449,          0
  4674,    22,   27000000,    4690105,        0,  -22309895,          0
  4674,    23,   27000000,    4701070,        0,  -22298930,          0
  4674,    24,   27000000,    4679084,        0,  -22320916,          0
  4674,    25,   27000000,    4689073,        0,  -22310927,          0
  4674,    26,   27000000,    4742147,        0,  -22257853,          0
  4674,    27,   27000000,    4761145,        0,  -22238855,          0
  4674,    28,   27000000,    4703212,        0,  -22296788,          0
  4674,    29,   27000000,    4687449,        0,  -22312551,          0
  4674,    30,   27000000,    4751552,        0,  -22248448,          0
  4674,    31,   27000000,    4705371,        0,  -22294629,          0
  4674,    32,   27000000,    4975587,        0,  -22024413,          0
  4674,    33,   27000000,    4687243,        0,  -22312757,          0
  4674,    34,   27000000,    4694561,        0,  -22305439,          0
  4674,    35,   27000000,    4691108,        0,  -22308892,          0
  4674,    36,   27000000,    4683685,        0,  -22316315,          0
  4674,    37,   27000000,    4745474,        0,  -22254526,          0
  4674,    38,   27000000,    4671651,        0,  -22328349,          0
  4674,    39,   27000000,    4689035,        0,  -22310965,          0
  4674,    40,   27000000,    4765227,        0,  -22234773,          0
  4674,    41,   27000000,    4672732,        0,  -22327268,          0
  4674,    42,   27000000,    4678658,        0,  -22321342,          0
  4674,    43,   27000000,    4685602,        0,  -22314398,          0
  4674,    44,   27000000,    4684630,        0,  -22315370,          0
  4674,    45,   27000000,    4700867,        0,  -22299133,          0
  4674,    46,   27000000,    4679180,        0,  -22320820,          0
  4674,    47,   27000000,    4703719,        0,  -22296281,          0
  4674,    48,   27000000,    4696567,        0,  -22303433,          0
  4674,    49,   27000000,    4703963,        0,  -22296037,          0
  4674,    50,   27000000,    4688320,        0,  -22311680,          0
  4674,    51,   27000000,    4697411,        0,  -22302589,          0
  4674,    52,   27000000,    4715362,        0,  -22284638,          0
  4674,    53,   27000000,    4763841,        0,  -22236159,          0
  4674,    54,   27000000,    4686755,        0,  -22313245,          0
  4674,    55,   27000000,    4961634,        0,  -22038366,          0
  4674,    56,   27000000,    4680911,        0,  -22319089,          0
  4674,    57,   27000000,    4698572,        0,  -22301428,          0
  4674,    58,   27000000,    4683504,        0,  -22316496,          0
  4674,    59,   27000000,    4676222,        0,  -22323778,          0
  4674,    60,   27000000,    4687329,        0,  -22312671,          0
  4674,    61,   27000000,    4710737,        0,  -22289263,          0
  4674,    62,   27000000,    4785725,        0,  -22214275,          0
  4674,    63,   27000000,    4685601,        0,  -22314399,          0
  4674,    64,   27000000,    4679026,        0,  -22320974,          0
  4674,    65,   27000000,    4722068,        0,  -22277932,          0
  4674,    66,   27000000,    4698794,        0,  -22301206,          0
  4674,    67,   27000000,    4685623,        0,  -22314377,          0
  4674,    68,   27000000,    4697277,        0,  -22302723,          0
  4674,    69,   27000000,    4965400,        0,  -22034600,          0
  4674,    70,   27000000,    4689626,        0,  -22310374,          0
  4674,    71,   27000000,    4703448,        0,  -22296552,          0
  4674,    72,   27000000,    4690436,        0,  -22309564,          0
  4674,    73,   27000000,    4708513,        0,  -22291487,          0
  4674,    74,   27000000,    4708211,        0,  -22291789,          0
  4674,    75,   27000000,    4684965,        0,  -22315035,          0
  4674,    76,   27000000,    4701053,        0,  -22298947,          0
  4674,    77,   27000000,    4679098,        0,  -22320902,          0
  4674,    78,   27000000,    4692218,        0,  -22307782,          0
  4674,    79,   27000000,    4711590,        0,  -22288410,          0
  4674,    80,   27000000,    4690318,        0,  -22309682,          0
  4674,    81,   27000000,    4674668,        0,  -22325332,          0
  4674,    82,   27000000,    4687393,        0,  -22312607,          0
  4674,    83,   27000000,    4701228,        0,  -22298772,          0
  4674,    84,   27000000,    4688505,        0,  -22311495,          0
  4674,    85,   27000000,    4704688,        0,  -22295312,          0
  4674,    86,   27000000,    4676700,        0,  -22323300,          0
  4674,    87,   27000000,    4699434,        0,  -22300566,          0
  4674,    88,   27000000,    4734741,        0,  -22265259,          0
  4674,    89,   27000000,    4703167,        0,  -22296833,          0
  4674,    90,   27000000,    4698496,        0,  -22301504,          0
  4674,    91,   27000000,    4758325,        0,  -22241675,          0
  4674,    92,   27000000,    4730616,        0,  -22269384,          0
  4674,    93,   27000000,    4724333,        0,  -22275667,          0
  4674,    94,   27000000,    4766954,        0,  -22233046,          0
  4674,    95,   27000000,    4682875,        0,  -22317125,          0
  4674,    96,   27000000,    4727846,        0,  -22272154,          0
  4674,    97,   27000000,    4687231,        0,  -22312769,          0
  4674,    98,   27000000,    4693633,        0,  -22306367,          0
  4674,    99,   27000000,    4700834,        0,  -22299166,          0
  4674,   100,   27000000,    4697565,        0,  -22302435,          0
  4674,   101,   27000000,    4679729,        0,  -22320271,          0
  4674,   102,   27000000,    4683128,        0,  -22316872,          0
  4674,   103,   27000000,    4684562,        0,  -22315438,          0
  4674,   104,   27000000,    4680844,        0,  -22319156,          0
  4674,   105,   27000000,    4680702,        0,  -22319298,          0
  4674,   106,   27000000,    5037778,        0,  -21962222,          0
  4674,   107,   27000000,    4781226,        0,  -22218774,          0
  4674,   108,   27000000,    4689070,        0,  -22310930,          0
  4674,   109,   27000000,    4732816,        0,  -22267184,          0
  4674,   110,   27000000,    4694292,        0,  -22305708,          0
  4674,   111,   27000000,    4721625,        0,  -22278375,          0
  4674,   112,   27000000,    4719902,        0,  -22280098,          0
  4674,   113,   27000000,    4684540,        0,  -22315460,          0
  4674,   114,   27000000,    4697967,        0,  -22302033,          0
  4674,   115,   27000000,    4726116,        0,  -22273884,          0
  4674,   116,   27000000,    4689741,        0,  -22310259,          0
  4674,   117,   27000000,    4694166,        0,  -22305834,          0
  4674,   118,   27000000,    4720340,        0,  -22279660,          0
  4674,   119,   27000000,    4682086,        0,  -22317914,          0
  4674,   120,   27000000,    4685006,        0,  -22314994,          0
  4674,   121,   27000000,    4713560,        0,  -22286440,          0
  4674,   122,   27000000,    4680206,        0,  -22319794,          0
  4674,   123,   27000000,    4713656,        0,  -22286344,          0
  4674,   124,   27000000,    4696893,        0,  -22303107,          0
  4674,   125,   27000000,    4735132,        0,  -22264868,          0
  4674,   126,   27000000,    4745485,        0,  -22254515,          0
  4674,   127,   27000000,    4686135,        0,  -22313865,          0
  4674,   128,   27000000,    4707009,        0,  -22292991,          0
  4674,   129,   27000000,    4699307,        0,  -22300693,          0
  4674,   130,   27000000,    4701507,        0,  -22298493,          0
  4674,   131,   27000000,    4798994,        0,  -22201006,          0
  4674,   132,   27000000,    4698573,        0,  -22301427,          0
  4674,   133,   27000000,    4724439,        0,  -22275561,          0
  4674,   134,   27000000,    4737446,        0,  -22262554,          0
  4674,   135,   27000000,    4700838,        0,  -22299162,          0
  4674,   136,   27000000,    4725725,        0,  -22274275,          0
  4674,   137,   27000000,    4675521,        0,  -22324479,          0
  4674,   138,   27000000,    4670029,        0,  -22329971,          0
  4674,   139,   27000000,    4713103,        0,  -22286897,          0
  4674,   140,   27000000,    4676882,        0,  -22323118,          0
  4674,   141,   27000000,    4678861,        0,  -22321139,          0
  4674,   142,   27000000,    4679632,        0,  -22320368,          0
  4674,   143,   27000000,    5011388,        0,  -21988612,          0
  4674,   144,   27000000,    4670516,        0,  -22329484,          0
  4674,   145,   27000000,    4730336,        0,  -22269664,          0
  4674,   146,   27000000,    4778060,        0,  -22221940,          0
  4674,   147,   27000000,    4685411,        0,  -22314589,          0
  4674,   148,   27000000,    4678752,        0,  -22321248,          0
  4674,   149,   27000000,    4837972,        0,  -22162028,          0
  4674,   150,   27000000,    4730478,        0,  -22269522,          0
  4674,   151,   27000000,    4691331,        0,  -22308669,          0
  4674,   152,   27000000,    4696801,        0,  -22303199,          0
  4674,   153,   27000000,    4733314,        0,  -22266686,          0
  4674,   154,   27000000,    4684579,        0,  -22315421,          0
  4674,   155,   27000000,    4684117,        0,  -22315883,          0
  4674,   156,   27000000,    4692748,        0,  -22307252,          0
  4674,   157,   27000000,    4990643,        0,  -22009357,          0
  4674,   158,   27000000,    4692182,        0,  -22307818,          0
  4674,   159,   27000000,    4707617,        0,  -22292383,          0
  4674,   160,   27000000,    4707163,        0,  -22292837,          0
  4674,   161,   27000000,    4678814,        0,  -22321186,          0
  4674,   162,   27000000,    4717552,        0,  -22282448,          0
  4674,   163,   27000000,    4736891,        0,  -22263109,          0
  4674,   164,   27000000,    4681590,        0,  -22318410,          0
  4674,   165,   27000000,    4731447,        0,  -22268553,          0
  4674,   166,   27000000,    4683821,        0,  -22316179,          0
  4674,   167,   27000000,    4674586,        0,  -22325414,          0
  4674,   168,   27000000,    4691906,        0,  -22308094,          0
  4674,   169,   27000000,    4696752,        0,  -22303248,          0
  4674,   170,   27000000,    4674129,        0,  -22325871,          0
  4674,   171,   27000000,    4676391,        0,  -22323609,          0
  4674,   172,   27000000,    4760886,        0,  -22239114,          0
  4674,   173,   27000000,    4709248,        0,  -22290752,          0
  4674,   174,   27000000,    4719199,        0,  -22280801,          0
  4674,   175,   27000000,    4673697,        0,  -22326303,          0
  4674,   176,   27000000,    4687170,        0,  -22312830,          0
  4674,   177,   27000000,    4673735,        0,  -22326265,          0
  4674,   178,   27000000,    4691050,        0,  -22308950,          0
  4674,   179,   27000000,    4693354,        0,  -22306646,          0
  4674,   180,   27000000,    4983000,        0,  -22017000,          0
  4674,   181,   27000000,    4687951,        0,  -22312049,          0
  4674,   182,   27000000,    4697314,        0,  -22302686,          0
  4674,   183,   27000000,    4709387,        0,  -22290613,          0
  4674,   184,   27000000,    4742536,        0,  -22257464,          0
  4674,   185,   27000000,    4684758,        0,  -22315242,          0
  4674,   186,   27000000,    4678343,        0,  -22321657,          0
  4674,   187,   27000000,    4700478,        0,  -22299522,          0
  4674,   188,   27000000,    4694761,        0,  -22305239,          0
  4674,   189,   27000000,    4713128,        0,  -22286872,          0
  4674,   190,   27000000,    4715023,        0,  -22284977,          0
  4674,   191,   27000000,    4686476,        0,  -22313524,          0
  4674,   192,   27000000,    4695129,        0,  -22304871,          0
  4674,   193,   27000000,    4700292,        0,  -22299708,          0
  4674,   194,   27000000,    4969697,        0,  -22030303,          0
  4674,   195,   27000000,    4698603,        0,  -22301397,          0
  4674,   196,   27000000,    4677235,        0,  -22322765,          0
  4674,   197,   27000000,    4741121,        0,  -22258879,          0
  4674,   198,   27000000,    4680767,        0,  -22319233,          0
  4674,   199,   27000000,    4671078,        0,  -22328922,          0
  4674,   200,   27000000,    4682151,        0,  -22317849,          0
  4674,   201,   27000000,    4718440,        0,  -22281560,          0
  4674,   202,   27000000,    4691196,        0,  -22308804,          0
  4674,   203,   27000000,    4674044,        0,  -22325956,          0
  4674,   204,   27000000,    4709777,        0,  -22290223,          0
  4674,   205,   27000000,    4698003,        0,  -22301997,          0
  4674,   206,   27000000,    4700327,        0,  -22299673,          0
  4674,   207,   27000000,    4739798,        0,  -22260202,          0
  4674,   208,   27000000,    4729648,        0,  -22270352,          0
  4674,   209,   27000000,    4697049,        0,  -22302951,          0
  4674,   210,   27000000,    4691497,        0,  -22308503,          0
  4674,   211,   27000000,    4792952,        0,  -22207048,          0
  4674,   212,   27000000,    4764826,        0,  -22235174,          0
  4674,   213,   27000000,    4686150,        0,  -22313850,          0
  4674,   214,   27000000,    4687698,        0,  -22312302,          0
  4674,   215,   27000000,    4686879,        0,  -22313121,          0
  4674,   216,   27000000,    4721005,        0,  -22278995,          0
  4674,   217,   27000000,    4685341,        0,  -22314659,          0
  4674,   218,   27000000,    4687980,        0,  -22312020,          0
  4674,   219,   27000000,    4737937,        0,  -22262063,          0
  4674,   220,   27000000,    4699426,        0,  -22300574,          0
  4674,   221,   27000000,    4726974,        0,  -22273026,          0
  4674,   222,   27000000,    4716271,        0,  -22283729,          0
  4674,   223,   27000000,    4681058,        0,  -22318942,          0
  4674,   224,   27000000,    4689808,        0,  -22310192,          0
  4674,   225,   27000000,    4741022,        0,  -22258978,          0
  4674,   226,   27000000,    4705572,        0,  -22294428,          0
  4674,   227,   27000000,    4885113,        0,  -22114887,          0
  4674,   228,   27000000,    4684866,        0,  -22315134,          0
  4674,   229,   27000000,    4686537,        0,  -22313463,          0
  4674,   230,   27000000,    4739395,        0,  -22260605,          0
  4674,   231,   27000000,    4984822,        0,  -22015178,          0
  4674,   232,   27000000,    4709165,        0,  -22290835,          0
  4674,   233,   27000000,    4689398,        0,  -22310602,          0
  4674,   234,   27000000,    4672497,        0,  -22327503,          0
  4674,   235,   27000000,    4748189,        0,  -22251811,          0
  4674,   236,   27000000,    4686203,        0,  -22313797,          0
  4674,   237,   27000000,    4679253,        0,  -22320747,          0
  4674,   238,   27000000,    4682734,        0,  -22317266,          0
  4674,   239,   27000000,    4699829,        0,  -22300171,          0
  4674,   240,   27000000,    4672819,        0,  -22327181,          0
  4674,   241,   27000000,    4680083,        0,  -22319917,          0
  4674,   242,   27000000,    4711340,        0,  -22288660,          0
  4674,   243,   27000000,    4744076,        0,  -22255924,          0
  4674,   244,   27000000,    4741085,        0,  -22258915,          0
  4674,   245,   27000000,    4735010,        0,  -22264990,          0
  4674,   246,   27000000,    4678631,        0,  -22321369,          0
  4674,   247,   27000000,    4705699,        0,  -22294301,          0
  4674,   248,   27000000,    4729827,        0,  -22270173,          0
  4674,   249,   27000000,    4685258,        0,  -22314742,          0
  4674,   250,   27000000,    4713067,        0,  -22286933,          0
  4674,   251,   27000000,    4682856,        0,  -22317144,          0
  4674,   252,   27000000,    4696719,        0,  -22303281,          0
  4674,   253,   27000000,    4708153,        0,  -22291847,          0
  4674,   254,   27000000,    4724583,        0,  -22275417,          0
  4674,   255,   27000000,    4681758,        0,  -22318242,          0
  4674,   256,   27000000,    4694543,        0,  -22305457,          0
  4674,   257,   27000000,    4698845,        0,  -22301155,          0
  4674,   258,   27000000,    4689341,        0,  -22310659,          0
  4674,   259,   27000000,    4682863,        0,  -22317137,          0
  4674,   260,   27000000,    4703516,        0,  -22296484,          0
  4674,   261,   27000000,    4715692,        0,  -22284308,          0
  4674,   262,   27000000,    4729714,        0,  -22270286,          0
  4674,   263,   27000000,    4695375,        0,  -22304625,          0
  4674,   264,   27000000,    4709676,        0,  -22290324,          0
  4674,   265,   27000000,    4676746,        0,  -22323254,          0
  4674,   266,   27000000,    4677729,        0,  -22322271,          0
  4674,   267,   27000000,    4673544,        0,  -22326456,          0
  4674,   268,   27000000,    4977521,        0,  -22022479,          0
  4674,   269,   27000000,    4701678,        0,  -22298322,          0
  4674,   270,   27000000,    4694231,        0,  -22305769,          0
  4674,   271,   27000000,    4796442,        0,  -22203558,          0
  4674,   272,   27000000,    4681794,        0,  -22318206,          0
  4674,   273,   27000000,    4696879,        0,  -22303121,          0
  4674,   274,   27000000,    4701883,        0,  -22298117,          0
  4674,   275,   27000000,    4685449,        0,  -22314551,          0
  4674,   276,   27000000,    4694758,        0,  -22305242,          0
  4674,   277,   27000000,    4680671,        0,  -22319329,          0
  4674,   278,   27000000,    4681409,        0,  -22318591,          0
  4674,   279,   27000000,    4700371,        0,  -22299629,          0
  4674,   280,   27000000,    4714359,        0,  -22285641,          0
  4674,   281,   27000000,    4677915,        0,  -22322085,          0
  4674,   282,   27000000,    4988949,        0,  -22011051,          0
  4674,   283,   27000000,    4706843,        0,  -22293157,          0
  4674,   284,   27000000,    4749964,        0,  -22250036,          0
  4674,   285,   27000000,    4710206,        0,  -22289794,          0
  4674,   286,   27000000,    4682748,        0,  -22317252,          0
  4674,   287,   27000000,    4707786,        0,  -22292214,          0
  4674,   288,   27000000,    4713534,        0,  -22286466,          0
  4674,   289,   27000000,    4794683,        0,  -22205317,          0
  4674,   290,   27000000,    4720443,        0,  -22279557,          0
  4674,   291,   27000000,    4782848,        0,  -22217152,          0
  4674,   292,   27000000,    4703521,        0,  -22296479,          0
  4674,   293,   27000000,    4694418,        0,  -22305582,          0
  4674,   294,   27000000,    4691553,        0,  -22308447,          0
  4674,   295,   27000000,    4699920,        0,  -22300080,          0
  4674,   296,   27000000,    4679117,        0,  -22320883,          0
  4674,   297,   27000000,    4696958,        0,  -22303042,          0
  4674,   298,   27000000,    4742330,        0,  -22257670,          0
  4674,   299,   27000000,    4712965,        0,  -22287035,          0
  4674,   300,   27000000,    4710957,        0,  -22289043,          0
  4674,   301,   27000000,    4706994,        0,  -22293006,          0
  4674,   302,   27000000,    4719306,        0,  -22280694,          0
  4674,   303,   27000000,    4683833,        0,  -22316167,          0
  4674,   304,   27000000,    4728203,        0,  -22271797,          0
  4674,   305,   27000000,    5044550,        0,  -21955450,          0
  4674,   306,   27000000,    4696348,        0,  -22303652,          0
  4674,   307,   27000000,    4710422,        0,  -22289578,          0
  4674,   308,   27000000,    4706173,        0,  -22293827,          0
  4674,   309,   27000000,    4721853,        0,  -22278147,          0
  4674,   310,   27000000,    4697373,        0,  -22302627,          0
  4674,   311,   27000000,    4696099,        0,  -22303901,          0
  4674,   312,   27000000,    4694488,        0,  -22305512,          0
  4674,   313,   27000000,    4706096,        0,  -22293904,          0
  4674,   314,   27000000,    4685584,        0,  -22314416,          0
  4674,   315,   27000000,    4683367,        0,  -22316633,          0
  4674,   316,   27000000,    4759838,        0,  -22240162,          0
  4674,   317,   27000000,    4724164,        0,  -22275836,          0
  4674,   318,   27000000,    4686090,        0,  -22313910,          0
  4674,   319,   27000000,    4985181,        0,  -22014819,          0
  4674,   320,   27000000,    4735653,        0,  -22264347,          0
  4674,   321,   27000000,    4713501,        0,  -22286499,          0
  4674,   322,   27000000,    4688741,        0,  -22311259,          0
  4674,   323,   27000000,    4699856,        0,  -22300144,          0
  4674,   324,   27000000,    4706432,        0,  -22293568,          0
  4674,   325,   27000000,    4706166,        0,  -22293834,          0
  4674,   326,   27000000,    4692633,        0,  -22307367,          0
  4674,   327,   27000000,    4672652,        0,  -22327348,          0
  4674,   328,   27000000,    4683362,        0,  -22316638,          0
  4674,   329,   27000000,    4691516,        0,  -22308484,          0
  4674,   330,   27000000,    4684312,        0,  -22315688,          0
  4674,   331,   27000000,    4763250,        0,  -22236750,          0
  4674,   332,   27000000,    4689002,        0,  -22310998,          0
  4674,   333,   27000000,    4680274,        0,  -22319726,          0
  4674,   334,   27000000,    4714331,        0,  -22285669,          0
  4674,   335,   27000000,    4685786,        0,  -22314214,          0
  4674,   336,   27000000,    4687258,        0,  -22312742,          0
  4674,   337,   27000000,    4708103,        0,  -22291897,          0
  4674,   338,   27000000,    4684134,        0,  -22315866,          0
  4674,   339,   27000000,    4697282,        0,  -22302718,          0
  4674,   340,   27000000,    4699183,        0,  -22300817,          0
  4674,   341,   27000000,    4699424,        0,  -22300576,          0
  4674,   342,   27000000,    4718111,        0,  -22281889,          0
  4674,   343,   27000000,    4715869,        0,  -22284131,          0
  4674,   344,   27000000,    4698719,        0,  -22301281,          0
  4674,   345,   27000000,    4698795,        0,  -22301205,          0
  4674,   346,   27000000,    4715907,        0,  -22284093,          0
  4674,   347,   27000000,    4678031,        0,  -22321969,          0
  4674,   348,   27000000,    4695165,        0,  -22304835,          0
  4674,   349,   27000000,    4684695,        0,  -22315305,          0
  4674,   350,   27000000,    4710538,        0,  -22289462,          0
  4674,   351,   27000000,    4706752,        0,  -22293248,          0
  4674,   352,   27000000,    4677221,        0,  -22322779,          0
  4674,   353,   27000000,    4698867,        0,  -22301133,          0
  4674,   354,   27000000,    4701103,        0,  -22298897,          0
  4674,   355,   27000000,    4680332,        0,  -22319668,          0
  4674,   356,   27000000,    4973065,        0,  -22026935,          0
  4674,   357,   27000000,    4701173,        0,  -22298827,          0
  4674,   358,   27000000,    4672187,        0,  -22327813,          0
  4674,   359,   27000000,    4673905,        0,  -22326095,          0
  4674,   360,   27000000,    4690199,        0,  -22309801,          0
  4674,   361,   27000000,    4693018,        0,  -22306982,          0
  4674,   362,   27000000,    4704770,        0,  -22295230,          0
  4674,   363,   27000000,    4782957,        0,  -22217043,          0
  4674,   364,   27000000,    4688443,        0,  -22311557,          0
  4674,   365,   27000000,    4680571,        0,  -22319429,          0
  4674,   366,   27000000,    4696255,        0,  -22303745,          0
  4674,   367,   27000000,    4688659,        0,  -22311341,          0
  4674,   368,   27000000,    4702978,        0,  -22297022,          0
  4674,   369,   27000000,    4711096,        0,  -22288904,          0
  4674,   370,   27000000,    4669839,        0,  -22330161,          0
  4674,   371,   27000000,    4714128,        0,  -22285872,          0
  4674,   372,   27000000,    4709420,        0,  -22290580,          0
  4674,   373,   27000000,    4699475,        0,  -22300525,          0
  4674,   374,   27000000,    4690217,        0,  -22309783,          0
