# Task,   Job,     Period,   Response, DL Miss?,   Lateness,  Tardiness
# task NAME=myapp PID=19939 COST=8000000 PERIOD=20000000 CPU=0
 19939,     2,   20000000,      11389,        0,  -19988611,          0
 19939,     3,   20000000,      53801,        0,  -19946199,          0
 19939,     4,   20000000,    9141236,        0,  -10858764,          0
 19939,     5,   20000000,    8763382,        0,  -11236618,          0
 19939,     6,   20000000,    7906369,        0,  -12093631,          0
 19939,     7,   20000000,    7848600,        0,  -12151400,          0
 19939,     8,   20000000,    7861666,        0,  -12138334,          0
 19939,     9,   20000000,    7872662,        0,  -12127338,          0
 19939,    10,   20000000,    7926135,        0,  -12073865,          0
 19939,    11,   20000000,    7933475,        0,  -12066525,          0
 19939,    12,   20000000,    8194719,        0,  -11805281,          0
 19939,    13,   20000000,    7865224,        0,  -12134776,          0
 19939,    14,   20000000,    7857486,        0,  -12142514,          0
 19939,    15,   20000000,    7855005,        0,  -12144995,          0
 19939,    16,   20000000,    7875726,        0,  -12124274,          0
 19939,    17,   20000000,    7846585,        0,  -12153415,          0
 19939,    18,   20000000,    7847975,        0,  -12152025,          0
 19939,    19,   20000000,    7878277,        0,  -12121723,          0
 19939,    20,   20000000,    7860373,        0,  -12139627,          0
 19939,    21,   20000000,    7871909,        0,  -12128091,          0
 19939,    22,   20000000,    7845818,        0,  -12154182,          0
 19939,    23,   20000000,    7874917,        0,  -12125083,          0
 19939,    24,   20000000,    7898604,        0,  -12101396,          0
 19939,    25,   20000000,    7848425,        0,  -12151575,          0
 19939,    26,   20000000,    7847122,        0,  -12152878,          0
 19939,    27,   20000000,    7854448,        0,  -12145552,          0
 19939,    28,   20000000,    7840760,        0,  -12159240,          0
 19939,    29,   20000000,    7846440,        0,  -12153560,          0
 19939,    30,   20000000,    7859190,        0,  -12140810,          0
 19939,    31,   20000000,    7856500,        0,  -12143500,          0
 19939,    32,   20000000,    7847217,        0,  -12152783,          0
 19939,    33,   20000000,    7875348,        0,  -12124652,          0
 19939,    34,   20000000,    7868929,        0,  -12131071,          0
 19939,    35,   20000000,    7836314,        0,  -12163686,          0
 19939,    36,   20000000,    7859000,        0,  -12141000,          0
 19939,    37,   20000000,    8229864,        0,  -11770136,          0
 19939,    38,   20000000,    7900269,        0,  -12099731,          0
 19939,    39,   20000000,    7847665,        0,  -12152335,          0
 19939,    40,   20000000,    7903080,        0,  -12096920,          0
 19939,    41,   20000000,    7851310,        0,  -12148690,          0
 19939,    42,   20000000,    7872258,        0,  -12127742,          0
 19939,    43,   20000000,    7877627,        0,  -12122373,          0
 19939,    44,   20000000,    7909064,        0,  -12090936,          0
 19939,    45,   20000000,    7846496,        0,  -12153504,          0
 19939,    46,   20000000,    7855760,        0,  -12144240,          0
 19939,    47,   20000000,    7837995,        0,  -12162005,          0
 19939,    48,   20000000,    7866439,        0,  -12133561,          0
 19939,    49,   20000000,    7849497,        0,  -12150503,          0
 19939,    50,   20000000,    7843455,        0,  -12156545,          0
 19939,    51,   20000000,    7870948,        0,  -12129052,          0
 19939,    52,   20000000,    7841184,        0,  -12158816,          0
 19939,    53,   20000000,    7878092,        0,  -12121908,          0
 19939,    54,   20000000,    7908609,        0,  -12091391,          0
 19939,    55,   20000000,    7871902,        0,  -12128098,          0
 19939,    56,   20000000,    7900697,        0,  -12099303,          0
 19939,    57,   20000000,    7837341,        0,  -12162659,          0
 19939,    58,   20000000,    7859903,        0,  -12140097,          0
 19939,    59,   20000000,    7857353,        0,  -12142647,          0
 19939,    60,   20000000,    7863605,        0,  -12136395,          0
 19939,    61,   20000000,    7882967,        0,  -12117033,          0
 19939,    62,   20000000,    8130978,        0,  -11869022,          0
 19939,    63,   20000000,    7851082,        0,  -12148918,          0
 19939,    64,   20000000,    7844196,        0,  -12155804,          0
 19939,    65,   20000000,    7869492,        0,  -12130508,          0
 19939,    66,   20000000,    7867795,        0,  -12132205,          0
 19939,    67,   20000000,    7850707,        0,  -12149293,          0
 19939,    68,   20000000,    7860761,        0,  -12139239,          0
 19939,    69,   20000000,    7904289,        0,  -12095711,          0
 19939,    70,   20000000,    7863709,        0,  -12136291,          0
 19939,    71,   20000000,    7861307,        0,  -12138693,          0
 19939,    72,   20000000,    7888875,        0,  -12111125,          0
 19939,    73,   20000000,    7847598,        0,  -12152402,          0
 19939,    74,   20000000,    7850523,        0,  -12149477,          0
 19939,    75,   20000000,    7858524,        0,  -12141476,          0
 19939,    76,   20000000,    7840490,        0,  -12159510,          0
 19939,    77,   20000000,    7846691,        0,  -12153309,          0
 19939,    78,   20000000,    7901425,        0,  -12098575,          0
 19939,    79,   20000000,    7854591,        0,  -12145409,          0
 19939,    80,   20000000,    7875410,        0,  -12124590,          0
 19939,    81,   20000000,    7846588,        0,  -12153412,          0
 19939,    82,   20000000,    7868276,        0,  -12131724,          0
 19939,    83,   20000000,    7844314,        0,  -12155686,          0
 19939,    84,   20000000,    7846433,        0,  -12153567,          0
 19939,    85,   20000000,    7844758,        0,  -12155242,          0
 19939,    86,   20000000,    7865379,        0,  -12134621,          0
 19939,    87,   20000000,    8132419,        0,  -11867581,          0
 19939,    88,   20000000,    7889607,        0,  -12110393,          0
 19939,    89,   20000000,    7838863,        0,  -12161137,          0
 19939,    90,   20000000,    7872844,        0,  -12127156,          0
 19939,    91,   20000000,    7861109,        0,  -12138891,          0
 19939,    92,   20000000,    7844383,        0,  -12155617,          0
 19939,    93,   20000000,    7836507,        0,  -12163493,          0
 19939,    94,   20000000,    7840982,        0,  -12159018,          0
 19939,    95,   20000000,    7878209,        0,  -12121791,          0
 19939,    96,   20000000,    7877808,        0,  -12122192,          0
 19939,    97,   20000000,    7887367,        0,  -12112633,          0
 19939,    98,   20000000,    7866306,        0,  -12133694,          0
 19939,    99,   20000000,    7848231,        0,  -12151769,          0
 19939,   100,   20000000,    7847805,        0,  -12152195,          0
 19939,   101,   20000000,    7885711,        0,  -12114289,          0
 19939,   102,   20000000,    7885968,        0,  -12114032,          0
 19939,   103,   20000000,    7842327,        0,  -12157673,          0
 19939,   104,   20000000,    7875500,        0,  -12124500,          0
 19939,   105,   20000000,    7902773,        0,  -12097227,          0
 19939,   106,   20000000,    7868542,        0,  -12131458,          0
 19939,   107,   20000000,    7893297,        0,  -12106703,          0
 19939,   108,   20000000,    7845665,        0,  -12154335,          0
 19939,   109,   20000000,    7876360,        0,  -12123640,          0
 19939,   110,   20000000,    7845756,        0,  -12154244,          0
 19939,   111,   20000000,    7859617,        0,  -12140383,          0
 19939,   112,   20000000,    8177943,        0,  -11822057,          0
 19939,   113,   20000000,    7839171,        0,  -12160829,          0
 19939,   114,   20000000,    7845533,        0,  -12154467,          0
 19939,   115,   20000000,    7917879,        0,  -12082121,          0
 19939,   116,   20000000,    7947582,        0,  -12052418,          0
 19939,   117,   20000000,    7884797,        0,  -12115203,          0
 19939,   118,   20000000,    7870281,        0,  -12129719,          0
 19939,   119,   20000000,    7841760,        0,  -12158240,          0
 19939,   120,   20000000,    7860871,        0,  -12139129,          0
 19939,   121,   20000000,    7910049,        0,  -12089951,          0
 19939,   122,   20000000,    7862899,        0,  -12137101,          0
 19939,   123,   20000000,    7927042,        0,  -12072958,          0
 19939,   124,   20000000,    7865676,        0,  -12134324,          0
 19939,   125,   20000000,    7876232,        0,  -12123768,          0
 19939,   126,   20000000,    7897194,        0,  -12102806,          0
 19939,   127,   20000000,    7872807,        0,  -12127193,          0
 19939,   128,   20000000,    7843227,        0,  -12156773,          0
 19939,   129,   20000000,    7834555,        0,  -12165445,          0
 19939,   130,   20000000,    7868138,        0,  -12131862,          0
 19939,   131,   20000000,    7872130,        0,  -12127870,          0
 19939,   132,   20000000,    7860114,        0,  -12139886,          0
 19939,   133,   20000000,    7844038,        0,  -12155962,          0
 19939,   134,   20000000,    7847053,        0,  -12152947,          0
 19939,   135,   20000000,    7848403,        0,  -12151597,          0
 19939,   136,   20000000,    7846339,        0,  -12153661,          0
 19939,   137,   20000000,    8158925,        0,  -11841075,          0
 19939,   138,   20000000,    7845110,        0,  -12154890,          0
 19939,   139,   20000000,    7852699,        0,  -12147301,          0
 19939,   140,   20000000,    7843411,        0,  -12156589,          0
 19939,   141,   20000000,    7838271,        0,  -12161729,          0
 19939,   142,   20000000,    7872996,        0,  -12127004,          0
 19939,   143,   20000000,    7848206,        0,  -12151794,          0
 19939,   144,   20000000,    7853022,        0,  -12146978,          0
 19939,   145,   20000000,    7873484,        0,  -12126516,          0
 19939,   146,   20000000,    7846168,        0,  -12153832,          0
 19939,   147,   20000000,    7849917,        0,  -12150083,          0
 19939,   148,   20000000,    7901290,        0,  -12098710,          0
 19939,   149,   20000000,    7895500,        0,  -12104500,          0
 19939,   150,   20000000,    7896597,        0,  -12103403,          0
 19939,   151,   20000000,    7877829,        0,  -12122171,          0
 19939,   152,   20000000,    7880085,        0,  -12119915,          0
 19939,   153,   20000000,    7853881,        0,  -12146119,          0
 19939,   154,   20000000,    7856412,        0,  -12143588,          0
 19939,   155,   20000000,    7865367,        0,  -12134633,          0
 19939,   156,   20000000,    7838269,        0,  -12161731,          0
 19939,   157,   20000000,    7848195,        0,  -12151805,          0
 19939,   158,   20000000,    7878622,        0,  -12121378,          0
 19939,   159,   20000000,    7902643,        0,  -12097357,          0
 19939,   160,   20000000,    7850668,        0,  -12149332,          0
 19939,   161,   20000000,    7874463,        0,  -12125537,          0
 19939,   162,   20000000,    8189994,        0,  -11810006,          0
 19939,   163,   20000000,    7838741,        0,  -12161259,          0
 19939,   164,   20000000,    7857275,        0,  -12142725,          0
 19939,   165,   20000000,    7851452,        0,  -12148548,          0
 19939,   166,   20000000,    7928555,        0,  -12071445,          0
 19939,   167,   20000000,    7902987,        0,  -12097013,          0
 19939,   168,   20000000,    7881328,        0,  -12118672,          0
 19939,   169,   20000000,    7865854,        0,  -12134146,          0
 19939,   170,   20000000,    7851071,        0,  -12148929,          0
 19939,   171,   20000000,    7861911,        0,  -12138089,          0
 19939,   172,   20000000,    7844514,        0,  -12155486,          0
 19939,   173,   20000000,    7851397,        0,  -12148603,          0
 19939,   174,   20000000,    7848428,        0,  -12151572,          0
 19939,   175,   20000000,    7888315,        0,  -12111685,          0
 19939,   176,   20000000,    7850677,        0,  -12149323,          0
 19939,   177,   20000000,    7875432,        0,  -12124568,          0
 19939,   178,   20000000,    7838941,        0,  -12161059,          0
 19939,   179,   20000000,    7852446,        0,  -12147554,          0
 19939,   180,   20000000,    7902321,        0,  -12097679,          0
 19939,   181,   20000000,    7858311,        0,  -12141689,          0
 19939,   182,   20000000,    7877918,        0,  -12122082,          0
 19939,   183,   20000000,    7851054,        0,  -12148946,          0
 19939,   184,   20000000,    7845167,        0,  -12154833,          0
 19939,   185,   20000000,    7857757,        0,  -12142243,          0
 19939,   186,   20000000,    7863836,        0,  -12136164,          0
 19939,   187,   20000000,    8129071,        0,  -11870929,          0
 19939,   188,   20000000,    7833563,        0,  -12166437,          0
 19939,   189,   20000000,    7856125,        0,  -12143875,          0
 19939,   190,   20000000,    7886329,        0,  -12113671,          0
 19939,   191,   20000000,    7849965,        0,  -12150035,          0
 19939,   192,   20000000,    7847874,        0,  -12152126,          0
 19939,   193,   20000000,    7857042,        0,  -12142958,          0
 19939,   194,   20000000,    7848651,        0,  -12151349,          0
 19939,   195,   20000000,    7867779,        0,  -12132221,          0
 19939,   196,   20000000,    7858106,        0,  -12141894,          0
 19939,   197,   20000000,    7866292,        0,  -12133708,          0
 19939,   198,   20000000,    7840096,        0,  -12159904,          0
 19939,   199,   20000000,    7839114,        0,  -12160886,          0
 19939,   200,   20000000,    7837499,        0,  -12162501,          0
 19939,   201,   20000000,    7929060,        0,  -12070940,          0
 19939,   202,   20000000,    7842928,        0,  -12157072,          0
 19939,   203,   20000000,    7848981,        0,  -12151019,          0
 19939,   204,   20000000,    7845742,        0,  -12154258,          0
 19939,   205,   20000000,    7883772,        0,  -12116228,          0
 19939,   206,   20000000,    7838774,        0,  -12161226,          0
 19939,   207,   20000000,    7844392,        0,  -12155608,          0
 19939,   208,   20000000,    7851186,        0,  -12148814,          0
 19939,   209,   20000000,    7880625,        0,  -12119375,          0
 19939,   210,   20000000,    7843675,        0,  -12156325,          0
 19939,   211,   20000000,    7874996,        0,  -12125004,          0
 19939,   212,   20000000,    8154369,        0,  -11845631,          0
 19939,   213,   20000000,    7847746,        0,  -12152254,          0
 19939,   214,   20000000,    7872317,        0,  -12127683,          0
 19939,   215,   20000000,    7890711,        0,  -12109289,          0
 19939,   216,   20000000,    7882919,        0,  -12117081,          0
 19939,   217,   20000000,    7915190,        0,  -12084810,          0
 19939,   218,   20000000,    7871356,        0,  -12128644,          0
 19939,   219,   20000000,    7926447,        0,  -12073553,          0
 19939,   220,   20000000,    7937141,        0,  -12062859,          0
 19939,   221,   20000000,    7884057,        0,  -12115943,          0
 19939,   222,   20000000,    7844093,        0,  -12155907,          0
 19939,   223,   20000000,    7840080,        0,  -12159920,          0
 19939,   224,   20000000,    7847366,        0,  -12152634,          0
 19939,   225,   20000000,    7867490,        0,  -12132510,          0
 19939,   226,   20000000,    7838545,        0,  -12161455,          0
 19939,   227,   20000000,    7845011,        0,  -12154989,          0
 19939,   228,   20000000,    7892967,        0,  -12107033,          0
 19939,   229,   20000000,    7893190,        0,  -12106810,          0
 19939,   230,   20000000,    7930049,        0,  -12069951,          0
 19939,   231,   20000000,    7867161,        0,  -12132839,          0
 19939,   232,   20000000,    7836596,        0,  -12163404,          0
 19939,   233,   20000000,    7876864,        0,  -12123136,          0
 19939,   234,   20000000,    7943779,        0,  -12056221,          0
 19939,   235,   20000000,    7858672,        0,  -12141328,          0
 19939,   236,   20000000,    7897727,        0,  -12102273,          0
 19939,   237,   20000000,    8131207,        0,  -11868793,          0
 19939,   238,   20000000,    7860584,        0,  -12139416,          0
 19939,   239,   20000000,    7859714,        0,  -12140286,          0
 19939,   240,   20000000,    7831622,        0,  -12168378,          0
 19939,   241,   20000000,    7865226,        0,  -12134774,          0
 19939,   242,   20000000,    7840129,        0,  -12159871,          0
 19939,   243,   20000000,    7854383,        0,  -12145617,          0
 19939,   244,   20000000,    7911034,        0,  -12088966,          0
 19939,   245,   20000000,    7873916,        0,  -12126084,          0
 19939,   246,   20000000,    7895012,        0,  -12104988,          0
 19939,   247,   20000000,    7894730,        0,  -12105270,          0
 19939,   248,   20000000,    7900969,        0,  -12099031,          0
 19939,   249,   20000000,    7882217,        0,  -12117783,          0
 19939,   250,   20000000,    7836503,        0,  -12163497,          0
 19939,   251,   20000000,    7846459,        0,  -12153541,          0
 19939,   252,   20000000,    7834834,        0,  -12165166,          0
 19939,   253,   20000000,    7866796,        0,  -12133204,          0
 19939,   254,   20000000,    7837623,        0,  -12162377,          0
 19939,   255,   20000000,    7848297,        0,  -12151703,          0
 19939,   256,   20000000,    7859771,        0,  -12140229,          0
 19939,   257,   20000000,    7842813,        0,  -12157187,          0
 19939,   258,   20000000,    7860708,        0,  -12139292,          0
 19939,   259,   20000000,    7847681,        0,  -12152319,          0
 19939,   260,   20000000,    7871376,        0,  -12128624,          0
 19939,   261,   20000000,    7854901,        0,  -12145099,          0
 19939,   262,   20000000,    8134377,        0,  -11865623,          0
 19939,   263,   20000000,    7857135,        0,  -12142865,          0
 19939,   264,   20000000,    7852148,        0,  -12147852,          0
 19939,   265,   20000000,    7843219,        0,  -12156781,          0
 19939,   266,   20000000,    7872603,        0,  -12127397,          0
 19939,   267,   20000000,    7908653,        0,  -12091347,          0
 19939,   268,   20000000,    7856947,        0,  -12143053,          0
 19939,   269,   20000000,    7843796,        0,  -12156204,          0
 19939,   270,   20000000,    7856238,        0,  -12143762,          0
 19939,   271,   20000000,    7858155,        0,  -12141845,          0
 19939,   272,   20000000,    7844962,        0,  -12155038,          0
 19939,   273,   20000000,    7843615,        0,  -12156385,          0
 19939,   274,   20000000,    7845099,        0,  -12154901,          0
 19939,   275,   20000000,    7844143,        0,  -12155857,          0
 19939,   276,   20000000,    7860005,        0,  -12139995,          0
 19939,   277,   20000000,    7901143,        0,  -12098857,          0
 19939,   278,   20000000,    7843711,        0,  -12156289,          0
 19939,   279,   20000000,    7834109,        0,  -12165891,          0
 19939,   280,   20000000,    8003510,        0,  -11996490,          0
 19939,   281,   20000000,    7850676,        0,  -12149324,          0
 19939,   282,   20000000,    7885616,        0,  -12114384,          0
 19939,   283,   20000000,    7862734,        0,  -12137266,          0
 19939,   284,   20000000,    7838454,        0,  -12161546,          0
 19939,   285,   20000000,    7838477,        0,  -12161523,          0
 19939,   286,   20000000,    7890563,        0,  -12109437,          0
 19939,   287,   20000000,    8167119,        0,  -11832881,          0
 19939,   288,   20000000,    7865035,        0,  -12134965,          0
 19939,   289,   20000000,    7871152,        0,  -12128848,          0
 19939,   290,   20000000,    7840476,        0,  -12159524,          0
 19939,   291,   20000000,    7856963,        0,  -12143037,          0
 19939,   292,   20000000,    7834238,        0,  -12165762,          0
 19939,   293,   20000000,    7843777,        0,  -12156223,          0
 19939,   294,   20000000,    7838039,        0,  -12161961,          0
 19939,   295,   20000000,    7849986,        0,  -12150014,          0
 19939,   296,   20000000,    7874416,        0,  -12125584,          0
 19939,   297,   20000000,    7839616,        0,  -12160384,          0
 19939,   298,   20000000,    7876751,        0,  -12123249,          0
 19939,   299,   20000000,    7847895,        0,  -12152105,          0
 19939,   300,   20000000,    7857442,        0,  -12142558,          0
 19939,   301,   20000000,    7843325,        0,  -12156675,          0
 19939,   302,   20000000,    7876600,        0,  -12123400,          0
 19939,   303,   20000000,    7839613,        0,  -12160387,          0
 19939,   304,   20000000,    7847311,        0,  -12152689,          0
 19939,   305,   20000000,    7848178,        0,  -12151822,          0
 19939,   306,   20000000,    7858715,        0,  -12141285,          0
 19939,   307,   20000000,    7849508,        0,  -12150492,          0
 19939,   308,   20000000,    7959110,        0,  -12040890,          0
 19939,   309,   20000000,    7864328,        0,  -12135672,          0
 19939,   310,   20000000,    7838230,        0,  -12161770,          0
 19939,   311,   20000000,    7850281,        0,  -12149719,          0
 19939,   312,   20000000,    8129380,        0,  -11870620,          0
 19939,   313,   20000000,    7850404,        0,  -12149596,          0
 19939,   314,   20000000,    7867128,        0,  -12132872,          0
 19939,   315,   20000000,    7857303,        0,  -12142697,          0
 19939,   316,   20000000,    7834999,        0,  -12165001,          0
 19939,   317,   20000000,    7849111,        0,  -12150889,          0
 19939,   318,   20000000,    7861208,        0,  -12138792,          0
 19939,   319,   20000000,    7837829,        0,  -12162171,          0
 19939,   320,   20000000,    7848440,        0,  -12151560,          0
 19939,   321,   20000000,    7872207,        0,  -12127793,          0
 19939,   322,   20000000,    7845632,        0,  -12154368,          0
 19939,   323,   20000000,    7861965,        0,  -12138035,          0
 19939,   324,   20000000,    7846130,        0,  -12153870,          0
 19939,   325,   20000000,    7861491,        0,  -12138509,          0
 19939,   326,   20000000,    7866153,        0,  -12133847,          0
 19939,   327,   20000000,    7869906,        0,  -12130094,          0
 19939,   328,   20000000,    7857882,        0,  -12142118,          0
 19939,   329,   20000000,    7905593,        0,  -12094407,          0
 19939,   330,   20000000,    7938094,        0,  -12061906,          0
 19939,   331,   20000000,    7878521,        0,  -12121479,          0
 19939,   332,   20000000,    7860555,        0,  -12139445,          0
 19939,   333,   20000000,    7904041,        0,  -12095959,          0
 19939,   334,   20000000,    7834089,        0,  -12165911,          0
 19939,   335,   20000000,    7880383,        0,  -12119617,          0
 19939,   336,   20000000,    7845902,        0,  -12154098,          0
 19939,   337,   20000000,    8170997,        0,  -11829003,          0
 19939,   338,   20000000,    7846308,        0,  -12153692,          0
 19939,   339,   20000000,    7859972,        0,  -12140028,          0
 19939,   340,   20000000,    7846256,        0,  -12153744,          0
 19939,   341,   20000000,    7856409,        0,  -12143591,          0
 19939,   342,   20000000,    7848825,        0,  -12151175,          0
 19939,   343,   20000000,    7846201,        0,  -12153799,          0
 19939,   344,   20000000,    7862228,        0,  -12137772,          0
 19939,   345,   20000000,    7905677,        0,  -12094323,          0
 19939,   346,   20000000,    7913268,        0,  -12086732,          0
 19939,   347,   20000000,    7879933,        0,  -12120067,          0
 19939,   348,   20000000,    7838216,        0,  -12161784,          0
 19939,   349,   20000000,    7889111,        0,  -12110889,          0
 19939,   350,   20000000,    7888859,        0,  -12111141,          0
 19939,   351,   20000000,    7890790,        0,  -12109210,          0
 19939,   352,   20000000,    7859727,        0,  -12140273,          0
 19939,   353,   20000000,    7876078,        0,  -12123922,          0
 19939,   354,   20000000,    7847296,        0,  -12152704,          0
 19939,   355,   20000000,    7847006,        0,  -12152994,          0
 19939,   356,   20000000,    7867589,        0,  -12132411,          0
 19939,   357,   20000000,    7919501,        0,  -12080499,          0
 19939,   358,   20000000,    7885990,        0,  -12114010,          0
 19939,   359,   20000000,    7878610,        0,  -12121390,          0
 19939,   360,   20000000,    7876133,        0,  -12123867,          0
 19939,   361,   20000000,    7848770,        0,  -12151230,          0
 19939,   362,   20000000,    8142295,        0,  -11857705,          0
 19939,   363,   20000000,    7905141,        0,  -12094859,          0
 19939,   364,   20000000,    7849904,        0,  -12150096,          0
 19939,   365,   20000000,    7858944,        0,  -12141056,          0
 19939,   366,   20000000,    7862244,        0,  -12137756,          0
 19939,   367,   20000000,    7853614,        0,  -12146386,          0
 19939,   368,   20000000,    7876333,        0,  -12123667,          0
 19939,   369,   20000000,    7854401,        0,  -12145599,          0
 19939,   370,   20000000,    7929337,        0,  -12070663,          0
 19939,   371,   20000000,    7878258,        0,  -12121742,          0
 19939,   372,   20000000,    7835407,        0,  -12164593,          0
 19939,   373,   20000000,    7879374,        0,  -12120626,          0
 19939,   374,   20000000,    7849958,        0,  -12150042,          0
 19939,   375,   20000000,    7870704,        0,  -12129296,          0
 19939,   376,   20000000,    7864542,        0,  -12135458,          0
 19939,   377,   20000000,    7876617,        0,  -12123383,          0
 19939,   378,   20000000,    7913853,        0,  -12086147,          0
 19939,   379,   20000000,    7872794,        0,  -12127206,          0
 19939,   380,   20000000,    7949548,        0,  -12050452,          0
 19939,   381,   20000000,    7845897,        0,  -12154103,          0
 19939,   382,   20000000,    7833838,        0,  -12166162,          0
 19939,   383,   20000000,    7856507,        0,  -12143493,          0
 19939,   384,   20000000,    7847464,        0,  -12152536,          0
 19939,   385,   20000000,    7869915,        0,  -12130085,          0
 19939,   386,   20000000,    7875365,        0,  -12124635,          0
 19939,   387,   20000000,    8162454,        0,  -11837546,          0
 19939,   388,   20000000,    7888396,        0,  -12111604,          0
 19939,   389,   20000000,    7871412,        0,  -12128588,          0
 19939,   390,   20000000,    7871325,        0,  -12128675,          0
 19939,   391,   20000000,    7849239,        0,  -12150761,          0
 19939,   392,   20000000,    7861821,        0,  -12138179,          0
 19939,   393,   20000000,    7862637,        0,  -12137363,          0
 19939,   394,   20000000,    7866424,        0,  -12133576,          0
 19939,   395,   20000000,    7901306,        0,  -12098694,          0
 19939,   396,   20000000,    7870659,        0,  -12129341,          0
 19939,   397,   20000000,    7843283,        0,  -12156717,          0
 19939,   398,   20000000,    7840484,        0,  -12159516,          0
 19939,   399,   20000000,    7889812,        0,  -12110188,          0
 19939,   400,   20000000,    7869322,        0,  -12130678,          0
 19939,   401,   20000000,    7868368,        0,  -12131632,          0
 19939,   402,   20000000,    7884525,        0,  -12115475,          0
 19939,   403,   20000000,    7870688,        0,  -12129312,          0
 19939,   404,   20000000,    7860119,        0,  -12139881,          0
 19939,   405,   20000000,    7838922,        0,  -12161078,          0
 19939,   406,   20000000,    7903062,        0,  -12096938,          0
 19939,   407,   20000000,    7872123,        0,  -12127877,          0
 19939,   408,   20000000,    7844067,        0,  -12155933,          0
 19939,   409,   20000000,    7847612,        0,  -12152388,          0
 19939,   410,   20000000,    7867962,        0,  -12132038,          0
 19939,   411,   20000000,    7855834,        0,  -12144166,          0
 19939,   412,   20000000,    8158142,        0,  -11841858,          0
 19939,   413,   20000000,    7837569,        0,  -12162431,          0
 19939,   414,   20000000,    7850003,        0,  -12149997,          0
 19939,   415,   20000000,    7882465,        0,  -12117535,          0
 19939,   416,   20000000,    7876002,        0,  -12123998,          0
 19939,   417,   20000000,    7834666,        0,  -12165334,          0
 19939,   418,   20000000,    7850045,        0,  -12149955,          0
 19939,   419,   20000000,    7852273,        0,  -12147727,          0
 19939,   420,   20000000,    7888541,        0,  -12111459,          0
 19939,   421,   20000000,    7938550,        0,  -12061450,          0
 19939,   422,   20000000,    7854577,        0,  -12145423,          0
 19939,   423,   20000000,    7865433,        0,  -12134567,          0
 19939,   424,   20000000,    7835150,        0,  -12164850,          0
 19939,   425,   20000000,    7921435,        0,  -12078565,          0
 19939,   426,   20000000,    7837713,        0,  -12162287,          0
 19939,   427,   20000000,    7866187,        0,  -12133813,          0
 19939,   428,   20000000,    7856919,        0,  -12143081,          0
 19939,   429,   20000000,    7857206,        0,  -12142794,          0
 19939,   430,   20000000,    7923957,        0,  -12076043,          0
 19939,   431,   20000000,    7850014,        0,  -12149986,          0
 19939,   432,   20000000,    7848152,        0,  -12151848,          0
 19939,   433,   20000000,    7861971,        0,  -12138029,          0
 19939,   434,   20000000,    7868914,        0,  -12131086,          0
 19939,   435,   20000000,    7845340,        0,  -12154660,          0
 19939,   436,   20000000,    7856968,        0,  -12143032,          0
 19939,   437,   20000000,    8132655,        0,  -11867345,          0
 19939,   438,   20000000,    7858513,        0,  -12141487,          0
 19939,   439,   20000000,    7839235,        0,  -12160765,          0
 19939,   440,   20000000,    7879968,        0,  -12120032,          0
 19939,   441,   20000000,    7849484,        0,  -12150516,          0
 19939,   442,   20000000,    7874274,        0,  -12125726,          0
 19939,   443,   20000000,    7864230,        0,  -12135770,          0
 19939,   444,   20000000,    7903436,        0,  -12096564,          0
 19939,   445,   20000000,    7837736,        0,  -12162264,          0
 19939,   446,   20000000,    7861264,        0,  -12138736,          0
 19939,   447,   20000000,    7870683,        0,  -12129317,          0
 19939,   448,   20000000,    7851602,        0,  -12148398,          0
 19939,   449,   20000000,    7855155,        0,  -12144845,          0
 19939,   450,   20000000,    7889112,        0,  -12110888,          0
 19939,   451,   20000000,    7894204,        0,  -12105796,          0
 19939,   452,   20000000,    7885985,        0,  -12114015,          0
 19939,   453,   20000000,    7878303,        0,  -12121697,          0
 19939,   454,   20000000,    7881024,        0,  -12118976,          0
 19939,   455,   20000000,    7893462,        0,  -12106538,          0
 19939,   456,   20000000,    7875179,        0,  -12124821,          0
 19939,   457,   20000000,    7870013,        0,  -12129987,          0
 19939,   458,   20000000,    7846031,        0,  -12153969,          0
 19939,   459,   20000000,    7890809,        0,  -12109191,          0
 19939,   460,   20000000,    7855869,        0,  -12144131,          0
 19939,   461,   20000000,    7849021,        0,  -12150979,          0
 19939,   462,   20000000,    8187972,        0,  -11812028,          0
 19939,   463,   20000000,    7863105,        0,  -12136895,          0
 19939,   464,   20000000,    7855806,        0,  -12144194,          0
 19939,   465,   20000000,    7875397,        0,  -12124603,          0
 19939,   466,   20000000,    7854177,        0,  -12145823,          0
 19939,   467,   20000000,    7868538,        0,  -12131462,          0
 19939,   468,   20000000,    7865746,        0,  -12134254,          0
 19939,   469,   20000000,    7863503,        0,  -12136497,          0
 19939,   470,   20000000,    7857886,        0,  -12142114,          0
 19939,   471,   20000000,    7884082,        0,  -12115918,          0
 19939,   472,   20000000,    7845700,        0,  -12154300,          0
 19939,   473,   20000000,    7878632,        0,  -12121368,          0
 19939,   474,   20000000,    7887826,        0,  -12112174,          0
 19939,   475,   20000000,    7894396,        0,  -12105604,          0
 19939,   476,   20000000,    7835230,        0,  -12164770,          0
 19939,   477,   20000000,    7834513,        0,  -12165487,          0
 19939,   478,   20000000,    7869362,        0,  -12130638,          0
 19939,   479,   20000000,    7845269,        0,  -12154731,          0
 19939,   480,   20000000,    7956612,        0,  -12043388,          0
 19939,   481,   20000000,    7893385,        0,  -12106615,          0
 19939,   482,   20000000,    7859447,        0,  -12140553,          0
 19939,   483,   20000000,    7843644,        0,  -12156356,          0
 19939,   484,   20000000,    7858100,        0,  -12141900,          0
 19939,   485,   20000000,    7890896,        0,  -12109104,          0
 19939,   486,   20000000,    7847979,        0,  -12152021,          0
 19939,   487,   20000000,    8197400,        0,  -11802600,          0
 19939,   488,   20000000,    7860642,        0,  -12139358,          0
 19939,   489,   20000000,    7857070,        0,  -12142930,          0
 19939,   490,   20000000,    7847600,        0,  -12152400,          0
 19939,   491,   20000000,    7839070,        0,  -12160930,          0
 19939,   492,   20000000,    7848569,        0,  -12151431,          0
 19939,   493,   20000000,    7839764,        0,  -12160236,          0
 19939,   494,   20000000,    7863140,        0,  -12136860,          0
 19939,   495,   20000000,    7882350,        0,  -12117650,          0
 19939,   496,   20000000,    7852702,        0,  -12147298,          0
 19939,   497,   20000000,    7846115,        0,  -12153885,          0
 19939,   498,   20000000,    7842120,        0,  -12157880,          0
 19939,   499,   20000000,    7913399,        0,  -12086601,          0
 19939,   500,   20000000,    7853337,        0,  -12146663,          0
 19939,   501,   20000000,    7867936,        0,  -12132064,          0
 19939,   502,   20000000,    7889063,        0,  -12110937,          0
 19939,   503,   20000000,    7844956,        0,  -12155044,          0
 19939,   504,   20000000,    7850059,        0,  -12149941,          0
